#!ascii label  , from subject sub-v2s1x29895_ses-1 vox2ras=TkReg
1964
80385  -32.673  -13.638  45.770 0.0000000000
87925  -44.173  -6.971  29.937 0.0000000000
90833  -33.245  -4.481  36.877 0.0000000000
63221  -7.207  -27.869  42.051 0.0000000000
155016  -20.399  -17.399  45.650 0.0000000000
73526  -9.715  -18.841  46.103 0.0000000000
74640  -4.713  -18.739  50.652 0.0000000000
86809  -39.188  -8.411  34.542 0.0000000000
75912  -12.589  -17.110  38.392 0.0000000000
58439  -6.514  -30.719  48.787 0.0000000000
160643  -31.083  -15.027  39.924 0.0000000000
73556  -28.862  -18.531  44.426 0.0000000000
75810  -27.184  -18.307  49.108 0.0000000000
90046  -47.553  -6.196  27.063 0.0000000000
88873  -35.766  -6.595  36.471 0.0000000000
71413  -17.010  -20.869  41.587 0.0000000000
77122  -7.805  -16.045  41.075 0.0000000000
69229  -4.760  -22.726  43.504 0.0000000000
141119  -8.950  -23.022  41.525 0.0000000000
64533  -5.867  -26.873  38.518 0.0000000000
65613  -11.547  -25.998  51.620 0.0000000000
63024  -8.417  -28.072  55.809 0.0000000000
89843  -29.960  -5.338  38.473 0.0000000000
77017  -25.182  -17.226  50.463 0.0000000000
74748  -23.319  -17.925  42.724 0.0000000000
74669  -5.402  -18.464  48.131 0.0000000000
68108  -5.861  -23.435  47.003 0.0000000000
87895  -41.696  -7.930  32.299 0.0000000000
152049  -12.259  -23.118  48.629 0.0000000000
147055  -14.295  -21.939  44.769 0.0000000000
75879  -11.849  -17.812  42.069 0.0000000000
69315  -11.683  -23.314  38.465 0.0000000000
72396  -5.368  -20.326  54.747 0.0000000000
65611  -7.042  -25.723  51.445 0.0000000000
152111  -6.492  -29.858  45.325 0.0000000000
82504  -33.225  -11.996  44.771 0.0000000000
79277  -32.080  -14.847  44.051 0.0000000000
80427  -32.527  -13.851  42.818 0.0000000000
78152  -30.899  -15.524  45.496 0.0000000000
74741  -30.691  -17.811  43.149 0.0000000000
78139  -30.241  -15.756  47.222 0.0000000000
158302  -45.533  -6.974  28.245 0.0000000000
86918  -41.305  -8.144  28.360 0.0000000000
87953  -43.039  -7.724  27.246 0.0000000000
87971  -44.437  -7.475  25.885 0.0000000000
89857  -34.829  -5.621  36.915 0.0000000000
147073  -29.947  -6.075  35.175 0.0000000000
89910  -32.341  -5.825  34.694 0.0000000000
87864  -33.891  -7.141  33.976 0.0000000000
65732  -5.462  -24.963  42.823 0.0000000000
68178  -4.613  -24.374  41.256 0.0000000000
63245  -6.766  -26.991  40.242 0.0000000000
60841  -6.183  -29.624  37.312 0.0000000000
60827  -7.625  -29.710  39.189 0.0000000000
154181  -12.335  -28.034  48.942 0.0000000000
59543  -11.506  -29.398  51.042 0.0000000000
88841  -30.212  -6.765  40.135 0.0000000000
84660  -31.606  -10.500  40.789 0.0000000000
81531  -30.465  -12.921  38.491 0.0000000000
85714  -31.006  -9.617  39.389 0.0000000000
86772  -30.284  -8.751  37.979 0.0000000000
78074  -26.593  -16.142  52.164 0.0000000000
72497  -26.165  -19.237  43.581 0.0000000000
73542  -25.558  -18.794  46.004 0.0000000000
91057  -46.799  -4.607  23.672 0.0000000000
93691  -47.512  -2.472  22.812 0.0000000000
74658  -4.312  -18.692  48.845 0.0000000000
156030  -4.547  -21.568  47.454 0.0000000000
70253  -5.022  -21.844  48.786 0.0000000000
154994  -40.485  -8.420  33.354 0.0000000000
85772  -35.935  -9.094  32.536 0.0000000000
84762  -38.038  -10.097  31.636 0.0000000000
84764  -39.116  -9.811  31.094 0.0000000000
70235  -12.708  -21.647  51.824 0.0000000000
71310  -13.490  -20.495  50.198 0.0000000000
78144  -9.353  -15.825  45.255 0.0000000000
78165  -10.246  -16.000  43.431 0.0000000000
74720  -10.963  -18.456  44.265 0.0000000000
67079  -7.817  -25.045  38.441 0.0000000000
68200  -10.168  -23.732  39.834 0.0000000000
67110  -9.851  -24.998  36.585 0.0000000000
71278  -7.826  -21.310  54.970 0.0000000000
59540  -7.301  -30.130  51.751 0.0000000000
64308  -6.171  -26.783  54.025 0.0000000000
166334  -7.252  -28.539  50.638 0.0000000000
63128  -7.514  -27.885  48.499 0.0000000000
60734  -6.402  -29.964  47.805 0.0000000000
81480  -32.204  -12.839  41.655 0.0000000000
78086  -28.381  -16.243  50.757 0.0000000000
77022  -29.220  -16.222  49.785 0.0000000000
73516  -28.632  -19.134  47.035 0.0000000000
91034  -48.340  -4.677  25.916 0.0000000000
89042  -45.684  -6.577  24.720 0.0000000000
142950  -37.450  -7.742  35.655 0.0000000000
87865  -34.794  -7.790  33.863 0.0000000000
73585  -20.228  -18.640  42.034 0.0000000000
73563  -18.339  -18.868  43.064 0.0000000000
141376  -9.800  -16.477  39.712 0.0000000000
71352  -8.229  -20.823  45.277 0.0000000000
71382  -9.475  -21.370  43.874 0.0000000000
69243  -7.001  -22.782  42.416 0.0000000000
67047  -6.169  -24.564  40.003 0.0000000000
65841  -5.313  -26.043  36.698 0.0000000000
154805  -11.457  -23.603  55.177 0.0000000000
68004  -9.276  -24.095  55.785 0.0000000000
64301  -10.424  -26.690  54.465 0.0000000000
58399  -9.610  -30.384  52.456 0.0000000000
166059  -31.212  -4.005  37.774 0.0000000000
88860  -29.814  -6.764  37.140 0.0000000000
77070  -22.896  -16.682  47.537 0.0000000000
75793  -26.039  -17.949  49.400 0.0000000000
75839  -23.986  -17.406  46.332 0.0000000000
75860  -22.280  -17.518  44.335 0.0000000000
78111  -8.209  -15.735  47.258 0.0000000000
79203  -6.321  -15.039  47.888 0.0000000000
74672  -8.036  -18.262  47.744 0.0000000000
71339  -5.791  -20.661  46.037 0.0000000000
69215  -4.443  -22.809  45.221 0.0000000000
65719  -6.445  -24.909  44.096 0.0000000000
158808  -42.956  -7.171  30.889 0.0000000000
85848  -40.229  -9.094  29.659 0.0000000000
69130  -11.824  -22.829  52.778 0.0000000000
140573  -11.657  -24.563  50.342 0.0000000000
64420  -12.482  -26.982  47.400 0.0000000000
72472  -17.042  -18.999  44.912 0.0000000000
73527  -15.601  -19.337  46.677 0.0000000000
72427  -14.362  -19.977  48.578 0.0000000000
69211  -13.271  -22.628  46.216 0.0000000000
153873  -13.104  -25.865  45.634 0.0000000000
79305  -8.569  -14.841  41.967 0.0000000000
77112  -10.096  -15.980  41.634 0.0000000000
75893  -12.391  -17.879  40.200 0.0000000000
71410  -10.651  -21.299  42.304 0.0000000000
71439  -11.860  -21.359  40.089 0.0000000000
71453  -12.728  -20.723  38.824 0.0000000000
72410  -4.557  -20.327  52.548 0.0000000000
149664  -6.662  -23.557  55.323 0.0000000000
68017  -4.877  -23.540  53.820 0.0000000000
69152  -4.990  -22.596  51.603 0.0000000000
66926  -7.278  -23.758  48.893 0.0000000000
64430  -8.440  -26.432  45.997 0.0000000000
61991  -7.255  -28.677  43.918 0.0000000000
57327  -4.621  -32.282  46.268 0.0000000000
57353  -5.065  -31.669  44.649 0.0000000000
58549  -7.021  -31.312  41.213 0.0000000000
158567  -33.160  -12.539  45.790 0.0000000000
81407  -33.121  -12.607  47.417 0.0000000000
79260  -32.108  -14.558  44.839 0.0000000000
81443  -33.003  -13.309  44.571 0.0000000000
149946  -31.932  -14.596  45.729 0.0000000000
78159  -31.191  -15.551  44.555 0.0000000000
80369  -32.139  -13.879  47.118 0.0000000000
79221  -31.200  -14.871  47.012 0.0000000000
89013  -44.958  -6.992  28.625 0.0000000000
144186  -42.862  -7.635  28.804 0.0000000000
86925  -42.449  -7.792  27.571 0.0000000000
87946  -43.669  -7.461  28.435 0.0000000000
87955  -44.308  -7.425  27.519 0.0000000000
90834  -33.906  -4.808  37.182 0.0000000000
164955  -34.674  -4.727  38.018 0.0000000000
143841  -33.651  -3.919  38.071 0.0000000000
89909  -31.244  -5.757  34.700 0.0000000000
90865  -32.955  -5.092  35.966 0.0000000000
89875  -33.591  -5.628  35.794 0.0000000000
64476  -5.867  -25.866  42.072 0.0000000000
64489  -5.511  -26.078  41.602 0.0000000000
63232  -6.842  -27.048  41.048 0.0000000000
62031  -7.456  -28.521  39.869 0.0000000000
140420  -7.578  -29.155  40.525 0.0000000000
60763  -14.301  -29.705  46.838 0.0000000000
59580  -13.175  -29.603  48.221 0.0000000000
86747  -31.441  -9.174  41.217 0.0000000000
84672  -31.127  -10.170  39.609 0.0000000000
86746  -31.133  -8.683  40.743 0.0000000000
86753  -30.690  -8.375  39.517 0.0000000000
91926  -47.843  -3.841  24.324 0.0000000000
91935  -47.158  -3.908  23.457 0.0000000000
93693  -48.655  -1.574  23.474 0.0000000000
74650  -4.509  -18.748  49.696 0.0000000000
153581  -4.818  -20.705  49.083 0.0000000000
154081  -4.889  -20.881  49.888 0.0000000000
140829  -39.650  -8.572  34.014 0.0000000000
87853  -40.791  -7.850  34.590 0.0000000000
86820  -37.436  -8.642  33.958 0.0000000000
85773  -36.816  -9.272  32.683 0.0000000000
85760  -38.856  -9.000  33.370 0.0000000000
85776  -39.320  -9.317  32.736 0.0000000000
72416  -13.995  -20.361  51.309 0.0000000000
72419  -14.318  -19.857  50.925 0.0000000000
75821  -20.980  -16.828  47.233 0.0000000000
75835  -20.110  -17.334  46.315 0.0000000000
77159  -11.816  -16.754  38.360 0.0000000000
77078  -9.522  -16.808  46.076 0.0000000000
141495  -10.341  -16.881  44.565 0.0000000000
74707  -10.193  -18.725  45.501 0.0000000000
65844  -7.702  -25.440  36.446 0.0000000000
67096  -8.877  -25.057  37.565 0.0000000000
65845  -8.454  -25.333  36.239 0.0000000000
72406  -8.839  -20.399  53.414 0.0000000000
71286  -9.151  -21.167  54.423 0.0000000000
58417  -7.239  -30.271  50.186 0.0000000000
60686  -6.928  -29.361  51.631 0.0000000000
60709  -7.135  -29.470  49.914 0.0000000000
156272  -6.849  -29.482  48.718 0.0000000000
59577  -6.233  -30.257  47.919 0.0000000000
82525  -32.802  -12.238  43.073 0.0000000000
81481  -32.484  -13.402  42.250 0.0000000000
83592  -32.419  -11.072  42.937 0.0000000000
83603  -32.043  -10.766  42.345 0.0000000000
75842  -29.548  -17.130  46.189 0.0000000000
77072  -29.336  -16.883  47.080 0.0000000000
73534  -28.736  -18.983  46.231 0.0000000000
71375  -27.170  -19.399  44.077 0.0000000000
90057  -48.027  -5.598  26.708 0.0000000000
89033  -46.427  -6.859  26.478 0.0000000000
87980  -45.151  -6.934  25.070 0.0000000000
89038  -46.808  -6.360  25.630 0.0000000000
90074  -47.382  -5.488  25.414 0.0000000000
88874  -36.574  -7.099  36.360 0.0000000000
88863  -37.330  -6.654  37.028 0.0000000000
89859  -36.785  -6.225  37.365 0.0000000000
88906  -34.806  -7.050  34.998 0.0000000000
146504  -34.237  -7.639  33.577 0.0000000000
87834  -35.346  -7.216  35.269 0.0000000000
86805  -36.057  -8.076  34.366 0.0000000000
77132  -7.153  -16.385  40.749 0.0000000000
146898  -8.763  -16.652  39.890 0.0000000000
77133  -8.038  -16.464  40.785 0.0000000000
70287  -7.062  -21.768  44.170 0.0000000000
70296  -7.830  -22.106  43.587 0.0000000000
70306  -6.677  -22.562  42.931 0.0000000000
65777  -5.208  -25.445  39.822 0.0000000000
67038  -5.542  -24.496  40.575 0.0000000000
65786  -5.503  -25.462  38.911 0.0000000000
65803  -6.550  -25.474  38.013 0.0000000000
64545  -5.131  -26.422  37.777 0.0000000000
63278  -5.718  -27.711  37.497 0.0000000000
142369  -11.745  -24.329  53.251 0.0000000000
66841  -11.354  -24.939  54.629 0.0000000000
64322  -11.214  -26.580  52.862 0.0000000000
164437  -11.222  -30.506  49.784 0.0000000000
59533  -10.762  -29.561  52.122 0.0000000000
57274  -10.521  -30.843  50.523 0.0000000000
57272  -9.043  -31.402  50.494 0.0000000000
144782  -30.164  -4.802  38.151 0.0000000000
88855  -30.031  -6.944  38.623 0.0000000000
87816  -29.882  -7.778  37.538 0.0000000000
163981  -29.924  -6.463  37.611 0.0000000000
140172  -30.091  -5.234  37.059 0.0000000000
76999  -23.769  -16.659  50.673 0.0000000000
155267  -23.146  -16.604  49.907 0.0000000000
142730  -23.715  -16.833  48.849 0.0000000000
164577  -28.036  -17.422  49.923 0.0000000000
77020  -27.280  -17.327  50.741 0.0000000000
155385  -26.636  -18.313  49.159 0.0000000000
74738  -24.183  -17.984  43.807 0.0000000000
74702  -25.238  -18.360  46.250 0.0000000000
74727  -23.974  -17.757  44.349 0.0000000000
75850  -22.915  -17.464  44.910 0.0000000000
140185  -22.592  -17.706  43.085 0.0000000000
74756  -21.610  -18.151  42.070 0.0000000000
145916  -5.104  -17.149  48.262 0.0000000000
77039  -5.741  -16.869  48.178 0.0000000000
147171  -7.321  -17.031  48.075 0.0000000000
73492  -7.037  -18.777  47.780 0.0000000000
72441  -7.075  -19.731  46.979 0.0000000000
159727  -6.226  -19.765  47.130 0.0000000000
70265  -4.810  -22.156  47.042 0.0000000000
70273  -4.773  -22.328  46.060 0.0000000000
69209  -4.913  -22.999  45.933 0.0000000000
66991  -5.694  -24.293  44.256 0.0000000000
66976  -6.306  -24.130  45.438 0.0000000000
87910  -41.921  -7.834  31.556 0.0000000000
145866  -43.787  -6.806  32.356 0.0000000000
87869  -43.003  -7.229  33.320 0.0000000000
85797  -40.242  -8.955  31.794 0.0000000000
84804  -39.271  -9.530  30.469 0.0000000000
86893  -40.804  -8.592  30.743 0.0000000000
86894  -41.325  -8.238  30.337 0.0000000000
71294  -12.812  -21.711  54.428 0.0000000000
69169  -12.302  -22.315  49.588 0.0000000000
69154  -11.786  -22.912  51.018 0.0000000000
66928  -11.811  -24.485  48.979 0.0000000000
65668  -11.805  -26.016  48.256 0.0000000000
145688  -11.825  -25.003  47.930 0.0000000000
72517  -17.448  -20.107  42.087 0.0000000000
73551  -17.599  -18.896  44.387 0.0000000000
72495  -16.976  -19.719  43.540 0.0000000000
70289  -14.669  -21.691  44.108 0.0000000000
72482  -15.755  -20.283  44.631 0.0000000000
71341  -14.660  -20.390  46.150 0.0000000000
72443  -15.049  -19.601  47.368 0.0000000000
70267  -14.135  -20.925  46.536 0.0000000000
71329  -13.562  -21.020  47.765 0.0000000000
70274  -13.737  -22.188  45.829 0.0000000000
142161  -13.782  -26.093  44.074 0.0000000000
79297  -8.605  -14.528  42.915 0.0000000000
77105  -11.230  -16.799  42.821 0.0000000000
78183  -10.446  -16.027  42.157 0.0000000000
77114  -11.453  -16.918  42.094 0.0000000000
77126  -11.324  -16.688  41.231 0.0000000000
75880  -12.142  -17.965  41.468 0.0000000000
70309  -9.533  -22.199  42.465 0.0000000000
71396  -10.365  -21.309  42.976 0.0000000000
70321  -9.959  -22.194  42.044 0.0000000000
68217  -11.158  -23.736  38.825 0.0000000000
69291  -10.993  -22.731  40.176 0.0000000000
165308  -11.897  -22.332  39.278 0.0000000000
143024  -12.252  -21.226  39.349 0.0000000000
70365  -12.328  -22.167  38.389 0.0000000000
70379  -12.803  -21.932  37.413 0.0000000000
72404  -4.951  -19.945  54.032 0.0000000000
65559  -9.251  -26.138  55.838 0.0000000000
68003  -8.323  -24.090  55.605 0.0000000000
146555  -7.363  -25.857  56.010 0.0000000000
64335  -6.780  -26.392  52.453 0.0000000000
65580  -5.669  -25.370  54.162 0.0000000000
66866  -5.661  -24.542  52.799 0.0000000000
68042  -5.023  -23.403  52.474 0.0000000000
68043  -5.390  -23.499  51.692 0.0000000000
68057  -5.748  -23.095  50.748 0.0000000000
66917  -7.386  -24.867  50.418 0.0000000000
63158  -7.562  -28.451  47.243 0.0000000000
64418  -8.389  -26.452  47.367 0.0000000000
150616  -8.198  -28.092  45.951 0.0000000000
64454  -8.259  -27.044  44.524 0.0000000000
61982  -7.441  -28.700  44.747 0.0000000000
56153  -3.855  -33.495  45.404 0.0000000000
57341  -5.064  -31.524  45.684 0.0000000000
83582  -32.988  -11.123  44.310 0.0000000000
77106  -31.626  -16.430  42.544 0.0000000000
156417  -31.804  -16.038  42.270 0.0000000000
143193  -32.188  -14.849  43.120 0.0000000000
166623  -32.980  -13.342  44.021 0.0000000000
75853  -29.811  -17.378  44.856 0.0000000000
75863  -30.583  -16.820  43.853 0.0000000000
77099  -31.118  -16.353  43.492 0.0000000000
78140  -30.575  -15.457  46.483 0.0000000000
89029  -47.032  -6.603  27.616 0.0000000000
140600  -41.429  -8.295  26.314 0.0000000000
86942  -42.458  -8.061  25.493 0.0000000000
86955  -43.118  -7.853  25.109 0.0000000000
87962  -43.755  -7.677  26.189 0.0000000000
87956  -45.032  -7.223  27.139 0.0000000000
89878  -35.434  -6.052  36.824 0.0000000000
89858  -35.758  -5.830  37.347 0.0000000000
144215  -35.262  -5.091  38.022 0.0000000000
91691  -35.292  -4.123  39.223 0.0000000000
86793  -29.404  -7.647  34.751 0.0000000000
87845  -29.643  -6.942  34.275 0.0000000000
88935  -30.402  -6.807  33.190 0.0000000000
88936  -31.283  -6.826  32.971 0.0000000000
87877  -32.095  -7.004  32.814 0.0000000000
88904  -33.277  -6.376  34.550 0.0000000000
89894  -34.359  -6.124  35.899 0.0000000000
69239  -4.485  -23.470  43.494 0.0000000000
69256  -4.877  -23.687  42.410 0.0000000000
65743  -4.881  -25.041  41.994 0.0000000000
64501  -5.018  -26.104  40.928 0.0000000000
63255  -6.344  -27.136  38.848 0.0000000000
62052  -6.202  -28.166  37.806 0.0000000000
62053  -6.809  -28.511  38.132 0.0000000000
60834  -7.345  -29.513  38.374 0.0000000000
64356  -11.644  -27.038  50.438 0.0000000000
63059  -11.375  -27.373  51.619 0.0000000000
60699  -12.340  -28.780  50.016 0.0000000000
155324  -30.174  -6.060  39.667 0.0000000000
153248  -31.379  -12.649  40.539 0.0000000000
80465  -30.490  -13.685  39.063 0.0000000000
82576  -30.923  -11.952  39.244 0.0000000000
83649  -31.015  -11.244  38.940 0.0000000000
84690  -30.890  -10.520  38.524 0.0000000000
86773  -30.726  -9.287  38.520 0.0000000000
87799  -30.270  -7.707  39.094 0.0000000000
77001  -25.476  -16.923  51.500 0.0000000000
72444  -26.240  -19.851  47.007 0.0000000000
73512  -26.079  -19.328  47.588 0.0000000000
145144  -26.042  -18.883  45.061 0.0000000000
74750  -24.988  -18.703  43.000 0.0000000000
91063  -45.860  -4.565  22.733 0.0000000000
166621  -46.017  -3.636  21.886 0.0000000000
167729  -46.204  -2.990  21.592 0.0000000000
93720  -46.688  -2.046  21.335 0.0000000000
74668  -4.511  -18.618  48.443 0.0000000000
72433  -4.906  -19.907  47.717 0.0000000000
72432  -4.492  -19.962  48.150 0.0000000000
163425  -4.761  -21.557  48.134 0.0000000000
69191  -5.723  -22.769  48.044 0.0000000000
86836  -40.570  -8.657  32.615 0.0000000000
87854  -41.595  -7.676  34.357 0.0000000000
84781  -36.732  -10.459  30.993 0.0000000000
84801  -37.265  -10.922  30.444 0.0000000000
84802  -38.196  -10.859  30.423 0.0000000000
84763  -38.827  -9.959  31.685 0.0000000000
85796  -39.664  -9.449  31.757 0.0000000000
71295  -13.375  -20.975  53.773 0.0000000000
71297  -13.478  -20.734  52.657 0.0000000000
71309  -13.021  -20.924  50.590 0.0000000000
70247  -12.665  -21.481  49.208 0.0000000000
68158  -15.619  -23.800  42.242 0.0000000000
68141  -14.268  -23.519  43.984 0.0000000000
79265  -8.580  -14.589  44.595 0.0000000000
78171  -9.089  -15.104  43.165 0.0000000000
77091  -10.020  -16.164  44.164 0.0000000000
75867  -10.784  -17.156  44.007 0.0000000000
74744  -11.472  -18.415  43.463 0.0000000000
68198  -8.533  -24.015  40.184 0.0000000000
69289  -9.836  -23.327  40.460 0.0000000000
67064  -9.199  -24.690  38.891 0.0000000000
67065  -10.003  -24.561  38.692 0.0000000000
67083  -10.918  -24.373  37.659 0.0000000000
72411  -8.210  -19.640  52.628 0.0000000000
72405  -7.725  -19.754  53.447 0.0000000000
165681  -7.096  -20.909  54.930 0.0000000000
60654  -7.445  -29.639  54.834 0.0000000000
63030  -6.468  -27.686  54.958 0.0000000000
61867  -6.605  -28.602  53.596 0.0000000000
61879  -7.119  -27.797  52.128 0.0000000000
63074  -7.237  -27.313  51.329 0.0000000000
64355  -7.833  -26.404  50.371 0.0000000000
61925  -7.291  -28.476  49.299 0.0000000000
150386  -6.925  -29.200  48.165 0.0000000000
60761  -6.554  -29.696  46.868 0.0000000000
79336  -31.396  -15.267  40.512 0.0000000000
79312  -32.133  -14.770  42.183 0.0000000000
79324  -32.209  -14.458  41.641 0.0000000000
81494  -31.867  -13.130  41.065 0.0000000000
83620  -31.735  -11.218  41.170 0.0000000000
85693  -31.878  -9.217  41.958 0.0000000000
77057  -28.341  -17.410  49.308 0.0000000000
78107  -30.176  -15.702  48.863 0.0000000000
75812  -28.673  -17.428  48.446 0.0000000000
73498  -27.769  -19.310  48.022 0.0000000000
71342  -26.796  -20.139  45.755 0.0000000000
87998  -44.093  -7.078  23.743 0.0000000000
167148  -46.196  -5.662  24.019 0.0000000000
91048  -47.569  -4.547  24.640 0.0000000000
86795  -37.974  -8.081  35.083 0.0000000000
87837  -38.925  -7.757  35.563 0.0000000000
146008  -38.434  -7.463  36.125 0.0000000000
87878  -33.341  -7.654  32.620 0.0000000000
86832  -35.422  -8.624  33.014 0.0000000000
86806  -36.854  -8.281  34.521 0.0000000000
74734  -20.378  -17.980  43.792 0.0000000000
74722  -19.365  -17.973  44.789 0.0000000000
166829  -19.079  -18.644  42.954 0.0000000000
72518  -18.210  -19.669  41.848 0.0000000000
148213  -10.401  -16.546  38.969 0.0000000000
77147  -11.327  -16.654  39.041 0.0000000000
72456  -9.175  -19.929  46.146 0.0000000000
72469  -10.081  -19.964  45.139 0.0000000000
71381  -8.894  -21.438  44.182 0.0000000000
70308  -8.343  -22.362  42.976 0.0000000000
69260  -8.209  -23.027  41.755 0.0000000000
68165  -5.760  -23.631  41.432 0.0000000000
68166  -6.797  -23.482  41.314 0.0000000000
68197  -7.701  -24.116  40.252 0.0000000000
67062  -7.492  -24.823  39.130 0.0000000000
70217  -9.449  -22.311  55.851 0.0000000000
68010  -10.740  -23.766  56.009 0.0000000000
65563  -10.493  -25.677  55.115 0.0000000000
63031  -9.793  -28.046  54.962 0.0000000000
152375  -11.055  -27.962  52.491 0.0000000000
61868  -10.279  -28.548  53.852 0.0000000000
60656  -9.224  -29.489  54.832 0.0000000000
59530  -8.163  -30.382  52.934 0.0000000000
58418  -7.639  -30.802  50.684 0.0000000000
58440  -7.052  -31.173  49.255 0.0000000000
90832  -32.421  -4.087  37.093 0.0000000000
92616  -33.151  -3.343  38.536 0.0000000000
92615  -32.315  -3.230  38.543 0.0000000000
79364  -30.061  -14.872  38.612 0.0000000000
87833  -29.526  -7.884  35.681 0.0000000000
90847  -30.493  -5.149  36.266 0.0000000000
77053  -22.260  -16.577  48.286 0.0000000000
158776  -21.529  -16.877  46.657 0.0000000000
78075  -27.316  -15.896  51.768 0.0000000000
77019  -26.570  -17.469  50.849 0.0000000000
77034  -25.676  -17.550  49.862 0.0000000000
74676  -25.511  -18.448  47.849 0.0000000000
75808  -25.154  -17.865  48.279 0.0000000000
77056  -24.831  -17.424  48.760 0.0000000000
77071  -23.816  -16.942  47.628 0.0000000000
75838  -22.996  -17.164  46.124 0.0000000000
75859  -21.442  -17.521  44.686 0.0000000000
74745  -20.703  -18.180  43.089 0.0000000000
94701  -46.844  -1.249  20.793 0.0000000000
156424  -47.605  -0.446  19.627 0.0000000000
95647  -48.133  -0.155  19.259 0.0000000000
78128  -8.696  -15.662  46.541 0.0000000000
77064  -9.156  -16.930  46.819 0.0000000000
79204  -7.090  -15.153  47.715 0.0000000000
148971  -8.584  -16.976  47.346 0.0000000000
73508  -8.784  -18.978  47.001 0.0000000000
72455  -8.453  -20.067  46.320 0.0000000000
71351  -7.293  -20.857  45.368 0.0000000000
71365  -5.747  -21.285  45.052 0.0000000000
71338  -4.969  -21.110  46.283 0.0000000000
156137  -4.495  -22.127  45.342 0.0000000000
69221  -4.440  -22.845  44.433 0.0000000000
66990  -5.147  -23.993  44.046 0.0000000000
65733  -5.739  -25.142  43.011 0.0000000000
64465  -6.782  -26.100  42.954 0.0000000000
87924  -43.753  -6.917  30.803 0.0000000000
83781  -38.712  -10.991  29.215 0.0000000000
164776  -39.058  -10.748  28.700 0.0000000000
145924  -39.985  -9.528  28.339 0.0000000000
156545  -40.736  -8.700  29.221 0.0000000000
87934  -41.940  -7.851  29.942 0.0000000000
69129  -11.759  -23.142  53.416 0.0000000000
68044  -11.738  -24.386  52.293 0.0000000000
157092  -12.377  -22.139  52.097 0.0000000000
68045  -11.633  -23.635  51.649 0.0000000000
66903  -11.578  -25.312  51.031 0.0000000000
63129  -12.569  -27.625  47.888 0.0000000000
74721  -18.700  -18.232  45.030 0.0000000000
74700  -18.390  -18.094  46.439 0.0000000000
74699  -17.766  -18.317  46.760 0.0000000000
155210  -16.285  -20.091  43.961 0.0000000000
73528  -16.280  -18.944  46.266 0.0000000000
74687  -16.908  -18.383  47.718 0.0000000000
73485  -16.106  -18.686  48.876 0.0000000000
73484  -15.319  -18.937  49.281 0.0000000000
72422  -14.631  -19.506  49.738 0.0000000000
71316  -13.871  -20.324  48.992 0.0000000000
70260  -13.054  -21.384  48.097 0.0000000000
69201  -12.480  -22.870  47.369 0.0000000000
152594  -13.780  -23.760  44.673 0.0000000000
66966  -12.975  -24.386  45.946 0.0000000000
151239  -12.646  -24.736  46.393 0.0000000000
64431  -13.156  -26.808  46.119 0.0000000000
78192  -8.325  -15.478  41.338 0.0000000000
144321  -9.277  -15.400  42.327 0.0000000000
77111  -9.193  -15.761  41.632 0.0000000000
77123  -8.552  -16.148  41.188 0.0000000000
77135  -10.161  -16.350  40.409 0.0000000000
75900  -11.715  -16.849  39.848 0.0000000000
158901  -12.382  -17.452  39.722 0.0000000000
72480  -10.506  -19.989  44.600 0.0000000000
139989  -11.432  -19.743  43.344 0.0000000000
73571  -11.689  -19.480  42.681 0.0000000000
69276  -10.405  -22.705  40.765 0.0000000000
72531  -11.584  -20.755  41.405 0.0000000000
73583  -12.070  -19.273  41.509 0.0000000000
72544  -12.278  -19.987  40.402 0.0000000000
73623  -12.833  -19.211  39.392 0.0000000000
73624  -13.129  -19.304  38.689 0.0000000000
147891  -13.319  -20.571  37.573 0.0000000000
144288  -8.886  -22.440  55.588 0.0000000000
70215  -7.516  -21.988  55.255 0.0000000000
144082  -5.467  -22.341  55.230 0.0000000000
65570  -5.657  -25.572  54.842 0.0000000000
68009  -5.298  -24.310  54.900 0.0000000000
70219  -4.602  -21.797  54.501 0.0000000000
70224  -4.455  -22.080  53.339 0.0000000000
71298  -4.675  -21.813  52.339 0.0000000000
72418  -4.814  -20.996  50.821 0.0000000000
157013  -5.376  -22.264  50.204 0.0000000000
69181  -5.797  -22.606  48.960 0.0000000000
68096  -6.842  -23.480  48.153 0.0000000000
65656  -8.269  -25.438  49.275 0.0000000000
66954  -8.153  -24.958  48.124 0.0000000000
66965  -7.323  -24.515  46.497 0.0000000000
65706  -7.756  -25.283  45.236 0.0000000000
64466  -7.491  -26.552  43.416 0.0000000000
63211  -7.248  -27.941  42.703 0.0000000000
57304  -6.544  -31.735  47.752 0.0000000000
56127  -5.487  -32.501  46.993 0.0000000000
57303  -5.928  -31.179  47.468 0.0000000000
58472  -5.381  -31.114  46.450 0.0000000000
58483  -5.575  -30.842  45.787 0.0000000000
59622  -5.844  -30.506  45.108 0.0000000000
58505  -5.576  -31.294  44.109 0.0000000000
140400  -6.155  -30.487  44.278 0.0000000000
59635  -6.710  -29.990  43.321 0.0000000000
59649  -7.045  -29.905  42.573 0.0000000000
60815  -7.542  -29.445  41.267 0.0000000000
59681  -7.483  -30.510  40.283 0.0000000000
57471  -7.398  -31.766  38.941 0.0000000000
81417  -32.959  -12.893  46.260 0.0000000000
166581  -32.327  -14.164  45.462 0.0000000000
79261  -32.639  -13.881  44.864 0.0000000000
80384  -32.247  -14.079  46.207 0.0000000000
80370  -32.560  -13.361  46.717 0.0000000000
88998  -44.957  -6.874  29.449 0.0000000000
88999  -45.704  -6.697  30.051 0.0000000000
162136  -44.949  -6.783  30.201 0.0000000000
87936  -43.504  -7.347  29.299 0.0000000000
87937  -44.260  -7.123  28.983 0.0000000000
90816  -34.138  -4.507  37.734 0.0000000000
91721  -33.398  -4.208  37.436 0.0000000000
90849  -32.660  -4.630  36.411 0.0000000000
90864  -32.130  -4.950  35.856 0.0000000000
90850  -33.606  -5.066  36.509 0.0000000000
64490  -6.360  -26.407  41.890 0.0000000000
63220  -6.846  -27.121  41.692 0.0000000000
143051  -7.418  -28.327  40.620 0.0000000000
63233  -7.291  -27.863  41.295 0.0000000000
151210  -14.082  -30.016  46.842 0.0000000000
85700  -31.191  -9.295  40.488 0.0000000000
147817  -4.848  -19.539  50.231 0.0000000000
151773  -4.683  -20.171  49.547 0.0000000000
155142  -4.911  -20.351  50.307 0.0000000000
86822  -39.047  -8.684  33.981 0.0000000000
147509  -39.708  -8.327  34.525 0.0000000000
87851  -39.389  -8.083  35.018 0.0000000000
86821  -38.294  -8.695  33.986 0.0000000000
85759  -38.045  -8.953  33.354 0.0000000000
74637  -15.286  -18.391  52.353 0.0000000000
73469  -14.862  -18.952  52.192 0.0000000000
73476  -14.689  -19.186  51.234 0.0000000000
165173  -20.982  -17.005  46.722 0.0000000000
139004  -20.510  -17.116  46.790 0.0000000000
75928  -12.234  -16.902  37.698 0.0000000000
74698  -9.780  -18.187  45.989 0.0000000000
165163  -10.164  -18.020  45.487 0.0000000000
143651  -7.724  -25.430  35.601 0.0000000000
71287  -9.807  -21.256  54.690 0.0000000000
58430  -7.004  -30.430  49.401 0.0000000000
59561  -7.045  -29.890  49.623 0.0000000000
59569  -6.650  -30.120  48.886 0.0000000000
60719  -6.896  -29.660  49.101 0.0000000000
58438  -6.244  -30.375  48.313 0.0000000000
141472  -32.778  -11.488  43.446 0.0000000000
161968  -32.630  -11.631  42.957 0.0000000000
148996  -32.644  -10.656  43.544 0.0000000000
84637  -32.305  -10.288  42.910 0.0000000000
75852  -29.427  -17.582  45.564 0.0000000000
75841  -29.118  -17.823  46.141 0.0000000000
73544  -28.791  -18.563  45.300 0.0000000000
145176  -46.958  -6.611  26.835 0.0000000000
89037  -46.407  -6.707  25.832 0.0000000000
165856  -47.241  -6.359  26.586 0.0000000000
90056  -47.463  -6.034  26.362 0.0000000000
87822  -36.077  -7.024  36.113 0.0000000000
88862  -36.644  -6.685  36.835 0.0000000000
88861  -36.098  -6.273  37.036 0.0000000000
88889  -35.076  -6.811  35.658 0.0000000000
88890  -35.576  -6.911  35.891 0.0000000000
87835  -35.898  -7.357  35.517 0.0000000000
78202  -7.131  -16.057  40.810 0.0000000000
140083  -6.171  -22.062  43.850 0.0000000000
69230  -5.802  -22.461  43.248 0.0000000000
64524  -5.317  -25.928  39.152 0.0000000000
64532  -5.365  -26.362  38.472 0.0000000000
160186  -5.414  -25.808  38.513 0.0000000000
63266  -5.493  -27.019  38.021 0.0000000000
63277  -5.177  -27.134  37.358 0.0000000000
66867  -11.702  -25.117  52.914 0.0000000000
65582  -11.316  -25.851  53.468 0.0000000000
65612  -11.546  -25.899  52.520 0.0000000000
57284  -10.838  -30.816  49.860 0.0000000000
91702  -30.414  -4.269  38.550 0.0000000000
90815  -30.158  -4.683  38.874 0.0000000000
147972  -29.949  -6.151  38.081 0.0000000000
89856  -29.986  -5.352  37.761 0.0000000000
77000  -24.665  -16.866  51.174 0.0000000000
77016  -24.455  -16.944  50.026 0.0000000000
75795  -27.646  -17.839  49.567 0.0000000000
75794  -27.035  -18.065  49.733 0.0000000000
160229  -23.973  -18.065  43.253 0.0000000000
74737  -23.424  -17.759  43.385 0.0000000000
159001  -23.535  -17.693  43.888 0.0000000000
74747  -22.361  -17.858  42.391 0.0000000000
73587  -22.482  -18.254  41.507 0.0000000000
75798  -5.874  -17.637  48.175 0.0000000000
75799  -6.940  -17.662  48.121 0.0000000000
74670  -6.505  -18.310  48.058 0.0000000000
73505  -6.646  -19.311  47.448 0.0000000000
73491  -6.070  -18.933  47.858 0.0000000000
69200  -5.546  -23.048  47.226 0.0000000000
155875  -5.055  -22.809  46.713 0.0000000000
69210  -5.401  -23.379  46.395 0.0000000000
66963  -5.763  -23.743  45.881 0.0000000000
66964  -6.511  -24.119  46.202 0.0000000000
87896  -42.412  -7.452  32.200 0.0000000000
87882  -42.365  -7.532  32.855 0.0000000000
86854  -40.899  -8.564  32.059 0.0000000000
85816  -40.258  -8.888  31.019 0.0000000000
86855  -41.319  -8.323  31.806 0.0000000000
86875  -41.363  -8.310  31.135 0.0000000000
69183  -12.394  -22.426  48.868 0.0000000000
69182  -12.132  -23.142  49.210 0.0000000000
68083  -12.031  -23.787  48.792 0.0000000000
66929  -11.857  -24.367  48.406 0.0000000000
66942  -11.936  -24.219  47.672 0.0000000000
72506  -17.178  -19.912  42.827 0.0000000000
71400  -16.675  -20.520  42.378 0.0000000000
71371  -14.593  -21.277  44.941 0.0000000000
71354  -14.432  -21.080  45.728 0.0000000000
70275  -13.971  -21.550  46.096 0.0000000000
70280  -14.124  -21.747  45.406 0.0000000000
79296  -8.383  -13.774  43.156 0.0000000000
75873  -11.554  -17.567  42.937 0.0000000000
75887  -11.880  -17.338  41.402 0.0000000000
74755  -12.032  -18.556  41.830 0.0000000000
69261  -9.520  -22.588  41.846 0.0000000000
68229  -11.329  -23.870  38.085 0.0000000000
69305  -11.481  -23.184  39.082 0.0000000000
69306  -11.927  -22.665  38.864 0.0000000000
69316  -12.112  -22.817  38.110 0.0000000000
68230  -11.876  -23.432  37.759 0.0000000000
72397  -6.297  -20.025  54.748 0.0000000000
63022  -8.678  -27.222  55.916 0.0000000000
65558  -8.345  -26.101  56.121 0.0000000000
64293  -7.384  -26.608  56.042 0.0000000000
65610  -6.675  -25.687  52.092 0.0000000000
65594  -6.328  -25.500  52.922 0.0000000000
66883  -6.335  -24.822  52.268 0.0000000000
66882  -5.886  -24.106  52.036 0.0000000000
145666  -6.494  -24.435  51.577 0.0000000000
66900  -6.700  -24.225  50.740 0.0000000000
66901  -7.048  -24.926  51.190 0.0000000000
60762  -7.020  -29.298  46.295 0.0000000000
61966  -7.565  -28.651  46.509 0.0000000000
61973  -7.599  -28.729  45.658 0.0000000000
60776  -6.958  -29.370  45.452 0.0000000000
53900  -3.260  -34.637  44.534 0.0000000000
54969  -3.552  -34.001  44.948 0.0000000000
56174  -3.563  -33.217  44.301 0.0000000000
78177  -31.754  -15.902  42.883 0.0000000000
78167  -31.993  -15.260  43.389 0.0000000000
148480  -33.205  -12.663  45.058 0.0000000000
147212  -33.142  -12.793  44.331 0.0000000000
82514  -33.043  -12.139  43.925 0.0000000000
167507  -30.294  -16.503  45.203 0.0000000000
75854  -30.285  -16.735  44.660 0.0000000000
77086  -30.563  -16.080  44.961 0.0000000000
78160  -31.707  -15.375  43.906 0.0000000000
77092  -31.268  -15.819  43.837 0.0000000000
77093  -31.602  -15.849  43.353 0.0000000000
77100  -31.457  -16.446  42.959 0.0000000000
79237  -31.348  -15.008  46.085 0.0000000000
77080  -30.359  -16.229  45.756 0.0000000000
167734  -30.031  -16.675  45.990 0.0000000000
89022  -46.304  -6.840  28.149 0.0000000000
89023  -47.147  -6.536  28.513 0.0000000000
154871  -46.561  -6.698  28.922 0.0000000000
86917  -40.782  -8.646  28.586 0.0000000000
85866  -40.628  -8.856  27.341 0.0000000000
86923  -40.981  -8.463  27.853 0.0000000000
86931  -41.739  -8.029  26.781 0.0000000000
86932  -42.383  -7.839  26.839 0.0000000000
141020  -42.067  -8.052  26.186 0.0000000000
164050  -42.637  -7.901  26.148 0.0000000000
86943  -43.142  -7.826  25.799 0.0000000000
87954  -43.702  -7.643  26.955 0.0000000000
89021  -45.672  -7.046  27.574 0.0000000000
89028  -46.382  -6.892  27.232 0.0000000000
144437  -34.867  -6.074  36.390 0.0000000000
90835  -35.284  -5.548  37.393 0.0000000000
91690  -34.604  -3.874  38.978 0.0000000000
91707  -34.952  -4.524  38.551 0.0000000000
143669  -29.540  -6.850  35.110 0.0000000000
88901  -30.036  -6.368  34.549 0.0000000000
88902  -30.747  -6.158  34.238 0.0000000000
88903  -31.653  -6.151  34.097 0.0000000000
88920  -31.025  -6.492  33.628 0.0000000000
88921  -32.076  -6.664  33.477 0.0000000000
138903  -32.512  -6.330  34.091 0.0000000000
89876  -34.284  -5.644  36.427 0.0000000000
162739  -33.832  -6.278  35.282 0.0000000000
166503  -34.839  -6.457  35.958 0.0000000000
67018  -5.176  -24.748  42.657 0.0000000000
67017  -4.981  -24.443  42.462 0.0000000000
65744  -5.255  -25.316  42.153 0.0000000000
64515  -6.258  -26.537  40.860 0.0000000000
64502  -5.474  -26.200  41.118 0.0000000000
64514  -5.856  -26.374  40.308 0.0000000000
63244  -6.355  -26.848  39.595 0.0000000000
63268  -6.729  -27.772  38.456 0.0000000000
63256  -6.780  -27.460  39.322 0.0000000000
62042  -7.543  -28.978  39.063 0.0000000000
59693  -7.440  -30.305  38.498 0.0000000000
58592  -6.984  -31.005  37.872 0.0000000000
63094  -12.004  -27.651  49.966 0.0000000000
63075  -11.886  -27.878  50.566 0.0000000000
148821  -12.308  -28.227  49.527 0.0000000000
82562  -31.248  -11.952  40.081 0.0000000000
83633  -31.442  -11.177  40.260 0.0000000000
83650  -31.188  -10.824  39.433 0.0000000000
84682  -31.043  -10.506  39.032 0.0000000000
83661  -30.822  -11.049  38.262 0.0000000000
139975  -30.753  -10.007  38.324 0.0000000000
147052  -30.884  -9.645  38.852 0.0000000000
87789  -30.387  -7.578  39.848 0.0000000000
78073  -25.874  -16.232  52.429 0.0000000000
71356  -26.328  -19.285  45.339 0.0000000000
72458  -26.117  -19.706  46.188 0.0000000000
73566  -25.865  -19.101  43.456 0.0000000000
91056  -46.214  -4.953  23.295 0.0000000000
91055  -45.599  -5.220  22.931 0.0000000000
92820  -47.331  -3.179  23.113 0.0000000000
91947  -46.738  -3.567  22.763 0.0000000000
92830  -46.350  -3.287  22.049 0.0000000000
93701  -47.131  -2.240  22.107 0.0000000000
73489  -4.293  -19.359  48.494 0.0000000000
71315  -4.858  -21.198  48.617 0.0000000000
70259  -4.916  -22.034  47.900 0.0000000000
69190  -5.314  -22.380  48.426 0.0000000000
86824  -41.066  -8.101  33.109 0.0000000000
86811  -40.946  -7.960  33.819 0.0000000000
85791  -35.657  -9.286  31.847 0.0000000000
85793  -37.441  -9.676  32.139 0.0000000000
84761  -37.115  -10.051  31.553 0.0000000000
84782  -37.680  -10.566  31.076 0.0000000000
86835  -40.124  -8.779  33.051 0.0000000000
167457  -39.519  -9.514  32.198 0.0000000000
85777  -39.887  -9.127  32.488 0.0000000000
72414  -14.031  -20.049  52.766 0.0000000000
71304  -13.971  -20.204  50.615 0.0000000000
71303  -13.581  -20.598  51.031 0.0000000000
154454  -13.031  -20.955  49.851 0.0000000000
68151  -15.355  -23.581  42.669 0.0000000000
67020  -15.242  -24.270  42.422 0.0000000000
78157  -9.031  -15.179  44.934 0.0000000000
78158  -9.489  -15.691  44.519 0.0000000000
75858  -10.704  -17.646  44.467 0.0000000000
75868  -11.146  -17.691  43.777 0.0000000000
67063  -8.371  -24.776  39.040 0.0000000000
67050  -8.901  -24.436  39.590 0.0000000000
67080  -8.634  -24.931  38.303 0.0000000000
65825  -9.078  -25.147  36.814 0.0000000000
67081  -9.434  -24.809  38.126 0.0000000000
67097  -9.648  -24.901  37.363 0.0000000000
67082  -10.206  -24.632  37.907 0.0000000000
67098  -10.404  -24.707  37.150 0.0000000000
71285  -8.407  -20.958  54.398 0.0000000000
72399  -8.123  -20.368  53.841 0.0000000000
71284  -7.610  -20.670  54.527 0.0000000000
60677  -7.106  -29.678  53.197 0.0000000000
60653  -6.942  -29.127  54.273 0.0000000000
60676  -6.809  -29.411  52.527 0.0000000000
60687  -7.125  -28.909  51.117 0.0000000000
61887  -6.930  -28.713  52.097 0.0000000000
61897  -7.186  -28.219  51.312 0.0000000000
148290  -7.281  -27.955  50.595 0.0000000000
63093  -7.369  -27.858  49.884 0.0000000000
61910  -7.307  -28.521  49.981 0.0000000000
60735  -6.712  -29.563  48.231 0.0000000000
61954  -6.683  -29.543  47.635 0.0000000000
59592  -6.331  -29.959  47.267 0.0000000000
77150  -31.088  -16.421  40.002 0.0000000000
78205  -31.370  -15.999  40.557 0.0000000000
161345  -32.080  -14.979  42.628 0.0000000000
78187  -31.962  -15.369  42.223 0.0000000000
82540  -32.537  -12.547  42.317 0.0000000000
81495  -32.337  -13.711  41.612 0.0000000000
80446  -31.885  -14.005  41.077 0.0000000000
162481  -31.685  -12.128  40.947 0.0000000000
82539  -32.070  -11.948  41.718 0.0000000000
84648  -31.994  -9.894  42.257 0.0000000000
73577  -30.029  -19.101  42.774 0.0000000000
77021  -28.580  -16.905  49.815 0.0000000000
78108  -30.708  -15.189  48.450 0.0000000000
78122  -30.255  -15.746  48.039 0.0000000000
74693  -28.625  -18.353  47.406 0.0000000000
145130  -29.218  -16.807  48.000 0.0000000000
75826  -28.400  -17.929  48.034 0.0000000000
155708  -28.380  -19.138  47.677 0.0000000000
72446  -27.744  -20.212  46.946 0.0000000000
153312  -26.789  -19.612  43.604 0.0000000000
145919  -48.784  -4.054  25.915 0.0000000000
87970  -43.775  -7.675  25.455 0.0000000000
87977  -43.074  -7.783  24.448 0.0000000000
87978  -43.705  -7.604  24.761 0.0000000000
87988  -44.846  -6.912  24.479 0.0000000000
89046  -44.745  -6.753  23.865 0.0000000000
89047  -45.299  -6.536  24.127 0.0000000000
89056  -45.227  -6.252  23.536 0.0000000000
89048  -45.902  -6.090  24.144 0.0000000000
91040  -47.208  -5.225  24.888 0.0000000000
91041  -47.868  -4.851  25.275 0.0000000000
91035  -48.397  -4.237  25.392 0.0000000000
87836  -38.204  -7.786  35.596 0.0000000000
87824  -37.704  -7.504  36.160 0.0000000000
89860  -37.575  -6.178  37.531 0.0000000000
88864  -38.123  -6.632  37.127 0.0000000000
90818  -35.966  -5.229  38.261 0.0000000000
89844  -36.274  -5.728  37.722 0.0000000000
87863  -32.827  -7.156  33.055 0.0000000000
139088  -32.561  -7.385  32.372 0.0000000000
138891  -33.577  -7.426  33.331 0.0000000000
86831  -34.748  -8.448  32.785 0.0000000000
86817  -35.050  -8.222  33.460 0.0000000000
87849  -36.340  -7.779  35.031 0.0000000000
87850  -37.148  -7.958  35.110 0.0000000000
86807  -37.708  -8.405  34.574 0.0000000000
73564  -19.791  -18.353  43.244 0.0000000000
73573  -19.617  -18.653  42.486 0.0000000000
72533  -18.523  -19.829  41.144 0.0000000000
77154  -7.450  -17.152  39.141 0.0000000000
77146  -9.474  -16.640  38.989 0.0000000000
72467  -8.779  -20.436  45.776 0.0000000000
71353  -9.017  -20.728  45.116 0.0000000000
71368  -8.572  -21.145  44.664 0.0000000000
70307  -7.479  -22.485  42.976 0.0000000000
69244  -7.894  -22.729  42.380 0.0000000000
69259  -7.356  -23.075  41.832 0.0000000000
68164  -4.923  -23.940  41.647 0.0000000000
69257  -5.381  -23.348  42.099 0.0000000000
68179  -5.183  -24.125  41.026 0.0000000000
68180  -6.229  -24.022  40.765 0.0000000000
68196  -6.928  -24.201  40.316 0.0000000000
68181  -7.266  -23.793  40.768 0.0000000000
67048  -7.167  -24.539  39.784 0.0000000000
65821  -6.072  -25.687  37.506 0.0000000000
62066  -6.172  -28.956  37.474 0.0000000000
62065  -5.713  -28.618  36.896 0.0000000000
151467  -5.684  -29.557  36.733 0.0000000000
69118  -11.011  -23.207  56.233 0.0000000000
68011  -11.256  -24.281  55.203 0.0000000000
65572  -10.687  -25.985  54.573 0.0000000000
65564  -11.017  -25.429  54.764 0.0000000000
64295  -10.274  -26.545  54.909 0.0000000000
64294  -9.801  -26.882  55.241 0.0000000000
158118  -10.220  -27.008  54.660 0.0000000000
159139  -11.323  -27.836  51.902 0.0000000000
61888  -11.346  -28.379  51.851 0.0000000000
59532  -10.231  -29.929  52.467 0.0000000000
60678  -10.467  -29.329  52.841 0.0000000000
59522  -10.077  -29.613  53.235 0.0000000000
60657  -9.851  -28.979  54.394 0.0000000000
159750  -9.158  -30.070  53.720 0.0000000000
59521  -8.461  -30.206  53.702 0.0000000000
59531  -9.020  -30.336  53.095 0.0000000000
57281  -8.667  -31.765  49.850 0.0000000000
58419  -8.405  -31.157  51.029 0.0000000000
57271  -8.136  -31.337  50.324 0.0000000000
58431  -7.430  -30.936  49.946 0.0000000000
91720  -31.380  -4.142  37.270 0.0000000000
91704  -31.806  -3.704  37.885 0.0000000000
166818  -30.405  -14.407  39.018 0.0000000000
80476  -30.136  -13.854  38.322 0.0000000000
86781  -29.977  -8.609  37.131 0.0000000000
87821  -29.692  -7.631  36.593 0.0000000000
90831  -30.690  -4.636  37.008 0.0000000000
90848  -31.564  -4.557  36.461 0.0000000000
77031  -22.958  -16.651  49.074 0.0000000000
77069  -21.982  -16.657  47.316 0.0000000000
163878  -22.636  -16.750  47.061 0.0000000000
75782  -26.858  -17.840  50.279 0.0000000000
75781  -26.275  -17.754  50.142 0.0000000000
77018  -25.870  -17.437  50.756 0.0000000000
152805  -25.829  -19.226  46.165 0.0000000000
74691  -25.735  -18.912  47.364 0.0000000000
73531  -25.636  -18.881  46.613 0.0000000000
75840  -24.832  -17.839  46.652 0.0000000000
75825  -25.014  -17.904  47.458 0.0000000000
75807  -24.581  -17.411  47.837 0.0000000000
77055  -24.217  -17.073  48.366 0.0000000000
75824  -24.332  -17.326  47.098 0.0000000000
144319  -22.715  -17.303  45.509 0.0000000000
75849  -22.083  -17.383  45.129 0.0000000000
74725  -21.543  -17.610  44.088 0.0000000000
74735  -21.177  -17.817  43.607 0.0000000000
140078  -21.361  -18.652  40.932 0.0000000000
149342  -20.939  -18.578  41.597 0.0000000000
94665  -47.304  -1.512  21.717 0.0000000000
94682  -47.578  -0.824  21.277 0.0000000000
95628  -48.080  -0.182  20.073 0.0000000000
79214  -8.003  -15.063  46.829 0.0000000000
77077  -9.097  -16.357  46.524 0.0000000000
77063  -8.710  -16.318  47.063 0.0000000000
78098  -5.705  -15.473  48.054 0.0000000000
78099  -6.832  -15.804  47.998 0.0000000000
75800  -7.701  -17.652  47.951 0.0000000000
77042  -7.970  -17.003  47.797 0.0000000000
75801  -8.344  -17.649  47.572 0.0000000000
74685  -8.636  -18.323  47.294 0.0000000000
73524  -8.684  -19.551  46.641 0.0000000000
163490  -8.288  -19.269  47.078 0.0000000000
72454  -6.312  -20.185  46.624 0.0000000000
150388  -7.390  -20.106  46.458 0.0000000000
71340  -6.849  -20.477  45.960 0.0000000000
71350  -6.284  -20.907  45.445 0.0000000000
72439  -4.808  -20.474  47.775 0.0000000000
72440  -5.371  -20.189  47.213 0.0000000000
71328  -4.702  -20.918  47.106 0.0000000000
71348  -4.805  -21.692  45.806 0.0000000000
139486  -4.410  -22.292  44.761 0.0000000000
68138  -4.498  -23.231  44.032 0.0000000000
68139  -4.637  -23.403  44.552 0.0000000000
65734  -6.228  -25.405  43.301 0.0000000000
65746  -6.101  -25.676  42.651 0.0000000000
87912  -43.368  -6.921  31.541 0.0000000000
149158  -33.452  -2.993  39.175 0.0000000000
143028  -38.675  -10.391  30.572 0.0000000000
159044  -38.214  -11.199  29.669 0.0000000000
84803  -38.927  -10.078  30.244 0.0000000000
85847  -39.587  -9.494  29.791 0.0000000000
83766  -39.160  -10.284  29.447 0.0000000000
85857  -39.770  -9.614  29.110 0.0000000000
84830  -39.424  -10.157  28.543 0.0000000000
154342  -40.372  -9.152  28.851 0.0000000000
87922  -41.890  -7.887  30.731 0.0000000000
87923  -42.519  -7.549  30.380 0.0000000000
145950  -43.264  -7.221  30.129 0.0000000000
69123  -11.845  -23.041  54.330 0.0000000000
68029  -11.742  -23.537  52.671 0.0000000000
71299  -13.138  -21.278  52.210 0.0000000000
71296  -13.076  -21.437  53.155 0.0000000000
164008  -11.730  -23.890  50.137 0.0000000000
68059  -11.629  -23.774  50.730 0.0000000000
66902  -11.507  -24.473  51.318 0.0000000000
145136  -11.695  -25.521  50.184 0.0000000000
65644  -11.688  -25.807  49.523 0.0000000000
64419  -12.123  -26.381  47.597 0.0000000000
64407  -12.189  -26.901  48.099 0.0000000000
63144  -12.919  -27.674  47.199 0.0000000000
61956  -13.424  -28.421  46.997 0.0000000000
61967  -13.796  -28.307  46.398 0.0000000000
73553  -18.874  -18.494  43.708 0.0000000000
154501  -18.967  -18.264  44.423 0.0000000000
73541  -17.908  -18.552  45.187 0.0000000000
73530  -17.856  -18.443  46.059 0.0000000000
73540  -17.140  -18.689  45.658 0.0000000000
71399  -16.098  -20.951  42.743 0.0000000000
71386  -15.885  -20.714  43.412 0.0000000000
72457  -15.123  -19.746  45.893 0.0000000000
72470  -15.752  -19.803  45.285 0.0000000000
73538  -15.704  -19.280  45.866 0.0000000000
73510  -16.422  -18.807  47.108 0.0000000000
74673  -16.858  -18.490  48.514 0.0000000000
73495  -16.102  -18.750  48.011 0.0000000000
72435  -14.915  -19.564  48.189 0.0000000000
73494  -15.427  -19.059  48.533 0.0000000000
72428  -14.788  -19.471  48.936 0.0000000000
73480  -15.251  -18.839  50.025 0.0000000000
149066  -14.313  -19.899  49.242 0.0000000000
145752  -13.259  -21.650  47.307 0.0000000000
69193  -12.752  -22.085  47.692 0.0000000000
69202  -13.033  -22.379  46.929 0.0000000000
143704  -14.123  -24.703  43.690 0.0000000000
66993  -13.910  -24.252  44.145 0.0000000000
152652  -13.416  -26.006  44.870 0.0000000000
65708  -13.372  -25.292  45.094 0.0000000000
153950  -13.153  -24.895  45.502 0.0000000000
66956  -12.643  -23.999  46.450 0.0000000000
65692  -12.860  -25.233  46.058 0.0000000000
145855  -12.751  -26.095  46.310 0.0000000000
64443  -13.414  -26.767  45.465 0.0000000000
162747  -8.424  -14.404  41.869 0.0000000000
79318  -8.301  -14.956  41.405 0.0000000000
78164  -9.594  -15.607  43.728 0.0000000000
78172  -9.733  -15.635  42.955 0.0000000000
78182  -9.843  -15.776  42.242 0.0000000000
77124  -9.595  -16.121  41.087 0.0000000000
77125  -10.551  -16.246  41.065 0.0000000000
75892  -11.787  -17.062  40.672 0.0000000000
77136  -11.080  -16.572  40.470 0.0000000000
166244  -12.111  -17.384  40.247 0.0000000000
72479  -9.974  -20.522  44.733 0.0000000000
72492  -10.523  -20.608  44.039 0.0000000000
72493  -11.044  -20.414  43.430 0.0000000000
71397  -10.920  -20.850  42.851 0.0000000000
72505  -11.378  -20.223  42.748 0.0000000000
71411  -11.223  -20.757  42.149 0.0000000000
69290  -10.481  -23.188  40.177 0.0000000000
70343  -11.442  -22.070  40.155 0.0000000000
71427  -11.366  -21.505  40.817 0.0000000000
72532  -11.998  -20.019  41.130 0.0000000000
73597  -12.270  -19.269  40.796 0.0000000000
164757  -12.499  -20.491  39.374 0.0000000000
158684  -12.559  -19.934  39.725 0.0000000000
72556  -12.839  -19.972  39.064 0.0000000000
72568  -13.106  -20.099  38.280 0.0000000000
71464  -12.910  -20.990  38.124 0.0000000000
73464  -4.584  -19.494  52.428 0.0000000000
150345  -9.796  -23.510  56.054 0.0000000000
157829  -9.392  -22.865  56.001 0.0000000000
69115  -8.802  -23.251  55.796 0.0000000000
68002  -7.231  -24.334  55.400 0.0000000000
150991  -7.741  -23.417  55.465 0.0000000000
150938  -7.149  -22.740  55.346 0.0000000000
70214  -6.514  -22.144  55.276 0.0000000000
69113  -6.106  -22.898  55.268 0.0000000000
63038  -6.225  -27.542  54.189 0.0000000000
64300  -6.131  -26.935  54.759 0.0000000000
65571  -5.939  -26.142  54.485 0.0000000000
66853  -5.297  -24.716  53.823 0.0000000000
66840  -5.379  -24.894  54.499 0.0000000000
66839  -5.056  -24.219  54.183 0.0000000000
70212  -4.659  -22.564  54.853 0.0000000000
69117  -4.688  -22.960  54.167 0.0000000000
71281  -4.482  -21.791  53.815 0.0000000000
69122  -4.675  -22.979  53.532 0.0000000000
69139  -5.071  -23.059  51.861 0.0000000000
70227  -4.577  -22.320  52.730 0.0000000000
70233  -4.792  -22.208  51.993 0.0000000000
153582  -4.719  -21.546  51.632 0.0000000000
70241  -4.903  -22.091  51.267 0.0000000000
157908  -4.830  -21.662  50.889 0.0000000000
69166  -5.164  -22.398  50.955 0.0000000000
167039  -6.608  -23.293  49.697 0.0000000000
154015  -6.282  -22.886  49.543 0.0000000000
156684  -6.739  -23.282  49.107 0.0000000000
68082  -6.267  -22.965  48.559 0.0000000000
167555  -7.983  -26.819  49.266 0.0000000000
64374  -8.256  -26.297  49.688 0.0000000000
64390  -7.882  -26.989  48.649 0.0000000000
151498  -8.469  -26.634  46.697 0.0000000000
65691  -8.490  -25.748  46.629 0.0000000000
65680  -7.987  -24.959  46.917 0.0000000000
65690  -7.958  -25.058  46.128 0.0000000000
65707  -8.280  -25.725  45.814 0.0000000000
63187  -7.811  -27.819  44.063 0.0000000000
146663  -7.965  -26.965  43.821 0.0000000000
63201  -7.422  -27.963  43.327 0.0000000000
154212  -7.602  -27.294  43.466 0.0000000000
56128  -6.531  -32.492  47.242 0.0000000000
56154  -4.199  -32.943  45.849 0.0000000000
56141  -4.790  -33.277  46.497 0.0000000000
57317  -5.413  -31.477  47.045 0.0000000000
58462  -5.715  -30.783  47.091 0.0000000000
57328  -5.011  -31.708  46.554 0.0000000000
58493  -5.501  -31.085  44.946 0.0000000000
59609  -5.901  -30.448  45.945 0.0000000000
58506  -6.067  -30.914  43.669 0.0000000000
59634  -6.378  -30.424  43.653 0.0000000000
59648  -6.518  -30.591  43.018 0.0000000000
59662  -6.843  -30.695  42.359 0.0000000000
59663  -7.318  -30.156  41.707 0.0000000000
60809  -7.425  -29.217  41.954 0.0000000000
139671  -7.544  -29.973  40.825 0.0000000000
82496  -33.362  -11.834  45.769 0.0000000000
82490  -33.293  -12.019  46.819 0.0000000000
79278  -32.397  -14.362  44.258 0.0000000000
81430  -32.982  -13.171  45.330 0.0000000000
79259  -31.537  -15.030  45.188 0.0000000000
78153  -31.752  -15.056  44.488 0.0000000000
79222  -31.715  -14.354  47.528 0.0000000000
79238  -31.791  -14.516  46.601 0.0000000000
80355  -32.665  -13.162  47.778 0.0000000000
89014  -45.773  -6.832  29.001 0.0000000000
89015  -46.455  -6.640  29.634 0.0000000000
87944  -42.059  -7.826  29.160 0.0000000000
86919  -42.127  -7.847  28.332 0.0000000000
87945  -42.977  -7.671  28.017 0.0000000000
148472  -43.629  -7.578  27.704 0.0000000000
87947  -44.361  -7.276  28.242 0.0000000000
90851  -34.283  -5.266  36.922 0.0000000000
90817  -34.639  -5.115  37.472 0.0000000000
91706  -34.345  -4.207  38.317 0.0000000000
89892  -30.671  -5.506  35.358 0.0000000000
89893  -31.722  -5.299  35.234 0.0000000000
141792  -32.682  -5.380  35.399 0.0000000000
89911  -33.173  -5.881  35.130 0.0000000000
65745  -5.603  -25.424  42.363 0.0000000000
65756  -5.277  -25.765  41.818 0.0000000000
64503  -6.185  -26.502  41.411 0.0000000000
62030  -7.162  -27.795  39.873 0.0000000000
159982  -7.318  -28.055  40.227 0.0000000000
158465  -7.597  -29.246  39.753 0.0000000000
61927  -12.925  -28.861  48.270 0.0000000000
60721  -13.094  -29.528  48.437 0.0000000000
59593  -13.895  -29.741  47.314 0.0000000000
58454  -13.520  -29.995  47.297 0.0000000000
85707  -31.389  -9.881  40.495 0.0000000000
84673  -31.359  -10.512  40.091 0.0000000000
85706  -31.137  -9.608  39.977 0.0000000000
86754  -31.008  -8.990  39.929 0.0000000000
87790  -30.858  -8.171  40.261 0.0000000000
87778  -30.536  -7.349  40.584 0.0000000000
79178  -26.732  -15.051  52.127 0.0000000000
73576  -25.631  -19.143  43.005 0.0000000000
91925  -47.315  -4.275  24.068 0.0000000000
160388  -47.499  -3.867  23.912 0.0000000000
91936  -47.648  -3.431  23.742 0.0000000000
93680  -49.045  -1.778  24.093 0.0000000000
149018  -4.418  -19.440  49.168 0.0000000000
152058  -4.421  -20.028  48.738 0.0000000000
156196  -4.946  -21.372  49.387 0.0000000000
86823  -40.023  -8.611  33.553 0.0000000000
86810  -40.229  -8.264  34.094 0.0000000000
87852  -40.066  -8.010  34.869 0.0000000000
86834  -37.140  -8.892  33.300 0.0000000000
85774  -37.743  -9.328  32.746 0.0000000000
85775  -38.618  -9.385  32.796 0.0000000000
85794  -38.350  -9.728  32.216 0.0000000000
85761  -39.598  -8.922  33.324 0.0000000000
73463  -14.597  -19.290  53.130 0.0000000000
72417  -14.331  -19.748  51.881 0.0000000000
77052  -21.247  -16.600  48.035 0.0000000000
77158  -10.917  -16.631  38.289 0.0000000000
77170  -11.386  -16.735  37.604 0.0000000000
160869  -9.596  -16.378  45.522 0.0000000000
146495  -9.851  -16.278  44.926 0.0000000000
75845  -9.934  -16.893  45.340 0.0000000000
75846  -10.297  -17.515  45.123 0.0000000000
154997  -10.544  -18.195  44.988 0.0000000000
65805  -8.090  -25.155  37.727 0.0000000000
65824  -8.315  -25.287  37.012 0.0000000000
65846  -9.226  -25.199  36.022 0.0000000000
71290  -8.800  -20.655  53.964 0.0000000000
70220  -8.749  -21.479  54.928 0.0000000000
59551  -7.301  -30.198  50.985 0.0000000000
59528  -6.918  -29.759  51.954 0.0000000000
59550  -7.145  -29.782  50.466 0.0000000000
60697  -7.111  -29.395  50.779 0.0000000000
61924  -7.158  -29.118  49.382 0.0000000000
59578  -6.527  -29.936  48.396 0.0000000000
81469  -32.740  -13.124  42.926 0.0000000000
83604  -32.385  -11.623  42.429 0.0000000000
149823  -31.983  -11.205  41.838 0.0000000000
74751  -30.813  -18.100  42.534 0.0000000000
77079  -30.010  -16.341  46.598 0.0000000000
77073  -29.775  -16.241  47.552 0.0000000000
144863  -29.017  -17.677  46.776 0.0000000000
72461  -27.984  -20.292  46.106 0.0000000000
72473  -27.929  -19.731  45.328 0.0000000000
163818  -48.341  -5.055  26.443 0.0000000000
89032  -45.788  -7.001  26.092 0.0000000000
87972  -45.097  -7.125  25.648 0.0000000000
89036  -45.774  -6.815  25.430 0.0000000000
89043  -46.356  -6.462  25.242 0.0000000000
166289  -46.303  -6.152  24.729 0.0000000000
90065  -47.226  -5.995  25.774 0.0000000000
90066  -47.795  -5.393  25.968 0.0000000000
166101  -36.600  -7.523  35.749 0.0000000000
87823  -37.082  -7.451  36.144 0.0000000000
87846  -34.508  -7.347  34.286 0.0000000000
87847  -35.069  -7.518  34.588 0.0000000000
87866  -35.367  -7.917  34.140 0.0000000000
87848  -35.651  -7.634  34.839 0.0000000000
72535  -19.920  -19.291  40.684 0.0000000000
154700  -7.680  -16.764  40.089 0.0000000000
71367  -7.684  -21.244  44.741 0.0000000000
70288  -8.169  -21.643  44.178 0.0000000000
152894  -6.883  -22.256  43.474 0.0000000000
67045  -4.858  -25.291  40.664 0.0000000000
67037  -4.917  -24.701  40.827 0.0000000000
67046  -5.432  -24.896  40.189 0.0000000000
67060  -5.643  -25.017  39.352 0.0000000000
67061  -6.498  -24.861  39.183 0.0000000000
65802  -5.814  -25.597  38.239 0.0000000000
65801  -5.456  -25.889  37.966 0.0000000000
65820  -5.405  -25.962  37.320 0.0000000000
64560  -5.031  -26.450  37.032 0.0000000000
62064  -5.362  -27.883  36.675 0.0000000000
143975  -11.662  -24.186  54.262 0.0000000000
66854  -11.525  -25.016  53.841 0.0000000000
65573  -11.110  -25.550  54.267 0.0000000000
64310  -10.906  -26.571  53.497 0.0000000000
58423  -11.508  -30.081  49.999 0.0000000000
60688  -11.227  -29.095  51.824 0.0000000000
58422  -10.963  -30.419  50.337 0.0000000000
58410  -10.859  -30.584  51.233 0.0000000000
58421  -10.193  -31.036  51.277 0.0000000000
58408  -9.524  -30.881  51.859 0.0000000000
57273  -9.907  -31.220  50.564 0.0000000000
57282  -9.593  -31.555  49.903 0.0000000000
91719  -30.679  -4.335  37.765 0.0000000000
91703  -31.003  -3.902  38.294 0.0000000000
146690  -30.586  -12.182  38.105 0.0000000000
87808  -30.111  -7.796  38.333 0.0000000000
160111  -29.934  -6.985  37.890 0.0000000000
160617  -29.918  -5.960  37.368 0.0000000000
90830  -30.259  -4.864  37.539 0.0000000000
77015  -23.731  -16.777  49.563 0.0000000000
77054  -23.320  -16.733  48.261 0.0000000000
142456  -28.043  -17.021  50.435 0.0000000000
77004  -27.705  -16.574  51.110 0.0000000000
77035  -27.489  -17.673  50.182 0.0000000000
74665  -26.527  -18.021  49.640 0.0000000000
74728  -24.778  -18.166  44.475 0.0000000000
74712  -25.168  -18.340  45.412 0.0000000000
146051  -24.362  -17.782  45.024 0.0000000000
74711  -24.607  -17.816  45.837 0.0000000000
75861  -23.627  -17.592  44.788 0.0000000000
74726  -23.196  -17.574  44.307 0.0000000000
74736  -21.996  -17.656  43.606 0.0000000000
74746  -21.608  -17.883  42.855 0.0000000000
73586  -21.765  -18.363  41.500 0.0000000000
91962  -45.198  -3.942  20.995 0.0000000000
77040  -6.164  -16.303  48.144 0.0000000000
163830  -6.934  -16.500  48.081 0.0000000000
155134  -6.548  -17.000  48.140 0.0000000000
73493  -7.699  -18.685  47.723 0.0000000000
73506  -7.609  -19.200  47.355 0.0000000000
71337  -4.639  -21.647  46.629 0.0000000000
68119  -5.008  -23.469  45.435 0.0000000000
68140  -5.179  -23.785  44.713 0.0000000000
147430  -5.622  -23.916  45.104 0.0000000000
65705  -6.850  -24.691  44.914 0.0000000000
87911  -42.622  -7.261  31.546 0.0000000000
87897  -43.012  -7.059  32.106 0.0000000000
87883  -43.021  -7.120  32.700 0.0000000000
85815  -39.697  -9.288  31.132 0.0000000000
85833  -39.821  -9.114  30.429 0.0000000000
85834  -40.355  -8.828  30.370 0.0000000000
86909  -40.778  -8.603  29.952 0.0000000000
147602  -12.304  -22.135  53.250 0.0000000000
70242  -12.551  -21.491  50.981 0.0000000000
70234  -12.177  -22.141  51.403 0.0000000000
69155  -12.092  -22.176  50.471 0.0000000000
69168  -11.913  -23.167  50.042 0.0000000000
68070  -11.827  -24.005  49.518 0.0000000000
66918  -11.712  -24.943  49.524 0.0000000000
159222  -12.399  -26.257  46.962 0.0000000000
72507  -17.908  -19.468  42.553 0.0000000000
73562  -18.017  -18.852  43.779 0.0000000000
72496  -17.609  -19.296  43.251 0.0000000000
161715  -17.400  -19.208  43.823 0.0000000000
72483  -16.912  -19.408  44.211 0.0000000000
70300  -15.091  -21.948  43.335 0.0000000000
71385  -15.271  -21.136  43.682 0.0000000000
71372  -15.158  -20.881  44.440 0.0000000000
71355  -15.103  -20.533  45.284 0.0000000000
73509  -15.720  -19.122  47.421 0.0000000000
151859  -14.881  -19.791  46.590 0.0000000000
71331  -14.458  -20.202  46.961 0.0000000000
72434  -14.478  -20.101  47.793 0.0000000000
71323  -13.924  -20.457  48.195 0.0000000000
71330  -14.018  -20.636  47.369 0.0000000000
148904  -13.736  -21.265  47.001 0.0000000000
70266  -13.573  -21.883  46.546 0.0000000000
150176  -14.231  -26.136  43.444 0.0000000000
64455  -13.693  -26.837  44.647 0.0000000000
63188  -14.088  -27.640  44.428 0.0000000000
152573  -8.475  -14.181  42.472 0.0000000000
144732  -10.849  -16.345  43.139 0.0000000000
78173  -10.384  -15.980  42.746 0.0000000000
77104  -10.938  -16.318  42.451 0.0000000000
77113  -10.872  -16.264  41.748 0.0000000000
75888  -12.190  -17.783  40.801 0.0000000000
70298  -9.655  -21.731  43.146 0.0000000000
71383  -10.128  -21.176  43.621 0.0000000000
70310  -10.105  -21.771  42.472 0.0000000000
70322  -10.438  -21.866  41.862 0.0000000000
68216  -10.487  -24.042  39.145 0.0000000000
69304  -10.974  -23.406  39.609 0.0000000000
70353  -11.559  -22.665  39.579 0.0000000000
160917  -11.868  -21.944  39.591 0.0000000000
144447  -12.244  -20.636  39.940 0.0000000000
70354  -12.149  -21.975  39.023 0.0000000000
71452  -12.520  -21.469  38.618 0.0000000000
70366  -12.682  -21.704  37.954 0.0000000000
70378  -12.467  -22.323  37.730 0.0000000000
66832  -9.592  -24.831  55.657 0.0000000000
66831  -8.761  -24.770  55.704 0.0000000000
159621  -7.969  -24.729  55.636 0.0000000000
66830  -7.276  -25.148  55.693 0.0000000000
64320  -6.520  -26.526  53.289 0.0000000000
65581  -6.104  -25.882  53.758 0.0000000000
65593  -5.720  -25.065  53.472 0.0000000000
68028  -5.135  -24.029  52.936 0.0000000000
68027  -4.889  -23.518  53.168 0.0000000000
69153  -5.259  -22.914  51.241 0.0000000000
68058  -6.041  -23.784  51.178 0.0000000000
66916  -7.072  -23.973  49.771 0.0000000000
63142  -7.590  -28.168  47.889 0.0000000000
64405  -7.952  -27.208  47.967 0.0000000000
167751  -8.081  -28.083  46.670 0.0000000000
63159  -8.366  -27.307  46.337 0.0000000000
63175  -8.401  -27.180  45.470 0.0000000000
63174  -8.094  -27.982  45.032 0.0000000000
57340  -4.508  -32.179  45.265 0.0000000000
57352  -4.548  -32.216  44.232 0.0000000000
167582  -6.525  -30.984  42.676 0.0000000000
75881  -31.552  -16.730  42.064 0.0000000000
78178  -31.954  -15.411  42.781 0.0000000000
80413  -32.448  -14.234  43.328 0.0000000000
80397  -32.687  -13.911  44.017 0.0000000000
81455  -32.771  -13.602  43.472 0.0000000000
155479  -32.981  -12.923  43.636 0.0000000000
74714  -29.280  -17.928  45.059 0.0000000000
74729  -29.687  -17.706  44.203 0.0000000000
75862  -30.125  -17.211  44.223 0.0000000000
74730  -30.383  -17.448  43.675 0.0000000000
151013  -30.721  -16.138  44.161 0.0000000000
75870  -31.060  -17.124  43.200 0.0000000000
75875  -31.384  -17.030  42.520 0.0000000000
78123  -30.705  -15.284  47.530 0.0000000000
90031  -47.778  -6.189  28.015 0.0000000000
86924  -41.722  -7.992  27.536 0.0000000000
142617  -41.184  -8.312  27.057 0.0000000000
86940  -41.025  -8.504  25.759 0.0000000000
86941  -41.717  -8.298  25.618 0.0000000000
87963  -44.404  -7.476  26.677 0.0000000000
87964  -45.099  -7.260  26.373 0.0000000000
89027  -45.758  -7.088  26.809 0.0000000000
89877  -35.270  -6.507  36.229 0.0000000000
159690  -35.709  -5.495  37.737 0.0000000000
91708  -35.614  -4.746  38.765 0.0000000000
89908  -30.481  -5.919  34.774 0.0000000000
88919  -30.220  -6.592  33.887 0.0000000000
87876  -30.665  -7.021  32.456 0.0000000000
88922  -33.142  -6.828  33.800 0.0000000000
88905  -34.103  -6.808  34.691 0.0000000000
162243  -34.521  -6.619  35.447 0.0000000000
79328  -7.397  -15.567  40.705 0.0000000000
69240  -4.539  -23.251  43.136 0.0000000000
69241  -5.059  -23.010  42.785 0.0000000000
68157  -4.803  -23.827  42.769 0.0000000000
67029  -4.738  -24.448  41.796 0.0000000000
65764  -4.527  -25.224  41.505 0.0000000000
65755  -4.746  -25.607  41.617 0.0000000000
65765  -4.555  -25.661  41.148 0.0000000000
65776  -4.973  -25.724  40.578 0.0000000000
64525  -5.755  -26.486  39.255 0.0000000000
63267  -6.120  -27.450  38.194 0.0000000000
60833  -6.756  -29.242  37.879 0.0000000000
62041  -7.260  -28.199  38.935 0.0000000000
62054  -7.268  -28.846  38.393 0.0000000000
59692  -6.718  -30.127  37.683 0.0000000000
58607  -6.040  -30.923  37.241 0.0000000000
64337  -11.376  -26.645  52.059 0.0000000000
63060  -11.580  -27.474  50.998 0.0000000000
61898  -12.008  -28.473  50.578 0.0000000000
60698  -12.008  -29.082  50.382 0.0000000000
60720  -12.841  -29.418  48.837 0.0000000000
60710  -12.552  -29.209  49.541 0.0000000000
59562  -11.915  -29.695  50.004 0.0000000000
141482  -11.667  -30.354  49.401 0.0000000000
89836  -30.135  -5.275  39.271 0.0000000000
148799  -30.776  -13.586  39.824 0.0000000000
79349  -30.743  -14.414  39.595 0.0000000000
81515  -30.637  -12.838  39.203 0.0000000000
154776  -30.676  -12.277  38.680 0.0000000000
82592  -30.818  -11.672  38.484 0.0000000000
142429  -30.699  -11.564  37.811 0.0000000000
83676  -30.616  -11.065  37.472 0.0000000000
140091  -30.651  -10.571  37.875 0.0000000000
86763  -30.884  -9.081  39.149 0.0000000000
86762  -30.524  -8.509  38.769 0.0000000000
73497  -27.004  -19.334  48.234 0.0000000000
73496  -26.421  -19.091  48.198 0.0000000000
147546  -25.739  -18.876  45.556 0.0000000000
73565  -25.428  -18.767  43.551 0.0000000000
146143  -25.198  -18.525  44.085 0.0000000000
74739  -24.688  -18.392  43.513 0.0000000000
74749  -24.212  -18.314  42.872 0.0000000000
74759  -23.704  -18.292  42.263 0.0000000000
139237  -45.206  -4.478  21.692 0.0000000000
91934  -46.501  -4.263  23.047 0.0000000000
166669  -45.615  -4.339  22.193 0.0000000000
91945  -45.656  -3.936  21.762 0.0000000000
91963  -45.843  -3.366  21.420 0.0000000000
92850  -46.074  -2.656  21.059 0.0000000000
93692  -48.096  -2.043  23.143 0.0000000000
75797  -4.762  -17.839  48.344 0.0000000000
73504  -5.660  -19.557  47.576 0.0000000000
73490  -4.941  -19.274  48.040 0.0000000000
71327  -4.728  -21.054  47.917 0.0000000000
71321  -4.726  -20.574  48.378 0.0000000000
69199  -5.213  -22.558  47.561 0.0000000000
86837  -41.196  -8.262  32.515 0.0000000000
87881  -41.713  -7.818  32.964 0.0000000000
85792  -36.519  -9.542  32.026 0.0000000000
85814  -36.199  -9.822  31.395 0.0000000000
83764  -37.633  -11.200  29.959 0.0000000000
84783  -38.510  -10.305  31.067 0.0000000000
144542  -39.069  -9.663  32.242 0.0000000000
85795  -39.318  -9.706  31.786 0.0000000000
72409  -13.662  -20.297  54.321 0.0000000000
149957  -13.849  -20.352  52.016 0.0000000000
71300  -13.500  -20.753  51.727 0.0000000000
71302  -13.145  -21.108  51.445 0.0000000000
145340  -12.508  -21.444  50.062 0.0000000000
69278  -16.336  -22.625  40.905 0.0000000000
69264  -15.955  -22.786  41.719 0.0000000000
69247  -15.689  -22.698  42.336 0.0000000000
70311  -15.502  -22.219  42.721 0.0000000000
147728  -15.093  -22.627  43.112 0.0000000000
70299  -14.735  -22.536  43.648 0.0000000000
164439  -14.485  -22.982  43.918 0.0000000000
67019  -14.633  -24.735  43.037 0.0000000000
79282  -8.633  -14.574  43.787 0.0000000000
78163  -9.091  -15.100  44.127 0.0000000000
77097  -10.580  -16.565  43.795 0.0000000000
77098  -11.099  -16.979  43.436 0.0000000000
74754  -11.791  -18.593  42.631 0.0000000000
68183  -8.982  -23.460  40.762 0.0000000000
68199  -9.363  -23.896  40.049 0.0000000000
68215  -9.707  -24.275  39.391 0.0000000000
68228  -10.723  -24.266  38.403 0.0000000000
68244  -11.521  -23.977  37.379 0.0000000000
73458  -7.525  -19.108  53.123 0.0000000000
72398  -7.181  -19.958  54.284 0.0000000000
162811  -6.901  -20.454  54.743 0.0000000000
71283  -6.206  -20.785  55.059 0.0000000000
60646  -7.830  -29.253  55.358 0.0000000000
63023  -6.923  -27.861  55.507 0.0000000000
61858  -7.111  -28.970  55.079 0.0000000000
61857  -6.567  -28.322  54.423 0.0000000000
161571  -6.351  -27.988  53.744 0.0000000000
61878  -6.728  -28.836  52.905 0.0000000000
153281  -6.676  -28.129  53.011 0.0000000000
63048  -6.392  -27.430  53.567 0.0000000000
63049  -6.876  -27.230  52.796 0.0000000000
64321  -7.195  -27.027  52.109 0.0000000000
64336  -7.021  -26.447  51.716 0.0000000000
152725  -7.328  -26.472  51.032 0.0000000000
64354  -7.431  -27.203  50.522 0.0000000000
64373  -7.705  -27.062  49.829 0.0000000000
63111  -7.505  -27.660  49.173 0.0000000000
61939  -7.058  -29.029  48.698 0.0000000000
150191  -7.279  -28.407  48.825 0.0000000000
61940  -7.196  -28.664  48.359 0.0000000000
61955  -7.090  -28.911  47.781 0.0000000000
61965  -7.003  -29.150  47.114 0.0000000000
60775  -6.532  -29.851  46.063 0.0000000000
78214  -31.096  -15.639  39.952 0.0000000000
77115  -31.607  -16.497  41.602 0.0000000000
79311  -31.982  -15.170  41.683 0.0000000000
80435  -32.352  -14.135  42.186 0.0000000000
78198  -31.711  -15.588  41.122 0.0000000000
144895  -31.788  -14.839  41.088 0.0000000000
80454  -31.242  -14.388  40.395 0.0000000000
81504  -31.282  -13.410  40.515 0.0000000000
139372  -31.817  -10.538  41.599 0.0000000000
85701  -31.697  -9.849  41.368 0.0000000000
75811  -27.910  -18.000  48.722 0.0000000000
77036  -29.679  -16.172  49.157 0.0000000000
77058  -29.825  -16.336  48.500 0.0000000000
161921  -29.156  -16.816  49.053 0.0000000000
74680  -27.387  -18.693  48.480 0.0000000000
73514  -27.373  -19.805  47.668 0.0000000000
72459  -26.528  -20.218  46.345 0.0000000000
158246  -26.603  -19.094  44.378 0.0000000000
71358  -27.022  -19.535  44.997 0.0000000000
71387  -26.491  -19.443  43.584 0.0000000000
153955  -44.195  -7.274  24.378 0.0000000000
153300  -43.394  -7.315  23.467 0.0000000000
90078  -45.879  -5.646  23.540 0.0000000000
90079  -46.433  -5.226  23.905 0.0000000000
90072  -46.553  -5.596  24.468 0.0000000000
91047  -46.977  -4.904  24.299 0.0000000000
167212  -48.447  -3.912  25.121 0.0000000000
86808  -38.516  -8.441  34.565 0.0000000000
86796  -38.712  -8.104  35.039 0.0000000000
88876  -37.916  -7.076  36.618 0.0000000000
89845  -37.080  -5.760  37.984 0.0000000000
86818  -35.745  -8.388  33.699 0.0000000000
86819  -36.556  -8.533  33.866 0.0000000000
75847  -20.656  -17.568  44.945 0.0000000000
74710  -19.867  -17.665  45.193 0.0000000000
74723  -20.118  -17.809  44.504 0.0000000000
74733  -19.577  -18.151  44.085 0.0000000000
72519  -18.851  -19.340  41.634 0.0000000000
73572  -18.784  -19.059  42.324 0.0000000000
71414  -17.801  -20.265  41.380 0.0000000000
71429  -17.558  -20.821  40.840 0.0000000000
70336  -16.986  -21.346  40.906 0.0000000000
70335  -16.702  -21.936  40.527 0.0000000000
77145  -8.504  -16.856  39.093 0.0000000000
77148  -12.165  -16.962  39.084 0.0000000000
73525  -9.286  -19.241  46.429 0.0000000000
73537  -9.827  -19.520  45.743 0.0000000000
72468  -9.533  -20.272  45.414 0.0000000000
165707  -9.505  -20.634  44.956 0.0000000000
71369  -9.369  -20.999  44.546 0.0000000000
70297  -8.800  -21.880  43.578 0.0000000000
139163  -9.053  -22.188  42.913 0.0000000000
69245  -8.807  -22.602  42.280 0.0000000000
68168  -8.401  -23.292  41.196 0.0000000000
69242  -6.040  -22.853  42.548 0.0000000000
69258  -6.392  -23.161  41.921 0.0000000000
68167  -7.704  -23.363  41.250 0.0000000000
68182  -8.111  -23.666  40.734 0.0000000000
67049  -8.063  -24.520  39.711 0.0000000000
67078  -6.958  -25.144  38.543 0.0000000000
65804  -7.316  -25.324  37.864 0.0000000000
65823  -7.584  -25.420  37.176 0.0000000000
69116  -10.060  -22.984  56.261 0.0000000000
68005  -10.126  -24.228  55.745 0.0000000000
66834  -10.937  -24.944  55.125 0.0000000000
66833  -10.328  -24.928  55.460 0.0000000000
145657  -9.799  -25.561  55.571 0.0000000000
64291  -9.358  -26.776  55.692 0.0000000000
61852  -9.081  -28.481  55.401 0.0000000000
63050  -11.187  -27.288  52.352 0.0000000000
63040  -10.792  -27.337  53.159 0.0000000000
63039  -10.375  -27.846  53.894 0.0000000000
60679  -10.836  -29.059  52.486 0.0000000000
60670  -10.600  -28.794  53.119 0.0000000000
61860  -10.035  -28.345  54.491 0.0000000000
61859  -9.574  -28.857  54.983 0.0000000000
61851  -8.265  -28.820  55.634 0.0000000000
154912  -8.319  -29.734  55.006 0.0000000000
59520  -7.642  -30.022  53.479 0.0000000000
58397  -7.929  -30.560  52.187 0.0000000000
58407  -8.626  -30.979  51.758 0.0000000000
58406  -7.780  -30.691  51.442 0.0000000000
91705  -32.804  -3.703  37.878 0.0000000000
92614  -31.483  -3.401  38.818 0.0000000000
80475  -29.657  -14.624  37.826 0.0000000000
88888  -29.680  -6.460  35.646 0.0000000000
89891  -29.922  -5.863  35.863 0.0000000000
89874  -29.836  -5.878  36.649 0.0000000000
77030  -22.109  -16.579  49.107 0.0000000000
75836  -20.949  -17.118  46.208 0.0000000000
77003  -26.983  -16.803  51.435 0.0000000000
77002  -26.217  -16.920  51.569 0.0000000000
74678  -26.283  -18.612  48.662 0.0000000000
75809  -25.814  -18.317  48.655 0.0000000000
146796  -25.371  -18.416  47.040 0.0000000000
75792  -25.467  -17.733  49.057 0.0000000000
77033  -25.022  -17.278  49.512 0.0000000000
75823  -23.307  -16.971  46.887 0.0000000000
75822  -22.393  -16.863  46.637 0.0000000000
75848  -21.245  -17.322  45.417 0.0000000000
74724  -20.878  -17.679  44.257 0.0000000000
73574  -20.890  -18.320  42.363 0.0000000000
93733  -46.286  -1.959  20.470 0.0000000000
93734  -46.556  -1.398  19.912 0.0000000000
164872  -46.892  -0.994  20.145 0.0000000000
94714  -47.015  -0.866  19.507 0.0000000000
95655  -48.088  -0.264  18.580 0.0000000000
78143  -8.884  -15.363  45.699 0.0000000000
78129  -9.212  -16.068  45.946 0.0000000000
75818  -9.466  -17.581  46.419 0.0000000000
156037  -7.683  -15.294  47.390 0.0000000000
77041  -7.518  -16.404  47.937 0.0000000000
78110  -7.635  -15.787  47.733 0.0000000000
75817  -8.960  -17.650  47.063 0.0000000000
74686  -9.277  -18.421  46.663 0.0000000000
148397  -7.898  -20.439  45.970 0.0000000000
72442  -7.964  -19.737  46.761 0.0000000000
71366  -6.657  -21.267  44.853 0.0000000000
70286  -5.772  -21.722  44.469 0.0000000000
70295  -5.217  -22.176  43.912 0.0000000000
72453  -5.312  -20.536  46.610 0.0000000000
71349  -5.379  -21.216  45.608 0.0000000000
70279  -4.850  -21.661  45.032 0.0000000000
159393  -4.807  -22.047  44.479 0.0000000000
70285  -4.529  -22.509  44.173 0.0000000000
69228  -4.500  -23.025  43.846 0.0000000000
68149  -4.723  -23.713  43.792 0.0000000000
67005  -5.128  -24.380  43.366 0.0000000000
67006  -5.490  -24.616  43.519 0.0000000000
64477  -6.582  -26.324  42.398 0.0000000000
64491  -6.937  -27.126  42.276 0.0000000000
146427  -44.583  -6.767  30.812 0.0000000000
87838  -39.712  -7.651  35.623 0.0000000000
92617  -33.915  -3.585  38.702 0.0000000000
83780  -38.057  -11.281  28.826 0.0000000000
164035  -39.135  -9.833  29.976 0.0000000000
83796  -38.566  -11.038  28.364 0.0000000000
84829  -38.940  -10.570  27.880 0.0000000000
149426  -39.508  -9.741  27.611 0.0000000000
85858  -40.496  -9.024  28.143 0.0000000000
164418  -41.048  -8.327  28.914 0.0000000000
86910  -41.270  -8.167  29.475 0.0000000000
162755  -41.515  -8.005  28.849 0.0000000000
87935  -42.698  -7.571  29.603 0.0000000000
68018  -11.743  -23.454  54.218 0.0000000000
159491  -11.760  -23.705  53.529 0.0000000000
66885  -11.661  -25.195  51.965 0.0000000000
70226  -12.683  -21.906  53.521 0.0000000000
70228  -12.172  -22.325  52.627 0.0000000000
69140  -11.931  -22.784  52.008 0.0000000000
65628  -11.587  -26.165  50.749 0.0000000000
159264  -11.668  -26.276  50.072 0.0000000000
63095  -12.098  -27.488  49.265 0.0000000000
65657  -11.678  -26.108  49.031 0.0000000000
64392  -11.970  -26.790  48.827 0.0000000000
61941  -12.579  -28.235  48.364 0.0000000000
144498  -13.710  -28.876  47.331 0.0000000000
60749  -14.105  -29.077  46.814 0.0000000000
75834  -19.626  -17.607  45.862 0.0000000000
74701  -18.984  -17.849  46.125 0.0000000000
73552  -18.354  -18.546  44.438 0.0000000000
74708  -18.506  -18.206  45.739 0.0000000000
74690  -18.951  -17.693  46.865 0.0000000000
74688  -17.619  -18.179  47.458 0.0000000000
72494  -16.534  -20.336  43.158 0.0000000000
72471  -16.369  -19.656  44.738 0.0000000000
159082  -16.674  -18.749  45.939 0.0000000000
73529  -17.068  -18.614  46.430 0.0000000000
73511  -17.166  -18.448  47.091 0.0000000000
74674  -17.512  -18.197  48.184 0.0000000000
74663  -17.443  -18.129  48.872 0.0000000000
74662  -16.754  -18.296  49.230 0.0000000000
156788  -15.439  -19.199  47.904 0.0000000000
74647  -16.008  -18.281  50.498 0.0000000000
73479  -14.718  -19.380  50.464 0.0000000000
144649  -14.296  -19.849  50.322 0.0000000000
71311  -14.008  -20.143  49.807 0.0000000000
71322  -13.402  -20.789  48.558 0.0000000000
70248  -13.354  -20.710  49.331 0.0000000000
70255  -12.994  -21.195  48.763 0.0000000000
70254  -12.637  -21.827  48.471 0.0000000000
69192  -12.404  -22.627  48.174 0.0000000000
68130  -14.105  -23.080  44.526 0.0000000000
68129  -13.649  -23.269  45.200 0.0000000000
65721  -13.687  -25.175  44.321 0.0000000000
66978  -13.318  -24.039  45.347 0.0000000000
68121  -13.121  -23.463  45.894 0.0000000000
68110  -12.300  -23.694  47.138 0.0000000000
66955  -12.247  -24.649  47.047 0.0000000000
158698  -12.803  -26.929  46.728 0.0000000000
63176  -13.790  -27.554  45.243 0.0000000000
63161  -13.580  -27.557  45.966 0.0000000000
63160  -13.238  -27.645  46.550 0.0000000000
145143  -7.837  -15.625  41.015 0.0000000000
146232  -8.887  -15.013  42.364 0.0000000000
78181  -8.826  -15.378  41.793 0.0000000000
78193  -8.491  -15.815  41.311 0.0000000000
77134  -9.114  -16.430  40.576 0.0000000000
139063  -10.770  -16.499  39.711 0.0000000000
75901  -12.728  -17.634  39.052 0.0000000000
73549  -10.379  -19.404  45.077 0.0000000000
74719  -10.631  -18.820  44.886 0.0000000000
73550  -10.826  -19.303  44.451 0.0000000000
71384  -10.641  -20.905  43.411 0.0000000000
72481  -10.992  -19.907  43.974 0.0000000000
73561  -11.253  -19.154  43.788 0.0000000000
150805  -11.615  -19.087  43.207 0.0000000000
73582  -11.899  -19.183  42.129 0.0000000000
143705  -9.639  -22.934  41.148 0.0000000000
69262  -10.124  -22.408  41.487 0.0000000000
70334  -10.731  -22.027  41.201 0.0000000000
69277  -10.991  -22.210  40.627 0.0000000000
70323  -11.006  -21.376  41.622 0.0000000000
72516  -11.714  -19.971  41.965 0.0000000000
74767  -12.245  -18.548  41.152 0.0000000000
74772  -12.393  -18.495  40.460 0.0000000000
73609  -12.529  -19.213  40.099 0.0000000000
74778  -12.701  -18.317  39.729 0.0000000000
74779  -13.020  -18.485  38.927 0.0000000000
73636  -13.365  -19.357  38.093 0.0000000000
71474  -13.081  -21.344  37.460 0.0000000000
156234  -4.859  -19.309  51.224 0.0000000000
159839  -9.488  -21.755  55.329 0.0000000000
165351  -9.017  -21.944  55.333 0.0000000000
70216  -8.379  -21.920  55.261 0.0000000000
69114  -8.125  -22.599  55.423 0.0000000000
71277  -6.853  -21.411  55.157 0.0000000000
71276  -5.806  -21.604  55.220 0.0000000000
64292  -6.574  -27.053  55.611 0.0000000000
141516  -6.548  -25.690  55.662 0.0000000000
66829  -6.417  -25.022  55.408 0.0000000000
66828  -5.686  -24.995  55.071 0.0000000000
155838  -5.645  -23.613  55.148 0.0000000000
69112  -5.251  -22.990  55.117 0.0000000000
70213  -4.995  -21.882  55.070 0.0000000000
71282  -5.133  -21.165  54.981 0.0000000000
72395  -4.623  -20.977  54.050 0.0000000000
145863  -4.528  -21.058  53.076 0.0000000000
152491  -4.545  -21.700  52.872 0.0000000000
151799  -4.659  -20.686  51.714 0.0000000000
151798  -4.915  -20.118  51.050 0.0000000000
71308  -4.919  -21.500  50.213 0.0000000000
70246  -5.144  -21.869  49.743 0.0000000000
69167  -5.487  -22.642  50.637 0.0000000000
68068  -5.776  -22.609  49.954 0.0000000000
69180  -5.440  -22.229  49.336 0.0000000000
68095  -6.142  -23.162  47.666 0.0000000000
68109  -6.430  -23.634  47.253 0.0000000000
65627  -7.521  -25.661  50.800 0.0000000000
147126  -7.740  -24.880  49.759 0.0000000000
66927  -7.756  -24.490  49.120 0.0000000000
64406  -8.333  -26.323  48.157 0.0000000000
65667  -8.440  -25.553  48.465 0.0000000000
66940  -7.699  -24.225  48.278 0.0000000000
66939  -7.142  -24.057  47.498 0.0000000000
66952  -6.739  -24.124  46.863 0.0000000000
65720  -7.383  -25.352  44.397 0.0000000000
64442  -8.306  -26.178  45.081 0.0000000000
64453  -7.985  -26.123  44.088 0.0000000000
65735  -7.082  -25.698  43.634 0.0000000000
64478  -7.194  -27.076  42.857 0.0000000000
57291  -6.650  -31.476  48.638 0.0000000000
58451  -6.185  -30.949  48.168 0.0000000000
57318  -5.964  -31.881  47.279 0.0000000000
58450  -5.970  -30.557  47.742 0.0000000000
59591  -6.044  -30.306  47.311 0.0000000000
59600  -5.751  -30.557  46.552 0.0000000000
59601  -6.130  -30.141  46.556 0.0000000000
59610  -6.164  -30.185  45.654 0.0000000000
57366  -5.157  -31.848  43.759 0.0000000000
58494  -5.844  -30.841  44.411 0.0000000000
60787  -6.276  -30.113  44.826 0.0000000000
60788  -6.835  -29.506  44.575 0.0000000000
60797  -6.940  -29.437  43.677 0.0000000000
60803  -6.998  -29.453  43.044 0.0000000000
140850  -7.227  -29.193  42.607 0.0000000000
62008  -7.338  -28.599  42.383 0.0000000000
160095  -7.390  -28.464  41.797 0.0000000000
62018  -7.504  -28.735  41.252 0.0000000000
60821  -7.623  -29.831  40.012 0.0000000000
57470  -7.067  -31.766  38.226 0.0000000000
57280  -7.730  -31.652  49.682 0.0000000000
58398  -8.822  -30.665  52.417 0.0000000000
58409  -10.238  -30.536  51.847 0.0000000000
58420  -9.341  -31.224  51.219 0.0000000000
58432  -12.054  -30.031  49.517 0.0000000000
58475  -13.833  -30.491  46.527 0.0000000000
59513  -8.819  -29.961  54.388 0.0000000000
59514  -9.574  -29.565  53.947 0.0000000000
59529  -7.312  -30.022  52.582 0.0000000000
59539  -7.020  -29.760  51.275 0.0000000000
59541  -10.653  -30.115  51.804 0.0000000000
59542  -11.099  -29.858  51.489 0.0000000000
59552  -11.244  -30.003  50.760 0.0000000000
59553  -11.606  -29.587  50.387 0.0000000000
59563  -12.500  -29.655  49.191 0.0000000000
59579  -12.922  -30.131  48.026 0.0000000000
60655  -8.736  -29.220  55.308 0.0000000000
60666  -6.869  -29.232  53.411 0.0000000000
60667  -7.218  -29.708  53.995 0.0000000000
60668  -7.929  -29.975  54.333 0.0000000000
60669  -10.176  -29.115  53.609 0.0000000000
60736  -13.519  -29.577  47.811 0.0000000000
60748  -14.130  -29.427  47.108 0.0000000000
60796  -6.541  -30.036  44.049 0.0000000000
61849  -6.857  -28.318  55.196 0.0000000000
61850  -7.487  -28.503  55.634 0.0000000000
61869  -10.659  -28.197  53.188 0.0000000000
61880  -10.990  -28.579  52.508 0.0000000000
61896  -7.246  -29.016  50.279 0.0000000000
61911  -12.601  -28.890  49.539 0.0000000000
61926  -12.573  -28.694  48.959 0.0000000000
61942  -13.024  -28.361  47.690 0.0000000000
61999  -7.291  -28.788  43.119 0.0000000000
63021  -7.591  -27.481  55.925 0.0000000000
63025  -9.379  -27.556  55.454 0.0000000000
63026  -9.979  -27.268  54.909 0.0000000000
63032  -10.188  -27.481  54.506 0.0000000000
63076  -12.220  -28.369  50.076 0.0000000000
63112  -12.268  -27.514  48.576 0.0000000000
63143  -8.146  -27.485  47.211 0.0000000000
63246  -7.206  -27.646  40.553 0.0000000000
64289  -8.182  -26.796  56.049 0.0000000000
64290  -8.819  -26.600  55.988 0.0000000000
64302  -10.768  -26.222  54.042 0.0000000000
64309  -10.528  -27.011  53.947 0.0000000000
64338  -11.419  -26.802  51.226 0.0000000000
64391  -8.387  -26.252  48.953 0.0000000000
64488  -4.831  -26.013  41.407 0.0000000000
64513  -5.302  -26.001  40.024 0.0000000000
65560  -5.985  -25.551  55.264 0.0000000000
65561  -6.049  -26.229  55.304 0.0000000000
65562  -9.013  -25.478  55.797 0.0000000000
65643  -7.977  -25.615  50.097 0.0000000000
65681  -8.296  -25.534  47.596 0.0000000000
65682  -12.092  -25.632  47.371 0.0000000000
65683  -12.475  -25.428  46.642 0.0000000000
65718  -5.846  -24.854  43.596 0.0000000000
65787  -6.087  -25.255  38.669 0.0000000000
65842  -5.837  -25.781  36.711 0.0000000000
65865  -5.470  -25.929  36.269 0.0000000000
66852  -5.026  -24.133  53.486 0.0000000000
66884  -6.771  -25.052  51.779 0.0000000000
66941  -8.235  -24.853  48.650 0.0000000000
66953  -7.787  -24.708  47.589 0.0000000000
66977  -7.152  -24.560  45.735 0.0000000000
66979  -13.494  -24.548  44.858 0.0000000000
66992  -6.159  -24.312  44.746 0.0000000000
67007  -14.422  -24.017  43.476 0.0000000000
67036  -4.557  -24.905  41.180 0.0000000000
68000  -4.966  -23.469  54.627 0.0000000000
68001  -6.096  -24.332  55.226 0.0000000000
68006  -10.727  -24.401  55.527 0.0000000000
68069  -6.361  -23.384  50.286 0.0000000000
68084  -12.138  -23.510  48.024 0.0000000000
68120  -6.038  -23.777  46.588 0.0000000000
68148  -4.828  -24.099  43.147 0.0000000000
69124  -11.944  -22.572  53.389 0.0000000000
69128  -4.711  -22.936  52.912 0.0000000000
69138  -4.849  -22.770  52.278 0.0000000000
69216  -13.538  -22.797  45.636 0.0000000000
69217  -13.999  -22.520  45.112 0.0000000000
69222  -14.377  -22.489  44.330 0.0000000000
69246  -15.384  -22.980  42.734 0.0000000000
69263  -15.681  -23.280  42.276 0.0000000000
70218  -4.438  -22.403  53.966 0.0000000000
70229  -12.679  -21.816  52.631 0.0000000000
70312  -15.937  -22.090  42.147 0.0000000000
71343  -27.368  -20.199  45.589 0.0000000000
71357  -26.647  -19.420  45.193 0.0000000000
71359  -27.403  -19.543  44.760 0.0000000000
71370  -9.940  -20.970  44.193 0.0000000000
71373  -15.636  -20.555  44.014 0.0000000000
71374  -26.863  -19.246  44.248 0.0000000000
71388  -26.744  -20.075  42.959 0.0000000000
71428  -11.953  -20.746  40.660 0.0000000000
72445  -26.919  -20.166  47.096 0.0000000000
72460  -27.200  -20.524  46.298 0.0000000000
72462  -28.412  -19.456  45.812 0.0000000000
72474  -28.343  -18.987  44.951 0.0000000000
72484  -26.340  -18.948  44.368 0.0000000000
73507  -8.235  -18.830  47.460 0.0000000000
73513  -26.623  -19.646  47.712 0.0000000000
73515  -28.145  -19.672  47.419 0.0000000000
73532  -25.868  -19.379  46.837 0.0000000000
73533  -28.389  -19.738  46.640 0.0000000000
73539  -16.359  -19.063  45.482 0.0000000000
73543  -25.993  -19.251  45.741 0.0000000000
73554  -25.530  -18.581  44.803 0.0000000000
73555  -25.889  -18.774  44.145 0.0000000000
73584  -19.489  -19.006  41.824 0.0000000000
74671  -7.370  -18.249  47.981 0.0000000000
74677  -25.978  -18.812  48.088 0.0000000000
74679  -26.751  -18.721  48.652 0.0000000000
74692  -28.115  -18.607  48.102 0.0000000000
74703  -28.899  -18.408  46.563 0.0000000000
74709  -19.138  -17.910  45.466 0.0000000000
74713  -28.984  -18.207  45.821 0.0000000000
74757  -22.205  -18.099  41.879 0.0000000000
74758  -22.878  -18.079  42.048 0.0000000000
75827  -28.824  -17.454  47.585 0.0000000000
75833  -9.863  -17.496  45.739 0.0000000000
75837  -21.975  -17.070  45.930 0.0000000000
75851  -23.619  -17.484  45.489 0.0000000000
75869  -22.837  -17.616  43.746 0.0000000000
77032  -24.327  -17.052  49.144 0.0000000000
77062  -8.138  -16.361  47.563 0.0000000000
77085  -29.992  -16.921  45.449 0.0000000000
77169  -10.474  -16.732  37.549 0.0000000000
79303  -32.281  -14.483  42.724 0.0000000000
81503  -30.959  -12.711  39.927 0.0000000000
82577  -31.169  -11.387  39.559 0.0000000000
83765  -38.746  -10.740  29.968 0.0000000000
86833  -36.240  -8.809  33.206 0.0000000000
86874  -40.831  -8.674  31.460 0.0000000000
86933  -43.108  -7.780  26.506 0.0000000000
87825  -39.085  -7.429  36.064 0.0000000000
87948  -44.968  -7.132  27.890 0.0000000000
87979  -44.457  -7.331  25.086 0.0000000000
88875  -37.189  -7.105  36.545 0.0000000000
89034  -46.983  -6.494  26.183 0.0000000000
90073  -46.869  -5.937  25.151 0.0000000000
91918  -48.122  -4.164  24.919 0.0000000000
91946  -46.108  -3.927  22.361 0.0000000000
92851  -46.549  -2.670  21.791 0.0000000000
94702  -47.374  -0.621  20.348 0.0000000000
140006  -31.032  -10.822  38.814 0.0000000000
140348  -5.372  -23.903  52.420 0.0000000000
140571  -24.723  -17.456  48.298 0.0000000000
140596  -8.153  -25.350  55.912 0.0000000000
140938  -30.948  -10.094  38.931 0.0000000000
141768  -32.299  -14.583  43.686 0.0000000000
144914  -9.668  -30.012  53.179 0.0000000000
147357  -13.057  -29.020  48.826 0.0000000000
152566  -4.577  -21.210  52.363 0.0000000000
152736  -11.747  -25.234  48.830 0.0000000000
153123  -5.276  -24.520  53.284 0.0000000000
153489  -11.614  -28.050  51.228 0.0000000000
154512  -4.474  -22.557  53.295 0.0000000000
155796  -9.896  -26.278  55.438 0.0000000000
155818  -41.259  -8.300  32.163 0.0000000000
156022  -7.395  -24.452  47.087 0.0000000000
156996  -5.063  -21.974  50.548 0.0000000000
158574  -4.494  -21.555  53.395 0.0000000000
159249  -6.078  -22.958  50.129 0.0000000000
159583  -13.500  -29.729  47.747 0.0000000000
160262  -7.222  -32.368  38.728 0.0000000000
160394  -36.201  -6.730  36.577 0.0000000000
160938  -6.649  -26.321  55.863 0.0000000000
162993  -31.335  -17.247  41.959 0.0000000000
164551  -13.858  -21.427  46.532 0.0000000000
165020  -44.465  -7.011  24.118 0.0000000000
165217  -44.001  -7.457  27.984 0.0000000000
165240  -26.426  -19.869  45.838 0.0000000000
165382  -24.730  -18.287  43.962 0.0000000000
166377  -26.253  -18.272  49.110 0.0000000000
166383  -7.971  -20.100  46.393 0.0000000000
166713  -12.778  -29.240  49.239 0.0000000000
166766  -7.115  -25.528  36.663 0.0000000000
167676  -7.907  -25.725  44.690 0.0000000000
167814  -42.364  -7.546  31.020 0.0000000000
