#!ascii label  , from subject sub-v2s1x29895_ses-1 vox2ras=TkReg
2103
41357  -27.140  -45.723  -23.408 0.5000000000
40301  -27.792  -46.321  -23.371 0.5000000000
161293  -27.067  -45.015  -23.639 0.4000000060
42470  -27.830  -45.334  -23.679 0.5000000000
43397  -27.726  -44.676  -23.762 0.5000000000
44241  -27.655  -43.982  -23.797 0.5000000000
64245  -28.297  -27.261  -30.800 0.5000000000
66792  -28.931  -25.636  -31.047 0.4000000060
67964  -28.986  -24.765  -31.450 0.4000000060
67949  -28.846  -24.981  -30.880 0.4000000060
69071  -28.687  -23.514  -31.509 0.6000000238
67950  -28.888  -23.984  -30.745 0.5000000000
70172  -29.158  -23.110  -31.683 0.5000000000
69051  -29.338  -22.748  -30.311 0.5000000000
70159  -29.045  -22.633  -30.846 0.4000000060
71226  -29.752  -22.254  -31.195 0.4000000060
70153  -29.851  -22.268  -30.024 0.5000000000
71204  -29.461  -22.120  -30.559 0.5000000000
71227  -30.235  -22.155  -30.907 0.4000000060
164665  -27.604  -47.533  -22.851 0.5000000000
40288  -27.677  -46.964  -23.121 0.4000000060
155602  -27.971  -45.853  -23.587 0.5000000000
41358  -28.435  -46.211  -23.630 0.5000000000
155649  -28.664  -45.691  -23.777 0.5000000000
42471  -28.463  -45.002  -23.818 0.5000000000
43398  -28.367  -44.322  -23.821 0.5000000000
44242  -28.343  -43.570  -23.833 0.5000000000
62971  -27.435  -28.524  -30.454 0.5000000000
61810  -27.965  -28.582  -30.812 0.5000000000
62978  -27.765  -28.121  -30.828 0.5000000000
64246  -28.699  -27.419  -31.126 0.5000000000
65527  -29.146  -26.094  -31.181 0.5000000000
161584  -29.536  -24.318  -31.738 0.6000000238
148273  -33.738  -21.370  -27.665 0.3000000119
70167  -30.372  -22.659  -31.347 0.4000000060
72302  -33.315  -20.643  -28.162 0.3000000119
72314  -31.730  -20.320  -29.483 0.4000000060
71219  -31.225  -21.654  -29.993 0.3000000119
72315  -32.390  -21.004  -29.283 0.4000000060
41345  -26.924  -46.439  -23.125 0.5000000000
147848  -27.597  -43.373  -23.800 0.5000000000
65528  -29.490  -25.651  -31.306 0.6000000238
72301  -32.920  -20.737  -28.812 0.3000000119
28504  -37.480  -58.122  -21.052 0.3000000119
29487  -37.548  -57.300  -21.202 0.3000000119
28505  -38.365  -57.767  -21.489 0.4000000060
29488  -38.366  -56.878  -21.576 0.4000000060
28511  -39.396  -57.679  -22.004 0.4000000060
30437  -39.215  -56.428  -22.232 0.4000000060
148782  -40.260  -57.507  -22.567 0.4000000060
30438  -39.902  -56.107  -23.342 0.4000000060
31352  -39.625  -55.487  -23.858 0.4000000060
28503  -36.847  -57.691  -20.788 0.3000000119
30414  -37.231  -55.938  -21.003 0.4000000060
144013  -37.665  -56.487  -21.302 0.4000000060
30427  -37.838  -55.834  -21.430 0.4000000060
30428  -38.445  -56.101  -21.777 0.4000000060
31333  -38.430  -55.268  -21.940 0.4000000060
31344  -39.195  -55.665  -22.683 0.4000000060
31351  -39.078  -54.892  -23.131 0.4000000060
32320  -38.815  -54.108  -24.494 0.4000000060
32315  -39.300  -54.866  -24.230 0.4000000060
32267  -36.466  -54.455  -19.922 0.3000000119
32279  -36.834  -54.697  -20.409 0.3000000119
33252  -37.015  -53.945  -20.449 0.3000000119
31332  -37.605  -55.268  -21.239 0.4000000060
154308  -37.981  -54.574  -21.539 0.4000000060
32304  -38.622  -53.865  -22.880 0.4000000060
32314  -38.951  -54.293  -23.719 0.4000000060
34276  -38.409  -52.488  -23.655 0.4000000060
33287  -38.711  -53.625  -23.936 0.4000000060
36257  -38.209  -49.870  -25.227 0.4000000060
153923  -38.266  -50.897  -24.742 0.4000000060
34281  -38.391  -52.468  -24.477 0.4000000060
32266  -36.069  -54.252  -19.448 0.3000000119
31320  -36.493  -55.211  -20.086 0.3000000119
144513  -37.028  -53.176  -20.210 0.3000000119
155635  -37.668  -53.901  -21.156 0.3000000119
32293  -38.264  -53.867  -21.880 0.3000000119
146324  -38.587  -54.480  -22.336 0.4000000060
34269  -38.392  -52.495  -22.651 0.4000000060
152665  -38.315  -51.145  -23.986 0.4000000060
35268  -38.318  -51.777  -23.263 0.4000000060
33279  -38.498  -53.141  -23.216 0.4000000060
36253  -38.291  -50.179  -24.450 0.4000000060
155221  -38.187  -48.295  -24.911 0.4000000060
33240  -36.460  -53.580  -19.724 0.3000000119
34241  -36.730  -52.583  -19.815 0.3000000119
34242  -37.351  -52.528  -20.445 0.3000000119
35248  -37.681  -51.797  -20.785 0.3000000119
34254  -37.858  -52.504  -21.080 0.4000000060
33267  -38.058  -53.196  -21.427 0.4000000060
35249  -38.122  -51.767  -21.442 0.4000000060
34255  -38.237  -52.493  -21.788 0.4000000060
38164  -38.309  -49.088  -22.752 0.3000000119
37222  -38.256  -49.751  -22.914 0.4000000060
35262  -38.310  -51.731  -22.276 0.4000000060
37229  -38.204  -49.214  -24.191 0.4000000060
36246  -38.250  -50.727  -23.190 0.4000000060
38176  -38.114  -48.216  -24.076 0.4000000060
36194  -35.839  -50.356  -18.465 0.3000000119
35215  -35.983  -50.975  -18.734 0.3000000119
38110  -36.386  -49.207  -18.505 0.3000000119
155334  -36.341  -52.164  -19.355 0.3000000119
35224  -36.359  -51.381  -19.218 0.3000000119
35236  -36.705  -51.853  -19.684 0.3000000119
36219  -36.977  -51.244  -19.850 0.3000000119
36207  -37.288  -50.655  -20.013 0.3000000119
35237  -37.168  -51.850  -20.166 0.3000000119
36220  -37.553  -51.044  -20.469 0.3000000119
36233  -38.036  -51.045  -21.158 0.3000000119
37209  -38.330  -50.198  -21.687 0.3000000119
36234  -38.279  -50.912  -21.987 0.4000000060
39251  -38.274  -48.261  -23.247 0.3000000119
38163  -37.645  -48.378  -24.030 0.4000000060
39250  -37.583  -48.252  -23.611 0.4000000060
160417  -37.543  -48.049  -23.994 0.4000000060
37170  -36.343  -49.868  -18.794 0.3000000119
37182  -36.812  -49.973  -19.306 0.3000000119
38126  -36.776  -49.443  -19.022 0.3000000119
36206  -36.832  -50.643  -19.552 0.3000000119
37183  -37.335  -50.075  -19.821 0.3000000119
38138  -38.380  -49.118  -20.753 0.3000000119
37194  -37.775  -50.253  -20.389 0.3000000119
38148  -38.534  -48.716  -21.937 0.3000000119
37195  -38.299  -49.659  -21.144 0.3000000119
37208  -38.041  -50.450  -20.914 0.3000000119
39233  -38.328  -48.087  -22.935 0.3000000119
39249  -37.308  -47.923  -22.870 0.4000000060
38111  -37.056  -48.891  -18.885 0.3000000119
39190  -37.322  -48.218  -18.686 0.3000000119
38127  -37.405  -49.366  -19.485 0.3000000119
39208  -37.722  -48.622  -19.296 0.3000000119
40216  -37.570  -47.542  -18.416 0.3000000119
41275  -38.699  -46.719  -19.055 0.3000000119
38128  -38.124  -48.948  -20.001 0.3000000119
39209  -38.325  -48.285  -19.810 0.3000000119
146612  -38.333  -46.631  -18.346 0.3000000119
154495  -38.715  -48.090  -21.799 0.3000000119
39219  -38.574  -48.552  -20.775 0.3000000119
40262  -38.430  -47.786  -22.723 0.3000000119
40261  -37.604  -47.290  -23.039 0.3000000119
39232  -37.426  -47.528  -22.702 0.4000000060
159090  -36.751  -48.088  -21.973 0.5000000000
39191  -37.912  -47.911  -19.096 0.3000000119
40233  -38.470  -47.551  -19.524 0.3000000119
40248  -38.735  -47.895  -20.478 0.3000000119
41277  -39.822  -45.834  -19.255 0.3000000119
42374  -40.054  -45.530  -18.448 0.3000000119
163677  -38.777  -47.721  -22.052 0.3000000119
42388  -40.350  -45.575  -19.650 0.3000000119
40278  -38.714  -47.573  -22.668 0.3000000119
42389  -41.214  -45.385  -19.197 0.3000000119
40292  -37.904  -46.783  -23.665 0.3000000119
40277  -38.499  -47.688  -23.317 0.3000000119
142423  -42.523  -45.487  -20.040 0.3000000119
40260  -36.805  -47.276  -21.584 0.4000000060
39231  -36.816  -47.745  -21.888 0.5000000000
40249  -38.916  -47.151  -20.033 0.3000000119
40234  -39.262  -46.446  -19.602 0.3000000119
40263  -38.955  -47.469  -21.096 0.3000000119
41303  -39.198  -46.684  -20.535 0.3000000119
41289  -39.735  -46.114  -20.045 0.3000000119
160592  -40.893  -45.451  -19.995 0.3000000119
42402  -41.036  -45.416  -20.760 0.3000000119
42403  -42.063  -45.392  -20.735 0.3000000119
42459  -42.277  -45.253  -23.207 0.3000000119
42444  -41.829  -45.308  -22.319 0.3000000119
41333  -37.468  -46.696  -22.598 0.3000000119
157080  -37.173  -46.983  -22.146 0.3000000119
41320  -39.068  -47.014  -21.647 0.3000000119
41304  -39.624  -46.259  -20.920 0.3000000119
41335  -39.064  -46.828  -22.477 0.3000000119
42441  -39.355  -46.415  -22.924 0.3000000119
41321  -39.517  -46.321  -21.841 0.3000000119
42442  -40.049  -45.832  -22.194 0.3000000119
40293  -38.249  -47.470  -24.864 0.3000000119
156770  -38.999  -46.870  -23.811 0.3000000119
41348  -39.147  -46.903  -24.469 0.3000000119
41349  -39.623  -46.247  -25.052 0.3000000119
42421  -40.156  -45.785  -21.252 0.3000000119
41347  -37.953  -46.763  -24.410 0.3000000119
42476  -40.468  -45.425  -24.171 0.3000000119
42443  -40.787  -45.397  -22.643 0.3000000119
163132  -40.085  -45.533  -25.727 0.3000000119
162198  -41.440  -45.078  -23.546 0.3000000119
42491  -40.596  -44.897  -25.882 0.3000000119
42477  -40.910  -45.056  -24.915 0.3000000119
42440  -37.651  -46.057  -22.461 0.4000000060
43404  -41.677  -44.563  -25.477 0.3000000119
42419  -37.459  -46.058  -21.793 0.4000000060
43425  -44.399  -45.266  -26.451 0.3000000119
41319  -37.184  -46.396  -21.513 0.3000000119
41318  -36.804  -46.740  -21.106 0.4000000060
43416  -45.037  -44.852  -25.962 0.3000000119
40247  -36.397  -47.100  -20.609 0.5000000000
39218  -36.300  -47.648  -20.939 0.5000000000
40307  -38.711  -47.623  -25.411 0.3000000119
41372  -38.690  -47.298  -26.671 0.3000000119
41364  -39.272  -46.530  -26.311 0.3000000119
42490  -39.695  -45.512  -26.253 0.3000000119
41334  -37.752  -46.599  -23.277 0.4000000060
43412  -40.337  -44.844  -25.987 0.3000000119
43413  -41.089  -44.516  -25.707 0.3000000119
43414  -41.898  -44.301  -25.656 0.3000000119
44270  -43.038  -44.317  -25.827 0.4000000060
44264  -42.682  -43.832  -25.351 0.4000000060
41302  -37.041  -46.225  -20.529 0.5000000000
41301  -36.590  -46.598  -20.190 0.6000000238
44266  -44.408  -44.252  -25.634 0.3000000119
40246  -35.906  -47.454  -20.102 0.6000000238
42457  -37.994  -46.369  -25.063 0.3000000119
43402  -38.356  -45.714  -25.634 0.3000000119
161089  -38.966  -45.225  -25.908 0.3000000119
43411  -38.619  -46.014  -26.652 0.3000000119
153108  -39.423  -45.234  -26.361 0.3000000119
44261  -40.135  -44.463  -25.718 0.4000000060
161228  -40.511  -43.897  -25.179 0.4000000060
42399  -37.513  -45.730  -20.882 0.5000000000
44262  -40.913  -44.229  -25.701 0.4000000060
44251  -41.692  -43.555  -24.336 0.4000000060
139057  -42.178  -43.436  -23.799 0.4000000060
43423  -42.197  -44.191  -25.741 0.4000000060
44252  -42.384  -43.574  -24.511 0.4000000060
44253  -43.342  -43.513  -24.487 0.4000000060
44229  -43.342  -43.337  -23.286 0.4000000060
41288  -36.851  -46.201  -19.783 0.6000000238
152744  -44.142  -43.781  -24.909 0.3000000119
145099  -44.005  -43.541  -22.769 0.4000000060
41287  -36.366  -46.410  -19.367 0.6000000238
40231  -35.627  -47.238  -19.410 0.6000000238
43387  -38.420  -45.367  -24.091 0.3000000119
43403  -38.901  -44.827  -24.777 0.3000000119
144698  -38.032  -45.976  -23.381 0.3000000119
161821  -38.001  -45.431  -22.299 0.3000000119
44260  -39.453  -44.528  -25.416 0.3000000119
44248  -39.381  -44.064  -24.084 0.4000000060
42420  -37.802  -45.495  -21.612 0.5000000000
44249  -39.982  -43.889  -24.733 0.4000000060
151098  -40.625  -43.600  -24.231 0.4000000060
42400  -38.058  -45.090  -20.844 0.5000000000
44227  -41.676  -43.378  -23.506 0.4000000060
43344  -37.810  -45.275  -20.213 0.5000000000
44228  -42.404  -43.236  -23.084 0.4000000060
45122  -43.085  -43.032  -21.836 0.4000000060
42386  -36.732  -45.877  -19.124 0.6000000238
44212  -43.761  -43.395  -21.712 0.4000000060
44176  -43.873  -43.377  -20.795 0.4000000060
40215  -35.702  -46.672  -18.890 0.6999999881
41273  -34.872  -46.478  -18.467 0.6999999881
40214  -35.086  -47.187  -18.856 0.6999999881
43376  -38.896  -44.345  -22.232 0.4000000060
43388  -38.888  -44.509  -23.414 0.4000000060
44224  -39.406  -43.910  -22.799 0.4000000060
44209  -39.972  -43.520  -22.164 0.4000000060
43363  -38.351  -44.822  -21.645 0.4000000060
43364  -38.948  -44.196  -21.303 0.4000000060
43345  -38.576  -44.497  -20.740 0.4000000060
44225  -40.126  -43.586  -23.352 0.4000000060
44210  -40.771  -43.241  -22.358 0.4000000060
44211  -41.597  -43.173  -22.711 0.4000000060
45119  -41.476  -43.024  -21.988 0.4000000060
45120  -42.277  -42.995  -22.095 0.4000000060
45106  -42.581  -42.889  -21.106 0.4000000060
43338  -37.789  -45.034  -19.469 0.6000000238
45107  -43.330  -43.039  -20.933 0.4000000060
42372  -37.197  -45.319  -18.871 0.6000000238
42371  -36.504  -45.499  -18.417 0.6999999881
41274  -36.126  -46.048  -18.648 0.6999999881
45086  -44.481  -42.729  -19.892 0.4000000060
42370  -35.450  -45.970  -18.334 0.6999999881
40213  -34.240  -47.111  -18.542 0.6999999881
44193  -39.339  -43.681  -20.962 0.4000000060
143469  -38.237  -44.750  -20.093 0.4000000060
43346  -38.988  -44.007  -20.649 0.4000000060
44195  -40.363  -43.192  -21.615 0.4000000060
44164  -38.719  -43.925  -19.247 0.5000000000
45104  -40.996  -43.001  -21.459 0.4000000060
43331  -37.664  -44.573  -18.535 0.6999999881
144986  -42.004  -42.802  -20.603 0.4000000060
43330  -36.881  -44.931  -18.073 0.6999999881
153004  -42.595  -42.706  -20.152 0.4000000060
45074  -44.480  -42.142  -19.589 0.4000000060
45073  -43.813  -42.431  -19.624 0.4000000060
42354  -35.378  -45.240  -17.849 0.6999999881
143962  -45.694  -41.314  -19.730 0.4000000060
47114  -46.840  -40.653  -20.479 0.4000000060
48339  -47.127  -40.183  -21.047 0.4000000060
44165  -39.105  -43.574  -19.581 0.4000000060
44166  -39.514  -43.200  -19.864 0.4000000060
44175  -39.690  -43.235  -20.546 0.4000000060
44194  -39.839  -43.392  -21.297 0.4000000060
43339  -38.286  -44.419  -19.322 0.6999999881
44157  -38.325  -43.963  -18.594 0.5000000000
45082  -40.414  -42.991  -20.801 0.4000000060
44156  -37.818  -43.896  -17.809 0.6999999881
45084  -41.798  -42.647  -19.828 0.4000000060
45071  -42.471  -42.413  -19.443 0.4000000060
43321  -37.149  -44.277  -17.655 0.6999999881
46052  -41.986  -42.172  -18.937 0.4000000060
46053  -42.809  -42.011  -19.037 0.4000000060
43319  -35.763  -44.665  -17.496 0.6999999881
147567  -43.412  -42.004  -19.259 0.4000000060
42355  -36.152  -45.125  -17.806 0.6999999881
46054  -44.029  -41.673  -19.291 0.4000000060
46055  -44.857  -41.536  -19.497 0.4000000060
47104  -45.160  -40.817  -19.534 0.4000000060
42369  -34.735  -45.706  -18.186 0.6999999881
47112  -45.659  -40.583  -19.767 0.4000000060
48327  -46.410  -39.858  -20.521 0.4000000060
48344  -47.503  -39.833  -21.722 0.4000000060
160239  -39.373  -43.188  -19.256 0.4000000060
45068  -39.858  -42.907  -19.300 0.4000000060
45069  -40.119  -42.948  -19.984 0.4000000060
44146  -38.474  -43.443  -17.898 0.6000000238
44158  -38.962  -43.437  -18.726 0.5000000000
45062  -40.228  -42.539  -18.598 0.5000000000
141394  -40.581  -42.654  -19.284 0.4000000060
46103  -28.511  -42.120  -23.773 0.4000000060
141520  -29.326  -42.509  -23.843 0.5000000000
46043  -41.100  -42.181  -18.587 0.4000000060
44144  -36.689  -43.840  -17.134 0.6000000238
46044  -42.490  -41.570  -18.503 0.4000000060
44143  -35.832  -43.937  -17.176 0.6000000238
47096  -43.216  -40.887  -18.676 0.4000000060
47102  -43.810  -40.962  -19.051 0.4000000060
43318  -35.119  -44.443  -17.515 0.6999999881
48319  -44.831  -40.268  -19.459 0.4000000060
42353  -34.499  -44.951  -17.935 0.6999999881
49550  -45.827  -39.326  -20.388 0.4000000060
49563  -46.318  -39.148  -20.927 0.4000000060
50665  -46.982  -38.526  -22.198 0.4000000060
50691  -47.374  -38.122  -23.832 0.4000000060
45051  -39.754  -42.486  -17.921 0.5000000000
141830  -38.610  -42.942  -17.388 0.6000000238
44147  -39.077  -42.941  -17.969 0.5000000000
46042  -40.504  -42.041  -17.930 0.5000000000
139627  -27.930  -41.375  -23.739 0.3000000119
139652  -28.816  -41.266  -23.745 0.4000000060
46104  -29.253  -41.836  -23.814 0.5000000000
45036  -36.906  -42.638  -16.597 0.6000000238
45037  -38.384  -42.495  -16.790 0.6000000238
44132  -36.370  -43.237  -16.838 0.6000000238
158984  -41.764  -41.759  -18.341 0.5000000000
45048  -34.887  -42.829  -17.400 0.6999999881
45049  -35.590  -43.088  -17.020 0.6000000238
47095  -42.573  -40.875  -18.340 0.4000000060
44155  -34.360  -43.313  -17.831 0.8000000119
44142  -35.019  -43.631  -17.399 0.6999999881
48313  -43.606  -40.296  -18.944 0.4000000060
48318  -44.193  -40.328  -19.240 0.4000000060
159306  -45.205  -38.979  -20.198 0.4000000060
50645  -45.541  -38.528  -20.711 0.4000000060
50664  -46.388  -38.183  -21.830 0.4000000060
50690  -46.841  -37.740  -23.403 0.4000000060
51744  -46.959  -37.599  -24.213 0.4000000060
46022  -38.458  -41.677  -16.393 0.6000000238
45038  -39.120  -41.901  -16.757 0.6000000238
45050  -39.171  -42.483  -17.297 0.5000000000
46032  -39.905  -41.881  -17.248 0.5000000000
140855  -28.334  -40.561  -23.693 0.4000000060
45035  -36.112  -42.500  -16.701 0.6000000238
46021  -37.592  -42.002  -16.395 0.6000000238
141135  -40.705  -41.508  -17.426 0.5000000000
140816  -29.623  -41.272  -23.874 0.5000000000
46031  -34.808  -42.084  -17.508 0.6999999881
153842  -35.353  -42.318  -16.950 0.6999999881
46033  -41.242  -41.679  -17.919 0.5000000000
46041  -34.525  -41.780  -18.291 0.6999999881
45060  -34.370  -42.522  -18.015 0.6999999881
47088  -41.534  -40.686  -17.646 0.5000000000
47163  -30.848  -40.867  -24.596 0.6999999881
46050  -33.876  -41.909  -19.649 0.6999999881
46040  -34.129  -42.211  -18.859 0.6999999881
45059  -33.954  -42.984  -18.574 0.6999999881
49531  -42.163  -39.485  -18.134 0.5000000000
48377  -31.834  -40.009  -25.035 0.6999999881
47164  -31.806  -41.228  -25.075 0.6999999881
45067  -33.687  -42.653  -19.361 0.6999999881
48312  -43.013  -40.223  -18.585 0.4000000060
49533  -43.394  -39.544  -18.959 0.4000000060
49549  -44.622  -39.035  -19.816 0.4000000060
50644  -44.806  -38.385  -20.287 0.4000000060
50663  -45.708  -37.846  -21.420 0.4000000060
51731  -46.229  -37.369  -23.027 0.4000000060
51743  -46.355  -37.220  -23.821 0.4000000060
47075  -37.962  -41.153  -16.093 0.6000000238
47076  -38.614  -41.034  -16.160 0.6000000238
46024  -39.644  -41.317  -16.662 0.6000000238
47086  -40.275  -41.270  -16.974 0.5000000000
48368  -28.761  -39.718  -23.861 0.4000000060
47155  -29.221  -40.535  -23.823 0.6999999881
47072  -35.640  -41.005  -16.902 0.6999999881
46020  -36.657  -41.875  -16.459 0.6000000238
47074  -37.161  -41.196  -16.175 0.6000000238
48292  -39.846  -39.978  -16.443 0.5000000000
48370  -30.031  -40.664  -24.099 0.6999999881
47092  -34.726  -40.963  -18.461 0.6999999881
47093  -35.076  -40.276  -18.123 0.6999999881
145235  -35.206  -41.593  -17.115 0.6999999881
46019  -35.869  -41.741  -16.707 0.6999999881
48293  -40.584  -40.048  -16.843 0.5000000000
47087  -40.831  -40.797  -17.191 0.5000000000
48375  -30.464  -40.145  -24.626 0.6999999881
47084  -34.845  -41.465  -17.763 0.6999999881
49524  -41.577  -39.433  -17.665 0.5000000000
48386  -30.710  -39.684  -25.145 0.6999999881
142601  -34.390  -40.421  -19.930 0.6999999881
46051  -34.328  -41.442  -19.123 0.6999999881
50623  -42.421  -38.910  -18.567 0.4000000060
48376  -31.320  -40.269  -25.051 0.6999999881
47111  -34.214  -40.432  -20.529 0.6999999881
46060  -33.691  -41.732  -20.462 0.6999999881
49569  -34.420  -39.188  -21.278 0.6000000238
47125  -34.049  -40.394  -21.258 0.6000000238
47110  -33.902  -41.043  -20.887 0.6999999881
165412  -42.952  -39.034  -18.875 0.4000000060
50643  -43.998  -38.370  -19.829 0.4000000060
49616  -31.564  -39.264  -25.009 0.6999999881
48343  -34.131  -39.801  -21.561 0.6000000238
48342  -33.930  -39.867  -22.193 0.6000000238
51688  -44.316  -37.693  -20.465 0.4000000060
51715  -44.752  -36.872  -21.885 0.4000000060
51716  -45.420  -37.230  -22.008 0.4000000060
51742  -45.766  -36.877  -23.464 0.4000000060
52730  -45.938  -36.739  -25.036 0.4000000060
48291  -39.135  -39.791  -16.144 0.6000000238
49596  -28.049  -39.116  -23.889 0.6000000238
49604  -29.353  -39.231  -24.367 0.6999999881
48302  -35.464  -39.702  -17.832 0.6000000238
160379  -35.771  -39.792  -17.114 0.6999999881
48287  -36.420  -39.547  -16.744 0.6999999881
48289  -37.603  -40.053  -16.102 0.6000000238
48309  -34.788  -40.199  -18.889 0.6000000238
48310  -35.087  -39.582  -18.598 0.6000000238
152821  -35.478  -40.333  -17.330 0.6999999881
48369  -29.688  -39.918  -24.119 0.6999999881
49538  -34.773  -39.348  -19.757 0.6000000238
49523  -40.942  -39.396  -17.171 0.5000000000
49605  -30.082  -39.506  -24.840 0.6999999881
49561  -34.673  -39.158  -20.519 0.6000000238
48324  -34.518  -39.867  -20.211 0.6000000238
50622  -41.783  -38.835  -18.163 0.4000000060
48387  -31.096  -39.504  -25.147 0.6999999881
48338  -34.352  -39.807  -20.901 0.6999999881
50711  -30.930  -38.817  -25.415 0.6999999881
50631  -41.965  -38.208  -18.789 0.4000000060
50642  -43.171  -38.060  -19.590 0.4000000060
49568  -34.127  -39.242  -21.904 0.6000000238
51686  -42.759  -37.507  -20.026 0.4000000060
51687  -43.529  -37.631  -20.190 0.4000000060
50703  -32.030  -38.967  -24.567 0.6999999881
50689  -32.416  -38.676  -23.899 0.6999999881
49598  -32.903  -39.169  -23.504 0.6999999881
152705  -33.738  -39.938  -22.751 0.6000000238
51714  -44.141  -36.776  -21.503 0.4000000060
52688  -44.632  -36.588  -22.697 0.4000000060
52708  -45.185  -36.669  -23.123 0.4000000060
139597  -44.574  -36.429  -23.506 0.4000000060
52729  -45.283  -36.504  -24.730 0.4000000060
142283  -44.721  -36.389  -25.307 0.3000000119
48290  -38.343  -40.289  -16.008 0.6000000238
50688  -27.757  -38.482  -24.041 0.5000000000
50630  -35.395  -38.109  -19.171 0.6000000238
49530  -35.462  -38.988  -18.216 0.6000000238
49520  -35.864  -39.184  -17.382 0.6000000238
49512  -37.227  -39.528  -16.380 0.6000000238
144761  -37.953  -39.483  -16.134 0.6000000238
149757  -38.582  -39.477  -16.068 0.6000000238
49597  -28.701  -39.025  -24.121 0.6000000238
49548  -35.041  -38.681  -19.595 0.6000000238
165344  -34.812  -39.654  -19.184 0.6000000238
165320  -35.191  -39.112  -18.723 0.6000000238
141885  -38.928  -38.174  -16.593 0.5000000000
163384  -39.632  -39.343  -16.397 0.4000000060
49516  -40.252  -39.344  -16.719 0.5000000000
144079  -29.667  -38.962  -25.287 0.6999999881
50604  -39.785  -38.630  -16.687 0.5000000000
49522  -40.546  -38.741  -17.135 0.4000000060
50614  -41.159  -38.802  -17.664 0.4000000060
49614  -29.888  -38.617  -25.660 0.8000000119
50657  -34.906  -37.809  -20.435 0.6000000238
51666  -40.710  -38.199  -17.655 0.4000000060
50621  -41.274  -38.224  -18.228 0.4000000060
154560  -34.385  -38.691  -21.656 0.6000000238
148296  -34.346  -38.009  -21.646 0.6000000238
51678  -41.766  -37.607  -19.277 0.4000000060
50702  -31.418  -38.380  -24.866 0.6999999881
50662  -33.925  -38.543  -22.198 0.6000000238
52670  -42.922  -36.796  -21.131 0.4000000060
51700  -43.728  -37.093  -20.910 0.4000000060
161762  -31.974  -38.282  -24.266 0.6999999881
145770  -32.259  -37.880  -23.651 0.6999999881
50671  -32.804  -38.349  -23.206 0.6999999881
50672  -33.362  -38.007  -22.652 0.6999999881
52671  -43.481  -36.613  -21.665 0.4000000060
52687  -44.050  -36.563  -22.204 0.4000000060
139709  -43.230  -36.394  -22.564 0.4000000060
161870  -43.313  -36.340  -24.065 0.3000000119
52707  -43.959  -36.402  -23.039 0.4000000060
140903  -43.318  -36.306  -25.144 0.4000000060
141161  -44.491  -36.372  -24.423 0.3000000119
50619  -35.664  -38.232  -18.434 0.6000000238
50620  -36.178  -37.723  -17.906 0.6000000238
50610  -36.558  -38.051  -17.260 0.6000000238
50611  -37.168  -37.750  -17.011 0.6000000238
51657  -38.417  -37.635  -16.794 0.5000000000
50700  -28.143  -38.171  -24.590 0.6000000238
160062  -28.890  -38.613  -24.759 0.6000000238
144687  -35.463  -37.581  -19.433 0.6000000238
51676  -35.862  -37.424  -18.753 0.6000000238
51664  -38.978  -37.379  -17.041 0.5000000000
50641  -35.136  -38.010  -19.809 0.6000000238
52635  -39.596  -37.168  -17.527 0.5000000000
50612  -39.643  -37.822  -17.030 0.4000000060
51665  -40.193  -37.673  -17.593 0.4000000060
49615  -30.393  -39.100  -25.481 0.6999999881
50719  -29.733  -38.004  -25.770 0.6999999881
51697  -34.626  -37.539  -21.062 0.6000000238
148064  -40.167  -37.122  -18.119 0.5000000000
144378  -40.660  -37.144  -18.752 0.5000000000
164149  -30.393  -37.887  -25.579 0.8000000119
50710  -30.289  -38.372  -25.650 0.8000000119
50701  -30.757  -38.094  -25.373 0.8000000119
51713  -34.175  -37.177  -21.552 0.6000000238
51684  -41.422  -36.807  -20.178 0.4000000060
51751  -31.063  -37.514  -24.874 0.6999999881
51712  -33.792  -37.615  -22.075 0.6999999881
53700  -40.210  -35.440  -24.270 0.5000000000
53687  -40.379  -35.338  -23.282 0.5000000000
53678  -40.864  -35.797  -22.769 0.5000000000
52669  -41.368  -36.284  -21.440 0.4000000060
143037  -42.168  -36.586  -21.299 0.4000000060
51740  -31.679  -37.515  -24.241 0.6999999881
51727  -32.730  -37.408  -22.985 0.6999999881
151060  -33.302  -37.267  -22.460 0.6999999881
53699  -39.615  -35.191  -25.049 0.5000000000
53688  -40.892  -35.947  -23.652 0.5000000000
52704  -41.337  -36.132  -23.001 0.4000000060
156458  -41.752  -36.258  -22.600 0.4000000060
142692  -42.376  -36.346  -22.570 0.4000000060
52741  -39.100  -36.636  -26.557 0.4000000060
53701  -40.733  -36.160  -24.558 0.4000000060
52714  -41.393  -36.346  -24.118 0.4000000060
52726  -42.143  -36.356  -24.504 0.4000000060
52706  -42.616  -36.316  -23.231 0.4000000060
52742  -39.908  -36.518  -25.918 0.4000000060
52725  -41.302  -36.409  -24.891 0.4000000060
156861  -41.905  -36.400  -25.221 0.4000000060
52727  -42.973  -36.331  -24.550 0.4000000060
52640  -36.439  -36.963  -18.095 0.6000000238
51661  -36.776  -37.351  -17.487 0.6000000238
51763  -28.405  -37.126  -25.694 0.5000000000
151716  -35.356  -36.721  -19.929 0.6000000238
51675  -35.669  -36.945  -19.410 0.6000000238
52650  -36.213  -36.447  -18.809 0.6000000238
52641  -37.327  -36.140  -18.098 0.5000000000
52633  -38.353  -36.468  -17.650 0.5000000000
51663  -38.243  -37.012  -17.171 0.5000000000
50708  -28.620  -37.951  -25.323 0.6000000238
50709  -29.340  -38.330  -25.506 0.6999999881
51698  -34.953  -36.961  -20.490 0.6000000238
53622  -38.494  -35.587  -18.544 0.5000000000
52643  -38.792  -36.153  -18.052 0.5000000000
51764  -29.152  -37.609  -25.747 0.6000000238
147392  -34.526  -36.746  -21.070 0.6000000238
53632  -39.618  -35.517  -19.283 0.5000000000
52644  -39.580  -36.486  -18.142 0.5000000000
50720  -30.082  -37.655  -25.715 0.8000000119
54760  -39.966  -34.670  -22.025 0.5000000000
53640  -39.904  -35.386  -20.031 0.5000000000
52651  -40.205  -35.973  -19.600 0.5000000000
158288  -40.166  -36.684  -18.613 0.5000000000
51765  -30.509  -37.355  -25.437 0.8000000119
52682  -33.598  -36.602  -22.002 0.6000000238
148834  -39.419  -34.181  -24.044 0.5000000000
55952  -39.035  -33.609  -22.769 0.5000000000
54767  -39.992  -34.675  -22.855 0.5000000000
53647  -40.152  -35.314  -20.814 0.5000000000
52659  -40.462  -35.903  -20.368 0.5000000000
53648  -40.691  -35.844  -21.141 0.4000000060
54782  -39.581  -34.049  -23.253 0.5000000000
54783  -39.938  -34.691  -23.701 0.5000000000
53677  -40.394  -35.291  -22.412 0.5000000000
53664  -40.829  -35.812  -21.941 0.5000000000
51752  -31.258  -36.951  -24.493 0.8000000119
144473  -32.419  -36.612  -22.995 0.6999999881
51728  -32.954  -36.658  -22.576 0.6999999881
55990  -38.716  -33.892  -24.451 0.5000000000
54806  -38.782  -35.043  -25.549 0.4000000060
51741  -32.032  -37.017  -23.465 0.6999999881
53716  -39.206  -35.870  -25.848 0.4000000060
165324  -36.752  -36.380  -18.217 0.5000000000
51762  -27.434  -36.887  -25.468 0.5000000000
52658  -35.193  -36.181  -20.207 0.6000000238
166195  -35.885  -35.617  -19.638 0.6000000238
53621  -37.632  -35.513  -18.590 0.5000000000
153897  -37.574  -35.048  -19.131 0.5000000000
53630  -38.205  -35.091  -19.062 0.5000000000
52755  -27.568  -35.897  -26.232 0.5000000000
52738  -27.955  -36.433  -25.959 0.5000000000
52668  -34.472  -35.972  -21.129 0.6000000238
149049  -35.003  -35.472  -20.633 0.6000000238
55916  -38.706  -33.830  -20.684 0.5000000000
54729  -38.995  -34.355  -20.199 0.5000000000
53639  -39.307  -34.931  -19.726 0.5000000000
52683  -34.125  -36.453  -21.460 0.6000000238
53646  -34.548  -35.159  -21.302 0.6000000238
55943  -38.488  -33.249  -22.262 0.5000000000
153143  -38.569  -33.402  -21.672 0.5000000000
54742  -39.289  -34.219  -20.909 0.5000000000
54730  -39.604  -34.790  -20.472 0.5000000000
52739  -30.026  -36.191  -25.979 0.6999999881
148945  -33.450  -35.755  -22.077 0.6000000238
54766  -39.547  -34.114  -22.428 0.5000000000
54743  -39.850  -34.690  -21.235 0.5000000000
51773  -30.035  -36.929  -25.836 0.6999999881
52703  -33.080  -36.063  -22.318 0.6999999881
55971  -38.961  -33.596  -23.611 0.5000000000
52740  -30.421  -36.521  -25.521 0.6999999881
54805  -37.876  -34.879  -26.090 0.4000000060
52723  -30.865  -36.784  -24.983 0.8000000119
52713  -31.953  -35.967  -23.413 0.6999999881
53715  -38.273  -35.539  -26.357 0.5000000000
54817  -37.500  -35.254  -26.911 0.5000000000
145775  -30.774  -36.040  -25.082 0.6999999881
52712  -31.578  -36.617  -24.006 0.8000000119
53731  -38.521  -36.160  -26.618 0.4000000060
52759  -38.134  -36.759  -27.349 0.5000000000
53744  -39.295  -36.326  -29.348 0.4000000060
146439  -40.286  -35.465  -28.882 0.5000000000
54829  -40.721  -34.613  -28.103 0.5000000000
53746  -41.038  -35.762  -29.489 0.5000000000
53745  -40.547  -35.808  -29.443 0.5000000000
54832  -41.125  -34.697  -28.957 0.5000000000
53628  -36.306  -35.642  -19.259 0.6000000238
53629  -36.988  -35.289  -19.063 0.5000000000
54725  -35.670  -34.859  -20.288 0.6000000238
54726  -36.494  -34.589  -19.993 0.6000000238
54727  -37.356  -34.287  -20.001 0.5000000000
54719  -37.871  -34.631  -19.531 0.5000000000
53725  -28.398  -35.917  -26.460 0.5000000000
52756  -28.635  -36.522  -26.136 0.5000000000
51771  -29.122  -36.856  -26.009 0.6999999881
54740  -35.195  -34.440  -20.993 0.6000000238
54741  -36.025  -34.092  -20.562 0.6000000238
57123  -37.902  -33.143  -21.686 0.5000000000
55915  -38.127  -33.705  -20.697 0.5000000000
53724  -27.803  -35.367  -26.614 0.5000000000
148435  -29.068  -36.224  -26.400 0.6000000238
53662  -33.983  -35.716  -21.669 0.6000000238
55931  -37.704  -33.455  -21.044 0.5000000000
53726  -29.437  -35.799  -26.511 0.6999999881
148306  -34.159  -34.960  -21.755 0.6000000238
55951  -38.420  -33.106  -23.054 0.5000000000
53727  -29.777  -35.874  -26.309 0.6999999881
53661  -33.659  -35.099  -22.067 0.6000000238
55989  -37.907  -33.775  -24.948 0.6000000238
55997  -37.486  -34.276  -25.815 0.5000000000
52702  -32.606  -35.970  -22.757 0.6999999881
53676  -33.049  -35.305  -22.495 0.6999999881
56025  -38.512  -34.476  -27.305 0.4000000060
54818  -39.493  -34.488  -27.213 0.4000000060
148190  -31.989  -35.103  -23.502 0.6999999881
54828  -39.865  -34.967  -27.853 0.4000000060
54797  -31.362  -34.695  -24.447 0.6999999881
53697  -30.744  -35.414  -25.253 0.6999999881
53741  -41.080  -35.062  -29.411 0.5000000000
54836  -41.646  -34.853  -29.723 0.5000000000
54833  -41.663  -34.234  -29.532 0.5000000000
55913  -36.829  -33.924  -20.435 0.5000000000
55929  -35.796  -33.660  -21.182 0.5000000000
161626  -37.138  -33.554  -20.848 0.5000000000
53733  -28.534  -35.208  -26.889 0.6000000238
54757  -34.594  -34.400  -21.638 0.6000000238
57130  -37.153  -32.854  -21.998 0.5000000000
155197  -28.998  -35.596  -26.713 0.6000000238
54756  -34.027  -34.391  -22.081 0.5000000000
55941  -34.549  -33.702  -22.086 0.5000000000
153814  -37.829  -32.845  -22.463 0.5000000000
150462  -37.691  -32.753  -23.246 0.5000000000
54765  -33.460  -34.508  -22.514 0.6000000238
55970  -38.124  -33.245  -24.004 0.5000000000
57172  -37.438  -33.270  -24.669 0.6000000238
55988  -37.161  -33.691  -25.465 0.5000000000
149102  -29.722  -35.278  -26.587 0.6999999881
54764  -32.907  -34.568  -22.980 0.6999999881
56023  -36.790  -33.921  -27.350 0.5000000000
56007  -38.258  -33.794  -27.030 0.4000000060
53728  -30.069  -35.506  -26.159 0.6999999881
53675  -32.448  -35.235  -23.062 0.6999999881
54780  -31.855  -34.585  -23.911 0.6999999881
54804  -37.105  -34.609  -26.646 0.5000000000
153225  -37.302  -34.785  -27.269 0.5000000000
56024  -37.561  -34.263  -27.359 0.4000000060
167018  -39.087  -34.026  -26.897 0.4000000060
53714  -30.397  -35.773  -25.644 0.6999999881
53686  -31.606  -35.280  -23.975 0.6999999881
57200  -40.196  -33.259  -26.221 0.4000000060
56009  -40.713  -33.676  -26.744 0.4000000060
54803  -30.437  -34.981  -25.754 0.6999999881
55984  -31.179  -34.214  -24.887 0.6999999881
54819  -40.335  -34.301  -27.258 0.4000000060
56010  -41.452  -33.375  -27.023 0.4000000060
55993  -30.728  -34.149  -25.519 0.6999999881
54796  -30.933  -34.816  -25.089 0.6999999881
56026  -41.108  -34.004  -27.518 0.4000000060
57220  -42.095  -33.196  -27.258 0.4000000060
56037  -42.148  -33.898  -29.624 0.5000000000
141975  -41.941  -33.848  -28.761 0.5000000000
57129  -35.721  -33.167  -21.678 0.5000000000
165975  -36.700  -32.959  -21.734 0.5000000000
54758  -35.157  -33.701  -21.612 0.5000000000
163583  -36.261  -32.643  -22.142 0.5000000000
156900  -37.073  -32.442  -23.402 0.5000000000
54823  -28.698  -34.556  -27.335 0.6000000238
54824  -29.184  -34.537  -27.211 0.6000000238
55950  -34.525  -33.104  -22.535 0.5000000000
57143  -37.099  -32.517  -22.698 0.5000000000
54825  -29.434  -34.834  -26.919 0.6999999881
142187  -36.993  -32.922  -24.539 0.6000000238
147279  -36.929  -33.226  -25.115 0.5000000000
55949  -33.930  -33.694  -22.622 0.6000000238
55948  -33.320  -33.980  -22.946 0.6999999881
55996  -36.753  -34.068  -26.337 0.5000000000
57219  -37.390  -33.489  -27.264 0.4000000060
54813  -29.741  -34.673  -26.761 0.6999999881
55968  -32.838  -33.807  -23.461 0.8000000119
56005  -36.184  -33.773  -27.120 0.5000000000
56022  -36.265  -33.579  -27.294 0.5000000000
57199  -39.161  -33.432  -26.385 0.4000000060
57189  -40.445  -32.669  -25.851 0.4000000060
54814  -30.043  -34.842  -26.387 0.6999999881
55986  -32.403  -33.321  -24.050 0.6000000238
57201  -41.036  -32.878  -26.349 0.4000000060
55985  -31.713  -33.902  -24.381 0.6999999881
57167  -31.962  -33.004  -24.698 0.6000000238
57168  -32.715  -32.455  -24.364 0.6000000238
57202  -41.777  -32.727  -26.660 0.4000000060
56003  -30.343  -33.700  -26.128 0.6999999881
55994  -31.306  -33.571  -25.097 0.6999999881
57183  -31.467  -32.691  -25.470 0.6000000238
58295  -32.302  -32.119  -24.997 0.6000000238
150654  -30.271  -34.369  -26.100 0.6999999881
165986  -31.941  -31.834  -25.561 0.6000000238
57221  -42.815  -33.336  -27.323 0.5000000000
58312  -31.966  -31.242  -26.040 0.6000000238
59447  -32.670  -30.954  -26.132 0.6000000238
56028  -42.656  -33.768  -28.611 0.5000000000
56029  -43.563  -33.732  -27.810 0.5000000000
57142  -36.357  -32.238  -23.151 0.6000000238
56019  -28.571  -33.912  -27.751 0.5000000000
57128  -35.202  -32.919  -22.187 0.5000000000
57158  -36.623  -32.504  -24.035 0.6000000238
56020  -29.110  -34.050  -27.527 0.6000000238
56021  -29.522  -34.218  -27.131 0.6000000238
57140  -34.842  -32.468  -22.876 0.6000000238
57141  -35.589  -32.271  -22.834 0.6000000238
57171  -36.478  -32.875  -24.958 0.5000000000
55987  -36.426  -33.458  -25.855 0.5000000000
56034  -29.027  -33.461  -27.976 0.6000000238
56035  -29.432  -33.561  -27.570 0.6000000238
57139  -34.189  -32.795  -23.025 0.6000000238
57157  -34.538  -32.186  -23.499 0.6000000238
57196  -35.922  -33.524  -27.083 0.5000000000
58359  -36.538  -32.622  -27.341 0.5000000000
57198  -38.069  -33.143  -26.690 0.4000000060
56002  -30.047  -33.986  -26.575 0.6999999881
162175  -29.835  -33.114  -27.476 0.6000000238
55969  -33.521  -33.252  -23.206 0.6999999881
57156  -33.847  -32.434  -23.606 0.6000000238
56004  -35.968  -33.319  -27.285 0.5000000000
57197  -37.232  -32.819  -27.073 0.5000000000
57188  -39.712  -32.799  -25.746 0.4000000060
58322  -40.973  -32.153  -25.878 0.4000000060
55967  -32.230  -34.037  -23.843 0.6999999881
57155  -33.130  -32.843  -23.779 0.6999999881
159537  -33.388  -31.459  -25.345 0.6999999881
57195  -35.695  -32.960  -27.168 0.5000000000
57217  -36.155  -33.015  -27.412 0.5000000000
57194  -30.251  -32.602  -27.072 0.6000000238
58296  -33.088  -31.791  -24.817 0.6000000238
58342  -41.501  -32.252  -26.287 0.4000000060
147080  -30.077  -33.357  -26.799 0.6999999881
153577  -30.848  -33.393  -25.661 0.6000000238
58313  -32.719  -31.386  -25.507 0.6000000238
59448  -33.451  -31.124  -26.191 0.6000000238
58343  -42.033  -32.110  -26.305 0.4000000060
57182  -30.649  -32.821  -26.240 0.6000000238
58335  -31.283  -31.926  -26.077 0.6000000238
59466  -33.133  -30.895  -26.860 0.6000000238
59467  -33.962  -31.120  -27.293 0.6000000238
58344  -42.822  -32.082  -26.088 0.4000000060
59480  -33.882  -30.935  -28.000 0.6000000238
58345  -43.950  -32.510  -26.167 0.5000000000
57204  -43.194  -32.695  -26.485 0.4000000060
57205  -44.579  -33.021  -26.601 0.5000000000
58280  -36.027  -32.180  -23.816 0.6000000238
58278  -35.170  -32.073  -23.428 0.6000000238
58291  -35.937  -32.399  -24.567 0.6000000238
57170  -35.849  -32.872  -25.588 0.5000000000
58289  -34.789  -32.031  -23.965 0.6000000238
58299  -35.268  -32.344  -25.185 0.5000000000
58341  -36.935  -32.280  -26.877 0.5000000000
58319  -38.460  -32.230  -25.396 0.4000000060
166251  -29.514  -32.857  -28.125 0.6000000238
58355  -30.079  -32.405  -27.862 0.6000000238
58288  -34.181  -31.963  -24.125 0.6000000238
58298  -34.520  -31.998  -24.963 0.6000000238
143739  -34.830  -32.327  -26.057 0.5000000000
58339  -35.685  -32.129  -27.413 0.5000000000
58340  -36.302  -32.148  -27.304 0.5000000000
57187  -38.758  -32.799  -25.869 0.4000000060
58320  -39.306  -32.255  -25.300 0.4000000060
58321  -40.203  -32.064  -25.418 0.4000000060
58315  -34.532  -31.900  -26.482 0.5000000000
58316  -35.138  -32.416  -27.039 0.5000000000
59453  -41.746  -30.841  -25.733 0.4000000060
58356  -30.577  -31.832  -27.407 0.6000000238
60576  -35.292  -30.762  -27.775 0.6000000238
163621  -42.499  -30.896  -25.644 0.4000000060
160370  -30.762  -32.085  -26.706 0.6000000238
59478  -31.825  -30.800  -27.574 0.6000000238
145906  -34.715  -31.110  -28.009 0.6000000238
58324  -42.249  -31.448  -25.960 0.4000000060
58336  -31.287  -31.273  -26.805 0.6000000238
162419  -43.390  -32.291  -26.101 0.4000000060
154878  -42.991  -31.376  -25.671 0.4000000060
59465  -32.223  -30.877  -26.714 0.6000000238
59479  -32.800  -30.743  -27.594 0.6000000238
57222  -43.771  -33.218  -26.864 0.5000000000
58326  -44.318  -31.792  -25.773 0.4000000060
58328  -45.967  -31.578  -25.978 0.5000000000
58347  -45.666  -32.265  -26.243 0.4000000060
58290  -35.361  -32.086  -24.092 0.6000000238
59450  -36.303  -31.250  -26.067 0.5000000000
59451  -36.853  -31.537  -25.609 0.5000000000
58318  -37.216  -32.008  -26.011 0.5000000000
58302  -38.902  -31.776  -24.826 0.4000000060
58366  -29.853  -31.992  -28.449 0.6000000238
58367  -30.349  -31.582  -28.181 0.6000000238
59469  -35.520  -31.303  -27.445 0.5000000000
58317  -36.589  -31.814  -26.593 0.5000000000
58303  -39.674  -31.673  -24.861 0.4000000060
145206  -40.271  -31.422  -25.018 0.4000000060
58338  -35.113  -31.889  -27.403 0.5000000000
162610  -40.923  -31.354  -25.486 0.4000000060
58357  -31.012  -31.131  -27.814 0.6000000238
148752  -35.106  -30.185  -27.912 0.6000000238
60569  -43.427  -30.238  -25.330 0.4000000060
158678  -33.425  -30.627  -28.409 0.6000000238
60586  -34.816  -30.280  -28.314 0.6000000238
59455  -43.754  -31.085  -25.484 0.4000000060
59490  -34.066  -30.576  -28.660 0.6000000238
59456  -44.678  -31.069  -25.533 0.4000000060
59457  -45.479  -31.012  -25.692 0.4000000060
60572  -46.252  -30.143  -26.072 0.3000000119
58327  -45.160  -31.698  -25.845 0.5000000000
59458  -46.185  -30.857  -25.970 0.4000000060
60587  -47.843  -29.829  -27.133 0.3000000119
59437  -37.137  -31.258  -24.906 0.5000000000
58300  -37.455  -31.713  -25.189 0.5000000000
59438  -38.501  -31.282  -24.393 0.5000000000
59432  -39.643  -30.738  -23.938 0.5000000000
60565  -36.030  -30.649  -25.425 0.6000000238
59439  -39.276  -31.222  -24.386 0.4000000060
60558  -40.253  -30.478  -24.324 0.5000000000
59441  -40.559  -30.858  -24.897 0.4000000060
59487  -30.820  -31.076  -28.598 0.6000000238
59488  -31.585  -30.683  -28.659 0.6000000238
60577  -35.390  -30.532  -26.726 0.6000000238
59452  -41.120  -30.531  -25.322 0.4000000060
150039  -41.563  -30.164  -25.565 0.4000000060
60594  -32.510  -30.379  -29.460 0.6000000238
140860  -43.081  -29.457  -25.359 0.3000000119
60607  -33.474  -29.964  -29.327 0.6000000238
61768  -35.046  -30.070  -26.937 0.6000000238
61759  -43.946  -29.603  -25.252 0.3000000119
59489  -32.549  -30.533  -28.421 0.6000000238
60596  -33.822  -30.149  -29.017 0.6000000238
60570  -44.283  -30.355  -25.288 0.4000000060
59491  -34.400  -30.311  -28.633 0.6000000238
61767  -34.054  -28.985  -27.135 0.6000000238
60571  -45.104  -30.384  -25.458 0.3000000119
146977  -45.738  -30.423  -25.723 0.3000000119
61770  -46.714  -29.265  -26.670 0.3000000119
61771  -47.241  -29.540  -26.872 0.3000000119
61781  -48.553  -28.877  -27.573 0.3000000119
59428  -36.326  -30.317  -24.450 0.6000000238
59429  -37.121  -30.805  -24.181 0.5000000000
59430  -38.027  -30.894  -23.872 0.5000000000
59431  -38.880  -30.856  -23.816 0.5000000000
60564  -35.594  -30.251  -25.745 0.6000000238
60553  -40.584  -29.832  -24.195 0.4000000060
60566  -41.191  -29.821  -25.283 0.4000000060
160706  -31.799  -30.506  -29.707 0.6000000238
60605  -32.417  -30.329  -30.376 0.6000000238
60567  -41.631  -29.559  -25.521 0.3000000119
60568  -42.410  -30.138  -25.502 0.3000000119
60606  -32.975  -30.044  -29.970 0.6000000238
61796  -33.065  -29.856  -29.994 0.6000000238
61788  -33.471  -29.526  -29.207 0.6000000238
62955  -33.208  -28.759  -28.248 0.6000000238
157832  -34.661  -29.556  -27.066 0.6000000238
61789  -34.010  -29.966  -28.856 0.6000000238
142291  -44.757  -29.677  -25.400 0.3000000119
61778  -33.949  -29.211  -27.956 0.6000000238
141994  -45.609  -29.721  -25.746 0.3000000119
62938  -46.991  -28.850  -27.024 0.3000000119
62947  -47.456  -28.364  -27.447 0.3000000119
62948  -48.180  -28.285  -27.663 0.3000000119
60542  -36.754  -30.079  -23.583 0.6000000238
60549  -37.568  -30.390  -23.403 0.6000000238
60545  -38.841  -29.785  -23.057 0.5000000000
60551  -39.271  -30.322  -23.409 0.4000000060
61751  -35.806  -29.649  -24.282 0.6000000238
164954  -36.272  -29.893  -23.943 0.6000000238
61745  -40.816  -29.083  -24.256 0.4000000060
62921  -41.060  -28.705  -25.063 0.4000000060
61750  -35.364  -28.948  -24.555 0.6000000238
61757  -41.218  -29.128  -25.380 0.4000000060
160463  -41.554  -28.956  -25.586 0.3000000119
60616  -32.714  -30.006  -30.521 0.6000000238
61749  -34.948  -28.951  -25.465 0.6000000238
62928  -42.767  -28.647  -25.463 0.3000000119
62929  -44.039  -28.231  -25.534 0.3000000119
61760  -44.379  -28.957  -25.487 0.3000000119
62945  -33.502  -28.250  -27.432 0.6000000238
64207  -45.981  -27.771  -26.786 0.3000000119
64217  -47.752  -27.699  -27.867 0.3000000119
61731  -36.785  -29.393  -23.085 0.6000000238
60543  -37.298  -29.809  -23.111 0.5000000000
61734  -39.212  -29.099  -22.910 0.5000000000
61743  -39.653  -29.664  -23.194 0.4000000060
61744  -40.334  -29.421  -23.577 0.4000000060
61742  -36.257  -29.490  -23.613 0.6000000238
141384  -40.976  -28.296  -24.356 0.4000000060
64189  -41.170  -27.889  -25.246 0.4000000060
61741  -35.795  -28.954  -23.846 0.6000000238
62926  -41.285  -28.497  -25.514 0.4000000060
155226  -32.838  -29.339  -29.631 0.6000000238
62919  -35.057  -28.185  -24.816 0.6000000238
64195  -42.449  -27.697  -25.613 0.3000000119
64234  -32.337  -27.698  -29.101 0.6000000238
62965  -32.751  -28.650  -28.957 0.6000000238
62925  -34.635  -28.025  -25.531 0.6000000238
64197  -44.452  -27.553  -25.774 0.3000000119
146640  -34.313  -27.775  -26.111 0.6000000238
164360  -33.124  -27.969  -27.862 0.6000000238
64203  -33.682  -27.403  -27.052 0.6000000238
62905  -36.859  -28.643  -22.788 0.6000000238
62907  -38.856  -28.501  -22.551 0.4000000060
152618  -39.539  -28.525  -22.821 0.4000000060
64164  -40.175  -28.125  -22.991 0.4000000060
62914  -40.600  -28.645  -23.572 0.4000000060
163267  -35.887  -28.382  -23.542 0.5000000000
62913  -36.280  -28.855  -23.262 0.5000000000
64194  -41.633  -27.311  -25.562 0.4000000060
62920  -35.494  -28.283  -24.099 0.5000000000
153220  -41.546  -27.952  -25.581 0.3000000119
64188  -35.305  -27.511  -24.386 0.5000000000
65457  -43.228  -26.261  -25.767 0.3000000119
64193  -34.545  -27.165  -25.737 0.5000000000
64223  -32.855  -27.644  -28.349 0.6000000238
64213  -33.311  -27.237  -27.647 0.6000000238
64204  -34.090  -27.006  -26.470 0.6000000238
65475  -33.437  -26.307  -27.717 0.6000000238
65464  -33.739  -26.627  -27.164 0.6000000238
154136  -33.807  -25.943  -27.333 0.5000000000
64142  -37.679  -27.453  -22.203 0.4000000060
64143  -38.561  -27.388  -22.147 0.3000000119
62888  -38.905  -27.880  -22.299 0.4000000060
158466  -40.521  -27.451  -23.048 0.4000000060
64166  -40.836  -27.880  -23.553 0.3000000119
64162  -36.225  -27.207  -22.918 0.5000000000
64163  -36.880  -27.825  -22.541 0.4000000060
65429  -40.962  -27.101  -23.518 0.3000000119
65444  -41.242  -26.692  -24.267 0.3000000119
154443  -41.312  -27.067  -25.109 0.3000000119
148969  -35.492  -26.991  -24.047 0.5000000000
65445  -41.518  -26.311  -24.921 0.3000000119
65443  -35.189  -26.648  -24.684 0.5000000000
65456  -42.313  -26.677  -25.680 0.3000000119
65442  -34.781  -26.661  -25.317 0.5000000000
65466  -44.602  -26.141  -26.300 0.3000000119
65454  -34.544  -26.229  -25.958 0.5000000000
66747  -34.102  -26.055  -26.745 0.5000000000
65396  -37.470  -26.625  -22.123 0.3000000119
65397  -38.192  -26.744  -22.046 0.3000000119
65398  -38.955  -26.730  -22.075 0.3000000119
65399  -39.717  -26.720  -22.273 0.3000000119
66678  -36.695  -25.990  -22.342 0.3000000119
64141  -36.887  -27.026  -22.322 0.4000000060
65416  -40.465  -26.700  -22.800 0.3000000119
66703  -41.031  -26.289  -23.442 0.3000000119
66690  -36.217  -25.687  -22.788 0.3000000119
66719  -41.314  -25.869  -24.157 0.3000000119
66718  -35.323  -25.817  -24.701 0.4000000060
65455  -41.950  -26.050  -25.429 0.3000000119
155500  -42.625  -25.723  -25.687 0.3000000119
66717  -34.914  -25.988  -25.241 0.5000000000
66749  -44.094  -25.508  -26.346 0.3000000119
66733  -34.802  -25.505  -25.739 0.5000000000
66750  -44.663  -25.543  -26.711 0.3000000119
66759  -34.111  -25.363  -27.169 0.4000000060
66748  -34.518  -25.329  -26.429 0.5000000000
66680  -38.009  -25.485  -21.984 0.3000000119
66681  -38.861  -25.407  -21.963 0.3000000119
153507  -39.321  -26.050  -22.067 0.3000000119
148028  -36.779  -25.432  -22.266 0.3000000119
65395  -36.927  -26.415  -22.245 0.3000000119
65415  -40.046  -25.998  -22.361 0.3000000119
66692  -40.628  -25.834  -22.864 0.3000000119
67859  -36.358  -24.907  -22.521 0.3000000119
67869  -41.288  -24.957  -24.051 0.3000000119
66720  -41.679  -25.462  -24.850 0.3000000119
67868  -35.573  -24.939  -24.170 0.3000000119
67858  -35.842  -24.966  -23.247 0.3000000119
66735  -42.145  -25.354  -25.442 0.3000000119
67894  -42.928  -24.959  -25.864 0.3000000119
67877  -35.400  -24.702  -24.913 0.3000000119
66734  -35.191  -25.224  -25.254 0.4000000060
67908  -43.141  -24.338  -26.222 0.3000000119
164653  -43.590  -24.183  -26.554 0.3000000119
67891  -34.870  -24.885  -25.873 0.4000000060
67924  -44.699  -24.444  -27.480 0.3000000119
66760  -34.416  -24.809  -26.973 0.4000000060
67925  -45.313  -24.953  -27.940 0.3000000119
67844  -37.683  -24.784  -22.026 0.3000000119
150253  -37.349  -25.279  -22.094 0.3000000119
67845  -38.397  -24.791  -21.987 0.3000000119
67847  -39.854  -24.678  -22.355 0.3000000119
66691  -40.241  -25.295  -22.522 0.3000000119
167089  -40.698  -25.216  -22.924 0.3000000119
67843  -36.995  -24.788  -22.153 0.3000000119
68979  -40.587  -24.030  -23.124 0.3000000119
152376  -41.034  -24.285  -23.686 0.3000000119
68997  -41.370  -24.079  -24.324 0.3000000119
68988  -35.629  -23.643  -24.022 0.3000000119
142936  -35.675  -24.291  -23.716 0.3000000119
68998  -41.910  -24.197  -25.046 0.3000000119
69008  -42.779  -23.846  -26.114 0.3000000119
67892  -35.160  -24.521  -25.462 0.4000000060
69020  -43.750  -23.746  -26.869 0.3000000119
69034  -44.227  -23.771  -27.359 0.3000000119
69018  -34.770  -23.894  -26.421 0.4000000060
69035  -44.662  -23.729  -28.020 0.3000000119
149542  -44.886  -23.500  -28.680 0.3000000119
67935  -45.663  -24.667  -28.771 0.3000000119
67953  -45.803  -24.679  -30.289 0.3000000119
148131  -38.019  -24.289  -22.013 0.3000000119
145503  -38.639  -24.120  -22.066 0.3000000119
68962  -39.436  -23.935  -22.300 0.3000000119
155127  -40.073  -24.162  -22.638 0.3000000119
139409  -37.346  -24.091  -22.073 0.3000000119
70065  -40.448  -23.259  -23.281 0.3000000119
68989  -40.900  -23.626  -23.750 0.3000000119
70062  -35.839  -23.168  -22.870 0.3000000119
149885  -36.178  -23.704  -22.553 0.3000000119
70091  -41.156  -23.238  -24.347 0.3000000119
70092  -41.613  -23.536  -24.778 0.3000000119
69007  -42.367  -23.987  -25.625 0.3000000119
166871  -35.693  -23.413  -23.476 0.3000000119
70114  -41.944  -22.763  -25.738 0.3000000119
70104  -42.386  -23.333  -25.925 0.3000000119
68996  -35.396  -23.714  -25.008 0.4000000060
70115  -42.882  -23.184  -26.486 0.3000000119
70101  -35.143  -23.207  -25.384 0.4000000060
70116  -43.415  -23.329  -26.816 0.3000000119
70131  -43.792  -23.236  -27.279 0.3000000119
149707  -34.871  -23.387  -26.012 0.4000000060
69047  -45.289  -23.957  -28.846 0.3000000119
155703  -34.716  -23.332  -26.593 0.4000000060
69056  -45.646  -24.199  -29.564 0.3000000119
69066  -45.414  -23.995  -30.535 0.3000000119
70063  -39.386  -23.094  -22.494 0.3000000119
70064  -39.932  -22.862  -22.995 0.3000000119
70047  -38.057  -22.985  -22.109 0.3000000119
71108  -38.714  -22.525  -22.284 0.3000000119
70081  -40.711  -22.919  -23.828 0.3000000119
70046  -37.490  -22.742  -22.096 0.3000000119
70102  -41.453  -22.793  -25.020 0.3000000119
71117  -35.625  -22.443  -22.978 0.3000000119
71167  -42.639  -22.462  -26.754 0.3000000119
70130  -43.273  -22.804  -27.092 0.3000000119
70145  -43.838  -22.543  -27.890 0.3000000119
71194  -44.361  -22.499  -28.629 0.3000000119
70155  -44.733  -22.932  -29.037 0.3000000119
69055  -45.200  -23.481  -29.560 0.3000000119
71164  -34.435  -22.190  -26.727 0.3000000119
67960  -44.670  -24.883  -31.830 0.3000000119
139221  -44.429  -25.755  -32.236 0.3000000119
71107  -37.902  -22.299  -22.155 0.3000000119
71120  -39.405  -22.397  -22.775 0.3000000119
71121  -39.952  -22.239  -23.302 0.3000000119
71147  -40.562  -21.817  -24.417 0.3000000119
71136  -40.905  -22.497  -24.397 0.3000000119
71105  -36.663  -22.057  -22.191 0.3000000119
71106  -37.266  -22.294  -22.116 0.3000000119
71157  -41.419  -22.171  -25.668 0.3000000119
71166  -41.946  -22.181  -26.340 0.3000000119
71165  -41.315  -21.787  -26.220 0.3000000119
71177  -42.245  -21.860  -27.084 0.3000000119
71178  -42.969  -22.144  -27.446 0.3000000119
71193  -43.861  -21.912  -28.808 0.3000000119
71210  -44.445  -22.326  -29.350 0.3000000119
70162  -44.855  -22.789  -29.883 0.3000000119
71230  -44.416  -22.177  -30.863 0.3000000119
69065  -45.130  -23.250  -30.523 0.3000000119
157079  -45.019  -24.293  -31.339 0.3000000119
70175  -44.356  -23.528  -31.702 0.3000000119
146025  -43.975  -25.257  -32.335 0.3000000119
157786  -43.990  -26.302  -32.614 0.3000000119
72217  -38.147  -20.890  -22.613 0.3000000119
72218  -38.882  -21.332  -22.826 0.3000000119
72219  -39.457  -21.739  -23.092 0.3000000119
72237  -39.995  -21.571  -23.795 0.3000000119
72215  -36.526  -21.276  -22.299 0.3000000119
72197  -37.440  -21.581  -22.196 0.3000000119
163509  -38.860  -20.718  -23.068 0.3000000119
72236  -39.406  -21.045  -23.372 0.3000000119
72252  -40.232  -21.184  -24.562 0.3000000119
72253  -40.585  -21.507  -25.013 0.3000000119
139209  -36.371  -20.513  -22.451 0.3000000119
72235  -35.090  -20.876  -23.301 0.3000000119
72306  -43.236  -21.405  -28.765 0.3000000119
71209  -43.997  -21.809  -29.744 0.3000000119
71229  -44.308  -22.687  -31.485 0.3000000119
69080  -43.759  -24.129  -32.159 0.3000000119
74416  -38.095  -19.548  -23.143 0.3000000119
74415  -37.229  -19.472  -22.875 0.3000000119
73259  -36.377  -19.795  -22.702 0.3000000119
155784  -36.956  -20.100  -22.543 0.3000000119
73260  -37.693  -20.139  -22.767 0.3000000119
74413  -35.741  -19.453  -23.037 0.3000000119
73258  -35.684  -20.268  -22.836 0.3000000119
57184  -35.347  -32.756  -26.356 0.5000000000
58337  -34.470  -31.438  -27.159 0.6999999881
148944  -31.497  -35.925  -24.107 0.6999999881
26563  -37.551  -60.016  -20.396 0.3000000119
26570  -37.756  -59.361  -20.868 0.3000000119
26571  -38.231  -59.986  -20.933 0.3000000119
27527  -38.512  -59.251  -21.286 0.3000000119
27535  -39.350  -59.093  -21.726 0.4000000060
28512  -39.958  -58.279  -22.156 0.4000000060
29497  -40.777  -57.203  -23.397 0.4000000060
29503  -40.417  -56.680  -23.873 0.4000000060
30441  -39.994  -56.080  -24.295 0.4000000060
31358  -39.540  -55.475  -24.474 0.4000000060
34284  -38.145  -52.355  -24.715 0.4000000060
154930  -38.302  -53.546  -24.733 0.4000000060
35275  -38.160  -51.608  -24.764 0.4000000060
38162  -37.249  -48.181  -23.410 0.4000000060
39181  -36.978  -47.818  -18.048 0.3000000119
40204  -37.871  -46.894  -18.036 0.3000000119
138976  -38.866  -46.184  -18.167 0.3000000119
42376  -41.844  -45.452  -18.469 0.3000000119
42390  -42.147  -45.437  -19.257 0.3000000119
38147  -36.625  -48.635  -22.031 0.5000000000
42481  -45.496  -45.368  -24.732 0.3000000119
44254  -44.810  -44.188  -25.043 0.3000000119
42462  -45.094  -44.908  -23.508 0.3000000119
44213  -44.359  -43.914  -22.035 0.4000000060
39207  -35.266  -47.740  -19.502 0.6000000238
44196  -44.288  -43.808  -21.010 0.4000000060
44178  -45.152  -43.798  -20.250 0.4000000060
46061  -45.217  -42.265  -19.799 0.4000000060
46063  -47.204  -41.341  -20.563 0.4000000060
47132  -47.694  -40.563  -21.538 0.4000000060
45139  -27.983  -42.822  -23.804 0.4000000060
45140  -28.772  -42.944  -23.836 0.5000000000
161307  -29.415  -43.135  -23.901 0.5000000000
42368  -33.667  -45.480  -18.414 0.6999999881
49582  -47.791  -38.946  -23.055 0.4000000060
50692  -47.837  -38.506  -24.214 0.4000000060
46105  -30.037  -42.121  -23.999 0.5000000000
47157  -31.103  -41.549  -24.629 0.6000000238
47156  -30.402  -41.411  -24.186 0.6000000238
44154  -33.896  -43.773  -18.338 0.8000000119
43329  -33.931  -44.509  -18.231 0.6999999881
44163  -33.469  -43.460  -19.147 0.8000000119
43328  -33.500  -44.889  -18.562 0.6999999881
50712  -47.468  -38.115  -25.438 0.4000000060
146840  -32.103  -40.647  -25.194 0.8000000119
45081  -33.435  -42.427  -20.097 0.8000000119
45066  -33.251  -43.004  -19.764 0.8000000119
51766  -46.488  -37.156  -25.435 0.4000000060
49606  -32.221  -39.727  -24.829 0.6999999881
45103  -33.230  -42.290  -20.887 0.8000000119
48378  -32.742  -40.042  -24.678 0.6999999881
48371  -33.110  -39.990  -24.009 0.6999999881
159084  -33.331  -41.611  -22.021 0.8000000119
48353  -33.497  -40.279  -23.326 0.6999999881
47131  -33.776  -40.530  -22.608 0.6000000238
140265  -44.873  -36.500  -26.146 0.3000000119
165178  -40.462  -36.807  -26.044 0.4000000060
52745  -42.978  -36.433  -25.851 0.4000000060
140169  -44.021  -36.322  -25.167 0.4000000060
52747  -44.176  -36.427  -25.940 0.3000000119
52760  -39.832  -37.129  -26.781 0.4000000060
52761  -40.753  -37.102  -26.680 0.4000000060
52744  -42.178  -36.535  -25.876 0.4000000060
145300  -42.599  -36.334  -25.176 0.4000000060
160847  -38.926  -37.205  -27.252 0.4000000060
153311  -40.240  -37.930  -28.929 0.4000000060
51804  -39.724  -37.360  -29.320 0.5000000000
52770  -37.467  -37.022  -28.182 0.5000000000
53737  -39.164  -35.721  -28.507 0.4000000060
52780  -39.369  -36.803  -29.665 0.5000000000
51805  -40.710  -37.552  -29.166 0.5000000000
52782  -41.221  -36.820  -29.445 0.4000000060
144050  -41.659  -35.896  -29.563 0.5000000000
53729  -37.552  -35.680  -27.649 0.5000000000
53736  -38.124  -35.883  -28.264 0.4000000060
54837  -42.232  -34.152  -30.196 0.5000000000
56040  -42.727  -33.928  -29.824 0.5000000000
56038  -43.410  -33.899  -28.965 0.5000000000
56030  -45.377  -33.615  -27.334 0.5000000000
56018  -27.738  -33.671  -27.755 0.5000000000
56011  -45.082  -33.323  -26.882 0.5000000000
59471  -47.310  -31.162  -26.692 0.4000000060
58364  -28.461  -32.053  -28.726 0.6000000238
57231  -28.862  -32.845  -28.419 0.6000000238
153654  -48.965  -29.640  -27.570 0.3000000119
58372  -29.744  -31.571  -28.948 0.6000000238
59486  -30.296  -31.214  -28.959 0.6000000238
59497  -31.074  -30.806  -29.394 0.6000000238
61782  -49.274  -28.840  -27.793 0.3000000119
62958  -49.764  -28.202  -28.235 0.3000000119
61795  -32.649  -29.576  -30.344 0.6000000238
62964  -32.203  -28.730  -29.547 0.6000000238
154755  -32.150  -26.956  -29.384 0.6000000238
65484  -32.637  -26.694  -28.743 0.6000000238
155661  -33.057  -26.742  -28.125 0.6000000238
65499  -32.267  -26.133  -29.339 0.6000000238
65485  -33.101  -26.032  -28.256 0.5000000000
66770  -33.642  -25.470  -27.822 0.5000000000
67921  -34.075  -24.660  -27.573 0.4000000060
69033  -34.582  -23.556  -27.117 0.4000000060
147652  -34.225  -23.080  -27.629 0.4000000060
72328  -43.524  -21.307  -30.185 0.3000000119
162105  -43.887  -21.963  -31.275 0.3000000119
160001  -43.167  -23.784  -32.445 0.3000000119
69079  -43.078  -24.490  -32.640 0.3000000119
163263  -43.473  -25.442  -32.646 0.3000000119
74414  -36.493  -19.077  -22.956 0.3000000119
144607  -35.141  -19.083  -23.553 0.3000000119
48354  -47.852  -39.456  -22.448 0.4000000060
53747  -42.331  -35.408  -29.764 0.5000000000
29496  -39.961  -56.879  -22.720 0.4000000060
31321  -36.989  -55.274  -20.684 0.3000000119
32280  -37.316  -54.611  -20.918 0.3000000119
33253  -37.503  -53.209  -20.777 0.3000000119
146004  -37.828  -47.791  -24.384 0.4000000060
35214  -35.825  -51.484  -18.681 0.3000000119
38137  -37.937  -49.589  -20.207 0.3000000119
141127  -41.675  -45.382  -19.979 0.3000000119
42401  -40.237  -45.705  -20.421 0.3000000119
42478  -42.127  -44.962  -24.367 0.3000000119
43415  -42.688  -44.599  -25.669 0.3000000119
41363  -39.053  -47.304  -25.854 0.3000000119
42458  -39.855  -45.918  -23.445 0.3000000119
43406  -45.721  -45.879  -25.934 0.3000000119
41371  -38.323  -47.481  -26.568 0.3000000119
42489  -38.874  -46.311  -26.675 0.3000000119
42387  -37.327  -45.709  -19.812 0.6000000238
150489  -44.616  -44.072  -23.142 0.4000000060
43375  -38.407  -45.015  -22.760 0.3000000119
149719  -45.148  -43.133  -20.065 0.4000000060
44208  -39.395  -43.818  -21.761 0.4000000060
44173  -38.770  -44.127  -19.991 0.4000000060
166094  -42.944  -42.869  -20.602 0.4000000060
43320  -36.398  -44.478  -17.489 0.6999999881
161939  -34.040  -46.142  -18.381 0.6999999881
139031  -40.909  -42.767  -19.969 0.4000000060
44145  -37.337  -43.727  -17.264 0.6000000238
165219  -46.030  -39.710  -20.306 0.4000000060
49564  -46.898  -39.481  -21.246 0.4000000060
146046  -47.473  -38.864  -22.500 0.4000000060
140924  -27.540  -42.154  -23.736 0.3000000119
141923  -37.594  -42.767  -16.715 0.6000000238
43317  -34.410  -44.120  -17.762 0.6999999881
162999  -33.955  -45.062  -18.263 0.6999999881
161566  -42.070  -40.625  -17.976 0.5000000000
50658  -45.029  -37.814  -20.875 0.4000000060
47073  -36.360  -41.089  -16.481 0.6999999881
48317  -34.623  -40.031  -19.559 0.6000000238
50656  -34.648  -38.424  -21.011 0.6000000238
157998  -33.711  -40.968  -21.814 0.6999999881
46076  -33.500  -41.629  -21.280 0.6999999881
49581  -33.812  -39.342  -22.520 0.6000000238
52749  -45.987  -36.800  -25.721 0.4000000060
52748  -45.408  -36.544  -25.527 0.3000000119
50609  -35.982  -38.468  -17.656 0.6000000238
49521  -36.412  -38.743  -17.006 0.6000000238
159645  -36.908  -38.981  -16.636 0.6999999881
164844  -34.839  -38.919  -20.046 0.6000000238
49607  -32.602  -39.415  -24.300 0.6999999881
49580  -33.385  -38.843  -22.855 0.6999999881
47143  -33.455  -40.856  -23.366 0.8000000119
50603  -38.102  -38.168  -16.568 0.4000000060
52662  -42.328  -37.028  -20.597 0.3000000119
52686  -42.706  -36.493  -21.869 0.3000000119
52728  -43.665  -36.329  -24.526 0.3000000119
51662  -37.448  -37.118  -17.247 0.5000000000
52634  -38.939  -36.732  -17.535 0.5000000000
51772  -29.641  -37.287  -25.973 0.6999999881
140305  -40.813  -36.444  -19.907 0.4000000060
53717  -40.092  -35.921  -25.178 0.4000000060
52684  -41.323  -36.133  -22.288 0.4000000060
52685  -41.947  -36.362  -22.015 0.4000000060
167306  -39.727  -34.750  -24.389 0.5000000000
52715  -42.057  -36.309  -23.736 0.4000000060
52705  -41.936  -36.275  -23.116 0.4000000060
52743  -41.252  -36.641  -25.781 0.4000000060
53620  -36.821  -35.831  -18.589 0.5000000000
53623  -39.249  -35.802  -18.632 0.5000000000
52757  -29.615  -36.488  -26.234 0.6999999881
55944  -39.028  -33.687  -22.010 0.5000000000
53698  -31.132  -35.484  -24.620 0.8000000119
53730  -37.881  -36.002  -27.200 0.5000000000
56036  -41.431  -34.181  -28.523 0.5000000000
52781  -40.318  -36.631  -29.513 0.5000000000
159685  -27.956  -34.745  -27.039 0.5000000000
55930  -36.516  -33.566  -20.955 0.5000000000
54816  -37.076  -34.719  -27.100 0.5000000000
54831  -37.548  -35.877  -27.961 0.4000000060
54827  -38.885  -35.140  -27.707 0.4000000060
54781  -32.374  -34.556  -23.453 0.8000000119
151246  -28.099  -34.233  -27.459 0.5000000000
54815  -36.550  -34.131  -27.154 0.5000000000
57203  -42.428  -32.679  -26.683 0.4000000060
160190  -29.756  -33.696  -27.167 0.6999999881
57223  -44.524  -33.604  -27.339 0.5000000000
56033  -28.362  -33.336  -28.147 0.5000000000
58358  -36.060  -32.532  -27.456 0.5000000000
57186  -37.744  -32.537  -26.199 0.4000000060
57169  -33.458  -32.072  -24.177 0.6999999881
58314  -33.907  -31.604  -25.782 0.6999999881
58297  -33.747  -31.791  -24.813 0.6999999881
59481  -34.601  -30.716  -28.386 0.6000000238
142735  -37.808  -32.063  -25.532 0.4000000060
59470  -36.051  -31.624  -27.092 0.5000000000
59468  -35.245  -31.342  -27.777 0.6999999881
59454  -43.026  -30.752  -25.465 0.4000000060
151910  -46.777  -30.615  -26.379 0.4000000060
59436  -36.600  -30.985  -25.060 0.6000000238
58301  -38.136  -31.763  -24.930 0.4000000060
59449  -35.777  -30.938  -26.435 0.6000000238
61779  -34.727  -29.651  -27.964 0.6000000238
150931  -37.723  -31.276  -24.565 0.5000000000
60552  -39.992  -30.120  -23.690 0.4000000060
60559  -40.786  -30.182  -24.807 0.4000000060
61756  -35.198  -29.788  -26.006 0.6000000238
147791  -43.589  -28.863  -25.401 0.3000000119
164632  -34.836  -29.414  -26.296 0.6000000238
61790  -34.432  -29.861  -28.458 0.6000000238
62935  -34.419  -28.702  -26.262 0.6000000238
61762  -46.254  -29.442  -26.291 0.3000000119
62949  -48.757  -28.342  -27.786 0.3000000119
166740  -35.835  -30.075  -24.980 0.6000000238
60557  -35.473  -29.574  -25.152 0.6000000238
158419  -33.914  -29.510  -28.617 0.6000000238
61761  -45.161  -29.014  -25.758 0.3000000119
61769  -46.284  -28.697  -26.640 0.3000000119
60544  -38.000  -29.816  -23.042 0.6000000238
62927  -41.884  -28.474  -25.573 0.4000000060
159558  -43.302  -28.201  -25.490 0.3000000119
154665  -44.812  -28.297  -25.781 0.3000000119
62934  -33.945  -28.026  -26.687 0.6000000238
62937  -45.563  -28.408  -26.216 0.3000000119
61732  -37.556  -29.142  -22.785 0.5000000000
61733  -38.423  -29.182  -22.784 0.5000000000
64178  -41.125  -27.497  -24.380 0.4000000060
64187  -34.871  -27.357  -25.050 0.5000000000
62887  -38.284  -28.059  -22.307 0.4000000060
62886  -37.554  -28.328  -22.455 0.4000000060
164409  -39.475  -27.980  -22.540 0.4000000060
158475  -41.683  -26.695  -25.429 0.3000000119
64176  -35.726  -27.638  -23.611 0.5000000000
65465  -43.889  -26.026  -25.975 0.3000000119
66736  -43.413  -25.535  -25.946 0.3000000119
65413  -35.927  -26.372  -23.185 0.4000000060
65428  -35.552  -26.279  -24.005 0.4000000060
146983  -41.049  -25.490  -23.396 0.3000000119
66689  -35.711  -25.641  -23.588 0.3000000119
144304  -35.439  -25.250  -24.694 0.3000000119
67923  -44.115  -24.281  -26.835 0.3000000119
67944  -45.918  -24.803  -29.535 0.3000000119
67846  -39.153  -24.704  -22.096 0.3000000119
162217  -36.039  -24.313  -22.925 0.3000000119
67893  -42.357  -24.719  -25.529 0.3000000119
167453  -35.532  -23.671  -24.588 0.3000000119
67934  -45.107  -24.254  -28.235 0.3000000119
159995  -34.896  -24.329  -25.956 0.4000000060
68959  -36.770  -23.552  -22.197 0.3000000119
70103  -41.979  -23.426  -25.330 0.3000000119
70146  -44.475  -23.065  -28.307 0.3000000119
67961  -45.376  -24.733  -31.125 0.3000000119
70080  -40.311  -22.700  -23.443 0.3000000119
71118  -36.150  -22.578  -22.373 0.3000000119
158493  -36.349  -23.150  -22.344 0.3000000119
71148  -40.968  -22.043  -25.033 0.3000000119
143638  -35.941  -21.838  -22.456 0.3000000119
67969  -44.079  -24.673  -32.094 0.3000000119
162782  -38.971  -21.938  -22.627 0.3000000119
72270  -40.810  -21.547  -25.726 0.3000000119
72214  -35.758  -21.061  -22.626 0.3000000119
72305  -42.668  -21.244  -28.443 0.3000000119
72318  -43.422  -21.389  -29.404 0.3000000119
142650  -44.764  -23.158  -31.149 0.3000000119
70174  -43.646  -23.263  -32.049 0.3000000119
67968  -43.561  -24.894  -32.491 0.3000000119
65529  -43.411  -26.430  -32.744 0.3000000119
73282  -39.788  -20.782  -24.059 0.3000000119
144372  -39.679  -20.172  -24.309 0.3000000119
73279  -35.113  -19.942  -23.426 0.3000000119
74439  -34.629  -19.528  -24.148 0.3000000119
30448  -39.085  -55.498  -24.665 0.4000000060
45080  -32.902  -43.043  -20.489 0.8000000119
46092  -33.373  -41.326  -22.856 0.8000000119
51793  -41.082  -38.054  -28.937 0.4000000060
147032  -32.779  -25.884  -28.784 0.5000000000
51790  -37.671  -37.292  -28.771 0.4000000060
51792  -39.292  -37.771  -29.029 0.4000000060
53752  -45.045  -35.225  -30.902 0.3000000119
54843  -44.513  -34.747  -30.375 0.4000000060
54845  -46.549  -34.636  -31.295 0.3000000119
164828  -43.369  -34.151  -30.215 0.4000000060
54838  -42.958  -34.103  -30.289 0.4000000060
54841  -47.141  -34.064  -30.426 0.3000000119
54840  -44.968  -34.469  -29.957 0.4000000060
53740  -38.328  -36.501  -29.131 0.3000000119
161786  -43.923  -34.042  -29.271 0.4000000060
54839  -43.972  -34.312  -29.970 0.4000000060
143656  -45.903  -33.878  -27.884 0.3000000119
143182  -45.052  -33.950  -28.072 0.4000000060
162432  -47.618  -33.044  -27.937 0.3000000119
56031  -46.699  -33.568  -27.807 0.3000000119
155215  -44.200  -33.930  -28.348 0.4000000060
139044  -48.619  -31.732  -27.662 0.3000000119
58350  -47.805  -31.648  -27.091 0.3000000119
58349  -47.202  -31.881  -26.821 0.3000000119
58365  -29.322  -32.199  -28.615 0.5000000000
59482  -48.768  -31.052  -27.529 0.3000000119
58348  -46.446  -32.099  -26.497 0.3000000119
60612  -28.389  -29.735  -30.267 0.5000000000
59500  -29.692  -30.776  -29.766 0.5000000000
60613  -29.583  -30.121  -30.223 0.5000000000
59496  -30.115  -31.034  -29.483 0.5000000000
61791  -50.345  -29.752  -28.270 0.3000000119
60580  -48.116  -30.484  -27.128 0.3000000119
60614  -30.572  -30.555  -30.162 0.5000000000
61806  -32.210  -29.674  -30.655 0.5000000000
146994  -30.101  -27.786  -31.146 0.5000000000
64241  -30.878  -27.689  -30.891 0.5000000000
62981  -30.532  -28.314  -30.945 0.5000000000
64248  -30.038  -27.028  -31.185 0.5000000000
64247  -29.304  -27.576  -31.210 0.5000000000
160378  -31.473  -28.022  -30.465 0.5000000000
65508  -30.923  -26.758  -30.906 0.4000000060
64242  -31.442  -27.184  -30.486 0.5000000000
65519  -30.372  -26.240  -31.117 0.4000000060
66794  -30.664  -25.567  -31.124 0.4000000060
66787  -31.199  -25.522  -30.730 0.4000000060
69073  -30.702  -23.638  -31.349 0.4000000060
67951  -31.389  -24.887  -30.556 0.5000000000
67959  -30.860  -24.715  -31.100 0.4000000060
66779  -32.096  -25.385  -29.651 0.4000000060
166262  -31.707  -23.919  -30.242 0.5000000000
66788  -31.662  -25.467  -30.242 0.4000000060
69063  -31.000  -23.118  -31.016 0.3000000119
67952  -31.833  -24.613  -30.074 0.4000000060
66769  -33.154  -25.259  -28.492 0.4000000060
67942  -32.418  -24.678  -29.422 0.3000000119
70161  -31.313  -22.257  -30.343 0.3000000119
69054  -32.395  -23.096  -29.457 0.3000000119
145920  -33.363  -23.904  -28.526 0.3000000119
67933  -33.779  -24.198  -28.118 0.3000000119
67943  -32.845  -24.033  -29.082 0.3000000119
70154  -31.839  -22.211  -29.855 0.3000000119
71208  -32.551  -22.213  -29.203 0.3000000119
69032  -34.218  -23.850  -27.642 0.3000000119
70144  -33.247  -22.659  -28.579 0.3000000119
69045  -33.043  -23.255  -28.814 0.3000000119
69046  -33.736  -23.372  -28.220 0.3000000119
71190  -33.069  -21.788  -28.677 0.3000000119
149192  -33.716  -22.466  -28.133 0.3000000119
71176  -34.063  -22.195  -27.490 0.3000000119
51814  -45.214  -37.189  -31.362 0.3000000119
53748  -43.203  -35.789  -29.795 0.4000000060
61794  -27.388  -29.464  -29.789 0.4000000060
61802  -28.347  -29.100  -30.711 0.5000000000
62979  -28.499  -28.079  -31.132 0.4000000060
65517  -29.179  -26.877  -31.175 0.5000000000
67958  -30.291  -25.051  -31.356 0.5000000000
158314  -38.615  -36.839  -29.578 0.4000000060
51782  -39.812  -37.968  -28.451 0.4000000060
53739  -37.485  -36.651  -28.767 0.3000000119
52783  -42.045  -36.953  -29.491 0.4000000060
56041  -43.356  -34.030  -29.939 0.4000000060
57207  -46.132  -32.831  -26.775 0.3000000119
58371  -29.127  -31.584  -28.976 0.5000000000
145332  -29.568  -31.220  -29.301 0.5000000000
159566  -30.710  -30.830  -29.746 0.5000000000
60604  -31.502  -30.495  -30.256 0.5000000000
62974  -31.782  -28.874  -30.105 0.5000000000
64233  -31.862  -27.707  -29.898 0.5000000000
65498  -31.823  -26.697  -29.920 0.5000000000
66780  -32.642  -25.360  -29.110 0.4000000060
155003  -33.628  -24.820  -28.117 0.3000000119
52788  -45.780  -36.012  -31.537 0.3000000119
54844  -45.415  -34.718  -30.744 0.3000000119
54842  -43.536  -34.526  -30.172 0.4000000060
53751  -44.198  -35.463  -30.303 0.4000000060
166026  -42.600  -36.485  -29.626 0.4000000060
54835  -45.633  -34.175  -28.940 0.3000000119
142106  -45.961  -34.350  -30.166 0.3000000119
58360  -48.037  -32.304  -27.586 0.3000000119
57208  -47.015  -32.580  -27.074 0.3000000119
60588  -49.562  -30.788  -27.831 0.3000000119
161274  -28.414  -31.367  -29.008 0.5000000000
60602  -28.087  -30.223  -29.554 0.5000000000
59495  -28.847  -30.930  -29.371 0.5000000000
61803  -29.175  -29.438  -30.654 0.5000000000
61804  -30.403  -29.745  -30.504 0.5000000000
139497  -31.352  -30.235  -30.521 0.5000000000
61805  -31.440  -29.702  -30.671 0.5000000000
61812  -29.694  -29.105  -30.804 0.5000000000
61811  -28.806  -28.825  -30.971 0.5000000000
65509  -31.447  -26.263  -30.462 0.4000000060
62973  -31.221  -28.808  -30.512 0.4000000060
147031  -31.867  -25.998  -29.927 0.5000000000
145462  -32.916  -24.782  -28.935 0.3000000119
69053  -31.876  -22.900  -30.028 0.3000000119
160050  -32.481  -42.683  -24.705 0.6999999881
46075  -33.089  -42.163  -21.708 0.6999999881
46081  -33.026  -42.056  -22.589 0.6999999881
45130  -32.668  -42.632  -23.214 0.6999999881
46091  -33.043  -42.015  -23.648 0.6999999881
45151  -32.704  -42.375  -24.927 0.6999999881
46107  -33.098  -42.003  -24.648 0.6999999881
46115  -32.895  -41.832  -25.129 0.6999999881
46114  -32.424  -41.981  -25.203 0.6999999881
52763  -42.535  -36.700  -26.667 0.3000000119
52773  -42.773  -37.113  -27.530 0.3000000119
52772  -41.971  -37.263  -27.558 0.3000000119
51786  -42.802  -37.699  -28.377 0.3000000119
51794  -41.780  -38.075  -29.061 0.3000000119
47159  -33.373  -40.741  -24.137 0.6999999881
47158  -33.178  -41.274  -24.879 0.6999999881
52762  -41.656  -36.872  -26.670 0.3000000119
51784  -41.446  -37.955  -28.452 0.3000000119
51785  -42.155  -37.846  -28.467 0.3000000119
51808  -42.676  -38.440  -29.670 0.3000000119
51812  -43.350  -38.328  -29.900 0.3000000119
47166  -33.052  -40.582  -24.764 0.6000000238
138915  -32.560  -40.463  -25.116 0.6999999881
51775  -40.264  -37.618  -27.606 0.3000000119
52771  -41.142  -37.466  -27.562 0.3000000119
51807  -42.266  -38.027  -29.363 0.3000000119
52784  -42.728  -37.604  -29.765 0.3000000119
52786  -43.722  -36.967  -30.109 0.3000000119
51806  -41.524  -37.818  -29.235 0.3000000119
51774  -39.346  -37.652  -27.800 0.3000000119
51791  -38.391  -37.577  -28.976 0.3000000119
144532  -33.044  -44.036  -19.317 0.6999999881
44172  -32.507  -43.851  -20.463 0.6999999881
44246  -31.632  -43.630  -23.948 0.6999999881
45102  -32.786  -42.807  -21.397 0.6999999881
45118  -32.714  -42.655  -22.247 0.6999999881
45144  -32.688  -42.664  -24.336 0.6999999881
45150  -32.205  -42.662  -24.795 0.6999999881
46113  -31.698  -42.082  -24.825 0.6999999881
52764  -43.437  -36.595  -26.586 0.3000000119
52774  -43.475  -37.165  -27.639 0.3000000119
51787  -43.194  -38.043  -28.898 0.3000000119
141674  -43.341  -38.649  -29.661 0.3000000119
51813  -44.274  -37.804  -30.568 0.3000000119
52787  -44.709  -36.419  -30.713 0.3000000119
51795  -42.392  -38.148  -29.230 0.3000000119
36245  -36.255  -50.789  -22.920 0.4000000060
143092  -35.775  -50.325  -21.420 0.4000000060
37206  -36.092  -49.526  -21.665 0.4000000060
37221  -36.854  -49.129  -23.180 0.4000000060
36232  -35.466  -51.043  -21.212 0.4000000060
39217  -35.762  -48.047  -20.317 0.5000000000
167055  -35.688  -48.646  -20.489 0.4000000060
38136  -35.908  -49.043  -21.052 0.4000000060
37207  -36.616  -49.158  -22.471 0.4000000060
37193  -35.517  -49.761  -20.885 0.4000000060
36218  -35.195  -50.473  -20.731 0.4000000060
39230  -36.286  -48.296  -21.180 0.4000000060
38135  -35.324  -49.215  -20.321 0.5000000000
37192  -34.938  -49.897  -20.230 0.5000000000
39216  -35.172  -48.554  -19.729 0.5000000000
37181  -34.355  -49.973  -19.645 0.5000000000
36205  -34.020  -50.514  -19.592 0.5000000000
36216  -34.005  -51.203  -19.726 0.5000000000
38125  -34.720  -49.296  -19.668 0.5000000000
163027  -34.725  -48.096  -19.163 0.6000000238
38124  -34.005  -49.390  -19.206 0.5000000000
146256  -33.234  -49.435  -18.917 0.6000000238
37180  -33.649  -50.029  -19.250 0.5000000000
38122  -31.999  -48.678  -18.972 0.5000000000
146694  -34.691  -47.627  -18.899 0.6000000238
39206  -34.305  -48.647  -19.095 0.6000000238
39188  -34.174  -47.905  -18.752 0.6000000238
163341  -33.617  -48.901  -18.856 0.5000000000
38123  -32.876  -48.680  -18.744 0.6000000238
39215  -30.640  -47.817  -20.972 0.5000000000
39203  -31.050  -47.904  -19.957 0.5000000000
40228  -31.522  -47.321  -19.576 0.5000000000
40244  -31.078  -47.151  -20.396 0.5000000000
42473  -30.376  -45.827  -23.934 0.4000000060
158202  -30.745  -45.000  -23.823 0.5000000000
40212  -33.506  -47.567  -18.609 0.6000000238
38108  -33.585  -48.292  -18.714 0.5000000000
42474  -30.840  -45.842  -23.638 0.5000000000
39187  -33.000  -47.981  -18.669 0.6000000238
39205  -32.363  -48.031  -18.800 0.6000000238
154738  -32.046  -47.513  -19.030 0.6000000238
153886  -30.999  -46.992  -22.303 0.5000000000
40245  -31.535  -46.603  -19.907 0.5000000000
43400  -29.930  -45.066  -23.973 0.4000000060
152062  -29.600  -45.795  -23.959 0.4000000060
146531  -30.401  -44.342  -23.946 0.5000000000
150429  -33.377  -46.771  -18.510 0.6000000238
43385  -31.088  -45.111  -23.391 0.5000000000
40230  -32.694  -47.322  -18.712 0.6000000238
40229  -32.043  -46.885  -19.168 0.6000000238
40259  -30.983  -47.055  -21.369 0.5000000000
41316  -31.226  -46.414  -20.778 0.5000000000
153250  -31.152  -46.365  -21.741 0.5000000000
150767  -29.577  -44.247  -23.900 0.4000000060
44244  -29.893  -43.671  -23.939 0.5000000000
42472  -29.172  -45.253  -23.897 0.4000000060
44245  -30.718  -43.598  -24.097 0.5000000000
44259  -31.555  -43.267  -24.359 0.5000000000
43401  -31.209  -44.373  -23.619 0.5000000000
42367  -33.146  -45.322  -18.699 0.6000000238
41272  -33.220  -45.962  -18.559 0.6000000238
161810  -31.408  -44.562  -23.163 0.5000000000
42455  -31.088  -45.779  -23.023 0.5000000000
42385  -32.559  -45.567  -19.092 0.6000000238
149200  -32.017  -46.132  -19.433 0.6000000238
41300  -31.630  -45.888  -20.217 0.5000000000
42438  -31.226  -45.709  -22.135 0.5000000000
41317  -31.422  -45.629  -21.142 0.5000000000
45143  -32.148  -42.991  -24.396 0.6000000238
147060  -31.674  -43.967  -23.346 0.5000000000
43336  -32.921  -44.738  -19.120 0.6000000238
43386  -31.729  -44.283  -22.583 0.5000000000
42456  -31.346  -45.006  -22.547 0.5000000000
42384  -32.310  -44.956  -19.733 0.6000000238
42398  -31.883  -45.223  -20.397 0.5000000000
42439  -31.497  -45.147  -21.736 0.5000000000
43362  -31.809  -44.879  -21.108 0.5000000000
45142  -30.813  -42.846  -24.280 0.4000000060
43399  -29.084  -44.667  -23.878 0.4000000060
44247  -32.125  -43.218  -23.614 0.6000000238
44222  -32.030  -43.610  -22.688 0.6000000238
155517  -31.772  -44.573  -21.819 0.5000000000
43343  -32.190  -44.558  -20.439 0.6000000238
46106  -30.908  -42.128  -24.412 0.4000000060
45149  -31.522  -42.685  -24.589 0.5000000000
45141  -30.028  -42.988  -24.001 0.4000000060
44223  -32.352  -43.059  -22.740 0.6000000238
44206  -32.079  -43.906  -21.885 0.5000000000
41346  -31.005  -46.482  -23.382 0.5000000000
150983  -28.905  -44.075  -23.848 0.4000000060
43337  -33.461  -44.229  -18.787 0.6000000238
44162  -32.913  -43.582  -19.800 0.6000000238
43335  -32.580  -44.257  -19.776 0.6000000238
44192  -32.441  -43.501  -21.205 0.6000000238
44207  -32.374  -43.238  -21.996 0.6000000238
36204  -33.387  -50.706  -19.312 0.5000000000
153264  -31.075  -44.037  -23.882 0.5000000000
41286  -32.613  -46.445  -18.785 0.6000000238
163153  -32.035  -45.529  -19.748 0.6000000238
44171  -32.129  -44.213  -21.145 0.5000000000
43347  -44.871  -44.166  -20.513 0.3000000119
43365  -44.716  -44.495  -21.227 0.3000000119
43348  -45.496  -44.434  -20.301 0.3000000119
44179  -45.804  -43.755  -20.111 0.3000000119
42406  -45.190  -44.947  -20.644 0.3000000119
150828  -46.552  -43.941  -20.055 0.3000000119
44197  -48.136  -43.311  -20.882 0.3000000119
45087  -45.841  -42.879  -20.010 0.3000000119
45088  -46.567  -42.714  -20.082 0.3000000119
44180  -46.930  -43.323  -20.138 0.3000000119
45123  -48.567  -42.338  -21.834 0.3000000119
47127  -47.841  -41.357  -21.267 0.3000000119
46064  -47.613  -42.017  -20.654 0.3000000119
49617  -48.303  -39.060  -25.984 0.3000000119
50713  -47.922  -38.634  -25.751 0.3000000119
49627  -47.441  -38.733  -27.091 0.3000000119
151170  -46.958  -37.672  -25.873 0.3000000119
142156  -47.059  -38.259  -27.014 0.3000000119
50722  -47.389  -38.300  -26.332 0.3000000119
142842  -46.294  -37.523  -27.031 0.3000000119
36217  -34.574  -50.639  -20.105 0.4000000060
43377  -44.800  -44.701  -22.342 0.3000000119
148520  -46.560  -45.243  -20.238 0.3000000119
147390  -34.534  -51.281  -20.200 0.4000000060
43351  -47.635  -44.540  -20.318 0.3000000119
153750  -47.963  -43.888  -20.561 0.3000000119
47133  -48.221  -40.981  -22.008 0.3000000119
48355  -48.343  -39.978  -22.866 0.3000000119
162240  -48.218  -38.891  -24.528 0.3000000119
49608  -48.416  -39.036  -25.247 0.3000000119
49609  -48.942  -39.494  -25.188 0.3000000119
49622  -48.469  -39.360  -26.548 0.3000000119
49628  -48.016  -39.298  -27.289 0.3000000119
50729  -46.917  -38.506  -27.641 0.3000000119
43350  -46.893  -44.587  -20.122 0.3000000119
45108  -48.447  -42.914  -21.438 0.3000000119
28514  -27.194  -57.695  -22.142 0.4000000060
30439  -27.199  -56.682  -22.146 0.3000000119
31340  -27.703  -55.392  -22.128 0.3000000119
32301  -27.742  -54.406  -22.059 0.3000000119
37191  -30.416  -49.550  -20.409 0.4000000060
38134  -30.610  -48.679  -20.356 0.4000000060
153217  -30.565  -50.189  -19.871 0.4000000060
36201  -30.871  -50.882  -19.554 0.4000000060
39229  -30.535  -48.177  -21.752 0.4000000060
37177  -30.916  -49.472  -19.622 0.4000000060
152949  -31.594  -49.334  -19.155 0.4000000060
155676  -31.148  -50.191  -19.394 0.4000000060
37178  -31.889  -50.071  -19.111 0.4000000060
40303  -29.276  -47.582  -23.504 0.3000000119
40276  -30.727  -47.614  -21.961 0.4000000060
39204  -31.676  -48.006  -19.241 0.4000000060
158060  -29.470  -46.915  -23.778 0.3000000119
41359  -29.143  -46.331  -23.807 0.3000000119
38121  -31.255  -48.659  -19.485 0.4000000060
41361  -30.653  -46.533  -23.812 0.4000000060
151753  -30.445  -48.497  -21.252 0.4000000060
29509  -40.300  -56.798  -24.313 0.3000000119
140498  -39.736  -56.394  -24.489 0.3000000119
31359  -38.379  -55.061  -24.781 0.3000000119
33294  -38.160  -52.912  -24.767 0.3000000119
35273  -37.244  -51.577  -25.012 0.3000000119
33286  -36.230  -53.061  -23.781 0.3000000119
33285  -36.120  -53.746  -23.291 0.3000000119
158722  -35.906  -54.242  -22.881 0.3000000119
34268  -36.207  -52.351  -23.414 0.3000000119
33278  -36.105  -53.013  -22.824 0.3000000119
33277  -35.876  -53.664  -22.414 0.3000000119
35261  -36.178  -51.579  -23.200 0.3000000119
34267  -35.851  -52.191  -22.400 0.3000000119
152229  -35.701  -52.968  -21.942 0.3000000119
36244  -35.895  -50.908  -21.966 0.3000000119
35247  -35.258  -51.698  -21.012 0.3000000119
35274  -37.921  -51.466  -25.100 0.3000000119
155391  -35.647  -51.613  -21.710 0.3000000119
32322  -37.552  -53.867  -24.870 0.3000000119
27526  -38.045  -58.644  -21.194 0.3000000119
27528  -27.146  -58.584  -22.073 0.4000000060
27534  -38.875  -58.484  -21.655 0.4000000060
27543  -41.372  -58.230  -23.350 0.4000000060
28506  -27.083  -58.095  -21.961 0.4000000060
28513  -40.840  -57.815  -22.955 0.4000000060
28524  -40.504  -57.344  -24.404 0.3000000119
29495  -39.063  -57.140  -21.913 0.4000000060
29498  -26.958  -57.093  -21.937 0.3000000119
29499  -27.275  -57.324  -22.193 0.4000000060
30413  -36.633  -55.944  -20.407 0.3000000119
30446  -39.561  -55.876  -24.567 0.3000000119
31357  -39.029  -54.908  -24.558 0.4000000060
33268  -38.395  -53.185  -22.241 0.4000000060
33291  -38.453  -53.196  -24.557 0.4000000060
33293  -37.637  -53.104  -24.915 0.3000000119
34253  -35.480  -52.299  -21.467 0.3000000119
34283  -37.773  -52.330  -24.972 0.3000000119
35260  -35.976  -51.452  -22.391 0.3000000119
36195  -36.337  -50.532  -19.034 0.3000000119
36252  -36.737  -49.652  -23.808 0.4000000060
37235  -38.319  -49.023  -25.199 0.4000000060
40217  -38.131  -47.221  -18.757 0.3000000119
40232  -36.137  -46.951  -19.740 0.6000000238
40302  -28.599  -46.840  -23.515 0.5000000000
40306  -38.366  -47.760  -26.058 0.3000000119
41276  -39.321  -46.043  -18.769 0.3000000119
41332  -31.097  -46.394  -22.648 0.5000000000
41362  -37.951  -46.985  -25.928 0.3000000119
42373  -39.546  -45.663  -17.900 0.3000000119
42375  -40.967  -45.366  -18.210 0.3000000119
42407  -45.828  -45.268  -20.397 0.3000000119
42475  -38.100  -46.695  -26.425 0.3000000119
42488  -38.430  -46.891  -26.838 0.3000000119
42492  -44.145  -45.463  -26.342 0.3000000119
43349  -46.169  -44.552  -20.156 0.3000000119
43389  -44.990  -44.400  -24.276 0.3000000119
43405  -45.347  -44.962  -25.426 0.3000000119
43417  -45.476  -45.708  -26.466 0.3000000119
43422  -41.610  -44.089  -25.714 0.4000000060
43424  -43.548  -44.805  -26.069 0.3000000119
43426  -45.079  -45.556  -26.675 0.3000000119
44133  -37.138  -43.287  -16.856 0.6000000238
44174  -39.221  -43.610  -20.281 0.4000000060
44177  -44.497  -43.410  -20.328 0.4000000060
44181  -47.612  -43.304  -20.413 0.3000000119
44198  -48.557  -43.737  -21.239 0.3000000119
44226  -40.994  -43.403  -23.322 0.4000000060
44230  -44.276  -43.682  -23.966 0.3000000119
44243  -29.142  -43.599  -23.871 0.5000000000
44250  -41.087  -43.708  -24.861 0.4000000060
44263  -41.742  -43.849  -25.351 0.4000000060
44265  -43.591  -43.933  -25.447 0.4000000060
44271  -43.903  -44.554  -26.009 0.3000000119
44272  -44.604  -44.856  -26.213 0.3000000119
45061  -39.521  -42.889  -18.637 0.4000000060
45070  -41.284  -42.501  -19.296 0.4000000060
45072  -43.080  -42.412  -19.549 0.4000000060
45083  -41.305  -42.850  -20.654 0.4000000060
45085  -43.859  -42.967  -20.222 0.4000000060
45089  -47.280  -42.670  -20.320 0.3000000119
45090  -47.930  -42.708  -20.760 0.3000000119
45105  -41.768  -42.906  -21.332 0.4000000060
45109  -48.900  -42.784  -22.062 0.3000000119
45121  -42.942  -43.113  -22.549 0.4000000060
46023  -39.027  -41.332  -16.418 0.6000000238
46045  -43.275  -41.525  -18.848 0.4000000060
46062  -46.514  -41.318  -20.114 0.4000000060
46077  -48.162  -42.163  -21.308 0.3000000119
46108  -33.371  -41.395  -24.010 0.6999999881
47077  -39.271  -40.650  -16.249 0.5000000000
47078  -40.103  -40.690  -16.664 0.5000000000
47085  -35.122  -40.931  -17.579 0.6999999881
47094  -41.866  -41.222  -18.015 0.5000000000
47101  -34.511  -40.698  -19.343 0.6000000238
47103  -44.488  -40.941  -19.321 0.4000000060
47113  -46.185  -40.598  -20.064 0.4000000060
47126  -47.340  -40.811  -20.960 0.4000000060
47165  -32.646  -41.215  -25.284 0.6999999881
48288  -36.892  -40.336  -16.279 0.6999999881
48303  -41.240  -40.074  -17.368 0.5000000000
48304  -41.860  -40.080  -17.808 0.5000000000
48311  -42.423  -40.147  -18.209 0.4000000060
48320  -45.351  -40.245  -19.684 0.4000000060
48325  -45.189  -39.629  -19.819 0.4000000060
48326  -45.813  -39.982  -20.069 0.4000000060
48337  -33.941  -40.315  -21.880 0.6000000238
48345  -48.055  -40.231  -22.191 0.4000000060
49513  -37.568  -38.765  -16.436 0.6999999881
49514  -38.372  -38.827  -16.267 0.5000000000
49515  -39.081  -39.025  -16.291 0.6000000238
49532  -42.754  -39.548  -18.528 0.4000000060
49539  -35.001  -39.171  -19.130 0.6000000238
49540  -43.395  -38.755  -19.264 0.4000000060
49541  -43.986  -39.189  -19.401 0.4000000060
49542  -44.485  -39.691  -19.442 0.4000000060
49562  -46.113  -38.556  -21.180 0.4000000060
49570  -46.677  -38.821  -21.523 0.4000000060
49571  -47.254  -39.151  -21.925 0.4000000060
49599  -33.428  -39.600  -23.144 0.6999999881
49600  -47.709  -38.584  -23.569 0.4000000060
49601  -48.148  -39.062  -23.776 0.4000000060
49618  -48.774  -39.423  -25.851 0.3000000119
49621  -47.930  -38.889  -26.500 0.3000000119
50601  -36.995  -38.381  -16.784 0.6000000238
50602  -37.520  -38.121  -16.701 0.6000000238
50613  -40.191  -38.199  -17.198 0.4000000060
50632  -42.736  -38.455  -19.075 0.4000000060
50640  -34.882  -38.506  -20.253 0.6000000238
50673  -46.669  -37.923  -22.594 0.4000000060
50674  -47.285  -38.370  -23.007 0.4000000060
50704  -47.464  -38.046  -24.618 0.4000000060
50705  -47.914  -38.513  -24.970 0.3000000119
50721  -46.810  -37.808  -26.658 0.3000000119
50728  -46.564  -37.995  -27.352 0.3000000119
51656  -37.807  -37.596  -16.844 0.5000000000
51677  -41.181  -37.094  -19.456 0.4000000060
51679  -42.409  -37.845  -19.433 0.4000000060
51683  -35.246  -37.351  -19.928 0.6000000238
51685  -41.953  -37.283  -19.913 0.3000000119
51699  -43.060  -37.205  -20.555 0.4000000060
51701  -44.535  -37.231  -21.142 0.4000000060
51702  -45.121  -37.351  -21.424 0.4000000060
51717  -46.041  -37.565  -22.238 0.4000000060
51729  -45.152  -36.833  -22.474 0.4000000060
51730  -45.643  -37.062  -22.716 0.4000000060
51753  -46.461  -37.150  -24.630 0.4000000060
51754  -47.021  -37.577  -25.034 0.4000000060
51780  -37.304  -37.055  -28.613 0.4000000060
51781  -38.234  -37.486  -28.141 0.4000000060
51783  -40.671  -37.974  -28.427 0.4000000060
51802  -37.882  -37.132  -29.195 0.4000000060
51803  -38.640  -37.199  -29.463 0.3000000119
52631  -37.051  -36.698  -17.725 0.5000000000
52632  -37.733  -36.533  -17.600 0.5000000000
52642  -38.053  -36.026  -18.054 0.5000000000
52649  -35.694  -36.126  -19.560 0.6000000238
52652  -40.483  -36.580  -19.207 0.5000000000
52660  -41.079  -36.323  -20.630 0.4000000060
52661  -41.709  -36.643  -20.743 0.4000000060
52716  -43.880  -36.341  -23.841 0.3000000119
52717  -45.210  -36.550  -23.910 0.4000000060
52718  -45.862  -36.757  -24.252 0.4000000060
52724  -31.171  -36.299  -24.525 0.8000000119
52746  -43.617  -36.390  -25.722 0.3000000119
52758  -37.394  -36.512  -27.934 0.5000000000
52769  -37.172  -36.838  -28.541 0.5000000000
52777  -37.310  -36.930  -28.941 0.3000000119
52778  -37.869  -36.932  -29.399 0.3000000119
53631  -38.938  -35.231  -19.112 0.5000000000
53637  -35.564  -35.561  -20.008 0.6000000238
53638  -36.063  -35.214  -19.775 0.6000000238
53663  -40.350  -35.248  -21.592 0.5000000000
53718  -40.618  -36.437  -25.365 0.4000000060
53734  -28.873  -35.116  -27.009 0.6000000238
53735  -37.364  -36.611  -28.295 0.3000000119
54717  -36.581  -35.091  -19.506 0.6000000238
54718  -37.130  -34.800  -19.513 0.5000000000
54720  -38.633  -34.646  -19.562 0.5000000000
54728  -38.208  -34.122  -20.129 0.5000000000
54759  -39.475  -34.145  -21.646 0.5000000000
54798  -38.333  -34.398  -25.258 0.4000000060
54799  -39.142  -34.542  -24.783 0.4000000060
54826  -37.897  -35.121  -27.577 0.4000000060
54834  -44.627  -34.169  -29.066 0.4000000060
55914  -37.567  -33.796  -20.507 0.5000000000
55932  -38.340  -33.517  -21.177 0.5000000000
55933  -38.934  -33.738  -21.327 0.5000000000
55942  -36.331  -33.154  -21.472 0.5000000000
55995  -36.207  -33.802  -26.758 0.5000000000
56006  -36.479  -34.269  -26.972 0.5000000000
56008  -39.881  -33.895  -26.700 0.4000000060
56027  -41.771  -33.763  -27.798 0.5000000000
56039  -46.529  -33.873  -28.546 0.3000000119
57122  -37.068  -33.180  -21.358 0.5000000000
57159  -37.346  -32.835  -23.959 0.5000000000
57185  -35.847  -33.309  -26.561 0.5000000000
57206  -45.314  -32.855  -26.562 0.5000000000
57216  -35.896  -32.805  -27.405 0.5000000000
57218  -36.665  -33.222  -27.366 0.5000000000
57224  -45.611  -33.259  -26.893 0.3000000119
57225  -46.075  -33.445  -27.261 0.4000000060
58279  -35.704  -32.110  -23.430 0.6000000238
58323  -41.559  -31.622  -26.055 0.4000000060
58325  -43.544  -31.874  -25.823 0.4000000060
58346  -44.835  -32.380  -26.145 0.5000000000
59440  -39.958  -31.068  -24.552 0.5000000000
59472  -47.991  -31.078  -27.076 0.3000000119
60550  -38.433  -30.416  -23.329 0.5000000000
60578  -46.779  -29.878  -26.515 0.3000000119
60579  -47.454  -30.350  -26.767 0.3000000119
60595  -33.403  -30.282  -29.092 0.6000000238
60603  -28.948  -30.388  -29.852 0.5000000000
60615  -32.119  -30.164  -30.645 0.5000000000
61735  -39.955  -28.925  -23.135 0.4000000060
61752  -40.984  -29.456  -24.867 0.4000000060
61758  -42.223  -29.200  -25.487 0.3000000119
61780  -47.599  -29.129  -27.242 0.3000000119
61801  -27.679  -28.984  -30.387 0.5000000000
61813  -30.531  -29.026  -30.761 0.5000000000
62906  -38.129  -28.666  -22.521 0.4000000060
62936  -45.217  -27.656  -26.169 0.3000000119
62957  -49.165  -28.059  -28.066 0.3000000119
62980  -29.642  -28.389  -31.054 0.5000000000
64144  -39.285  -27.364  -22.268 0.4000000060
64165  -39.965  -27.399  -22.610 0.4000000060
64177  -36.274  -28.112  -23.052 0.4000000060
64254  -28.738  -26.922  -31.061 0.5000000000
65414  -36.460  -26.463  -22.590 0.3000000119
65516  -28.735  -26.495  -30.898 0.4000000060
65518  -29.627  -26.262  -31.267 0.5000000000
65526  -28.992  -26.176  -31.127 0.5000000000
66679  -37.293  -25.912  -22.123 0.3000000119
66682  -39.617  -25.354  -22.154 0.3000000119
66702  -35.538  -25.587  -24.258 0.3000000119
66786  -28.782  -25.916  -30.783 0.4000000060
66793  -30.132  -25.661  -31.252 0.4000000060
66798  -29.040  -25.402  -31.172 0.4000000060
66799  -29.254  -25.240  -31.312 0.6000000238
66800  -43.127  -25.911  -32.771 0.3000000119
66801  -43.730  -25.846  -32.618 0.3000000119
67860  -40.417  -24.686  -22.780 0.3000000119
67861  -40.903  -24.775  -23.284 0.3000000119
67878  -41.659  -24.724  -24.674 0.3000000119
67879  -41.948  -24.904  -25.135 0.3000000119
67895  -43.666  -24.822  -26.361 0.3000000119
67907  -34.687  -24.558  -26.476 0.4000000060
67909  -44.400  -24.953  -26.802 0.3000000119
67922  -34.549  -24.213  -27.090 0.4000000060
67932  -33.301  -24.509  -28.529 0.3000000119
67957  -28.933  -24.804  -31.251 0.4000000060
67965  -29.189  -24.618  -31.590 0.6000000238
67966  -29.708  -24.986  -31.528 0.6000000238
67972  -28.924  -24.397  -31.623 0.4000000060
68960  -37.410  -23.315  -22.089 0.3000000119
68961  -38.035  -23.690  -22.056 0.3000000119
68976  -35.802  -23.764  -23.242 0.3000000119
68977  -36.587  -24.230  -22.307 0.3000000119
68978  -39.998  -23.543  -22.773 0.3000000119
69006  -35.084  -23.891  -25.618 0.4000000060
69019  -43.259  -23.769  -26.509 0.3000000119
69061  -28.714  -24.088  -31.230 0.6000000238
69062  -28.759  -23.280  -31.084 0.4000000060
69064  -31.483  -23.178  -30.453 0.3000000119
69070  -28.784  -24.228  -31.547 0.6000000238
69072  -29.995  -23.285  -31.691 0.5000000000
69074  -44.919  -23.731  -31.211 0.3000000119
69077  -29.001  -23.982  -31.722 0.6000000238
69078  -29.561  -23.765  -31.794 0.6000000238
69081  -44.484  -24.205  -31.766 0.3000000119
70045  -36.844  -22.815  -22.144 0.3000000119
70048  -38.732  -23.377  -22.166 0.3000000119
70079  -35.569  -23.038  -23.654 0.3000000119
70129  -34.513  -22.887  -27.008 0.4000000060
70132  -44.226  -23.256  -27.750 0.3000000119
70160  -30.835  -22.398  -30.832 0.4000000060
70166  -28.886  -22.783  -31.289 0.4000000060
70168  -44.801  -22.647  -30.714 0.3000000119
71119  -38.365  -21.737  -22.361 0.3000000119
71135  -40.423  -22.279  -23.853 0.3000000119
71191  -33.521  -21.558  -28.169 0.3000000119
71192  -43.214  -21.756  -28.157 0.3000000119
71207  -31.722  -21.347  -29.619 0.4000000060
71216  -29.301  -22.313  -30.985 0.4000000060
71220  -44.106  -21.670  -30.555 0.3000000119
71221  -44.503  -22.201  -30.189 0.3000000119
71225  -29.279  -22.521  -31.352 0.4000000060
72216  -37.179  -20.719  -22.371 0.3000000119
72291  -42.516  -21.497  -27.748 0.3000000119
139672  -43.295  -36.334  -23.451 0.3000000119
140589  -40.472  -45.437  -18.945 0.3000000119
140807  -42.738  -43.407  -23.795 0.4000000060
141824  -46.306  -37.211  -26.302 0.4000000060
141860  -41.273  -37.647  -18.792 0.4000000060
142684  -42.742  -36.333  -23.927 0.4000000060
143076  -28.208  -27.805  -31.041 0.5000000000
143203  -39.926  -36.105  -18.857 0.5000000000
144046  -42.372  -22.769  -26.238 0.3000000119
144357  -48.546  -30.196  -27.391 0.3000000119
144455  -42.243  -33.585  -27.938 0.5000000000
145322  -46.911  -42.009  -20.209 0.3000000119
145354  -35.281  -38.711  -18.895 0.6000000238
145799  -40.737  -37.651  -18.183 0.4000000060
146365  -35.705  -26.899  -23.509 0.4000000060
147030  -30.958  -26.092  -30.873 0.4000000060
147068  -30.151  -24.255  -31.602 0.4000000060
147069  -31.304  -24.016  -30.681 0.5000000000
147071  -32.099  -23.797  -29.806 0.3000000119
147277  -46.119  -42.078  -19.950 0.3000000119
147688  -28.334  -38.634  -24.184 0.6000000238
148377  -43.108  -26.966  -25.679 0.3000000119
148416  -38.412  -54.306  -24.752 0.3000000119
148429  -38.554  -26.095  -21.933 0.3000000119
148640  -38.380  -51.784  -24.266 0.4000000060
149516  -37.925  -43.271  -17.163 0.6000000238
150238  -43.937  -39.806  -19.199 0.4000000060
150424  -43.461  -43.227  -22.441 0.4000000060
150435  -48.212  -29.403  -27.391 0.3000000119
150730  -36.055  -40.344  -16.732 0.6999999881
151310  -42.721  -24.375  -25.859 0.3000000119
151405  -42.753  -44.444  -25.751 0.4000000060
151496  -38.555  -53.026  -24.094 0.4000000060
151576  -37.428  -54.660  -24.782 0.3000000119
152033  -46.651  -31.369  -26.361 0.4000000060
152574  -47.269  -43.942  -20.185 0.3000000119
152954  -37.906  -26.166  -22.012 0.3000000119
152959  -39.008  -37.841  -28.540 0.3000000119
153290  -47.316  -45.198  -20.290 0.3000000119
153760  -45.840  -35.070  -31.334 0.3000000119
154127  -39.979  -36.226  -29.494 0.5000000000
154387  -34.116  -41.089  -19.988 0.6999999881
154460  -35.516  -24.154  -24.553 0.3000000119
155341  -35.203  -30.842  -28.025 0.6000000238
155561  -38.048  -50.595  -25.156 0.4000000060
155672  -34.179  -45.467  -18.226 0.6999999881
156457  -41.498  -36.233  -23.522 0.4000000060
159051  -34.804  -36.273  -20.702 0.6000000238
160164  -35.936  -45.620  -18.146 0.6999999881
160548  -43.276  -42.760  -20.135 0.4000000060
160615  -46.325  -43.338  -20.073 0.3000000119
160651  -38.567  -47.778  -26.289 0.3000000119
160776  -29.704  -22.641  -31.555 0.5000000000
162218  -28.971  -23.204  -30.625 0.5000000000
162266  -27.278  -28.893  -30.066 0.4000000060
162440  -43.347  -44.823  -25.976 0.3000000119
162935  -41.203  -43.504  -24.016 0.4000000060
162949  -45.788  -29.045  -26.143 0.3000000119
163222  -44.968  -23.861  -28.435 0.3000000119
163248  -46.690  -33.113  -27.311 0.3000000119
164482  -42.506  -25.200  -25.637 0.3000000119
164694  -41.250  -41.195  -17.620 0.5000000000
164751  -27.312  -55.974  -22.104 0.3000000119
164766  -32.896  -40.914  -25.084 0.6999999881
164906  -31.355  -49.763  -19.279 0.4000000060
164922  -45.949  -38.892  -20.798 0.4000000060
165048  -34.887  -23.037  -25.815 0.4000000060
165226  -41.847  -36.953  -20.363 0.3000000119
166057  -37.135  -36.902  -28.700 0.3000000119
166576  -42.896  -41.243  -18.552 0.4000000060
166695  -37.595  -37.220  -28.442 0.4000000060
166993  -38.828  -54.394  -23.001 0.4000000060
167113  -37.593  -40.616  -16.046 0.6000000238
167224  -42.812  -34.474  -30.203 0.4000000060
167474  -47.986  -28.806  -27.453 0.3000000119
167501  -29.343  -35.300  -26.757 0.6999999881
167714  -35.344  -24.188  -25.135 0.4000000060
