#!ascii label  , from subject sub-v2s1x29895_ses-1 vox2ras=TkReg
746
57828  25.310  -32.258  53.769 0.0000000000
75652  39.118  -17.635  37.487 0.0000000000
75666  48.279  -17.887  36.732 0.0000000000
75511  38.049  -16.524  46.794 0.0000000000
56709  30.970  -33.333  48.020 0.0000000000
158815  28.547  -35.079  52.259 0.0000000000
76661  43.332  -16.785  36.994 0.0000000000
78625  43.350  -15.193  42.100 0.0000000000
71096  35.109  -20.774  47.090 0.0000000000
61465  33.199  -29.376  49.619 0.0000000000
80706  50.615  -11.901  31.516 0.0000000000
132854  47.974  -17.121  32.627 0.0000000000
74474  34.801  -17.902  41.879 0.0000000000
137454  37.356  -14.589  41.623 0.0000000000
57889  27.621  -32.343  51.080 0.0000000000
56594  27.070  -33.192  53.808 0.0000000000
76652  40.950  -16.968  37.635 0.0000000000
77642  43.958  -15.735  39.996 0.0000000000
77645  41.107  -15.832  39.292 0.0000000000
67100  37.555  -24.705  47.722 0.0000000000
55451  31.355  -34.072  50.414 0.0000000000
57932  32.868  -31.948  48.717 0.0000000000
55425  33.584  -33.179  50.382 0.0000000000
81695  49.221  -12.267  31.760 0.0000000000
157747  51.200  -13.585  32.583 0.0000000000
138736  49.640  -13.725  33.252 0.0000000000
132979  45.710  -17.326  34.854 0.0000000000
151061  45.686  -17.211  32.786 0.0000000000
132036  48.158  -17.522  34.936 0.0000000000
75707  50.658  -17.511  34.254 0.0000000000
135950  50.356  -19.359  35.724 0.0000000000
151990  36.053  -18.452  47.567 0.0000000000
73306  35.469  -19.326  44.600 0.0000000000
75551  35.013  -16.770  44.383 0.0000000000
77603  34.792  -15.677  41.765 0.0000000000
78604  36.271  -14.291  44.625 0.0000000000
78601  38.733  -14.176  44.099 0.0000000000
76562  37.521  -16.483  43.731 0.0000000000
55453  29.592  -33.910  51.004 0.0000000000
153475  43.325  -17.736  35.185 0.0000000000
75669  45.805  -17.344  36.826 0.0000000000
76614  45.328  -16.942  39.382 0.0000000000
75583  44.734  -17.535  40.842 0.0000000000
67102  34.164  -24.475  49.035 0.0000000000
70089  35.610  -22.670  49.351 0.0000000000
154417  36.766  -21.504  47.677 0.0000000000
152988  38.565  -20.064  46.294 0.0000000000
152117  38.148  -19.116  45.087 0.0000000000
63961  33.232  -27.195  48.136 0.0000000000
64981  34.242  -27.050  50.153 0.0000000000
79791  50.612  -13.578  28.544 0.0000000000
77751  47.741  -15.459  30.324 0.0000000000
76692  50.163  -15.497  34.123 0.0000000000
74613  51.776  -18.884  32.465 0.0000000000
77648  38.218  -15.948  39.417 0.0000000000
78630  39.873  -14.133  41.979 0.0000000000
77598  41.419  -15.565  42.704 0.0000000000
55367  25.071  -33.977  54.633 0.0000000000
57827  26.074  -32.381  53.662 0.0000000000
54156  26.337  -34.313  54.032 0.0000000000
75651  39.908  -17.572  37.339 0.0000000000
76617  41.576  -16.155  38.749 0.0000000000
149721  39.955  -16.436  38.583 0.0000000000
56648  32.918  -33.191  50.050 0.0000000000
80708  47.784  -12.653  30.624 0.0000000000
79737  49.328  -13.231  32.432 0.0000000000
79756  48.455  -13.268  31.303 0.0000000000
153831  46.817  -17.498  36.071 0.0000000000
145937  46.689  -17.486  34.743 0.0000000000
132031  48.429  -17.609  35.861 0.0000000000
133137  49.810  -18.038  35.654 0.0000000000
75495  36.907  -17.333  47.383 0.0000000000
75512  35.862  -17.151  46.906 0.0000000000
77547  36.340  -15.794  46.338 0.0000000000
77565  35.532  -15.305  44.898 0.0000000000
77556  36.638  -15.362  45.825 0.0000000000
77564  37.213  -15.223  45.289 0.0000000000
76545  37.272  -15.943  45.653 0.0000000000
56650  28.789  -33.485  50.786 0.0000000000
55404  29.123  -33.946  52.074 0.0000000000
54193  30.065  -34.507  51.377 0.0000000000
75690  42.333  -17.566  36.213 0.0000000000
157666  42.378  -18.277  35.305 0.0000000000
75671  43.796  -16.936  36.440 0.0000000000
133849  45.118  -17.096  36.258 0.0000000000
75670  45.090  -17.055  37.228 0.0000000000
75626  45.800  -17.499  38.530 0.0000000000
75646  44.763  -16.776  38.077 0.0000000000
77623  44.175  -15.563  40.984 0.0000000000
76607  44.912  -16.088  40.612 0.0000000000
76598  44.094  -15.730  41.583 0.0000000000
75585  44.052  -17.359  41.347 0.0000000000
75572  43.517  -16.691  41.842 0.0000000000
158620  34.640  -24.546  50.428 0.0000000000
68073  34.505  -23.668  49.158 0.0000000000
67089  36.052  -24.312  49.448 0.0000000000
146229  36.814  -22.727  48.095 0.0000000000
71084  37.665  -20.348  47.176 0.0000000000
60274  33.278  -30.731  49.022 0.0000000000
61480  33.051  -29.258  48.513 0.0000000000
62768  33.101  -27.918  49.350 0.0000000000
65003  33.484  -26.852  49.580 0.0000000000
62744  33.591  -28.211  49.900 0.0000000000
82712  50.732  -10.293  30.836 0.0000000000
80725  50.851  -12.993  30.086 0.0000000000
77737  51.579  -15.629  32.167 0.0000000000
76687  47.000  -16.999  32.243 0.0000000000
76697  45.567  -16.952  31.497 0.0000000000
76696  46.934  -16.848  31.443 0.0000000000
76719  47.333  -16.256  30.312 0.0000000000
76703  48.606  -16.417  31.380 0.0000000000
77738  49.060  -15.656  32.020 0.0000000000
76693  49.364  -16.338  33.046 0.0000000000
140387  51.131  -19.580  33.908 0.0000000000
74603  51.283  -18.667  33.403 0.0000000000
70153  35.341  -22.177  46.521 0.0000000000
147168  35.769  -21.447  45.449 0.0000000000
73332  35.460  -19.128  42.852 0.0000000000
72154  35.807  -19.908  42.519 0.0000000000
78634  35.826  -14.810  41.965 0.0000000000
77632  34.641  -15.845  40.058 0.0000000000
134374  35.800  -15.288  40.573 0.0000000000
76622  36.609  -16.173  39.103 0.0000000000
78650  37.421  -15.020  40.755 0.0000000000
78648  38.915  -14.858  40.896 0.0000000000
78631  39.001  -14.186  41.875 0.0000000000
156692  38.976  -15.330  43.303 0.0000000000
78613  40.309  -14.450  43.482 0.0000000000
76586  39.733  -16.373  41.767 0.0000000000
75588  41.271  -17.234  40.865 0.0000000000
57848  27.624  -32.725  52.662 0.0000000000
55393  27.900  -33.734  52.949 0.0000000000
52917  27.159  -34.473  52.529 0.0000000000
54165  26.863  -34.289  53.485 0.0000000000
146135  42.350  -16.654  37.720 0.0000000000
139890  43.483  -16.298  38.139 0.0000000000
77660  42.451  -15.998  38.783 0.0000000000
77644  41.988  -15.758  39.394 0.0000000000
78664  42.108  -14.953  40.931 0.0000000000
56668  31.669  -33.645  49.414 0.0000000000
56708  31.770  -33.126  48.205 0.0000000000
56667  32.500  -33.002  49.571 0.0000000000
57920  33.148  -32.098  49.579 0.0000000000
59098  33.980  -31.210  50.077 0.0000000000
145820  34.265  -30.405  49.993 0.0000000000
57886  34.248  -32.257  50.317 0.0000000000
81694  50.041  -12.020  31.905 0.0000000000
79755  50.838  -13.007  32.529 0.0000000000
79736  50.064  -13.099  32.705 0.0000000000
145698  50.517  -13.714  33.261 0.0000000000
139611  50.687  -14.359  33.748 0.0000000000
142146  44.736  -17.453  33.964 0.0000000000
133614  46.099  -17.322  33.505 0.0000000000
132040  46.940  -17.402  33.965 0.0000000000
75717  48.468  -17.330  33.544 0.0000000000
75709  49.539  -16.972  34.122 0.0000000000
132030  49.616  -17.233  34.655 0.0000000000
75698  50.447  -18.067  34.821 0.0000000000
73261  35.547  -19.418  47.281 0.0000000000
72108  35.417  -20.004  45.987 0.0000000000
142260  35.391  -18.550  46.140 0.0000000000
136713  35.074  -17.786  44.510 0.0000000000
156284  34.927  -17.784  43.071 0.0000000000
75576  34.640  -16.942  42.112 0.0000000000
76575  34.761  -16.357  42.758 0.0000000000
155493  35.304  -15.081  43.169 0.0000000000
78633  36.564  -14.255  42.817 0.0000000000
79632  38.145  -13.662  43.159 0.0000000000
78602  37.869  -14.180  44.660 0.0000000000
77575  38.212  -14.653  44.410 0.0000000000
76572  38.070  -16.383  42.728 0.0000000000
150767  28.319  -32.844  49.318 0.0000000000
138437  29.012  -33.406  49.270 0.0000000000
55504  29.821  -33.750  49.266 0.0000000000
55452  30.529  -34.093  50.829 0.0000000000
54192  30.590  -34.987  51.386 0.0000000000
75700  44.906  -17.233  34.824 0.0000000000
134244  45.963  -17.324  36.107 0.0000000000
75667  47.305  -17.710  36.846 0.0000000000
75625  47.261  -18.308  38.248 0.0000000000
75614  46.547  -18.182  38.605 0.0000000000
74496  46.334  -18.827  39.726 0.0000000000
76615  45.081  -16.267  39.962 0.0000000000
75599  45.293  -17.214  39.832 0.0000000000
146643  34.547  -25.228  47.795 0.0000000000
68092  34.677  -24.033  47.670 0.0000000000
69114  34.738  -22.538  47.968 0.0000000000
70116  35.085  -21.607  48.078 0.0000000000
68072  36.650  -23.373  48.923 0.0000000000
70104  36.037  -22.339  48.614 0.0000000000
71071  35.888  -20.605  48.030 0.0000000000
73240  36.427  -19.656  47.839 0.0000000000
74383  37.983  -18.913  47.284 0.0000000000
74413  38.638  -18.206  46.662 0.0000000000
74431  38.479  -18.429  46.110 0.0000000000
73288  38.669  -19.509  45.913 0.0000000000
66105  33.816  -25.733  48.731 0.0000000000
66068  34.016  -25.679  49.809 0.0000000000
64990  35.370  -26.697  50.034 0.0000000000
148095  34.977  -29.722  49.916 0.0000000000
62751  35.560  -28.159  49.534 0.0000000000
80737  51.887  -12.292  28.220 0.0000000000
78775  47.939  -14.226  30.579 0.0000000000
78768  49.213  -14.337  32.813 0.0000000000
78759  50.262  -14.732  34.410 0.0000000000
149080  51.286  -15.792  33.328 0.0000000000
76679  50.525  -16.491  34.278 0.0000000000
76691  50.837  -16.091  33.834 0.0000000000
75721  51.690  -18.081  32.078 0.0000000000
71146  35.866  -20.753  44.130 0.0000000000
75631  37.103  -17.079  37.964 0.0000000000
76639  38.325  -16.721  38.549 0.0000000000
159122  39.613  -15.852  39.399 0.0000000000
78666  40.369  -15.035  40.518 0.0000000000
78628  41.394  -14.272  41.996 0.0000000000
79631  39.347  -13.635  43.386 0.0000000000
78612  41.080  -14.457  43.072 0.0000000000
77586  42.386  -15.016  42.649 0.0000000000
152189  42.257  -16.573  42.037 0.0000000000
142524  37.566  -17.739  44.568 0.0000000000
74462  37.497  -18.129  42.770 0.0000000000
142459  24.918  -32.699  54.196 0.0000000000
56570  24.664  -33.259  54.593 0.0000000000
139966  25.639  -32.792  54.020 0.0000000000
75628  39.683  -17.027  37.962 0.0000000000
79757  47.390  -13.238  30.252 0.0000000000
151431  47.632  -17.632  36.181 0.0000000000
132028  49.040  -18.080  36.532 0.0000000000
76523  37.398  -16.430  47.050 0.0000000000
76536  36.280  -16.328  46.824 0.0000000000
160613  37.525  -15.974  46.826 0.0000000000
137867  37.523  -15.962  46.530 0.0000000000
77545  36.988  -15.421  45.777 0.0000000000
75528  37.900  -16.585  46.320 0.0000000000
55405  28.382  -33.800  52.271 0.0000000000
54180  28.932  -34.400  52.218 0.0000000000
75672  42.998  -17.206  36.318 0.0000000000
75647  44.225  -16.799  37.171 0.0000000000
76649  43.846  -16.581  37.725 0.0000000000
77614  43.599  -15.151  41.462 0.0000000000
77613  43.941  -15.473  41.602 0.0000000000
156128  43.667  -15.476  41.908 0.0000000000
76582  43.682  -15.855  41.992 0.0000000000
76569  43.289  -15.435  42.266 0.0000000000
67076  35.709  -25.048  49.765 0.0000000000
67090  35.087  -24.253  50.165 0.0000000000
66067  36.501  -25.149  49.378 0.0000000000
134621  33.145  -29.856  49.273 0.0000000000
60276  33.116  -29.970  48.823 0.0000000000
61472  33.042  -29.187  49.106 0.0000000000
141075  33.010  -28.514  48.991 0.0000000000
143956  33.111  -28.657  49.531 0.0000000000
62761  33.293  -28.065  49.693 0.0000000000
145727  33.330  -28.824  49.784 0.0000000000
81692  50.798  -10.855  31.164 0.0000000000
82711  51.337  -10.277  30.786 0.0000000000
81707  51.185  -11.163  31.043 0.0000000000
81726  51.812  -11.247  30.274 0.0000000000
80724  51.139  -12.006  30.757 0.0000000000
76695  47.887  -16.840  31.649 0.0000000000
76704  47.650  -16.565  30.963 0.0000000000
76694  48.752  -16.717  32.078 0.0000000000
72296  51.130  -20.292  32.939 0.0000000000
73474  51.401  -19.955  33.245 0.0000000000
145322  34.982  -21.541  47.202 0.0000000000
71109  35.366  -21.336  46.262 0.0000000000
151610  35.288  -20.565  46.403 0.0000000000
74463  35.060  -18.279  42.668 0.0000000000
74473  35.089  -18.592  41.367 0.0000000000
137938  36.683  -14.540  41.987 0.0000000000
77615  35.513  -15.116  41.175 0.0000000000
78651  36.438  -14.914  41.162 0.0000000000
147472  36.693  -15.306  40.333 0.0000000000
78649  38.173  -14.673  41.259 0.0000000000
135612  38.128  -14.082  42.205 0.0000000000
77601  38.612  -16.043  42.666 0.0000000000
77600  39.439  -15.692  42.722 0.0000000000
76587  38.911  -16.389  42.044 0.0000000000
57849  27.117  -32.537  53.190 0.0000000000
57872  27.148  -32.215  52.444 0.0000000000
56593  27.583  -33.098  53.193 0.0000000000
56612  28.084  -33.261  52.667 0.0000000000
55394  27.277  -33.651  53.340 0.0000000000
54164  27.562  -34.217  53.097 0.0000000000
75650  40.623  -17.463  37.203 0.0000000000
75674  40.923  -17.852  36.637 0.0000000000
75649  41.358  -17.284  37.081 0.0000000000
75648  42.322  -17.063  36.985 0.0000000000
76651  41.693  -16.826  37.633 0.0000000000
76635  42.004  -16.434  38.209 0.0000000000
77625  42.462  -15.420  40.195 0.0000000000
77626  41.565  -15.418  39.999 0.0000000000
55479  31.122  -33.962  50.035 0.0000000000
55478  32.154  -33.612  49.930 0.0000000000
55449  33.054  -33.679  50.382 0.0000000000
56649  32.994  -32.718  49.836 0.0000000000
56632  33.324  -32.496  49.959 0.0000000000
59114  33.609  -31.354  49.644 0.0000000000
149658  33.603  -32.405  50.023 0.0000000000
57887  33.886  -32.032  50.007 0.0000000000
81709  48.504  -11.700  30.750 0.0000000000
81708  49.397  -11.628  31.357 0.0000000000
82700  50.104  -11.110  31.217 0.0000000000
80688  50.326  -12.337  32.274 0.0000000000
80689  49.940  -12.516  32.386 0.0000000000
132039  45.467  -17.359  34.171 0.0000000000
132042  46.156  -17.393  34.349 0.0000000000
132035  47.382  -17.513  34.611 0.0000000000
152071  47.884  -17.456  34.111 0.0000000000
152380  47.616  -17.338  33.430 0.0000000000
75710  48.798  -17.403  34.393 0.0000000000
134114  50.190  -18.467  35.399 0.0000000000
132975  50.028  -17.815  35.118 0.0000000000
133765  50.609  -19.068  35.040 0.0000000000
73462  50.922  -19.776  34.622 0.0000000000
132018  50.668  -19.973  35.349 0.0000000000
143448  35.867  -18.796  47.520 0.0000000000
142708  35.593  -18.681  46.951 0.0000000000
75540  35.257  -16.903  45.337 0.0000000000
158656  35.214  -17.703  45.230 0.0000000000
75561  34.924  -17.420  43.660 0.0000000000
75562  34.774  -17.112  42.949 0.0000000000
75552  34.860  -16.549  43.555 0.0000000000
78590  36.069  -14.749  45.132 0.0000000000
77577  35.481  -15.015  44.193 0.0000000000
139204  35.797  -14.500  43.771 0.0000000000
78615  35.764  -14.546  42.983 0.0000000000
78614  36.618  -14.040  43.897 0.0000000000
79618  37.541  -13.854  44.314 0.0000000000
78603  37.181  -14.065  44.845 0.0000000000
77576  37.562  -15.475  44.544 0.0000000000
137322  37.624  -14.518  45.085 0.0000000000
77591  37.844  -15.922  43.593 0.0000000000
57905  27.830  -32.464  50.114 0.0000000000
156489  27.774  -32.315  49.337 0.0000000000
56669  28.550  -33.162  50.035 0.0000000000
55481  29.266  -33.676  50.046 0.0000000000
55480  30.089  -33.926  50.072 0.0000000000
74580  43.529  -17.884  34.423 0.0000000000
134321  44.063  -17.356  35.169 0.0000000000
75668  46.462  -17.498  36.595 0.0000000000
137313  46.527  -17.633  37.234 0.0000000000
75643  47.286  -18.005  37.633 0.0000000000
74516  45.888  -17.927  39.224 0.0000000000
74515  46.879  -18.703  39.198 0.0000000000
76616  43.512  -15.949  38.887 0.0000000000
144550  44.546  -16.051  39.495 0.0000000000
76596  44.999  -16.621  40.576 0.0000000000
76606  45.105  -16.476  40.106 0.0000000000
74481  45.199  -17.781  40.279 0.0000000000
73376  45.710  -18.819  40.206 0.0000000000
143435  45.036  -18.627  40.646 0.0000000000
66104  34.065  -25.115  48.506 0.0000000000
67131  34.925  -24.870  47.391 0.0000000000
67114  34.374  -24.546  48.155 0.0000000000
69087  34.764  -23.089  49.273 0.0000000000
69099  34.641  -22.985  48.654 0.0000000000
70090  35.014  -22.698  49.089 0.0000000000
70117  34.924  -22.341  48.332 0.0000000000
70105  35.424  -22.323  48.509 0.0000000000
68059  36.662  -23.978  49.057 0.0000000000
67101  37.043  -24.152  48.413 0.0000000000
70115  37.021  -22.152  47.520 0.0000000000
69086  36.531  -22.821  48.679 0.0000000000
70103  36.494  -22.169  48.131 0.0000000000
71072  35.662  -21.459  48.134 0.0000000000
71070  36.261  -21.288  47.959 0.0000000000
72074  36.031  -19.968  47.986 0.0000000000
72063  36.392  -20.331  47.865 0.0000000000
72084  38.260  -19.976  46.696 0.0000000000
72072  37.839  -19.650  47.281 0.0000000000
73260  38.253  -19.305  46.934 0.0000000000
153359  38.189  -18.035  47.098 0.0000000000
73272  38.495  -19.294  46.489 0.0000000000
133652  38.589  -19.055  46.370 0.0000000000
142147  38.638  -19.820  46.205 0.0000000000
57951  32.414  -32.600  48.455 0.0000000000
161385  32.327  -32.211  47.547 0.0000000000
59164  32.669  -31.966  47.965 0.0000000000
63970  33.414  -27.212  47.459 0.0000000000
65042  33.988  -26.706  47.302 0.0000000000
65023  34.244  -25.884  47.816 0.0000000000
65024  33.638  -26.576  48.183 0.0000000000
145400  33.887  -27.122  50.017 0.0000000000
141047  33.833  -26.456  49.739 0.0000000000
64991  34.425  -26.328  50.091 0.0000000000
66051  34.679  -25.633  50.250 0.0000000000
64980  34.879  -27.016  50.145 0.0000000000
149472  34.419  -29.821  50.095 0.0000000000
62750  35.936  -28.346  49.143 0.0000000000
138179  51.461  -12.355  29.459 0.0000000000
80738  51.100  -13.091  28.389 0.0000000000
137805  50.285  -14.114  28.396 0.0000000000
151300  44.741  -17.644  32.178 0.0000000000
132635  45.320  -17.200  32.172 0.0000000000
77752  46.767  -15.654  29.733 0.0000000000
145361  47.141  -14.825  29.924 0.0000000000
77739  48.615  -15.104  31.226 0.0000000000
77728  49.520  -15.437  33.586 0.0000000000
77719  50.774  -15.256  34.157 0.0000000000
75708  50.115  -16.893  34.369 0.0000000000
76680  50.186  -16.423  34.231 0.0000000000
75716  51.045  -17.172  33.629 0.0000000000
74614  51.419  -17.907  32.829 0.0000000000
75722  51.387  -16.875  32.863 0.0000000000
73289  35.398  -19.309  45.526 0.0000000000
72123  35.649  -20.184  44.942 0.0000000000
72139  35.679  -19.971  44.031 0.0000000000
76588  34.433  -16.296  41.375 0.0000000000
77651  35.027  -15.822  39.542 0.0000000000
76621  37.455  -16.085  39.290 0.0000000000
76640  37.402  -16.665  38.655 0.0000000000
75630  37.916  -17.191  38.062 0.0000000000
156728  38.025  -16.363  38.994 0.0000000000
76620  38.698  -16.249  38.983 0.0000000000
77647  39.037  -15.818  39.525 0.0000000000
157508  39.495  -14.568  41.265 0.0000000000
150719  39.601  -15.010  40.610 0.0000000000
78647  40.139  -14.594  41.228 0.0000000000
78646  40.894  -14.609  41.254 0.0000000000
78629  40.592  -14.247  41.910 0.0000000000
79617  38.285  -13.793  43.943 0.0000000000
157258  38.780  -13.631  43.488 0.0000000000
79616  39.087  -13.866  43.739 0.0000000000
77588  40.877  -15.051  42.929 0.0000000000
77587  41.800  -15.028  42.808 0.0000000000
133783  41.856  -14.665  42.767 0.0000000000
76571  42.275  -15.463  42.702 0.0000000000
76584  42.655  -15.987  42.435 0.0000000000
138433  41.899  -16.110  42.365 0.0000000000
75600  41.852  -17.675  40.721 0.0000000000
73305  37.902  -18.315  45.132 0.0000000000
153520  37.689  -18.604  44.292 0.0000000000
57850  26.449  -32.183  53.247 0.0000000000
56595  26.673  -32.627  53.587 0.0000000000
55380  26.938  -33.980  54.039 0.0000000000
56582  26.374  -33.008  53.940 0.0000000000
55382  25.804  -33.626  54.132 0.0000000000
75675  40.212  -17.985  36.788 0.0000000000
76636  41.236  -16.575  38.181 0.0000000000
76637  40.486  -16.716  38.113 0.0000000000
76618  40.753  -16.286  38.694 0.0000000000
77646  40.180  -15.914  39.220 0.0000000000
134677  31.592  -34.389  50.496 0.0000000000
55450  32.247  -33.909  50.219 0.0000000000
54206  32.439  -34.420  50.299 0.0000000000
154589  48.343  -12.311  31.054 0.0000000000
80690  49.535  -12.780  32.338 0.0000000000
80707  48.860  -12.783  31.633 0.0000000000
78769  48.923  -13.859  32.106 0.0000000000
153932  46.279  -17.423  35.359 0.0000000000
160444  46.184  -17.416  34.828 0.0000000000
132885  47.334  -17.554  35.398 0.0000000000
132032  49.076  -17.488  35.166 0.0000000000
138239  49.320  -17.758  35.811 0.0000000000
132026  49.563  -18.395  36.304 0.0000000000
75496  36.240  -17.408  47.295 0.0000000000
74398  35.909  -18.065  47.266 0.0000000000
143309  35.722  -16.554  46.279 0.0000000000
76546  35.673  -16.006  45.817 0.0000000000
76556  35.375  -16.014  45.047 0.0000000000
152804  35.970  -15.315  45.602 0.0000000000
78579  36.488  -14.872  45.493 0.0000000000
78578  36.853  -14.891  45.505 0.0000000000
139670  37.417  -14.319  45.141 0.0000000000
78588  37.155  -14.690  45.300 0.0000000000
76555  37.320  -16.155  44.677 0.0000000000
56651  28.188  -32.899  50.815 0.0000000000
56634  28.409  -33.209  51.454 0.0000000000
56633  28.979  -33.723  51.536 0.0000000000
157022  29.558  -33.986  51.736 0.0000000000
55426  29.984  -34.127  51.350 0.0000000000
54179  29.608  -34.128  51.939 0.0000000000
74569  41.952  -18.164  35.720 0.0000000000
74568  42.754  -17.795  35.628 0.0000000000
75689  43.526  -17.304  35.771 0.0000000000
75688  44.290  -17.024  35.954 0.0000000000
153921  44.509  -16.929  36.607 0.0000000000
155283  45.826  -17.450  37.652 0.0000000000
75645  45.348  -17.177  38.062 0.0000000000
75627  45.312  -16.950  38.696 0.0000000000
77641  44.745  -15.879  40.466 0.0000000000
76597  44.583  -16.058  41.140 0.0000000000
75584  44.542  -16.616  41.124 0.0000000000
74482  44.344  -18.517  41.059 0.0000000000
150468  43.430  -17.678  41.482 0.0000000000
67091  34.439  -24.290  49.885 0.0000000000
68062  34.821  -23.598  49.533 0.0000000000
69072  35.752  -23.014  49.557 0.0000000000
144105  37.431  -24.092  47.775 0.0000000000
71085  36.915  -20.753  47.587 0.0000000000
70134  37.424  -21.321  47.106 0.0000000000
70133  38.153  -21.479  46.494 0.0000000000
59131  33.125  -31.289  48.789 0.0000000000
59163  33.031  -31.275  48.453 0.0000000000
149504  33.138  -30.615  48.405 0.0000000000
61484  33.038  -29.323  47.620 0.0000000000
62776  33.001  -28.445  48.119 0.0000000000
133747  33.089  -27.715  47.684 0.0000000000
65025  33.275  -26.921  48.770 0.0000000000
63956  33.206  -27.215  49.258 0.0000000000
63943  33.579  -27.515  49.838 0.0000000000
63942  33.947  -27.624  50.024 0.0000000000
81725  52.271  -10.296  29.912 0.0000000000
80739  50.813  -13.202  29.083 0.0000000000
78767  51.349  -14.079  32.871 0.0000000000
154502  46.341  -17.092  32.744 0.0000000000
133015  46.128  -16.984  32.048 0.0000000000
139356  46.246  -16.854  31.291 0.0000000000
76705  46.766  -16.655  30.756 0.0000000000
76718  48.256  -15.997  30.884 0.0000000000
151807  49.058  -16.284  32.136 0.0000000000
74592  50.884  -18.758  34.337 0.0000000000
73473  51.743  -19.623  32.754 0.0000000000
69123  35.261  -22.873  46.800 0.0000000000
73317  35.468  -19.229  43.760 0.0000000000
144399  35.622  -19.419  42.144 0.0000000000
139188  35.026  -15.241  41.488 0.0000000000
152623  34.675  -15.734  41.171 0.0000000000
152552  34.967  -15.507  40.733 0.0000000000
77631  35.381  -15.612  40.075 0.0000000000
77650  35.926  -15.801  39.561 0.0000000000
76623  35.608  -16.014  38.996 0.0000000000
77630  36.116  -15.558  40.045 0.0000000000
77649  36.759  -15.761  39.709 0.0000000000
138218  37.623  -15.592  39.978 0.0000000000
77629  38.430  -15.629  39.905 0.0000000000
78668  38.263  -15.182  40.450 0.0000000000
77574  39.014  -14.591  43.926 0.0000000000
78600  39.572  -14.231  43.841 0.0000000000
77589  39.648  -14.742  43.577 0.0000000000
137704  40.121  -15.051  43.101 0.0000000000
77599  40.397  -15.653  42.604 0.0000000000
76585  40.902  -16.216  42.070 0.0000000000
57871  27.581  -32.437  51.913 0.0000000000
149390  28.026  -32.967  52.070 0.0000000000
54181  27.994  -34.363  52.391 0.0000000000
145806  26.242  -34.457  53.618 0.0000000000
75673  41.668  -17.679  36.432 0.0000000000
76650  42.990  -16.590  37.594 0.0000000000
76634  42.787  -16.308  38.195 0.0000000000
77643  42.930  -15.722  39.592 0.0000000000
77624  43.390  -15.447  40.543 0.0000000000
78663  42.943  -15.113  41.016 0.0000000000
78644  42.821  -14.890  41.879 0.0000000000
66066  36.681  -25.697  49.008 0.0000000000
56685  31.277  -33.551  48.707 0.0000000000
56684  32.092  -33.152  48.924 0.0000000000
57933  32.709  -32.472  49.153 0.0000000000
57919  32.881  -32.003  49.039 0.0000000000
59132  33.348  -31.312  49.253 0.0000000000
60268  33.496  -30.953  49.553 0.0000000000
60267  33.437  -30.219  49.711 0.0000000000
61459  33.462  -29.556  49.857 0.0000000000
145829  34.130  -30.403  50.015 0.0000000000
59096  34.227  -31.520  49.983 0.0000000000
57885  34.771  -31.725  50.025 0.0000000000
81693  50.448  -11.619  31.550 0.0000000000
133792  50.642  -12.559  31.483 0.0000000000
152294  51.448  -14.708  33.061 0.0000000000
77727  51.406  -15.258  33.237 0.0000000000
132512  44.559  -17.686  33.226 0.0000000000
151038  45.255  -17.409  33.403 0.0000000000
142852  46.950  -17.222  33.067 0.0000000000
76686  49.058  -16.948  33.049 0.0000000000
75699  50.101  -17.391  34.707 0.0000000000
132029  49.686  -17.556  35.162 0.0000000000
72280  50.915  -20.204  33.965 0.0000000000
72085  35.411  -20.262  47.592 0.0000000000
72097  35.264  -20.027  46.923 0.0000000000
73273  35.371  -19.304  46.517 0.0000000000
74414  35.611  -17.994  46.680 0.0000000000
74445  35.289  -18.446  45.161 0.0000000000
139448  35.263  -18.667  44.303 0.0000000000
74454  35.103  -18.368  43.546 0.0000000000
74464  34.840  -17.621  42.535 0.0000000000
146795  34.672  -16.167  42.076 0.0000000000
76563  35.086  -15.869  44.248 0.0000000000
76574  34.996  -15.746  43.396 0.0000000000
153539  34.913  -15.676  42.538 0.0000000000
77602  35.187  -15.144  42.291 0.0000000000
78632  37.356  -14.100  42.537 0.0000000000
79633  37.425  -13.801  43.519 0.0000000000
77590  38.392  -15.521  43.467 0.0000000000
56710  30.093  -33.274  47.909 0.0000000000
56687  29.525  -33.472  48.553 0.0000000000
56686  30.407  -33.650  48.582 0.0000000000
55503  30.729  -33.847  49.316 0.0000000000
54208  30.727  -34.291  51.133 0.0000000000
154846  44.757  -17.112  35.554 0.0000000000
75687  45.433  -17.227  35.511 0.0000000000
75642  48.162  -18.282  37.528 0.0000000000
74549  47.858  -18.439  38.021 0.0000000000
74533  48.019  -18.933  38.508 0.0000000000
75644  46.521  -17.859  37.966 0.0000000000
76633  44.265  -16.266  38.527 0.0000000000
76632  44.983  -16.522  39.085 0.0000000000
74497  45.584  -18.123  39.776 0.0000000000
153634  35.463  -25.122  46.818 0.0000000000
68091  35.117  -23.575  47.075 0.0000000000
68081  34.363  -23.735  48.499 0.0000000000
140223  34.592  -23.207  47.945 0.0000000000
154814  34.816  -22.842  47.462 0.0000000000
69113  34.879  -22.249  47.366 0.0000000000
70135  34.864  -21.854  47.842 0.0000000000
133795  35.059  -21.120  47.719 0.0000000000
67088  36.802  -24.627  48.925 0.0000000000
68060  36.248  -23.413  49.510 0.0000000000
139533  36.188  -22.807  49.424 0.0000000000
68071  37.022  -23.395  48.188 0.0000000000
71086  35.388  -20.820  47.937 0.0000000000
72075  35.761  -20.068  47.923 0.0000000000
73250  36.016  -19.462  47.918 0.0000000000
74386  36.072  -18.775  47.750 0.0000000000
72073  37.109  -19.992  47.627 0.0000000000
73248  37.215  -19.295  47.603 0.0000000000
74385  36.667  -18.249  47.556 0.0000000000
74396  37.436  -17.816  47.399 0.0000000000
75494  37.844  -17.157  47.111 0.0000000000
75493  38.402  -17.339  46.747 0.0000000000
75527  38.460  -17.323  46.600 0.0000000000
72122  38.477  -20.116  44.921 0.0000000000
72107  38.858  -20.344  45.832 0.0000000000
71136  38.878  -20.852  45.215 0.0000000000
57971  31.930  -32.408  47.272 0.0000000000
59181  32.944  -31.001  47.728 0.0000000000
66124  35.016  -25.589  47.082 0.0000000000
66085  33.852  -25.147  49.146 0.0000000000
65012  33.617  -26.294  48.953 0.0000000000
66086  33.749  -25.621  49.386 0.0000000000
67103  34.013  -25.000  49.706 0.0000000000
67078  34.384  -24.971  50.205 0.0000000000
66050  35.431  -25.849  50.152 0.0000000000
64989  35.809  -26.501  49.713 0.0000000000
62752  33.686  -28.977  49.995 0.0000000000
63932  34.073  -28.370  50.085 0.0000000000
62743  34.727  -28.514  50.038 0.0000000000
61454  35.173  -29.011  49.875 0.0000000000
63930  35.074  -27.727  50.012 0.0000000000
149049  35.601  -27.160  49.742 0.0000000000
57829  24.531  -32.252  54.067 0.0000000000
80748  51.398  -13.204  27.493 0.0000000000
78760  49.832  -14.336  33.850 0.0000000000
78751  50.965  -14.751  33.877 0.0000000000
76702  51.539  -16.184  32.483 0.0000000000
76685  49.922  -16.386  34.055 0.0000000000
76684  50.368  -15.868  34.396 0.0000000000
75727  52.080  -18.429  31.237 0.0000000000
74551  38.009  -18.063  37.188 0.0000000000
71123  35.600  -20.767  45.641 0.0000000000
71137  35.878  -21.126  44.836 0.0000000000
76641  36.334  -16.548  38.415 0.0000000000
75654  37.588  -17.627  37.535 0.0000000000
75629  38.754  -17.154  38.032 0.0000000000
76638  39.138  -16.607  38.513 0.0000000000
76619  39.442  -16.129  39.023 0.0000000000
78667  39.006  -15.364  40.183 0.0000000000
77628  39.784  -15.536  39.895 0.0000000000
77627  40.682  -15.486  39.892 0.0000000000
78665  41.186  -14.996  40.583 0.0000000000
78645  42.089  -14.625  41.842 0.0000000000
78626  42.744  -14.953  42.395 0.0000000000
79646  38.850  -13.698  42.889 0.0000000000
79645  39.595  -13.730  42.805 0.0000000000
78599  40.177  -14.200  43.469 0.0000000000
79630  39.945  -13.855  43.297 0.0000000000
79643  40.916  -14.116  42.542 0.0000000000
79628  41.569  -14.399  42.786 0.0000000000
78611  42.280  -14.837  42.571 0.0000000000
77585  42.855  -15.118  42.467 0.0000000000
76583  43.206  -15.918  42.283 0.0000000000
75573  42.844  -16.646  42.013 0.0000000000
75586  42.956  -17.444  41.546 0.0000000000
76599  41.523  -16.702  41.643 0.0000000000
75587  42.199  -17.218  41.453 0.0000000000
74432  37.970  -17.499  45.682 0.0000000000
75539  37.447  -16.806  45.063 0.0000000000
75550  37.419  -17.086  44.042 0.0000000000
73316  37.610  -18.805  43.403 0.0000000000
74453  37.508  -17.964  43.642 0.0000000000
75560  37.516  -17.317  43.109 0.0000000000
76573  37.721  -16.786  42.829 0.0000000000
55381  26.610  -33.738  54.003 0.0000000000
56631  33.347  -32.884  50.168 0.0000000000
56647  34.181  -33.010  50.438 0.0000000000
56735  32.158  -32.617  47.799 0.0000000000
57888  33.697  -32.078  50.031 0.0000000000
57903  35.053  -32.405  50.127 0.0000000000
57904  33.479  -31.896  49.697 0.0000000000
59097  34.041  -31.243  49.977 0.0000000000
60255  34.713  -30.367  49.945 0.0000000000
60256  34.061  -29.991  50.063 0.0000000000
60257  33.672  -30.198  49.833 0.0000000000
60258  33.709  -30.803  49.914 0.0000000000
61453  35.586  -28.748  49.487 0.0000000000
61455  34.672  -29.256  50.039 0.0000000000
61456  34.151  -29.227  50.153 0.0000000000
61457  33.917  -29.687  50.166 0.0000000000
62742  35.276  -28.300  49.829 0.0000000000
63931  34.508  -27.698  50.088 0.0000000000
63940  35.768  -27.720  49.372 0.0000000000
63941  35.405  -27.693  49.785 0.0000000000
63951  33.358  -27.395  49.637 0.0000000000
64992  34.010  -26.689  49.991 0.0000000000
64993  33.660  -27.026  49.858 0.0000000000
65002  33.671  -26.274  49.500 0.0000000000
65013  33.362  -26.868  49.095 0.0000000000
66052  34.257  -25.636  50.076 0.0000000000
67077  34.867  -24.888  50.407 0.0000000000
68061  35.545  -23.603  49.585 0.0000000000
69073  35.169  -22.978  49.509 0.0000000000
71095  38.064  -20.660  46.666 0.0000000000
73249  36.462  -18.997  47.712 0.0000000000
73251  35.833  -19.455  47.758 0.0000000000
74384  37.349  -18.535  47.514 0.0000000000
74397  36.238  -18.059  47.477 0.0000000000
74557  40.485  -18.407  36.244 0.0000000000
75529  35.399  -17.599  45.979 0.0000000000
75571  44.169  -16.255  41.619 0.0000000000
75653  38.338  -17.658  37.573 0.0000000000
76524  36.571  -16.637  47.198 0.0000000000
76535  36.955  -15.978  46.906 0.0000000000
76570  42.856  -15.424  42.542 0.0000000000
76653  40.335  -17.115  37.643 0.0000000000
77546  37.098  -15.749  46.457 0.0000000000
77612  44.422  -15.810  41.111 0.0000000000
78589  36.842  -14.397  45.321 0.0000000000
78627  42.224  -14.631  42.399 0.0000000000
79615  39.614  -13.914  43.591 0.0000000000
79629  40.711  -14.189  43.086 0.0000000000
79644  40.323  -13.958  42.737 0.0000000000
83877  51.272  -9.796  30.412 0.0000000000
135432  33.089  -27.668  48.648 0.0000000000
140376  34.621  -32.500  50.262 0.0000000000
141413  33.192  -30.638  48.749 0.0000000000
141711  34.240  -26.016  50.033 0.0000000000
146128  33.906  -30.818  49.999 0.0000000000
146516  35.723  -19.861  43.267 0.0000000000
147619  35.288  -27.253  49.972 0.0000000000
150257  50.642  -9.945  30.406 0.0000000000
150756  41.564  -14.666  41.328 0.0000000000
151304  50.703  -20.338  34.931 0.0000000000
157243  34.985  -26.305  50.186 0.0000000000
157524  34.141  -30.911  49.899 0.0000000000
158009  25.257  -33.267  54.346 0.0000000000
158715  38.436  -18.704  46.878 0.0000000000
