#!ascii label  , from subject sub-v2s1x29906_ses-1 vox2ras=TkReg
1043
20195  36.300  -55.354  -19.299 0.6000000238
19218  33.534  -56.341  -11.075 0.6999999881
151187  34.086  -56.757  -12.384 0.6999999881
17608  34.768  -57.997  -15.061 0.8999999762
18464  35.028  -57.002  -16.122 0.8000000119
19313  35.613  -56.142  -17.557 0.8000000119
148389  36.245  -54.802  -18.883 0.6000000238
21036  36.306  -54.203  -20.299 0.6999999881
22702  36.436  -52.810  -21.515 0.6999999881
153024  33.316  -55.909  -10.846 0.6999999881
19208  32.176  -56.266  -10.405 0.6999999881
19252  34.146  -55.984  -12.301 0.6999999881
20084  34.486  -55.061  -13.468 0.6000000238
19251  34.322  -56.578  -13.016 0.6999999881
166271  34.447  -57.032  -13.510 0.6999999881
154337  34.662  -56.484  -14.601 0.8000000119
152037  35.013  -55.536  -15.571 0.8000000119
19289  35.037  -56.261  -15.853 0.8000000119
19303  35.393  -56.097  -16.921 0.8000000119
21024  36.028  -54.632  -18.259 0.6000000238
22695  36.252  -52.615  -20.666 0.6000000238
167671  36.313  -52.490  -21.182 0.6999999881
23507  37.190  -51.541  -22.034 0.6999999881
20893  33.151  -54.547  -10.875 0.5000000000
20044  31.947  -55.516  -10.416 0.6000000238
20906  34.116  -54.244  -12.272 0.4000000060
20068  34.059  -55.021  -11.938 0.6000000238
20922  34.298  -54.768  -12.696 0.5000000000
20099  34.642  -55.069  -14.261 0.6000000238
20119  34.768  -55.420  -14.843 0.8000000119
20142  35.199  -54.850  -15.943 0.6999999881
172312  35.603  -54.208  -17.002 0.6999999881
21897  36.016  -53.857  -18.059 0.6999999881
22688  36.410  -52.694  -19.716 0.5000000000
22703  36.304  -51.974  -21.010 0.6000000238
23508  36.549  -51.365  -21.863 0.6000000238
22713  36.710  -52.187  -21.840 0.6000000238
161389  37.943  -51.296  -21.894 0.5000000000
22560  32.997  -52.920  -11.172 0.5000000000
20888  31.595  -54.713  -10.470 0.6000000238
20055  30.552  -54.959  -10.639 0.6000000238
21765  33.058  -53.748  -10.990 0.5000000000
21839  34.717  -53.952  -14.640 0.5000000000
21858  35.042  -53.397  -15.785 0.6000000238
22663  35.548  -52.450  -16.791 0.6000000238
154844  35.950  -53.103  -17.756 0.6000000238
158760  36.289  -52.239  -18.794 0.5000000000
23489  36.384  -51.287  -20.234 0.5000000000
172523  36.294  -51.532  -20.820 0.6000000238
24364  36.450  -50.646  -21.797 0.6000000238
25198  37.103  -50.038  -22.273 0.5000000000
25972  38.302  -49.265  -21.912 0.5000000000
25970  39.615  -48.827  -20.797 0.5000000000
25185  38.694  -49.821  -21.407 0.5000000000
21766  32.198  -53.347  -10.814 0.5000000000
21768  30.409  -53.609  -11.055 0.5000000000
21781  33.933  -53.071  -12.108 0.5000000000
22597  34.207  -52.956  -12.900 0.4000000060
23407  34.489  -51.439  -14.422 0.3000000119
160967  34.450  -52.920  -13.778 0.4000000060
23443  34.847  -51.729  -15.267 0.3000000119
24291  35.038  -50.992  -15.640 0.3000000119
22652  34.800  -52.715  -15.213 0.5000000000
147815  35.323  -52.107  -16.404 0.5000000000
155222  35.829  -51.457  -17.257 0.5000000000
154884  36.298  -51.423  -18.711 0.5000000000
24352  36.402  -50.566  -20.350 0.5000000000
171430  36.344  -50.406  -21.047 0.6000000238
25200  36.327  -49.994  -21.767 0.6000000238
152353  38.013  -48.782  -22.349 0.5000000000
26775  39.252  -48.267  -21.146 0.5000000000
167299  31.761  -52.159  -11.089 0.5000000000
23349  32.978  -52.108  -11.276 0.5000000000
23348  33.440  -51.750  -11.581 0.5000000000
24235  34.118  -51.032  -12.955 0.4000000060
22622  34.171  -52.288  -13.279 0.5000000000
24262  34.308  -50.857  -13.784 0.4000000060
147433  34.942  -50.425  -15.370 0.3000000119
162525  35.487  -50.352  -16.574 0.3000000119
24307  35.865  -50.531  -17.305 0.4000000060
24331  36.296  -50.764  -18.601 0.5000000000
24340  36.421  -50.855  -19.420 0.4000000060
25983  36.749  -49.371  -22.422 0.5000000000
26788  37.323  -47.794  -22.788 0.5000000000
26785  37.253  -48.617  -22.623 0.5000000000
27629  39.640  -47.498  -21.145 0.5000000000
27635  39.432  -46.782  -22.050 0.4000000060
26776  38.604  -48.514  -21.799 0.5000000000
23351  31.525  -51.580  -11.135 0.5000000000
24203  32.961  -51.220  -11.388 0.5000000000
24217  33.593  -51.163  -11.820 0.5000000000
25104  34.252  -50.300  -13.133 0.4000000060
25103  34.479  -50.070  -14.030 0.4000000060
145160  34.669  -49.476  -14.637 0.3000000119
25138  35.301  -49.637  -16.254 0.3000000119
165600  35.951  -49.854  -17.631 0.4000000060
149065  36.164  -49.596  -18.282 0.4000000060
25954  36.394  -49.315  -19.207 0.4000000060
25146  36.148  -50.324  -18.095 0.4000000060
25158  36.360  -50.148  -18.876 0.4000000060
25959  36.274  -49.058  -20.765 0.5000000000
26777  36.196  -48.771  -21.521 0.5000000000
25985  36.227  -49.401  -21.737 0.6000000238
27639  38.000  -47.402  -22.780 0.4000000060
162319  38.185  -48.045  -22.528 0.5000000000
25046  32.627  -50.367  -11.304 0.4000000060
25082  34.141  -49.728  -12.540 0.4000000060
25065  33.636  -49.781  -11.911 0.4000000060
155829  34.579  -49.334  -13.952 0.4000000060
25902  34.873  -48.855  -15.105 0.4000000060
25912  35.161  -48.848  -15.897 0.4000000060
26737  35.773  -48.451  -17.195 0.4000000060
25930  35.896  -49.099  -17.559 0.4000000060
25943  36.208  -48.813  -18.419 0.4000000060
25942  36.410  -48.457  -19.181 0.4000000060
25958  36.417  -48.735  -19.968 0.5000000000
153725  36.182  -47.922  -21.615 0.5000000000
160254  36.173  -47.699  -22.082 0.6000000238
26789  36.631  -48.107  -22.630 0.5000000000
157186  37.325  -46.314  -22.939 0.4000000060
27640  37.313  -47.088  -22.895 0.4000000060
25848  31.919  -48.996  -11.285 0.4000000060
26679  34.272  -48.492  -12.647 0.4000000060
25863  33.377  -49.208  -11.629 0.4000000060
171574  34.628  -48.382  -13.763 0.4000000060
26719  35.242  -48.097  -15.997 0.4000000060
26749  35.990  -48.313  -17.836 0.4000000060
26748  36.275  -48.046  -18.550 0.4000000060
26762  36.438  -47.976  -19.839 0.4000000060
27615  36.201  -47.440  -21.160 0.5000000000
27630  36.039  -46.958  -21.827 0.4000000060
173153  36.592  -46.799  -22.873 0.6000000238
26661  32.694  -48.131  -11.415 0.4000000060
27536  34.115  -47.700  -12.440 0.4000000060
27544  34.664  -47.342  -13.686 0.4000000060
26707  34.846  -48.118  -14.823 0.4000000060
27571  35.080  -47.419  -15.395 0.4000000060
28422  35.801  -46.561  -17.146 0.4000000060
28437  36.062  -46.509  -17.844 0.5000000000
170956  36.143  -46.998  -18.125 0.4000000060
27602  36.367  -47.257  -18.735 0.3000000119
28451  36.296  -46.660  -20.100 0.3000000119
27610  36.428  -47.274  -19.576 0.4000000060
158311  35.610  -46.110  -22.058 0.4000000060
28473  35.758  -46.434  -22.379 0.4000000060
27642  36.014  -46.743  -22.671 0.5000000000
154258  31.677  -48.516  -11.294 0.4000000060
27559  34.826  -47.410  -14.487 0.4000000060
28395  35.349  -46.721  -15.986 0.4000000060
28408  35.599  -46.223  -16.518 0.3000000119
152790  35.997  -46.054  -17.560 0.3000000119
28436  36.317  -46.507  -18.525 0.3000000119
163136  36.298  -45.982  -19.800 0.3000000119
28452  36.000  -46.071  -20.611 0.3000000119
29339  35.149  -45.582  -22.423 0.4000000060
29345  35.024  -45.346  -22.716 0.4000000060
163008  33.780  -47.061  -12.173 0.3000000119
28354  34.578  -46.669  -13.328 0.3000000119
28383  34.905  -46.048  -14.476 0.3000000119
28396  35.133  -46.428  -15.288 0.3000000119
29281  35.673  -45.468  -16.475 0.3000000119
30166  35.982  -45.029  -17.138 0.3000000119
29303  36.419  -45.217  -18.698 0.4000000060
30181  36.445  -44.645  -19.216 0.4000000060
29312  36.371  -45.316  -19.513 0.3000000119
30185  35.508  -44.882  -20.814 0.3000000119
29317  35.535  -45.508  -21.093 0.3000000119
29334  34.620  -45.064  -22.222 0.4000000060
29346  34.587  -44.872  -22.759 0.4000000060
30219  34.649  -44.395  -22.888 0.4000000060
30175  36.402  -44.534  -18.411 0.4000000060
162007  35.689  -43.376  -20.686 0.4000000060
31068  35.709  -44.116  -20.588 0.4000000060
31073  34.929  -44.440  -21.335 0.3000000119
30199  34.503  -44.676  -21.944 0.4000000060
30214  33.818  -43.935  -22.629 0.4000000060
30220  34.126  -44.491  -22.707 0.4000000060
31103  34.139  -43.943  -22.874 0.4000000060
154509  34.956  -43.677  -21.242 0.4000000060
168689  34.291  -43.496  -21.889 0.5000000000
31091  33.799  -43.818  -22.408 0.4000000060
168389  33.612  -43.206  -22.626 0.4000000060
31102  34.948  -43.524  -22.984 0.3000000119
32066  33.862  -42.451  -23.167 0.3000000119
20186  35.891  -55.911  -18.188 0.6999999881
18437  34.707  -57.277  -14.867 0.8000000119
147758  36.274  -54.118  -18.826 0.6000000238
21014  35.604  -54.817  -17.062 0.6999999881
24362  37.515  -50.739  -22.086 0.6000000238
21800  34.388  -53.473  -13.265 0.4000000060
171355  34.648  -53.234  -14.535 0.4000000060
20982  34.924  -54.193  -15.380 0.6999999881
21874  35.433  -53.668  -16.558 0.6999999881
154869  36.246  -53.175  -18.684 0.6999999881
22559  33.611  -52.466  -11.623 0.5000000000
22672  35.820  -52.338  -17.402 0.5000000000
23442  35.159  -51.598  -16.003 0.4000000060
25172  36.327  -49.822  -20.716 0.6000000238
26786  36.467  -48.680  -22.326 0.5000000000
27637  36.324  -47.935  -22.356 0.6000000238
26728  35.542  -48.079  -16.662 0.3000000119
162562  36.136  -46.759  -20.938 0.4000000060
27529  32.775  -47.463  -11.497 0.4000000060
30198  34.957  -45.040  -21.529 0.3000000119
31074  34.340  -44.152  -21.930 0.3000000119
151342  34.154  -43.214  -23.003 0.3000000119
13219  33.606  -63.197  -14.867 0.6000000238
13245  33.158  -63.491  -15.477 0.6000000238
154878  34.069  -63.791  -18.157 0.6000000238
13294  35.658  -63.631  -18.206 0.6000000238
13223  30.339  -63.470  -14.969 0.5000000000
13193  32.501  -63.373  -14.150 0.6000000238
14649  33.983  -61.884  -13.843 0.6999999881
13947  33.706  -62.694  -14.166 0.6999999881
13221  31.914  -63.506  -14.770 0.6000000238
14678  35.084  -61.758  -15.596 0.6000000238
13980  34.797  -62.660  -15.740 0.6000000238
14691  35.957  -62.070  -16.931 0.6000000238
13998  35.965  -62.802  -17.338 0.6000000238
13276  35.484  -63.420  -17.508 0.6000000238
14009  36.718  -62.672  -18.474 0.6000000238
14024  37.575  -62.195  -19.929 0.6999999881
13172  31.546  -63.353  -13.225 0.6000000238
14637  33.051  -62.055  -12.751 0.6999999881
157027  30.703  -63.499  -14.315 0.5000000000
13926  32.704  -62.720  -13.071 0.6999999881
13171  32.266  -63.218  -13.466 0.6999999881
15349  34.740  -60.844  -14.775 0.6999999881
14665  34.704  -61.572  -14.915 0.6999999881
14677  35.597  -61.467  -16.292 0.5000000000
14709  36.822  -61.746  -18.135 0.6000000238
15413  37.322  -60.673  -19.258 0.6000000238
14719  37.379  -61.593  -19.269 0.6999999881
157893  37.445  -60.106  -19.774 0.6999999881
14726  37.970  -61.949  -20.864 0.6999999881
157220  38.155  -59.981  -21.555 0.6999999881
16171  42.900  -59.876  -23.795 0.4000000060
17711  41.370  -58.523  -23.970 0.5000000000
17714  39.568  -58.737  -23.623 0.6000000238
16162  38.637  -59.730  -22.910 0.6000000238
152337  38.526  -59.047  -22.341 0.6999999881
13928  28.239  -62.800  -12.260 0.5000000000
13910  30.096  -62.762  -11.844 0.5000000000
13891  31.327  -62.185  -11.506 0.6000000238
13175  29.217  -63.349  -12.853 0.5000000000
14619  32.695  -61.680  -12.124 0.6999999881
13908  31.670  -62.615  -12.144 0.5000000000
13156  31.238  -63.155  -12.546 0.6000000238
15319  33.791  -60.805  -12.966 0.6999999881
14636  33.641  -61.618  -13.157 0.6999999881
16063  34.732  -60.237  -14.686 0.6999999881
15377  35.660  -60.621  -16.447 0.6999999881
14701  36.415  -61.462  -17.502 0.6000000238
15404  36.939  -60.321  -18.695 0.6000000238
16136  37.432  -59.532  -20.192 0.6999999881
16150  37.811  -59.726  -20.846 0.6999999881
151102  38.336  -58.398  -21.944 0.6999999881
155996  38.852  -59.097  -22.921 0.6000000238
16943  38.741  -58.503  -22.596 0.6000000238
15285  29.345  -60.887  -10.917 0.5000000000
13913  26.936  -62.410  -12.329 0.4000000060
14605  30.446  -61.606  -10.866 0.5000000000
14607  28.413  -61.795  -11.517 0.5000000000
13892  30.480  -62.217  -11.294 0.5000000000
15283  31.967  -60.896  -10.922 0.6000000238
14603  31.702  -61.558  -11.207 0.6000000238
162367  33.893  -59.440  -12.501 0.6999999881
15303  32.934  -60.948  -11.851 0.6000000238
16038  33.865  -60.053  -12.741 0.6999999881
16052  34.573  -59.865  -14.235 0.6999999881
16073  35.365  -60.057  -16.038 0.6999999881
16104  36.029  -59.753  -17.500 0.6999999881
15393  36.287  -60.582  -17.509 0.6999999881
16121  36.700  -59.491  -18.883 0.6999999881
16911  37.118  -58.879  -19.927 0.6999999881
17674  37.270  -58.518  -20.365 0.8000000119
17702  38.143  -57.835  -21.718 0.6999999881
18533  40.285  -57.364  -23.596 0.5000000000
18525  39.902  -56.796  -23.260 0.6000000238
18527  38.714  -57.134  -22.374 0.6000000238
15305  27.121  -60.890  -11.986 0.4000000060
157326  30.385  -60.323  -10.435 0.6000000238
15262  30.178  -60.976  -10.638 0.6000000238
15979  32.287  -59.426  -10.510 0.6000000238
173013  33.309  -58.832  -11.205 0.6000000238
16824  33.686  -58.958  -11.901 0.6000000238
17595  34.497  -58.329  -13.950 0.6999999881
153040  34.407  -59.506  -13.761 0.6999999881
16862  35.143  -58.837  -15.865 0.6999999881
16074  35.067  -59.476  -15.621 0.6999999881
16870  35.330  -58.456  -16.387 0.8000000119
16869  35.613  -58.732  -17.040 0.8000000119
168199  36.049  -58.661  -18.261 0.6000000238
169936  36.861  -58.585  -19.614 0.6000000238
17693  37.326  -57.648  -20.877 0.8000000119
18519  37.738  -57.433  -21.399 0.6999999881
148728  41.401  -56.549  -23.778 0.5000000000
19388  40.627  -56.626  -23.577 0.6000000238
19382  38.860  -56.369  -22.510 0.6999999881
19387  41.087  -55.889  -23.524 0.6000000238
15983  29.603  -59.602  -10.621 0.5000000000
16805  28.760  -59.446  -11.311 0.4000000060
168852  26.909  -59.470  -13.022 0.4000000060
15982  30.269  -59.624  -10.431 0.5000000000
16005  29.062  -60.036  -10.984 0.5000000000
16782  32.434  -58.627  -10.468 0.6000000238
17552  33.546  -58.228  -11.357 0.6000000238
17569  33.926  -58.042  -12.223 0.6000000238
17582  34.447  -57.633  -13.682 0.6999999881
167210  34.860  -58.801  -15.157 0.8000000119
17634  35.106  -57.736  -16.325 0.8000000119
18471  35.582  -57.704  -17.696 0.6000000238
18487  36.261  -57.484  -19.111 0.6000000238
18496  36.833  -57.204  -20.557 0.6999999881
18506  37.195  -56.791  -21.184 0.6999999881
20216  38.634  -55.094  -22.276 0.6999999881
19380  40.235  -56.050  -23.218 0.6000000238
21933  40.434  -54.098  -22.523 0.6000000238
21922  40.719  -53.416  -22.340 0.6000000238
20222  41.364  -55.096  -23.315 0.6000000238
156568  30.791  -57.330  -10.378 0.5000000000
159220  29.332  -58.585  -10.830 0.5000000000
16825  28.944  -58.751  -11.410 0.5000000000
16839  28.237  -58.741  -12.858 0.5000000000
18373  32.315  -57.077  -10.409 0.5000000000
17540  30.963  -58.098  -10.356 0.5000000000
17553  33.300  -57.675  -10.869 0.6000000238
162918  35.573  -56.963  -17.666 0.6999999881
145205  36.161  -56.164  -18.892 0.6000000238
20202  36.444  -55.960  -20.452 0.6000000238
20211  36.518  -55.437  -21.014 0.6000000238
20218  37.220  -55.391  -21.807 0.6999999881
21049  36.821  -54.703  -21.729 0.6000000238
21047  38.131  -54.547  -22.140 0.6000000238
21045  39.663  -54.247  -22.345 0.6999999881
21051  42.374  -54.144  -23.360 0.5000000000
22707  41.699  -52.548  -22.395 0.4000000060
19210  30.791  -56.622  -10.386 0.5000000000
167978  29.742  -56.845  -10.770 0.5000000000
19235  29.239  -56.762  -11.769 0.5000000000
17584  29.004  -57.568  -13.308 0.5000000000
17596  28.950  -57.552  -14.147 0.5000000000
170745  28.848  -57.318  -15.501 0.5000000000
21044  36.225  -53.835  -20.922 0.6000000238
170718  37.068  -53.965  -21.938 0.6000000238
155585  37.711  -53.325  -22.017 0.4000000060
22710  38.981  -52.826  -21.872 0.5000000000
23495  40.090  -51.605  -21.413 0.4000000060
23504  41.229  -52.085  -21.968 0.4000000060
22709  40.239  -52.894  -21.974 0.5000000000
20046  30.611  -55.816  -10.476 0.6000000238
20056  29.968  -55.636  -10.888 0.5000000000
151557  29.269  -56.112  -11.807 0.5000000000
19253  29.264  -56.017  -13.264 0.5000000000
19268  29.344  -56.457  -14.139 0.5000000000
19290  29.647  -56.455  -15.900 0.5000000000
18465  29.917  -56.844  -17.287 0.4000000060
18472  30.408  -56.894  -18.353 0.5000000000
18479  30.718  -56.941  -19.278 0.4000000060
18497  30.316  -57.111  -21.207 0.4000000060
17703  28.836  -57.774  -22.035 0.4000000060
22712  37.418  -52.458  -21.961 0.6000000238
23497  38.589  -51.448  -21.571 0.4000000060
24349  39.709  -50.938  -21.173 0.4000000060
168150  40.784  -51.669  -21.572 0.4000000060
158511  29.775  -54.920  -11.215 0.5000000000
159068  29.265  -54.886  -12.534 0.4000000060
168661  29.285  -55.570  -14.000 0.4000000060
155390  29.372  -55.837  -14.761 0.5000000000
20983  29.960  -54.611  -16.213 0.4000000060
19305  30.043  -56.376  -16.815 0.5000000000
153929  30.623  -55.112  -17.443 0.4000000060
20187  31.174  -55.557  -18.835 0.5000000000
19314  30.961  -56.253  -18.344 0.5000000000
20196  31.312  -55.553  -19.958 0.3000000119
19355  30.351  -56.629  -21.370 0.3000000119
19356  29.539  -56.651  -21.443 0.3000000119
24350  39.181  -50.353  -21.155 0.4000000060
21769  29.827  -53.786  -11.376 0.5000000000
160024  29.285  -53.792  -12.770 0.5000000000
20943  29.282  -54.679  -13.961 0.4000000060
146686  30.582  -52.840  -11.145 0.4000000060
22579  29.539  -52.802  -11.893 0.4000000060
165328  29.238  -53.382  -13.254 0.4000000060
22639  29.439  -52.418  -14.886 0.4000000060
23366  30.019  -51.456  -11.526 0.4000000060
23367  29.532  -51.460  -12.066 0.4000000060
149184  29.212  -52.069  -13.487 0.4000000060
24218  29.795  -50.768  -11.740 0.4000000060
23409  29.230  -51.355  -13.726 0.4000000060
145712  29.356  -51.251  -15.213 0.4000000060
23455  29.715  -51.550  -16.448 0.4000000060
24219  29.383  -50.750  -12.343 0.4000000060
25048  30.895  -50.134  -11.274 0.3000000119
25105  29.160  -50.025  -14.306 0.4000000060
24292  29.346  -50.581  -15.532 0.4000000060
155508  29.491  -50.644  -16.388 0.4000000060
150004  30.590  -49.379  -11.346 0.4000000060
24308  30.143  -51.293  -18.127 0.4000000060
24322  29.872  -50.550  -18.470 0.4000000060
25850  30.399  -48.508  -11.463 0.3000000119
163758  29.451  -48.838  -12.276 0.4000000060
25874  29.221  -49.291  -12.989 0.4000000060
175278  29.146  -49.458  -14.566 0.4000000060
25130  29.275  -49.787  -15.900 0.4000000060
25147  29.387  -49.629  -17.212 0.4000000060
157350  29.267  -49.295  -16.581 0.3000000119
20203  36.368  -55.165  -20.216 0.6000000238
17539  31.885  -58.078  -10.370 0.5000000000
21926  36.556  -53.489  -21.660 0.6000000238
168947  39.045  -50.995  -21.318 0.4000000060
168929  35.091  -63.386  -16.937 0.6000000238
145503  37.764  -61.104  -20.033 0.6999999881
16928  37.521  -59.089  -20.561 0.6999999881
16947  41.270  -59.242  -23.984 0.5000000000
18531  41.922  -57.169  -23.907 0.5000000000
147679  39.817  -59.386  -23.766 0.5000000000
17712  40.739  -57.953  -23.818 0.4000000060
166119  39.420  -58.182  -23.376 0.6000000238
13912  28.616  -62.466  -11.855 0.5000000000
156421  35.724  -59.317  -17.087 0.6999999881
19381  39.494  -56.215  -22.931 0.6000000238
16025  33.123  -60.212  -11.590 0.6000000238
16876  36.252  -59.262  -18.231 0.6999999881
17675  37.032  -57.940  -20.350 0.8000000119
18518  38.189  -57.256  -21.881 0.6999999881
168410  27.276  -60.275  -12.070 0.4000000060
17648  35.921  -58.108  -18.289 0.6000000238
167075  36.424  -57.883  -19.277 0.6000000238
20217  37.809  -55.800  -21.972 0.6999999881
19376  38.185  -56.469  -22.020 0.6999999881
20229  41.956  -55.610  -23.719 0.5000000000
171447  42.843  -55.856  -23.934 0.5000000000
21055  39.363  -54.946  -22.507 0.6999999881
20224  39.795  -55.487  -22.875 0.6000000238
163205  36.093  -56.940  -18.831 0.6999999881
19351  36.502  -56.704  -20.185 0.6999999881
19378  36.884  -55.911  -21.385 0.6999999881
164531  39.601  -53.051  -21.928 0.6000000238
21053  40.874  -54.586  -22.941 0.6000000238
21921  41.436  -53.223  -22.565 0.6000000238
18374  29.694  -57.457  -10.689 0.5000000000
167547  29.007  -58.147  -11.782 0.5000000000
17585  28.736  -58.201  -12.981 0.4000000060
20212  36.336  -54.597  -20.922 0.6000000238
161934  38.468  -53.248  -21.987 0.6000000238
17676  29.248  -57.824  -20.992 0.3000000119
23506  38.798  -52.140  -21.672 0.5000000000
24348  40.661  -50.924  -21.267 0.4000000060
161509  29.871  -55.936  -16.137 0.5000000000
18478  31.021  -56.803  -19.859 0.4000000060
19368  29.226  -57.412  -22.000 0.4000000060
25067  29.591  -50.064  -11.983 0.4000000060
25068  29.254  -50.057  -12.646 0.4000000060
159761  35.904  -72.420  -13.150 0.3000000119
7517  35.280  -71.781  -13.349 0.3000000119
10800  38.200  -66.859  -22.613 0.4000000060
165464  40.223  -66.454  -21.663 0.4000000060
10124  39.713  -68.242  -21.354 0.4000000060
10109  39.656  -68.210  -20.892 0.4000000060
147021  38.474  -64.942  -23.087 0.4000000060
12045  37.513  -65.160  -23.111 0.4000000060
12694  36.719  -64.386  -23.504 0.4000000060
12700  36.151  -63.757  -23.726 0.5000000000
12048  34.976  -64.546  -23.015 0.5000000000
13356  34.529  -63.893  -22.805 0.5000000000
12033  40.451  -65.583  -22.314 0.4000000060
11413  39.944  -66.077  -22.513 0.5000000000
11415  37.711  -66.079  -22.869 0.5000000000
12682  33.975  -64.514  -22.072 0.5000000000
12026  40.476  -65.739  -21.801 0.5000000000
11397  40.122  -66.371  -21.959 0.5000000000
12017  40.117  -65.256  -20.978 0.5000000000
11385  39.989  -66.846  -21.255 0.4000000060
10747  39.561  -67.367  -20.648 0.4000000060
9465  39.146  -68.956  -20.108 0.4000000060
10092  38.145  -68.114  -19.115 0.4000000060
8809  37.679  -69.615  -18.632 0.3000000119
8800  36.531  -70.188  -17.669 0.4000000060
13357  41.370  -62.753  -23.318 0.4000000060
13359  39.571  -62.905  -23.562 0.4000000060
14053  38.956  -62.163  -23.869 0.4000000060
13350  41.362  -63.416  -22.927 0.4000000060
13351  40.299  -63.724  -23.097 0.4000000060
13352  39.100  -63.483  -23.446 0.4000000060
12698  37.637  -63.652  -23.686 0.4000000060
13361  37.069  -62.910  -23.849 0.5000000000
12701  35.531  -63.495  -23.538 0.5000000000
157723  41.455  -63.946  -22.589 0.4000000060
12690  41.096  -64.300  -22.691 0.4000000060
12044  39.316  -65.592  -22.850 0.4000000060
14055  36.841  -62.147  -23.563 0.5000000000
14049  36.218  -62.647  -23.450 0.5000000000
13340  34.439  -63.807  -22.407 0.5000000000
13339  35.436  -63.436  -22.439 0.6000000238
13328  36.303  -63.460  -21.546 0.6000000238
13329  35.168  -63.791  -21.413 0.6000000238
15437  38.209  -60.695  -21.754 0.6000000238
14030  37.535  -62.703  -21.309 0.6000000238
13317  35.442  -63.915  -20.226 0.5000000000
10748  38.939  -67.478  -19.858 0.4000000060
14018  36.772  -63.159  -19.163 0.5000000000
10068  37.642  -67.975  -18.621 0.4000000060
10069  37.134  -68.258  -18.144 0.4000000060
9442  36.619  -68.903  -17.681 0.4000000060
14756  39.322  -61.506  -23.911 0.4000000060
15451  39.277  -60.687  -23.857 0.5000000000
14757  37.875  -61.411  -23.658 0.5000000000
14751  38.031  -61.061  -23.475 0.5000000000
14040  36.303  -62.670  -23.113 0.5000000000
15446  38.381  -60.513  -23.276 0.5000000000
14039  37.119  -62.540  -22.395 0.6000000238
15443  38.392  -60.259  -22.385 0.6000000238
14746  38.175  -61.056  -22.714 0.6000000238
148161  37.007  -73.311  -12.988 0.3000000119
8087  35.681  -70.469  -13.159 0.3000000119
10020  34.814  -68.377  -15.147 0.3000000119
14750  42.496  -61.825  -23.342 0.4000000060
14753  42.466  -61.737  -23.483 0.4000000060
147582  41.815  -61.325  -23.807 0.4000000060
14754  40.452  -61.838  -23.804 0.4000000060
16166  41.130  -59.943  -23.967 0.4000000060
16168  39.446  -60.012  -23.771 0.5000000000
159288  40.535  -59.461  -23.901 0.4000000060
16169  38.836  -60.225  -23.552 0.5000000000
164339  37.519  -62.701  -20.542 0.6000000238
13306  36.311  -63.632  -19.636 0.5000000000
15449  40.841  -60.679  -23.936 0.4000000060
13353  38.552  -64.088  -23.326 0.4000000060
13341  34.030  -64.281  -21.968 0.5000000000
9415  35.130  -68.705  -15.884 0.3000000119
163479  40.831  -62.423  -23.574 0.4000000060
14054  38.072  -61.951  -23.858 0.5000000000
14048  36.805  -62.150  -23.325 0.5000000000
14747  37.711  -61.780  -22.696 0.6000000238
28467  35.733  -46.158  -21.419 0.3000000119
9450  37.777  -68.784  -18.782 0.4000000060
9451  37.220  -69.050  -18.261 0.3000000119
9464  39.584  -68.980  -20.647 0.4000000060
9466  38.544  -68.904  -19.452 0.4000000060
10007  34.728  -68.144  -14.445 0.3000000119
10090  39.291  -68.211  -20.348 0.4000000060
10091  38.756  -68.197  -19.681 0.4000000060
10749  38.463  -66.907  -19.322 0.4000000060
10775  39.891  -67.584  -21.351 0.4000000060
11369  38.996  -66.670  -19.927 0.4000000060
11414  38.941  -66.337  -22.710 0.4000000060
12016  40.788  -64.944  -21.568 0.5000000000
12025  40.845  -65.037  -22.229 0.4000000060
12028  33.676  -64.739  -21.643 0.5000000000
12032  40.845  -64.965  -22.552 0.4000000060
12043  40.219  -65.372  -22.681 0.4000000060
12046  36.567  -65.083  -23.154 0.4000000060
12675  33.643  -64.597  -21.426 0.5000000000
12680  41.204  -64.465  -22.484 0.4000000060
12681  34.173  -64.130  -22.459 0.5000000000
12691  40.386  -64.650  -22.848 0.4000000060
12692  39.444  -64.824  -22.978 0.4000000060
12693  37.621  -64.335  -23.421 0.4000000060
12695  35.717  -64.278  -23.451 0.5000000000
12696  34.947  -63.822  -23.230 0.5000000000
12697  34.411  -64.193  -22.759 0.5000000000
12699  36.856  -63.668  -23.785 0.5000000000
13157  30.456  -63.211  -12.383 0.5000000000
13158  29.672  -63.158  -12.304 0.5000000000
13159  28.906  -63.007  -12.267 0.5000000000
13173  30.799  -63.407  -13.047 0.6000000238
13192  33.146  -63.225  -14.319 0.6000000238
13194  31.788  -63.430  -13.928 0.6999999881
13195  31.100  -63.474  -13.731 0.5000000000
13196  30.368  -63.496  -13.629 0.6000000238
13220  32.788  -63.441  -14.848 0.6000000238
13222  31.061  -63.492  -15.059 0.5000000000
13243  34.240  -62.974  -15.295 0.6000000238
13244  33.781  -63.322  -15.508 0.6000000238
13259  34.478  -63.509  -16.743 0.6000000238
13275  36.138  -63.156  -17.948 0.6000000238
13277  34.668  -63.664  -17.448 0.6000000238
13293  36.163  -63.550  -18.756 0.5000000000
13295  34.962  -63.848  -18.120 0.6000000238
13305  37.081  -63.112  -19.946 0.6999999881
13315  37.070  -63.259  -20.904 0.6000000238
13316  36.327  -63.637  -20.573 0.5000000000
13318  34.341  -64.017  -20.802 0.6000000238
13327  36.985  -63.160  -21.672 0.6000000238
13330  34.212  -64.088  -21.641 0.5000000000
13337  41.666  -63.183  -22.722 0.4000000060
13349  41.822  -62.664  -23.140 0.4000000060
13354  35.584  -63.156  -23.415 0.5000000000
13355  35.106  -63.572  -23.085 0.5000000000
13358  40.576  -62.928  -23.332 0.4000000060
13360  38.076  -63.209  -23.745 0.4000000060
13362  36.152  -63.059  -23.707 0.5000000000
13893  29.753  -61.696  -11.070 0.5000000000
13894  29.124  -62.115  -11.439 0.5000000000
13907  32.407  -62.407  -12.399 0.6999999881
13909  30.887  -62.738  -11.926 0.5000000000
13911  29.351  -62.673  -11.835 0.5000000000
13925  33.399  -62.394  -13.405 0.6999999881
13927  31.990  -62.982  -12.786 0.6000000238
13929  27.567  -62.948  -12.597 0.5000000000
13948  32.988  -63.013  -13.729 0.6999999881
13966  34.583  -62.312  -15.110 0.6000000238
13967  34.128  -62.674  -14.765 0.6000000238
13979  35.375  -62.343  -16.258 0.6000000238
13990  35.545  -62.887  -16.838 0.6000000238
13997  36.389  -62.350  -17.682 0.6000000238
14008  37.100  -61.930  -18.714 0.6000000238
14017  37.161  -62.471  -19.213 0.6999999881
14050  42.242  -62.186  -23.366 0.4000000060
14051  41.666  -62.152  -23.580 0.4000000060
14052  39.932  -62.316  -23.727 0.4000000060
14056  36.470  -62.590  -23.633 0.5000000000
14585  30.776  -61.256  -10.670 0.6000000238
14602  32.348  -61.299  -11.489 0.6000000238
14604  31.026  -61.689  -11.007 0.5000000000
14606  28.997  -61.495  -11.214 0.5000000000
14620  32.041  -61.971  -11.806 0.6000000238
14623  26.350  -61.938  -12.346 0.4000000060
14648  34.444  -61.346  -14.295 0.6999999881
14666  34.311  -62.094  -14.492 0.6999999881
14725  38.073  -60.987  -20.989 0.6999999881
14736  38.146  -61.458  -21.773 0.6000000238
14737  37.874  -62.134  -21.781 0.6000000238
14749  42.809  -61.247  -23.380 0.4000000060
14752  42.576  -60.984  -23.690 0.4000000060
14755  40.087  -61.103  -23.920 0.4000000060
14758  37.493  -61.591  -23.457 0.5000000000
15260  31.515  -60.485  -10.504 0.6000000238
15261  30.865  -60.721  -10.495 0.6000000238
15263  29.776  -60.240  -10.585 0.5000000000
15282  32.578  -60.587  -11.200 0.6000000238
15284  31.333  -61.126  -10.738 0.6000000238
15286  28.481  -60.876  -11.315 0.5000000000
15302  33.465  -60.535  -12.262 0.6999999881
15304  27.753  -60.534  -11.723 0.4000000060
15320  33.291  -61.293  -12.500 0.6999999881
15335  34.511  -60.590  -14.193 0.6999999881
15336  34.126  -61.067  -13.666 0.6999999881
15360  35.312  -60.866  -15.794 0.6999999881
15361  34.983  -60.295  -15.304 0.6999999881
15392  36.729  -60.865  -18.074 0.6000000238
15403  37.121  -61.176  -18.649 0.6000000238
15414  37.099  -59.942  -19.235 0.6000000238
15424  37.772  -60.265  -20.484 0.6999999881
15447  42.953  -60.526  -23.520 0.4000000060
15448  41.888  -60.490  -23.909 0.4000000060
15450  39.929  -60.484  -23.909 0.5000000000
15452  38.478  -60.947  -23.710 0.5000000000
15980  31.605  -59.762  -10.406 0.6000000238
15981  30.945  -60.058  -10.383 0.6000000238
16002  33.254  -59.467  -11.378 0.6000000238
16003  32.755  -59.850  -10.951 0.6000000238
16004  32.151  -60.186  -10.671 0.6000000238
16006  28.322  -59.986  -11.489 0.4000000060
16024  33.572  -59.789  -12.049 0.6999999881
16026  27.785  -59.862  -12.015 0.4000000060
16053  34.254  -60.200  -13.525 0.6999999881
16054  26.375  -59.443  -13.360 0.4000000060
16087  35.668  -59.891  -16.751 0.6999999881
16103  36.490  -60.012  -18.153 0.6999999881
16127  37.065  -59.428  -19.577 0.6999999881
16149  37.967  -59.310  -21.219 0.6999999881
16158  38.327  -59.542  -22.006 0.6999999881
16161  39.148  -59.415  -23.455 0.5000000000
16163  43.259  -59.473  -23.652 0.4000000060
16167  40.239  -59.988  -23.898 0.4000000060
16783  31.552  -58.901  -10.347 0.5000000000
16784  30.614  -58.877  -10.370 0.5000000000
16785  29.803  -58.905  -10.538 0.5000000000
16803  33.061  -58.382  -10.781 0.6000000238
16804  29.221  -59.220  -10.882 0.5000000000
16826  28.350  -59.234  -11.938 0.4000000060
16827  27.835  -59.376  -12.456 0.4000000060
16838  34.051  -58.841  -12.740 0.6999999881
16840  27.505  -59.176  -12.983 0.4000000060
16848  34.595  -59.060  -14.313 0.6999999881
16849  34.355  -58.906  -13.519 0.6999999881
16861  35.399  -59.249  -16.412 0.8000000119
16890  36.422  -58.820  -18.809 0.6999999881
16904  36.781  -58.899  -19.361 0.6000000238
16912  36.912  -58.309  -19.881 0.8000000119
16927  37.693  -58.701  -20.912 0.6999999881
16937  38.163  -58.872  -21.575 0.6999999881
16942  39.144  -58.650  -23.172 0.6000000238
16948  40.402  -58.759  -23.854 0.5000000000
17538  32.624  -57.806  -10.500 0.5000000000
17541  30.212  -57.730  -10.465 0.5000000000
17542  29.687  -58.148  -10.609 0.5000000000
17554  29.309  -57.962  -11.103 0.5000000000
17570  28.760  -58.540  -12.310 0.5000000000
17583  34.257  -58.184  -13.163 0.6999999881
17594  34.609  -57.791  -14.389 0.8000000119
17597  28.468  -58.128  -13.657 0.4000000060
17609  28.934  -57.390  -14.885 0.5000000000
17623  35.012  -58.218  -15.736 0.8000000119
17624  28.286  -57.484  -15.915 0.5000000000
17633  35.442  -58.032  -17.020 0.8000000119
17640  35.733  -58.377  -17.683 0.6000000238
17647  36.231  -58.391  -18.719 0.6000000238
17664  36.222  -57.968  -18.860 0.6000000238
17692  37.866  -58.171  -21.248 0.6999999881
17694  29.147  -57.769  -21.902 0.4000000060
17707  39.057  -57.849  -22.862 0.6000000238
17708  38.544  -57.841  -22.221 0.6000000238
17713  39.958  -58.089  -23.633 0.6000000238
18383  33.460  -56.966  -11.019 0.6999999881
18384  32.971  -57.200  -10.635 0.6999999881
18385  30.169  -57.043  -10.516 0.5000000000
18386  29.449  -57.131  -11.146 0.5000000000
18399  33.719  -57.463  -11.479 0.6999999881
18400  29.153  -57.506  -11.745 0.5000000000
18417  34.569  -57.115  -14.151 0.6999999881
18418  34.199  -57.353  -12.875 0.6999999881
18419  29.159  -57.166  -12.529 0.5000000000
18428  29.176  -57.090  -13.912 0.5000000000
18438  29.262  -57.010  -14.609 0.5000000000
18439  29.328  -56.931  -15.463 0.5000000000
18450  34.862  -57.504  -15.597 0.8999999762
18451  29.630  -56.796  -16.337 0.4000000060
18463  35.285  -57.223  -16.949 0.8000000119
18466  29.342  -57.004  -16.730 0.4000000060
18473  29.694  -57.129  -18.031 0.5000000000
18477  35.890  -57.427  -18.403 0.6999999881
18480  30.101  -57.161  -19.134 0.4000000060
18486  36.558  -57.627  -19.800 0.6000000238
18488  30.807  -56.800  -20.809 0.4000000060
18489  30.510  -57.102  -20.296 0.4000000060
18490  29.783  -57.422  -20.181 0.4000000060
18498  29.816  -57.509  -21.623 0.4000000060
18507  30.068  -57.163  -21.518 0.4000000060
18508  29.511  -57.540  -21.842 0.4000000060
18526  39.248  -56.988  -22.899 0.6000000238
18532  41.062  -57.227  -23.789 0.4000000060
18534  39.611  -57.552  -23.287 0.6000000238
19207  32.978  -56.492  -10.636 0.6999999881
19209  31.369  -56.057  -10.372 0.5000000000
19219  30.080  -56.358  -10.628 0.5000000000
19220  29.570  -56.325  -11.177 0.5000000000
19267  34.586  -55.758  -14.140 0.8000000119
19277  34.840  -56.067  -15.151 0.8000000119
19278  29.582  -55.927  -15.505 0.5000000000
19279  29.448  -56.496  -15.063 0.5000000000
19304  35.214  -56.487  -16.560 0.8000000119
19315  30.538  -56.629  -17.827 0.5000000000
19326  35.848  -56.607  -18.257 0.6000000238
19327  30.922  -56.749  -18.807 0.5000000000
19338  36.296  -56.859  -19.455 0.6000000238
19339  31.224  -56.318  -19.374 0.4000000060
19341  29.226  -56.019  -20.514 0.3000000119
19342  28.545  -56.221  -20.466 0.3000000119
19352  36.372  -56.046  -19.762 0.6000000238
19353  31.131  -56.286  -20.411 0.4000000060
19354  30.775  -56.343  -21.060 0.3000000119
19366  36.665  -56.358  -20.845 0.6999999881
19367  29.852  -56.993  -21.665 0.4000000060
19377  37.462  -56.183  -21.677 0.6999999881
19386  42.242  -56.419  -23.908 0.5000000000
20043  32.740  -55.733  -10.552 0.6999999881
20045  31.191  -55.397  -10.431 0.6000000238
20053  33.763  -55.726  -11.367 0.6000000238
20054  33.260  -55.294  -10.839 0.5000000000
20057  29.428  -55.557  -11.484 0.5000000000
20069  29.259  -55.582  -12.367 0.4000000060
20085  34.302  -55.338  -12.718 0.5000000000
20086  29.252  -55.201  -13.210 0.4000000060
20120  29.494  -55.233  -15.186 0.5000000000
20143  29.788  -55.310  -15.876 0.5000000000
20162  35.279  -55.693  -16.340 0.6999999881
20163  30.172  -55.442  -16.678 0.5000000000
20177  35.511  -55.514  -17.028 0.8000000119
20178  30.564  -55.988  -17.505 0.5000000000
20204  30.956  -55.462  -20.767 0.3000000119
20219  36.746  -55.242  -21.490 0.6000000238
20223  40.573  -55.313  -23.102 0.6000000238
20225  39.074  -55.643  -22.595 0.6999999881
20228  42.605  -55.236  -23.772 0.5000000000
20887  32.544  -54.982  -10.537 0.6000000238
20892  33.696  -54.212  -11.476 0.5000000000
20894  32.400  -54.193  -10.600 0.6000000238
20895  30.909  -54.143  -10.707 0.6000000238
20896  30.146  -54.272  -11.051 0.5000000000
20897  29.553  -54.282  -11.557 0.5000000000
20907  29.335  -54.308  -12.243 0.5000000000
20921  34.413  -54.184  -13.168 0.4000000060
20923  29.261  -54.462  -13.061 0.5000000000
20942  34.609  -54.438  -14.039 0.5000000000
20964  34.761  -54.665  -14.755 0.6000000238
20999  35.421  -54.449  -16.517 0.6999999881
21000  30.271  -54.508  -16.897 0.4000000060
21015  31.034  -54.850  -18.211 0.5000000000
21032  36.346  -54.556  -19.519 0.6000000238
21046  38.885  -54.393  -22.231 0.6999999881
21048  37.425  -54.647  -21.992 0.6999999881
21052  41.627  -54.368  -23.133 0.6000000238
21054  40.112  -54.778  -22.740 0.6000000238
21059  42.891  -54.664  -23.717 0.5000000000
21060  42.119  -54.841  -23.501 0.5000000000
21764  33.573  -53.342  -11.491 0.5000000000
21767  31.215  -53.435  -10.856 0.5000000000
21782  29.462  -53.599  -11.929 0.5000000000
21801  34.195  -53.602  -12.584 0.4000000060
21802  29.304  -53.093  -12.574 0.4000000060
21821  34.556  -53.699  -13.910 0.4000000060
21857  35.215  -54.105  -16.026 0.6999999881
21887  35.735  -53.708  -17.324 0.6999999881
21905  36.381  -53.688  -19.576 0.6000000238
21912  36.267  -53.360  -20.416 0.6000000238
21919  36.233  -53.064  -20.997 0.6999999881
21923  39.972  -53.561  -22.175 0.6999999881
21924  39.131  -53.604  -22.075 0.6000000238
21925  38.325  -53.868  -22.091 0.6000000238
21932  41.160  -53.888  -22.769 0.6000000238
22561  32.328  -52.502  -11.024 0.5000000000
22562  31.532  -52.742  -10.999 0.5000000000
22563  29.925  -52.612  -11.475 0.4000000060
22564  29.873  -53.202  -11.429 0.5000000000
22578  29.676  -52.109  -11.737 0.4000000060
22598  33.957  -52.382  -12.433 0.5000000000
22599  29.221  -52.788  -13.328 0.4000000060
22621  34.423  -52.166  -14.051 0.3000000119
22651  35.281  -52.819  -16.311 0.6000000238
22681  36.083  -52.538  -18.128 0.6000000238
22708  40.979  -52.739  -22.152 0.6000000238
22711  38.233  -52.657  -21.921 0.4000000060
22714  36.390  -51.910  -21.538 0.6999999881
23350  32.304  -51.755  -11.136 0.5000000000
23352  30.709  -51.488  -11.221 0.4000000060
23365  33.761  -51.783  -12.040 0.5000000000
23381  34.023  -51.716  -12.750 0.4000000060
23382  29.257  -51.432  -12.851 0.4000000060
23408  34.202  -51.585  -13.574 0.5000000000
23428  29.381  -51.782  -14.922 0.4000000060
23494  41.426  -51.416  -21.710 0.4000000060
23496  39.314  -51.570  -21.411 0.4000000060
23498  36.295  -51.380  -21.327 0.6000000238
23505  39.641  -52.329  -21.662 0.4000000060
23509  36.338  -51.186  -21.635 0.6000000238
24202  33.355  -50.464  -11.617 0.4000000060
24204  32.089  -50.989  -11.187 0.5000000000
24205  31.216  -50.858  -11.195 0.3000000119
24206  30.402  -50.793  -11.357 0.4000000060
24236  29.215  -50.717  -13.156 0.4000000060
24261  34.499  -50.696  -14.436 0.4000000060
24263  29.199  -50.680  -14.006 0.4000000060
24280  34.755  -50.914  -15.001 0.3000000119
24281  29.246  -50.633  -14.778 0.4000000060
24290  35.312  -50.954  -16.248 0.3000000119
24297  35.178  -50.336  -15.919 0.3000000119
24298  29.785  -51.075  -17.187 0.4000000060
24309  29.801  -50.648  -17.741 0.4000000060
24320  36.115  -51.058  -17.980 0.5000000000
24351  38.410  -50.673  -21.577 0.5000000000
24363  36.790  -50.728  -22.115 0.6000000238
24365  36.279  -50.671  -21.520 0.6000000238
25047  31.768  -50.235  -11.208 0.3000000119
25049  30.117  -50.066  -11.511 0.4000000060
25066  33.044  -49.732  -11.468 0.4000000060
25081  34.453  -49.568  -13.277 0.4000000060
25083  29.175  -50.028  -13.495 0.4000000060
25117  34.694  -50.207  -14.833 0.3000000119
25118  29.225  -49.948  -15.046 0.4000000060
25129  34.955  -49.679  -15.436 0.3000000119
25137  35.683  -49.730  -16.985 0.4000000060
25139  29.384  -49.938  -16.642 0.4000000060
25159  29.584  -49.832  -18.637 0.4000000060
25166  36.443  -50.018  -19.758 0.4000000060
25167  29.891  -50.400  -19.400 0.4000000060
25186  36.263  -49.948  -21.457 0.6000000238
25197  37.932  -50.005  -22.052 0.5000000000
25199  36.584  -50.006  -22.065 0.6000000238
25847  32.727  -48.966  -11.386 0.4000000060
25849  31.187  -48.836  -11.301 0.4000000060
25862  33.868  -49.024  -12.133 0.4000000060
25864  29.817  -48.469  -11.862 0.4000000060
25872  34.540  -48.807  -13.410 0.4000000060
25873  34.312  -49.129  -12.776 0.4000000060
25888  34.663  -48.714  -14.286 0.4000000060
25889  29.155  -49.385  -13.891 0.4000000060
25913  29.196  -48.864  -15.925 0.3000000119
25921  35.521  -48.908  -16.684 0.4000000060
25971  38.973  -49.037  -21.258 0.5000000000
25973  36.231  -49.399  -21.322 0.5000000000
25982  37.536  -49.357  -22.361 0.5000000000
25984  36.397  -49.375  -22.032 0.6000000238
26662  31.939  -48.079  -11.319 0.4000000060
26663  31.171  -48.119  -11.338 0.3000000119
26678  34.531  -47.997  -13.264 0.4000000060
26693  34.703  -47.998  -14.066 0.4000000060
26720  35.036  -48.275  -15.458 0.4000000060
26721  29.228  -48.545  -16.663 0.3000000119
26758  36.428  -47.807  -19.163 0.4000000060
26763  36.258  -48.194  -20.782 0.5000000000
26784  38.943  -47.710  -21.805 0.5000000000
26787  36.233  -48.340  -22.022 0.6000000238
27517  32.271  -47.625  -11.369 0.4000000060
27535  34.396  -47.235  -12.952 0.3000000119
27570  35.386  -47.424  -16.257 0.4000000060
27583  35.696  -47.321  -16.906 0.4000000060
27592  35.860  -47.825  -17.335 0.4000000060
27603  36.070  -47.599  -18.015 0.4000000060
27614  36.310  -47.376  -20.408 0.4000000060
27636  38.669  -47.208  -22.580 0.5000000000
27638  36.069  -47.223  -22.398 0.6000000238
27641  36.488  -47.416  -22.697 0.5000000000
28355  34.185  -46.571  -12.604 0.3000000119
28365  34.773  -46.743  -14.086 0.3000000119
28445  36.417  -46.590  -19.273 0.3000000119
28475  35.604  -45.991  -22.590 0.4000000060
29264  35.410  -45.918  -15.871 0.3000000119
29294  36.197  -45.086  -17.938 0.4000000060
29295  36.047  -45.563  -17.575 0.3000000119
29304  36.231  -45.827  -18.163 0.4000000060
29316  36.003  -45.413  -20.320 0.3000000119
29333  35.235  -45.551  -21.847 0.3000000119
29340  34.483  -44.941  -22.598 0.4000000060
30184  36.164  -44.746  -20.061 0.4000000060
30213  34.062  -44.512  -22.462 0.4000000060
30218  35.215  -44.977  -22.877 0.4000000060
32067  33.748  -43.226  -22.798 0.3000000119
145435  34.299  -63.328  -15.981 0.6000000238
145472  35.781  -55.256  -17.737 0.8000000119
146803  33.640  -54.950  -11.259 0.4000000060
147456  29.326  -52.245  -12.521 0.4000000060
148113  37.910  -55.217  -22.082 0.6999999881
148920  36.931  -53.036  -21.906 0.6000000238
149162  34.420  -55.865  -13.237 0.6000000238
150115  29.568  -50.326  -17.161 0.4000000060
150147  32.273  -49.627  -11.278 0.4000000060
150463  29.316  -51.931  -14.299 0.4000000060
150965  31.437  -49.524  -11.258 0.4000000060
151172  38.559  -62.707  -23.798 0.4000000060
151536  29.236  -56.411  -12.508 0.5000000000
152034  33.905  -50.524  -12.271 0.4000000060
152831  29.289  -49.007  -17.161 0.3000000119
152951  34.856  -56.767  -15.364 0.8000000119
153338  36.401  -49.392  -20.075 0.5000000000
153793  34.153  -59.495  -13.146 0.6999999881
153890  34.582  -52.633  -14.469 0.4000000060
154099  31.541  -57.429  -10.352 0.5000000000
154163  34.932  -54.929  -15.298 0.6999999881
154241  29.289  -51.285  -14.509 0.4000000060
154446  35.647  -53.013  -17.011 0.6999999881
154669  29.230  -56.796  -13.288 0.5000000000
154785  29.967  -63.512  -14.286 0.5000000000
154890  36.422  -51.751  -19.524 0.5000000000
154988  29.479  -51.202  -15.843 0.4000000060
155028  40.504  -52.247  -21.713 0.5000000000
155049  35.474  -51.506  -16.587 0.5000000000
155592  29.591  -50.028  -17.843 0.4000000060
155681  29.263  -53.921  -13.582 0.4000000060
156123  36.439  -45.901  -18.985 0.3000000119
156389  34.969  -61.056  -15.270 0.6999999881
156577  35.613  -51.972  -16.876 0.5000000000
157144  34.930  -46.815  -14.764 0.4000000060
157216  29.175  -48.781  -13.582 0.4000000060
157230  41.577  -57.830  -23.925 0.5000000000
157360  36.083  -55.356  -18.532 0.6999999881
157383  34.797  -59.619  -14.897 0.6999999881
157390  36.555  -58.321  -19.301 0.6000000238
158194  38.009  -51.949  -21.880 0.4000000060
158541  36.352  -51.983  -20.338 0.5000000000
158590  28.997  -57.896  -12.500 0.4000000060
158626  34.620  -52.135  -14.697 0.4000000060
158941  33.127  -46.944  -11.731 0.4000000060
158960  35.839  -45.816  -17.072 0.3000000119
159291  36.457  -54.129  -21.464 0.6000000238
159576  36.549  -54.811  -21.349 0.6000000238
159842  34.521  -56.473  -13.785 0.6999999881
160045  31.062  -52.165  -11.148 0.4000000060
160279  29.313  -54.903  -11.831 0.4000000060
160493  39.556  -66.390  -20.548 0.4000000060
160707  32.189  -48.539  -11.318 0.4000000060
160790  37.758  -56.817  -21.604 0.6999999881
161030  40.052  -66.066  -21.153 0.5000000000
161039  35.924  -47.137  -17.555 0.5000000000
161358  33.899  -51.237  -12.328 0.5000000000
161550  33.381  -48.549  -11.613 0.4000000060
161754  29.838  -49.253  -11.714 0.4000000060
161861  30.289  -52.112  -11.334 0.4000000060
161885  31.562  -56.752  -10.349 0.6999999881
162100  36.329  -63.084  -22.424 0.5000000000
162608  32.887  -59.106  -10.788 0.6000000238
162688  33.884  -56.637  -11.622 0.6999999881
162791  34.709  -46.166  -13.720 0.3000000119
163261  31.325  -63.502  -14.340 0.6000000238
163343  25.782  -62.243  -12.674 0.4000000060
163406  35.732  -63.038  -23.183 0.5000000000
164212  40.058  -67.007  -21.676 0.4000000060
165141  36.083  -51.844  -18.033 0.5000000000
165232  37.590  -62.375  -23.836 0.5000000000
165470  35.786  -54.411  -17.573 0.6999999881
165588  42.114  -58.347  -24.006 0.5000000000
165740  34.661  -58.396  -14.581 0.8999999762
165768  38.405  -55.767  -22.244 0.6999999881
165882  35.371  -56.592  -17.137 0.8000000119
166199  33.423  -47.722  -11.781 0.4000000060
166533  27.754  -62.257  -11.962 0.5000000000
166605  30.029  -57.382  -21.037 0.4000000060
166675  37.705  -54.070  -22.075 0.6000000238
166738  39.547  -64.152  -23.100 0.4000000060
166760  34.103  -64.424  -22.439 0.5000000000
166871  29.328  -57.070  -17.263 0.4000000060
167323  34.802  -53.495  -15.132 0.6000000238
167348  35.030  -52.298  -15.848 0.5000000000
167789  35.604  -50.957  -16.782 0.4000000060
167851  36.317  -50.993  -20.940 0.6000000238
167918  35.559  -46.854  -16.560 0.4000000060
168069  38.395  -65.648  -22.942 0.5000000000
168171  29.403  -49.499  -12.249 0.4000000060
168885  36.358  -53.472  -21.336 0.6999999881
168887  36.010  -61.105  -16.911 0.5000000000
169563  35.883  -59.010  -17.659 0.6999999881
169620  30.991  -59.434  -10.365 0.5000000000
169706  37.443  -61.783  -23.641 0.5000000000
169729  37.403  -58.219  -20.721 0.8000000119
169733  26.342  -62.485  -12.576 0.4000000060
169907  30.977  -55.598  -17.985 0.5000000000
170273  36.439  -69.585  -17.559 0.4000000060
170549  40.966  -61.441  -23.861 0.4000000060
170592  30.230  -58.347  -10.437 0.5000000000
171183  36.276  -48.922  -21.966 0.6000000238
171549  31.164  -57.040  -10.356 0.5000000000
171591  35.416  -55.065  -16.569 0.6999999881
171692  41.648  -56.098  -23.751 0.5000000000
171739  35.339  -48.487  -16.303 0.4000000060
172173  35.012  -52.807  -15.803 0.6000000238
172282  34.696  -55.931  -14.688 0.8000000119
172465  31.673  -53.953  -10.622 0.5000000000
172591  34.134  -47.138  -12.527 0.3000000119
172706  37.089  -65.584  -22.988 0.4000000060
173547  29.754  -62.330  -11.452 0.5000000000
173558  35.260  -63.480  -23.354 0.5000000000
173979  33.957  -57.248  -12.102 0.6999999881
174010  35.907  -60.383  -17.023 0.6999999881
174168  33.824  -48.289  -12.081 0.4000000060
174236  32.103  -57.598  -10.390 0.5000000000
174396  33.907  -53.691  -11.943 0.5000000000
174401  38.454  -61.556  -23.870 0.5000000000
174521  38.030  -60.332  -21.127 0.6999999881
174615  29.342  -55.173  -14.558 0.5000000000
175600  30.518  -56.830  -21.289 0.3000000119
175677  38.427  -67.583  -19.339 0.4000000060
