#!ascii label  , from subject sub-v2s1x29908_ses-1 vox2ras=TkReg
506
71610  -19.184  -14.513  -38.380 0.0000000000
66179  -16.707  -19.329  -36.529 0.0000000000
66181  -23.486  -18.634  -36.407 0.0000000000
61800  -21.124  -23.282  -34.207 0.0000000000
129251  -20.133  -5.087  -37.066 0.0000000000
79862  -20.133  -6.955  -41.589 0.0000000000
154042  -14.043  -10.826  -40.474 0.0000000000
149786  -19.914  -25.342  -31.255 0.0000000000
62754  -18.483  -22.083  -36.763 0.0000000000
154050  -18.249  -22.392  -32.845 0.0000000000
128217  -19.599  -8.004  -38.954 0.0000000000
80910  -15.363  -6.027  -41.445 0.0000000000
72666  -16.780  -13.955  -37.257 0.0000000000
75723  -14.969  -11.220  -37.879 0.0000000000
74755  -17.036  -11.975  -39.479 0.0000000000
75777  -18.239  -11.565  -41.713 0.0000000000
73742  -20.052  -13.780  -41.061 0.0000000000
71603  -22.497  -15.244  -38.385 0.0000000000
68375  -14.952  -17.341  -37.030 0.0000000000
68383  -17.885  -17.173  -38.162 0.0000000000
68387  -21.694  -17.478  -38.266 0.0000000000
66189  -20.129  -19.641  -37.490 0.0000000000
62758  -22.458  -22.191  -36.482 0.0000000000
156248  -23.237  -22.323  -33.635 0.0000000000
79843  -11.875  -7.118  -40.290 0.0000000000
78879  -14.473  -8.924  -41.534 0.0000000000
77825  -20.633  -9.693  -41.665 0.0000000000
154578  -18.842  -23.410  -31.463 0.0000000000
60912  -20.411  -23.776  -32.388 0.0000000000
62709  -17.229  -21.937  -33.600 0.0000000000
62671  -17.660  -22.083  -32.402 0.0000000000
130874  -16.634  -4.511  -40.962 0.0000000000
82999  -13.899  -4.121  -40.996 0.0000000000
71600  -18.053  -14.602  -37.454 0.0000000000
73724  -16.833  -12.376  -37.980 0.0000000000
73726  -18.209  -13.238  -38.514 0.0000000000
142381  -18.460  -13.103  -40.447 0.0000000000
72679  -20.219  -14.242  -39.794 0.0000000000
141501  -21.581  -14.501  -39.245 0.0000000000
70518  -20.591  -15.502  -38.940 0.0000000000
67316  -15.749  -18.310  -36.573 0.0000000000
69425  -16.293  -16.520  -37.990 0.0000000000
154671  -17.259  -17.849  -37.213 0.0000000000
67324  -19.409  -18.388  -37.919 0.0000000000
140796  -18.981  -19.791  -37.160 0.0000000000
61832  -20.065  -22.718  -35.362 0.0000000000
62756  -20.225  -22.581  -36.939 0.0000000000
61834  -21.510  -22.958  -35.891 0.0000000000
62729  -22.961  -22.438  -34.970 0.0000000000
145907  -22.031  -23.340  -34.480 0.0000000000
147368  -18.932  -4.954  -37.025 0.0000000000
128238  -17.777  -4.277  -37.400 0.0000000000
147411  -19.317  -4.352  -37.306 0.0000000000
130494  -21.177  -3.181  -37.277 0.0000000000
151292  -20.940  -4.683  -39.622 0.0000000000
148326  -19.604  -6.123  -41.655 0.0000000000
76742  -16.120  -9.984  -39.241 0.0000000000
78838  -15.174  -8.786  -39.593 0.0000000000
77804  -13.161  -9.248  -40.343 0.0000000000
79873  -12.173  -7.740  -41.740 0.0000000000
76782  -13.276  -9.773  -41.507 0.0000000000
75778  -19.559  -11.662  -41.735 0.0000000000
76768  -18.445  -10.535  -42.026 0.0000000000
76757  -21.111  -10.390  -40.701 0.0000000000
66198  -22.809  -18.675  -38.042 0.0000000000
69426  -23.083  -17.191  -37.383 0.0000000000
60021  -18.914  -25.182  -30.926 0.0000000000
60036  -19.595  -24.419  -31.155 0.0000000000
61768  -19.592  -23.717  -31.804 0.0000000000
60898  -20.385  -24.128  -31.741 0.0000000000
65009  -16.314  -20.396  -36.019 0.0000000000
63730  -17.750  -20.586  -36.990 0.0000000000
62741  -17.052  -21.622  -35.172 0.0000000000
62726  -18.243  -22.124  -34.927 0.0000000000
61798  -19.288  -22.721  -33.662 0.0000000000
129597  -19.442  -7.705  -37.516 0.0000000000
147369  -20.884  -7.466  -37.366 0.0000000000
129361  -18.717  -7.339  -39.308 0.0000000000
80912  -17.551  -5.710  -41.031 0.0000000000
137928  -17.076  -6.336  -41.162 0.0000000000
144403  -14.951  -14.706  -37.166 0.0000000000
74738  -15.825  -12.301  -37.691 0.0000000000
75739  -16.468  -11.056  -38.499 0.0000000000
75764  -15.971  -11.427  -40.067 0.0000000000
75792  -14.918  -11.389  -41.343 0.0000000000
153273  -16.781  -12.544  -41.148 0.0000000000
74768  -18.261  -12.434  -41.493 0.0000000000
73744  -21.419  -12.951  -40.522 0.0000000000
73736  -22.244  -13.085  -39.200 0.0000000000
59101  -21.318  -26.082  -30.823 0.0000000000
60038  -21.394  -24.861  -31.307 0.0000000000
70501  -15.690  -15.993  -38.118 0.0000000000
134777  -16.749  -15.685  -38.031 0.0000000000
70510  -18.321  -16.185  -38.080 0.0000000000
70512  -20.638  -16.318  -38.446 0.0000000000
139709  -19.908  -17.793  -38.506 0.0000000000
67326  -21.054  -18.741  -38.095 0.0000000000
137930  -21.875  -20.050  -37.471 0.0000000000
144191  -18.918  -21.227  -37.705 0.0000000000
154141  -20.768  -20.959  -37.657 0.0000000000
65021  -22.678  -20.577  -36.760 0.0000000000
64999  -23.132  -20.341  -34.929 0.0000000000
63702  -23.464  -20.784  -33.363 0.0000000000
147367  -21.560  -6.092  -38.487 0.0000000000
81959  -12.878  -5.572  -41.193 0.0000000000
79876  -15.266  -7.315  -41.473 0.0000000000
143655  -17.412  -7.844  -41.524 0.0000000000
76766  -15.866  -10.528  -41.435 0.0000000000
77823  -17.239  -9.330  -41.607 0.0000000000
78883  -19.942  -8.282  -41.909 0.0000000000
133576  -22.535  -16.126  -38.082 0.0000000000
70496  -23.798  -15.883  -36.926 0.0000000000
61766  -17.499  -22.180  -31.577 0.0000000000
61767  -18.246  -22.563  -32.212 0.0000000000
61784  -19.608  -23.054  -33.003 0.0000000000
147985  -20.930  -23.372  -33.535 0.0000000000
60900  -21.941  -24.269  -31.214 0.0000000000
148285  -21.846  -23.726  -32.501 0.0000000000
61785  -22.210  -23.516  -33.129 0.0000000000
81955  -13.390  -3.488  -39.810 0.0000000000
139823  -18.676  -14.351  -37.846 0.0000000000
72671  -18.247  -13.730  -37.839 0.0000000000
72677  -18.711  -13.837  -38.809 0.0000000000
72678  -19.480  -14.076  -39.404 0.0000000000
71611  -19.847  -14.628  -38.915 0.0000000000
71612  -20.473  -14.751  -39.279 0.0000000000
70517  -20.057  -15.220  -38.695 0.0000000000
65019  -15.963  -19.715  -36.225 0.0000000000
66178  -15.691  -18.975  -36.309 0.0000000000
67317  -16.600  -18.711  -36.698 0.0000000000
67321  -16.567  -17.944  -36.989 0.0000000000
132706  -17.465  -18.417  -36.918 0.0000000000
67322  -18.305  -18.406  -37.154 0.0000000000
66186  -18.080  -19.087  -36.672 0.0000000000
61818  -20.533  -22.986  -34.707 0.0000000000
61833  -20.815  -22.966  -35.424 0.0000000000
61819  -21.382  -23.234  -35.033 0.0000000000
61820  -22.187  -23.117  -35.256 0.0000000000
129218  -19.464  -5.975  -36.745 0.0000000000
129509  -20.239  -4.416  -37.986 0.0000000000
128239  -21.046  -4.737  -38.018 0.0000000000
155686  -20.862  -5.053  -37.387 0.0000000000
145720  -19.601  -6.534  -41.953 0.0000000000
79847  -20.386  -7.058  -40.892 0.0000000000
78839  -20.488  -7.891  -40.981 0.0000000000
76756  -15.456  -10.577  -39.874 0.0000000000
77784  -15.606  -9.425  -39.513 0.0000000000
77806  -14.985  -9.506  -39.787 0.0000000000
77805  -14.114  -9.421  -40.003 0.0000000000
76754  -13.639  -10.168  -40.363 0.0000000000
77820  -12.495  -9.218  -41.309 0.0000000000
76765  -13.750  -10.483  -40.869 0.0000000000
142760  -20.928  -11.732  -41.033 0.0000000000
75779  -20.333  -11.208  -41.379 0.0000000000
66193  -23.438  -18.524  -37.217 0.0000000000
67329  -23.524  -18.077  -37.417 0.0000000000
67311  -23.813  -18.213  -35.802 0.0000000000
156257  -20.230  -25.750  -31.125 0.0000000000
59100  -19.617  -25.833  -30.819 0.0000000000
60037  -20.533  -24.724  -31.438 0.0000000000
63709  -15.448  -20.694  -34.402 0.0000000000
63718  -16.046  -20.860  -35.203 0.0000000000
62724  -16.469  -21.704  -34.429 0.0000000000
140542  -17.831  -22.124  -33.187 0.0000000000
138194  -18.016  -22.171  -34.004 0.0000000000
62710  -18.816  -22.433  -34.318 0.0000000000
61797  -18.532  -22.421  -33.486 0.0000000000
147498  -18.266  -7.743  -38.356 0.0000000000
129323  -19.016  -8.105  -38.110 0.0000000000
155871  -17.724  -5.157  -39.987 0.0000000000
81961  -15.445  -4.527  -41.312 0.0000000000
129710  -16.942  -5.220  -41.021 0.0000000000
80911  -16.239  -5.602  -41.150 0.0000000000
141476  -15.591  -14.606  -37.536 0.0000000000
73715  -16.381  -13.121  -37.385 0.0000000000
131257  -17.484  -12.194  -38.667 0.0000000000
74750  -16.924  -11.563  -38.579 0.0000000000
75740  -16.629  -11.195  -39.231 0.0000000000
74760  -16.325  -12.015  -40.341 0.0000000000
74766  -16.225  -12.274  -40.961 0.0000000000
74761  -16.845  -12.432  -40.635 0.0000000000
135766  -19.258  -13.548  -40.840 0.0000000000
73748  -18.672  -13.009  -41.182 0.0000000000
73749  -19.548  -13.182  -41.273 0.0000000000
73750  -20.270  -13.206  -41.240 0.0000000000
73743  -20.819  -13.611  -41.053 0.0000000000
72689  -21.131  -13.807  -40.586 0.0000000000
71615  -22.368  -14.439  -38.787 0.0000000000
71605  -24.002  -14.828  -37.865 0.0000000000
58188  -20.951  -26.485  -30.310 0.0000000000
58189  -21.755  -26.351  -30.166 0.0000000000
69423  -14.378  -16.701  -36.970 0.0000000000
70500  -14.809  -16.013  -37.532 0.0000000000
69424  -15.281  -16.642  -37.587 0.0000000000
69431  -17.227  -16.491  -38.315 0.0000000000
70502  -16.544  -16.060  -38.329 0.0000000000
70509  -17.330  -16.232  -38.397 0.0000000000
69432  -17.930  -16.717  -38.376 0.0000000000
69433  -18.852  -16.879  -38.323 0.0000000000
68384  -18.567  -17.379  -38.270 0.0000000000
66188  -19.463  -19.098  -37.202 0.0000000000
67325  -20.120  -18.731  -37.745 0.0000000000
137888  -20.754  -19.299  -37.665 0.0000000000
66190  -21.563  -19.407  -37.824 0.0000000000
65033  -20.948  -20.122  -37.571 0.0000000000
136941  -18.075  -21.422  -36.978 0.0000000000
63742  -18.409  -20.925  -37.370 0.0000000000
63731  -18.720  -21.711  -37.385 0.0000000000
63733  -21.709  -22.006  -36.994 0.0000000000
63732  -20.745  -22.127  -37.344 0.0000000000
63746  -21.844  -21.325  -37.201 0.0000000000
65034  -22.189  -20.699  -37.129 0.0000000000
63735  -22.805  -21.060  -36.371 0.0000000000
65010  -22.958  -20.275  -35.987 0.0000000000
63721  -22.924  -21.179  -35.681 0.0000000000
139454  -23.113  -22.370  -34.288 0.0000000000
63701  -23.054  -21.538  -33.836 0.0000000000
63690  -23.200  -21.655  -33.104 0.0000000000
63691  -23.581  -21.013  -32.596 0.0000000000
147497  -19.874  -8.240  -37.907 0.0000000000
147336  -21.408  -6.556  -37.744 0.0000000000
128231  -20.941  -7.762  -38.165 0.0000000000
73712  -14.469  -12.543  -37.151 0.0000000000
79844  -13.031  -7.219  -39.880 0.0000000000
80904  -12.556  -6.083  -40.141 0.0000000000
81953  -12.577  -5.238  -40.454 0.0000000000
80909  -12.155  -6.407  -40.891 0.0000000000
79874  -13.122  -8.009  -41.644 0.0000000000
142924  -13.600  -7.237  -41.571 0.0000000000
79875  -14.248  -7.940  -41.594 0.0000000000
139007  -16.061  -7.928  -41.410 0.0000000000
78880  -15.236  -8.395  -41.478 0.0000000000
75774  -15.513  -11.622  -41.411 0.0000000000
76785  -15.051  -11.060  -41.441 0.0000000000
76767  -16.375  -11.241  -41.467 0.0000000000
76786  -19.330  -10.032  -42.065 0.0000000000
139128  -17.778  -9.996  -41.872 0.0000000000
77847  -18.754  -9.407  -42.094 0.0000000000
78881  -18.500  -8.445  -41.903 0.0000000000
77849  -20.353  -9.008  -41.919 0.0000000000
134873  -20.972  -9.589  -40.435 0.0000000000
69435  -21.104  -16.954  -38.259 0.0000000000
70513  -21.618  -16.410  -38.428 0.0000000000
156827  -21.651  -16.937  -38.227 0.0000000000
69427  -23.361  -16.472  -37.160 0.0000000000
60896  -18.305  -23.586  -30.849 0.0000000000
154416  -18.082  -22.861  -31.323 0.0000000000
142098  -19.027  -23.097  -32.175 0.0000000000
61769  -19.828  -23.378  -32.474 0.0000000000
60927  -20.375  -23.386  -33.025 0.0000000000
62708  -16.522  -21.651  -33.258 0.0000000000
62691  -17.113  -21.757  -32.802 0.0000000000
131168  -17.218  -4.748  -40.911 0.0000000000
129792  -15.759  -4.042  -40.842 0.0000000000
150620  -15.011  -3.692  -41.068 0.0000000000
83000  -14.531  -4.121  -41.344 0.0000000000
71594  -17.228  -14.811  -37.302 0.0000000000
73716  -17.093  -13.196  -37.442 0.0000000000
72670  -17.557  -13.843  -37.390 0.0000000000
73725  -17.667  -12.973  -37.998 0.0000000000
138561  -17.937  -12.748  -38.803 0.0000000000
73733  -17.688  -12.618  -39.799 0.0000000000
73734  -18.367  -13.144  -39.374 0.0000000000
72686  -19.041  -13.605  -39.970 0.0000000000
72687  -19.776  -14.028  -40.451 0.0000000000
72680  -21.127  -14.125  -39.898 0.0000000000
143922  -20.744  -14.271  -39.795 0.0000000000
71613  -21.050  -14.832  -39.302 0.0000000000
71614  -21.734  -15.128  -38.932 0.0000000000
67315  -15.192  -18.330  -35.957 0.0000000000
148664  -15.560  -17.850  -36.970 0.0000000000
68376  -16.008  -17.199  -37.275 0.0000000000
136805  -17.039  -17.231  -37.639 0.0000000000
68377  -18.445  -17.818  -37.941 0.0000000000
66187  -18.807  -19.083  -36.848 0.0000000000
62743  -18.956  -22.351  -36.319 0.0000000000
62755  -19.289  -22.333  -37.109 0.0000000000
62744  -19.706  -22.531  -36.189 0.0000000000
62757  -21.119  -22.568  -36.679 0.0000000000
152486  -21.866  -22.574  -36.444 0.0000000000
62746  -22.873  -22.167  -35.702 0.0000000000
62728  -22.727  -22.783  -35.341 0.0000000000
61802  -22.764  -22.955  -34.600 0.0000000000
62711  -23.142  -22.882  -33.799 0.0000000000
147133  -18.772  -5.835  -36.815 0.0000000000
147648  -20.350  -3.787  -37.056 0.0000000000
82979  -22.385  -4.616  -39.118 0.0000000000
148053  -19.832  -6.071  -41.481 0.0000000000
130828  -20.191  -8.218  -38.782 0.0000000000
79829  -20.713  -7.445  -40.123 0.0000000000
77736  -14.742  -9.156  -37.543 0.0000000000
78816  -15.301  -8.617  -39.117 0.0000000000
78836  -13.633  -8.404  -39.888 0.0000000000
141711  -12.550  -8.156  -40.277 0.0000000000
79841  -11.108  -7.270  -41.139 0.0000000000
77802  -11.625  -8.433  -41.414 0.0000000000
78877  -12.481  -8.701  -41.637 0.0000000000
78878  -13.489  -8.998  -41.623 0.0000000000
136130  -18.863  -11.847  -41.724 0.0000000000
75776  -17.350  -11.179  -41.629 0.0000000000
75793  -19.134  -10.997  -41.942 0.0000000000
76769  -20.236  -10.410  -41.653 0.0000000000
67336  -22.381  -18.097  -38.253 0.0000000000
68388  -22.885  -17.578  -37.919 0.0000000000
68379  -23.410  -17.869  -37.750 0.0000000000
68371  -23.405  -17.465  -37.150 0.0000000000
148043  -18.642  -24.326  -30.641 0.0000000000
60897  -19.014  -23.900  -31.186 0.0000000000
65008  -15.407  -20.142  -35.403 0.0000000000
65020  -16.786  -19.892  -36.457 0.0000000000
65030  -17.546  -19.702  -36.629 0.0000000000
63729  -17.076  -20.453  -36.522 0.0000000000
63720  -17.476  -21.155  -36.450 0.0000000000
62753  -17.862  -21.809  -36.308 0.0000000000
153661  -16.628  -21.797  -33.877 0.0000000000
62742  -17.679  -21.922  -35.486 0.0000000000
152545  -18.349  -22.183  -35.910 0.0000000000
62727  -19.133  -22.373  -35.343 0.0000000000
61817  -19.678  -22.687  -34.513 0.0000000000
61799  -20.215  -23.054  -33.791 0.0000000000
130429  -18.313  -7.415  -37.833 0.0000000000
147470  -18.756  -7.480  -37.597 0.0000000000
147639  -21.032  -5.770  -37.105 0.0000000000
128214  -17.375  -5.128  -40.937 0.0000000000
129421  -18.893  -6.080  -41.242 0.0000000000
128223  -18.931  -6.175  -41.631 0.0000000000
144164  -18.054  -6.262  -41.286 0.0000000000
79861  -18.690  -6.605  -41.856 0.0000000000
74737  -14.957  -11.974  -37.668 0.0000000000
74749  -16.306  -11.745  -38.284 0.0000000000
75738  -15.917  -10.827  -38.297 0.0000000000
76727  -16.558  -10.370  -38.673 0.0000000000
76743  -16.267  -10.668  -39.484 0.0000000000
76755  -14.563  -11.227  -40.381 0.0000000000
75761  -14.288  -11.137  -40.843 0.0000000000
74759  -15.304  -11.824  -40.894 0.0000000000
74765  -15.676  -11.955  -41.063 0.0000000000
74767  -17.372  -12.280  -41.456 0.0000000000
73741  -17.646  -12.742  -41.009 0.0000000000
74769  -19.131  -12.474  -41.520 0.0000000000
74770  -20.085  -12.346  -41.419 0.0000000000
74762  -21.664  -12.027  -39.945 0.0000000000
73745  -21.788  -12.750  -39.781 0.0000000000
72681  -21.879  -13.879  -39.299 0.0000000000
66172  -23.522  -18.863  -35.554 0.0000000000
145740  -20.519  -26.103  -30.895 0.0000000000
59113  -20.813  -25.590  -31.271 0.0000000000
71592  -15.374  -15.279  -37.921 0.0000000000
71593  -16.187  -14.932  -37.742 0.0000000000
139372  -16.082  -15.618  -38.182 0.0000000000
70503  -17.791  -15.580  -37.495 0.0000000000
71601  -18.662  -15.164  -37.629 0.0000000000
71602  -19.384  -15.335  -38.111 0.0000000000
70511  -19.911  -15.830  -38.378 0.0000000000
135756  -19.239  -16.104  -38.126 0.0000000000
140545  -19.742  -16.549  -38.230 0.0000000000
68386  -20.781  -17.629  -38.396 0.0000000000
67333  -19.627  -18.097  -38.425 0.0000000000
67334  -20.408  -18.190  -38.422 0.0000000000
67335  -21.385  -18.195  -38.371 0.0000000000
67327  -21.986  -18.792  -38.184 0.0000000000
66191  -22.398  -19.341  -37.837 0.0000000000
134630  -23.107  -19.182  -36.888 0.0000000000
153580  -18.370  -19.980  -36.993 0.0000000000
65031  -18.852  -20.548  -37.562 0.0000000000
65032  -19.455  -20.164  -37.494 0.0000000000
62766  -19.972  -22.123  -37.465 0.0000000000
63744  -20.237  -21.530  -37.814 0.0000000000
151696  -20.137  -20.627  -37.723 0.0000000000
142694  -21.464  -20.787  -37.390 0.0000000000
65035  -22.578  -19.813  -37.218 0.0000000000
66180  -22.880  -19.838  -36.611 0.0000000000
66171  -23.198  -19.582  -35.420 0.0000000000
63712  -22.963  -21.520  -34.752 0.0000000000
64988  -23.274  -20.749  -34.110 0.0000000000
128987  -21.134  -5.264  -38.703 0.0000000000
128226  -21.678  -5.165  -39.018 0.0000000000
135833  -22.126  -6.199  -38.494 0.0000000000
81954  -12.903  -4.024  -40.068 0.0000000000
82992  -13.165  -4.461  -40.758 0.0000000000
148324  -13.737  -5.657  -41.542 0.0000000000
80919  -12.405  -6.698  -41.472 0.0000000000
80920  -13.279  -6.460  -41.522 0.0000000000
80921  -14.322  -6.551  -41.618 0.0000000000
79858  -16.154  -6.831  -41.330 0.0000000000
79859  -16.853  -7.451  -41.380 0.0000000000
79877  -18.167  -7.631  -41.730 0.0000000000
76784  -14.420  -10.854  -41.472 0.0000000000
77844  -14.145  -9.890  -41.552 0.0000000000
77845  -15.134  -9.336  -41.459 0.0000000000
144345  -16.854  -10.289  -41.559 0.0000000000
77822  -16.419  -9.520  -41.477 0.0000000000
78858  -15.930  -8.888  -41.453 0.0000000000
78859  -16.793  -8.513  -41.465 0.0000000000
79879  -19.650  -7.557  -41.946 0.0000000000
78840  -20.819  -8.642  -40.278 0.0000000000
70519  -21.235  -15.672  -38.833 0.0000000000
70520  -21.897  -15.724  -38.558 0.0000000000
69437  -22.786  -16.831  -37.672 0.0000000000
69438  -23.204  -16.243  -37.538 0.0000000000
70514  -23.341  -15.447  -37.942 0.0000000000
61783  -18.850  -22.707  -32.897 0.0000000000
60899  -21.245  -24.265  -31.576 0.0000000000
60913  -21.180  -23.939  -32.134 0.0000000000
60914  -22.020  -23.915  -31.830 0.0000000000
60928  -21.237  -23.630  -32.925 0.0000000000
61801  -21.721  -23.464  -33.706 0.0000000000
135176  -22.592  -23.334  -33.858 0.0000000000
61835  -22.380  -22.802  -35.958 0.0000000000
62725  -17.324  -21.926  -34.508 0.0000000000
62745  -20.576  -22.778  -36.106 0.0000000000
62759  -22.779  -21.659  -36.300 0.0000000000
63710  -15.896  -21.322  -34.428 0.0000000000
63711  -16.464  -21.372  -35.020 0.0000000000
63719  -16.835  -21.079  -35.775 0.0000000000
63734  -22.491  -21.438  -36.876 0.0000000000
63743  -19.395  -21.759  -37.728 0.0000000000
63745  -21.146  -21.507  -37.498 0.0000000000
66185  -17.377  -19.056  -36.621 0.0000000000
66192  -23.030  -19.003  -37.622 0.0000000000
67323  -18.931  -18.412  -37.534 0.0000000000
67328  -23.355  -18.399  -37.780 0.0000000000
67337  -23.104  -18.152  -38.018 0.0000000000
68378  -19.056  -17.936  -38.264 0.0000000000
68385  -19.202  -17.696  -38.376 0.0000000000
69434  -20.281  -17.058  -38.236 0.0000000000
69436  -22.200  -16.971  -38.009 0.0000000000
70504  -23.896  -15.471  -37.450 0.0000000000
72664  -15.219  -14.002  -37.313 0.0000000000
72665  -15.968  -13.994  -37.279 0.0000000000
72688  -20.609  -14.121  -40.595 0.0000000000
73735  -21.546  -13.447  -39.884 0.0000000000
73751  -20.865  -12.665  -41.026 0.0000000000
74748  -15.623  -11.509  -38.149 0.0000000000
74756  -22.103  -12.321  -39.243 0.0000000000
75762  -14.859  -11.551  -40.859 0.0000000000
75763  -15.228  -11.613  -40.490 0.0000000000
75773  -15.143  -11.672  -41.142 0.0000000000
75775  -16.380  -12.097  -41.333 0.0000000000
75780  -20.972  -10.974  -40.941 0.0000000000
75791  -14.636  -11.302  -41.219 0.0000000000
75794  -19.797  -10.949  -41.801 0.0000000000
76753  -13.069  -9.743  -40.875 0.0000000000
76764  -13.256  -10.018  -41.319 0.0000000000
76770  -20.716  -10.398  -41.220 0.0000000000
76783  -13.779  -10.329  -41.438 0.0000000000
76787  -19.715  -10.422  -41.905 0.0000000000
77758  -15.341  -9.233  -38.154 0.0000000000
77785  -21.164  -9.279  -39.532 0.0000000000
77803  -12.347  -8.867  -40.844 0.0000000000
77821  -15.715  -9.685  -41.435 0.0000000000
77842  -12.139  -8.782  -41.471 0.0000000000
77843  -12.703  -9.364  -41.465 0.0000000000
77846  -17.969  -9.153  -41.848 0.0000000000
77848  -19.730  -9.147  -42.088 0.0000000000
78817  -20.744  -7.771  -40.147 0.0000000000
78835  -11.584  -7.951  -40.708 0.0000000000
78837  -14.540  -8.610  -39.687 0.0000000000
78860  -17.657  -8.507  -41.659 0.0000000000
78861  -20.217  -8.104  -41.618 0.0000000000
78876  -11.617  -8.209  -41.731 0.0000000000
78882  -19.326  -8.396  -42.021 0.0000000000
79842  -11.198  -7.212  -40.761 0.0000000000
79857  -11.307  -7.850  -41.076 0.0000000000
79860  -17.710  -7.011  -41.478 0.0000000000
79872  -11.429  -7.515  -41.649 0.0000000000
79878  -19.049  -7.433  -41.987 0.0000000000
80899  -21.621  -7.106  -38.183 0.0000000000
80903  -11.942  -6.377  -40.585 0.0000000000
80908  -11.315  -7.034  -41.020 0.0000000000
80913  -19.990  -6.325  -41.466 0.0000000000
80918  -11.747  -6.979  -41.408 0.0000000000
81960  -13.784  -4.797  -41.291 0.0000000000
81962  -16.300  -4.592  -41.053 0.0000000000
81965  -14.543  -5.197  -41.596 0.0000000000
82993  -13.622  -3.902  -40.599 0.0000000000
82994  -13.800  -3.643  -40.387 0.0000000000
83959  -14.345  -3.676  -40.860 0.0000000000
128213  -17.829  -5.435  -40.912 0.0000000000
128218  -20.357  -6.852  -41.039 0.0000000000
128219  -15.762  -3.893  -40.987 0.0000000000
128227  -20.127  -7.777  -39.273 0.0000000000
129830  -21.793  -6.042  -38.589 0.0000000000
129963  -21.391  -7.133  -38.121 0.0000000000
130166  -18.098  -5.869  -40.869 0.0000000000
130531  -17.824  -6.344  -39.576 0.0000000000
132820  -17.780  -17.792  -37.507 0.0000000000
139053  -15.720  -11.969  -40.759 0.0000000000
141044  -19.459  -21.020  -37.813 0.0000000000
141614  -14.401  -10.412  -40.054 0.0000000000
142016  -21.664  -4.781  -39.164 0.0000000000
142181  -19.579  -17.207  -38.296 0.0000000000
142321  -15.013  -10.276  -41.463 0.0000000000
143667  -20.082  -9.761  -41.944 0.0000000000
145433  -23.133  -19.355  -36.126 0.0000000000
148095  -19.934  -7.414  -41.806 0.0000000000
148206  -11.279  -7.600  -41.520 0.0000000000
148425  -12.866  -7.237  -41.591 0.0000000000
148539  -14.021  -10.763  -41.264 0.0000000000
152130  -20.943  -9.813  -41.224 0.0000000000
152162  -21.413  -12.082  -40.646 0.0000000000
154133  -22.315  -17.537  -38.116 0.0000000000
154166  -17.370  -21.545  -35.863 0.0000000000
154377  -11.162  -7.200  -41.436 0.0000000000
155460  -12.937  -9.279  -41.554 0.0000000000
156825  -12.550  -5.535  -40.404 0.0000000000
