#!ascii label  , from subject sub-v2s1x29908_ses-1 vox2ras=TkReg
281
73515  26.436  -17.522  -36.035 0.0000000000
66822  21.408  -21.786  -30.857 0.0000000000
79254  28.191  -13.079  -36.887 0.0000000000
128711  28.745  -7.483  -42.967 0.0000000000
65736  19.480  -23.037  -30.257 0.0000000000
135523  31.353  -11.623  -37.641 0.0000000000
148031  31.830  -11.991  -40.328 0.0000000000
71314  23.133  -18.257  -36.879 0.0000000000
152050  23.194  -19.142  -33.896 0.0000000000
72343  25.103  -18.091  -33.196 0.0000000000
77124  27.377  -14.019  -33.886 0.0000000000
74682  27.252  -15.416  -32.675 0.0000000000
136128  27.579  -15.027  -36.255 0.0000000000
79247  28.460  -12.447  -35.539 0.0000000000
80341  28.940  -11.724  -43.389 0.0000000000
80328  31.252  -11.282  -42.159 0.0000000000
69001  23.170  -20.133  -30.045 0.0000000000
129661  31.537  -12.561  -39.288 0.0000000000
128618  31.899  -13.286  -41.149 0.0000000000
71306  24.751  -18.216  -36.221 0.0000000000
71287  24.809  -18.992  -34.577 0.0000000000
134479  25.682  -17.566  -34.814 0.0000000000
66806  20.681  -22.539  -30.635 0.0000000000
148900  27.083  -13.788  -36.658 0.0000000000
77150  27.707  -13.625  -36.099 0.0000000000
78251  28.436  -12.772  -36.271 0.0000000000
81373  31.942  -10.627  -38.083 0.0000000000
80277  30.217  -11.052  -36.651 0.0000000000
133705  28.144  -7.446  -42.119 0.0000000000
80342  27.655  -11.493  -43.265 0.0000000000
133664  28.237  -9.781  -45.274 0.0000000000
128694  27.908  -7.564  -47.289 0.0000000000
156314  29.536  -5.221  -43.733 0.0000000000
82388  30.703  -9.508  -43.179 0.0000000000
85068  30.960  -7.095  -42.236 0.0000000000
82381  31.197  -9.776  -41.507 0.0000000000
71264  24.029  -18.495  -32.174 0.0000000000
136152  22.918  -18.996  -31.912 0.0000000000
64754  18.375  -23.293  -29.750 0.0000000000
79252  29.436  -12.622  -37.202 0.0000000000
80303  31.190  -12.098  -37.925 0.0000000000
79276  31.393  -12.143  -38.573 0.0000000000
129655  31.703  -10.542  -39.694 0.0000000000
70199  21.942  -19.272  -35.409 0.0000000000
70188  23.346  -19.088  -35.221 0.0000000000
152369  24.048  -19.126  -34.026 0.0000000000
71262  25.350  -18.123  -31.542 0.0000000000
74709  27.706  -16.224  -35.659 0.0000000000
74693  26.666  -15.881  -34.074 0.0000000000
75869  27.287  -14.609  -33.173 0.0000000000
73524  24.782  -17.030  -36.505 0.0000000000
75919  24.709  -15.326  -36.450 0.0000000000
74728  27.159  -16.214  -36.307 0.0000000000
77151  27.708  -14.627  -35.811 0.0000000000
78241  28.043  -12.763  -34.874 0.0000000000
79228  28.501  -11.382  -34.528 0.0000000000
80278  29.520  -11.793  -36.479 0.0000000000
138761  29.852  -10.886  -35.984 0.0000000000
78284  29.163  -13.497  -41.812 0.0000000000
128710  29.710  -7.826  -43.001 0.0000000000
81416  30.156  -9.997  -44.276 0.0000000000
80340  30.036  -11.618  -43.266 0.0000000000
130186  31.012  -12.917  -41.766 0.0000000000
129671  31.976  -11.709  -41.660 0.0000000000
148047  31.873  -10.644  -40.637 0.0000000000
67904  20.737  -21.512  -32.877 0.0000000000
69058  21.556  -20.015  -34.265 0.0000000000
73477  25.921  -17.005  -33.159 0.0000000000
72323  26.363  -17.438  -31.612 0.0000000000
130305  31.451  -14.100  -40.727 0.0000000000
129836  30.689  -14.764  -40.846 0.0000000000
72386  25.773  -17.831  -36.088 0.0000000000
72377  25.841  -17.842  -35.842 0.0000000000
72368  26.513  -17.354  -35.712 0.0000000000
63747  18.422  -24.445  -28.780 0.0000000000
135576  21.221  -22.155  -30.460 0.0000000000
78256  27.585  -13.400  -36.677 0.0000000000
78255  27.987  -13.145  -36.406 0.0000000000
79253  28.898  -12.655  -36.715 0.0000000000
128702  27.748  -7.959  -43.313 0.0000000000
130608  25.983  -8.431  -43.794 0.0000000000
128701  27.453  -9.870  -44.698 0.0000000000
130318  27.881  -8.219  -45.681 0.0000000000
84167  31.052  -7.673  -42.408 0.0000000000
84161  31.348  -7.865  -41.998 0.0000000000
71257  24.120  -18.564  -31.297 0.0000000000
70153  23.473  -18.827  -30.721 0.0000000000
66844  19.227  -22.446  -32.524 0.0000000000
79277  29.474  -12.949  -37.798 0.0000000000
146609  30.250  -12.918  -38.093 0.0000000000
130129  31.826  -11.563  -39.477 0.0000000000
147634  31.736  -11.080  -38.798 0.0000000000
148036  31.875  -11.206  -40.264 0.0000000000
86883  27.734  -5.375  -43.670 0.0000000000
71309  22.194  -18.939  -36.225 0.0000000000
71308  23.056  -18.627  -36.081 0.0000000000
72355  25.208  -18.345  -34.167 0.0000000000
133925  24.673  -18.654  -33.641 0.0000000000
71271  24.602  -18.326  -32.723 0.0000000000
72337  25.157  -17.985  -32.320 0.0000000000
64753  18.976  -23.219  -29.832 0.0000000000
64733  19.549  -23.603  -29.015 0.0000000000
75883  27.215  -14.796  -34.313 0.0000000000
75899  27.326  -15.635  -34.691 0.0000000000
149449  24.028  -17.017  -36.676 0.0000000000
75918  26.151  -14.907  -36.564 0.0000000000
135388  26.415  -15.614  -36.495 0.0000000000
75908  27.920  -15.671  -35.968 0.0000000000
78252  28.078  -13.053  -35.807 0.0000000000
77139  27.771  -13.618  -35.384 0.0000000000
157107  28.430  -12.120  -34.885 0.0000000000
146229  28.830  -11.816  -35.240 0.0000000000
134113  30.099  -11.798  -37.012 0.0000000000
80268  29.781  -10.694  -35.151 0.0000000000
79301  28.282  -11.932  -42.375 0.0000000000
79294  27.273  -12.440  -41.867 0.0000000000
78285  27.877  -13.583  -41.985 0.0000000000
79293  28.744  -12.647  -42.053 0.0000000000
139513  28.487  -6.470  -46.265 0.0000000000
130903  27.875  -8.334  -47.057 0.0000000000
149071  30.089  -7.259  -42.704 0.0000000000
83290  30.175  -8.479  -43.027 0.0000000000
82387  30.876  -10.017  -42.538 0.0000000000
81409  30.723  -10.134  -43.572 0.0000000000
80339  30.711  -11.371  -42.724 0.0000000000
79299  30.457  -12.081  -42.282 0.0000000000
128614  31.278  -11.986  -41.925 0.0000000000
132793  31.894  -12.750  -41.547 0.0000000000
81392  31.405  -10.773  -42.027 0.0000000000
83279  31.884  -8.380  -40.838 0.0000000000
154659  31.642  -10.017  -40.877 0.0000000000
130261  31.827  -9.147  -40.869 0.0000000000
151771  31.782  -9.767  -40.337 0.0000000000
66861  19.935  -21.847  -33.398 0.0000000000
70180  22.693  -19.380  -34.185 0.0000000000
70189  21.377  -19.715  -34.943 0.0000000000
70181  22.022  -19.573  -33.805 0.0000000000
69022  22.514  -19.719  -31.758 0.0000000000
70159  22.250  -19.853  -32.448 0.0000000000
69013  22.167  -20.477  -31.239 0.0000000000
74683  26.714  -15.920  -33.169 0.0000000000
73476  26.292  -16.413  -33.578 0.0000000000
134933  26.450  -16.585  -32.761 0.0000000000
129538  30.689  -13.040  -38.511 0.0000000000
148169  30.765  -13.460  -38.869 0.0000000000
147626  31.789  -13.151  -40.185 0.0000000000
72379  23.927  -18.306  -36.387 0.0000000000
71307  24.637  -18.665  -35.588 0.0000000000
72369  25.226  -18.264  -35.163 0.0000000000
72354  25.516  -17.589  -33.660 0.0000000000
65758  20.037  -22.811  -30.787 0.0000000000
65735  20.273  -22.925  -29.924 0.0000000000
65734  21.066  -22.595  -29.882 0.0000000000
66798  21.484  -22.652  -29.188 0.0000000000
77123  27.589  -13.401  -34.406 0.0000000000
77156  25.810  -14.073  -36.564 0.0000000000
77155  26.855  -14.421  -36.569 0.0000000000
79246  28.923  -12.166  -36.001 0.0000000000
145605  31.722  -11.462  -38.009 0.0000000000
80291  30.791  -11.278  -37.204 0.0000000000
81359  31.617  -10.789  -37.506 0.0000000000
80353  27.420  -10.810  -43.969 0.0000000000
80352  28.407  -11.152  -44.058 0.0000000000
130397  29.597  -5.738  -45.308 0.0000000000
128722  28.906  -4.938  -44.004 0.0000000000
130775  30.535  -7.722  -42.666 0.0000000000
83289  31.277  -8.292  -42.321 0.0000000000
132079  31.035  -9.101  -42.294 0.0000000000
132741  31.562  -8.558  -41.593 0.0000000000
84155  31.597  -7.973  -41.357 0.0000000000
71273  23.218  -18.788  -33.263 0.0000000000
70158  22.660  -19.148  -32.627 0.0000000000
71258  23.426  -18.706  -31.615 0.0000000000
70154  22.975  -19.222  -31.201 0.0000000000
65738  18.060  -22.952  -30.328 0.0000000000
65759  19.323  -22.890  -31.012 0.0000000000
65778  19.907  -22.745  -31.528 0.0000000000
66824  20.322  -22.492  -31.794 0.0000000000
66823  20.861  -22.130  -31.355 0.0000000000
141989  28.648  -12.956  -37.247 0.0000000000
80292  30.442  -12.196  -37.518 0.0000000000
147570  31.560  -10.135  -38.873 0.0000000000
85923  28.039  -6.375  -42.314 0.0000000000
85931  28.144  -6.325  -43.338 0.0000000000
85930  28.367  -6.132  -43.930 0.0000000000
70198  22.687  -19.232  -34.875 0.0000000000
70179  23.429  -19.284  -34.515 0.0000000000
71297  24.138  -19.196  -34.909 0.0000000000
71272  23.968  -18.594  -33.067 0.0000000000
71263  24.709  -18.333  -31.856 0.0000000000
71256  24.846  -18.422  -31.035 0.0000000000
73502  27.469  -16.666  -36.092 0.0000000000
73503  27.192  -16.872  -35.498 0.0000000000
74710  27.222  -16.268  -34.871 0.0000000000
75870  26.957  -15.294  -33.668 0.0000000000
150305  27.522  -13.913  -33.074 0.0000000000
72388  24.382  -17.725  -36.613 0.0000000000
72387  25.187  -17.837  -36.306 0.0000000000
73523  25.804  -17.193  -36.255 0.0000000000
74730  25.160  -16.195  -36.457 0.0000000000
74729  26.163  -16.283  -36.407 0.0000000000
73522  26.827  -16.979  -36.144 0.0000000000
74721  27.784  -16.364  -36.013 0.0000000000
75898  27.775  -15.321  -35.393 0.0000000000
77140  27.535  -14.282  -34.944 0.0000000000
79229  27.958  -11.860  -34.229 0.0000000000
80269  29.317  -11.400  -35.626 0.0000000000
130448  28.398  -14.691  -41.641 0.0000000000
85078  28.876  -6.472  -43.971 0.0000000000
130086  28.723  -5.994  -44.682 0.0000000000
128698  28.829  -8.135  -43.575 0.0000000000
130613  28.645  -8.950  -45.722 0.0000000000
81417  29.278  -9.674  -44.887 0.0000000000
80351  29.528  -11.066  -44.017 0.0000000000
82392  30.383  -9.684  -43.938 0.0000000000
81401  30.371  -10.758  -43.697 0.0000000000
79300  29.487  -12.162  -42.513 0.0000000000
79292  29.945  -12.854  -41.994 0.0000000000
131183  30.196  -13.983  -41.504 0.0000000000
130440  31.435  -13.721  -41.311 0.0000000000
130152  32.132  -11.509  -41.070 0.0000000000
147657  31.845  -10.835  -41.353 0.0000000000
129669  31.294  -9.580  -39.580 0.0000000000
66842  20.400  -22.154  -32.358 0.0000000000
67876  21.369  -21.574  -31.327 0.0000000000
69051  21.126  -20.619  -33.991 0.0000000000
70166  22.058  -19.577  -33.079 0.0000000000
69036  21.710  -20.248  -32.744 0.0000000000
69037  21.148  -20.731  -33.181 0.0000000000
69024  21.367  -20.921  -32.386 0.0000000000
67891  21.612  -21.020  -31.616 0.0000000000
73504  26.374  -17.074  -34.960 0.0000000000
73488  25.919  -16.920  -34.097 0.0000000000
73465  26.748  -16.863  -32.020 0.0000000000
73466  26.138  -17.212  -32.356 0.0000000000
72342  25.569  -17.582  -32.735 0.0000000000
72336  25.763  -17.719  -31.963 0.0000000000
66791  21.859  -22.791  -28.658 0.0000000000
66860  20.205  -21.928  -32.992 0.0000000000
67892  21.059  -21.587  -31.992 0.0000000000
67905  20.304  -21.602  -33.368 0.0000000000
69012  22.739  -19.966  -30.862 0.0000000000
69050  21.462  -20.000  -33.463 0.0000000000
70165  22.574  -19.144  -33.470 0.0000000000
71265  23.321  -18.662  -32.443 0.0000000000
72378  25.333  -18.269  -36.026 0.0000000000
73487  26.504  -16.500  -34.479 0.0000000000
73513  27.579  -16.897  -36.030 0.0000000000
73514  27.146  -17.112  -35.990 0.0000000000
75916  27.643  -15.754  -36.198 0.0000000000
75917  27.036  -15.324  -36.474 0.0000000000
77154  27.428  -14.151  -36.314 0.0000000000
80355  28.942  -10.275  -44.716 0.0000000000
80356  28.103  -10.487  -44.551 0.0000000000
81400  30.941  -10.733  -42.862 0.0000000000
81410  29.803  -10.346  -44.387 0.0000000000
85062  31.019  -7.365  -41.480 0.0000000000
85074  28.589  -6.981  -42.804 0.0000000000
85929  28.582  -6.122  -44.525 0.0000000000
128693  28.203  -7.308  -46.883 0.0000000000
128699  28.629  -6.261  -46.345 0.0000000000
128700  28.600  -9.414  -45.608 0.0000000000
128703  28.790  -8.438  -44.961 0.0000000000
128706  28.003  -7.890  -44.971 0.0000000000
128716  30.255  -6.026  -43.351 0.0000000000
128717  29.313  -5.982  -43.977 0.0000000000
129877  28.649  -5.836  -44.630 0.0000000000
130039  29.870  -6.677  -43.299 0.0000000000
130157  32.194  -12.464  -41.215 0.0000000000
130463  29.390  -7.174  -42.776 0.0000000000
130614  29.429  -8.460  -43.556 0.0000000000
130648  27.812  -8.979  -45.773 0.0000000000
131095  29.661  -15.031  -41.137 0.0000000000
131798  29.255  -6.065  -45.845 0.0000000000
132339  25.597  -15.461  -36.503 0.0000000000
133094  23.824  -18.762  -35.617 0.0000000000
136516  22.057  -19.528  -34.552 0.0000000000
138679  30.254  -9.173  -43.584 0.0000000000
149707  30.723  -8.802  -42.762 0.0000000000
151714  22.641  -19.005  -35.545 0.0000000000
156694  20.397  -22.569  -31.257 0.0000000000
