#!ascii label  , from subject sub-v2s1x29878_ses-1 vox2ras=TkReg
1572
105088  -28.406  -21.778  39.412 0.4444440007
38443  -28.959  -21.244  39.117 0.5555559993
37682  -28.820  -22.552  39.516 0.4444440007
36961  -28.460  -23.014  39.463 0.4444440007
108672  -29.133  -22.015  39.331 0.5555559993
102179  -27.234  -24.073  38.706 0.4444440007
122241  -28.281  -23.374  39.386 0.4444440007
110420  -29.607  -22.521  39.254 0.4444440007
101020  -27.124  -24.360  37.606 0.4444440007
96353  -28.004  -23.707  39.014 0.4444440007
36962  -29.321  -23.143  39.170 0.4444440007
96342  -26.391  -24.572  37.414 0.3333329856
96354  -27.808  -23.964  37.827 0.4444440007
105312  -26.969  -24.389  36.814 0.4444440007
100251  -26.509  -24.475  36.582 0.3333329856
100623  -25.605  -24.829  36.029 0.3333329856
96343  -26.045  -24.631  36.340 0.3333329856
111844  -29.353  -19.205  37.810 0.4444440007
39162  -29.638  -20.723  38.894 0.4444440007
38444  -29.867  -21.639  39.167 0.5555559993
37684  -31.818  -21.288  39.379 0.4444440007
36244  -29.287  -23.567  38.854 0.4444440007
36963  -30.140  -22.841  38.934 0.5555559993
37683  -30.577  -22.067  39.055 0.4444440007
36243  -28.626  -23.755  38.250 0.4444440007
36964  -31.197  -22.298  38.940 0.5555559993
96349  -27.422  -24.112  37.014 0.5555559993
115639  -30.093  -23.295  38.346 0.5555559993
36966  -30.705  -22.978  38.356 0.6666669846
117839  -28.243  -23.757  37.601 0.5555559993
96375  -30.216  -23.248  37.716 0.5555559993
120287  -26.143  -23.910  36.375 0.3333329856
99141  -27.482  -23.349  36.856 0.4444440007
96358  -28.252  -23.100  36.920 0.5555559993
36968  -29.579  -22.995  37.080 0.4444440007
113534  -26.553  -22.786  36.696 0.3333329856
101564  -29.804  -22.718  36.426 0.3333329856
39175  -29.863  -20.042  38.370 0.4444440007
121704  -30.318  -21.128  39.033 0.5555559993
96416  -30.189  -19.204  37.536 0.3333329856
39163  -30.879  -20.659  38.846 0.4444440007
38445  -30.967  -21.279  39.141 0.4444440007
39165  -31.496  -20.330  38.246 0.3333329856
38446  -32.169  -20.338  40.089 0.4444440007
100496  -32.889  -20.864  40.194 0.4444440007
37685  -32.208  -21.737  39.215 0.6666669846
96376  -30.919  -23.238  37.411 0.6666669846
96385  -31.798  -22.399  38.557 0.6666669846
42246  -38.302  -16.067  31.433 0.7777780294
43030  -39.095  -15.257  31.102 0.7777780294
101135  -30.221  -23.073  36.918 0.5555559993
36969  -29.307  -22.470  36.385 0.4444440007
113349  -32.202  -19.455  39.628 0.3333329856
112887  -32.104  -20.233  39.796 0.4444440007
118566  -33.683  -21.260  40.461 0.6666669846
111320  -34.168  -18.595  32.516 0.6666669846
96384  -33.147  -21.994  39.686 0.6666669846
39964  -34.685  -19.008  32.363 0.7777780294
101183  -31.541  -23.052  37.737 0.6666669846
96394  -32.199  -22.349  38.140 0.6666669846
40768  -35.628  -18.640  31.963 0.7777780294
41485  -36.255  -17.432  31.702 0.7777780294
41494  -37.417  -17.016  31.339 0.7777780294
42245  -36.732  -16.791  31.235 0.7777780294
43029  -37.991  -15.614  31.110 0.7777780294
119671  -37.349  -15.200  28.493 0.8888890147
96490  -37.647  -15.221  28.308 0.8888890147
96383  -30.364  -23.043  36.154 0.3333329856
100429  -30.807  -23.316  36.692 0.4444440007
43035  -38.866  -14.844  30.714 0.8888890147
120458  -31.056  -23.450  36.220 0.4444440007
43042  -39.465  -14.996  30.146 0.7777780294
120283  -38.953  -15.577  29.443 0.6666669846
113348  -32.459  -18.169  38.077 0.3333329856
118908  -32.926  -17.816  38.394 0.4444440007
99046  -31.689  -19.798  37.817 0.3333329856
98935  -32.742  -18.733  39.403 0.3333329856
98707  -33.354  -20.067  40.228 0.4444440007
96403  -34.356  -20.320  40.291 0.5555559993
100325  -34.211  -21.832  39.627 0.6666669846
39963  -33.947  -19.109  32.289 0.6666669846
99780  -32.996  -22.006  38.108 0.6666669846
96379  -32.294  -22.679  37.187 0.6666669846
39221  -34.433  -19.421  31.823 0.4444440007
40756  -35.827  -18.033  32.016 0.7777780294
96377  -31.495  -23.477  36.819 0.5555559993
119800  -35.861  -17.116  31.638 0.7777780294
96382  -32.122  -23.013  36.297 0.4444440007
39979  -35.062  -19.563  30.922 0.3333329856
42244  -35.452  -17.027  31.456 0.6666669846
42260  -35.755  -16.394  29.879 0.6666669846
42252  -36.666  -16.266  30.431 0.6666669846
43034  -37.596  -15.710  30.003 0.6666669846
101341  -37.044  -15.492  29.022 0.8888890147
96492  -37.229  -14.836  28.080 0.8888890147
112748  -30.707  -23.462  35.680 0.2222220004
99527  -31.355  -23.536  36.020 0.3333329856
42251  -35.712  -16.625  30.783 0.6666669846
116382  -35.801  -16.286  29.118 0.6666669846
42261  -36.453  -15.990  29.493 0.6666669846
96489  -38.239  -15.565  29.063 0.7777780294
98400  -30.369  -23.367  35.189 0.2222220004
112726  -32.130  -23.178  35.657 0.2222220004
42279  -38.232  -16.834  28.161 0.5555559993
42269  -38.227  -16.090  28.529 0.6666669846
100868  -37.950  -15.543  28.014 0.6666669846
96388  -30.989  -23.592  35.205 0.1111110002
96494  -37.968  -16.352  27.808 0.6666669846
121115  -33.228  -17.799  38.123 0.5555559993
99641  -34.143  -18.281  38.367 0.6666669846
99794  -33.566  -18.496  39.280 0.6666669846
100957  -34.760  -21.059  38.718 0.6666669846
96393  -35.115  -20.092  39.563 0.6666669846
99361  -33.881  -21.897  37.481 0.5555559993
96380  -33.362  -22.265  37.248 0.5555559993
39970  -33.490  -19.652  31.018 0.4444440007
40755  -35.066  -18.334  32.235 0.7777780294
96381  -33.748  -22.528  36.563 0.4444440007
39220  -33.655  -20.444  30.355 0.3333329856
41484  -35.345  -17.522  31.908 0.7777780294
96386  -32.727  -22.921  36.089 0.3333329856
118184  -34.280  -19.883  30.300 0.3333329856
99704  -36.718  -14.508  27.916 0.8888890147
113692  -37.709  -14.827  27.668 0.8888890147
119303  -33.491  -22.845  36.174 0.3333329856
104084  -35.143  -16.683  30.171 0.6666669846
99305  -36.204  -15.718  28.637 0.6666669846
99612  -37.471  -14.145  27.467 0.8888890147
112431  -32.708  -23.164  35.423 0.2222220004
38498  -34.149  -20.464  29.552 0.3333329856
99408  -35.158  -16.803  29.199 0.6666669846
99029  -37.895  -14.943  27.015 0.7777780294
98286  -32.096  -23.409  35.229 0.2222220004
113457  -37.823  -15.505  27.369 0.6666669846
100431  -34.480  -18.542  37.752 0.6666669846
99120  -34.977  -18.731  37.196 0.6666669846
100415  -33.474  -18.210  37.535 0.4444440007
116141  -35.478  -19.184  37.014 0.6666669846
39969  -32.844  -19.778  31.161 0.6666669846
96420  -35.749  -20.175  38.543 0.5555559993
39219  -33.140  -20.454  31.083 0.6666669846
39962  -33.317  -19.080  31.311 0.5555559993
40754  -33.754  -18.588  32.109 0.6666669846
96406  -34.637  -22.407  35.981 0.4444440007
41483  -34.530  -17.906  32.185 0.5555559993
101713  -34.056  -22.642  36.070 0.3333329856
37714  -33.955  -22.329  31.538 0.3333329856
38494  -33.440  -21.423  30.913 0.4444440007
42250  -34.865  -16.893  30.943 0.4444440007
120826  -36.397  -14.065  27.552 0.8888890147
113470  -34.106  -23.000  35.727 0.2222220004
38497  -33.824  -21.426  29.924 0.3333329856
41516  -34.505  -17.459  28.792 0.4444440007
113262  -35.859  -14.594  27.538 0.7777780294
98706  -32.846  -23.382  35.079 0.2222220004
37722  -33.781  -22.408  30.604 0.3333329856
113558  -34.982  -17.050  28.343 0.5555559993
96485  -35.160  -16.817  27.596 0.5555559993
96484  -35.758  -16.105  27.792 0.6666669846
112991  -31.919  -23.616  34.832 0.1111110002
96396  -32.610  -23.546  34.656 0.2222220004
101124  -31.132  -23.748  34.419 0.1111110002
108165  -34.049  -23.065  30.613 0.3333329856
96395  -32.042  -23.755  34.289 0.1111110002
39215  -32.525  -20.439  31.632 0.6666669846
113823  -36.132  -19.236  36.685 0.6666669846
109065  -33.119  -21.328  32.192 0.6666669846
38493  -33.056  -21.095  31.640 0.7777780294
117111  -36.316  -20.186  36.959 0.4444440007
96426  -36.622  -19.730  36.562 0.5555559993
100846  -36.131  -21.587  37.917 0.4444440007
96430  -36.660  -20.478  36.662 0.4444440007
38488  -33.560  -21.624  31.831 0.4444440007
96397  -36.234  -22.312  37.143 0.4444440007
96407  -36.567  -22.327  36.653 0.4444440007
38489  -34.514  -21.865  32.127 0.4444440007
102550  -35.132  -22.506  35.805 0.2222220004
44699  -36.593  -13.423  27.251 1.0000000000
96419  -34.127  -23.225  35.523 0.2222220004
98510  -34.735  -23.343  35.479 0.2222220004
37715  -35.223  -22.617  31.805 0.3333329856
98427  -33.478  -23.223  35.488 0.2222220004
37723  -34.545  -23.130  31.289 0.3333329856
96493  -36.048  -15.078  28.025 0.7777780294
44700  -37.791  -13.536  27.186 0.8888890147
112990  -33.862  -23.433  35.181 0.2222220004
36253  -34.678  -23.624  35.048 0.2222220004
117069  -33.219  -23.557  34.771 0.2222220004
36252  -33.835  -23.649  34.633 0.2222220004
99355  -38.065  -14.447  26.850 0.6666669846
100549  -32.947  -23.738  34.244 0.2222220004
43858  -37.366  -15.375  26.120 0.5555559993
99847  -33.411  -19.632  35.540 0.6666669846
113548  -34.428  -19.850  35.574 0.6666669846
39202  -36.462  -19.705  35.867 0.4444440007
38475  -34.594  -20.596  33.504 0.6666669846
116842  -35.817  -20.817  34.902 0.4444440007
96432  -35.213  -20.494  34.571 0.4444440007
38480  -33.860  -21.184  32.521 0.4444440007
108324  -36.527  -21.163  35.899 0.4444440007
119361  -35.989  -21.410  33.995 0.4444440007
99399  -35.473  -20.989  33.770 0.4444440007
38481  -35.103  -21.242  32.871 0.4444440007
100334  -36.092  -21.531  34.941 0.4444440007
37709  -35.752  -22.025  32.442 0.4444440007
38476  -36.126  -22.032  35.503 0.3333329856
112671  -35.777  -14.046  27.078 0.8888890147
36973  -35.672  -23.408  34.899 0.2222220004
99810  -35.613  -22.849  35.342 0.2222220004
37716  -36.118  -22.911  32.144 0.3333329856
107873  -35.243  -23.531  35.219 0.2222220004
36260  -34.588  -23.783  34.335 0.2222220004
96405  -35.371  -23.689  34.763 0.2222220004
37002  -35.617  -23.274  31.616 0.3333329856
36259  -33.658  -23.797  34.092 0.2222220004
36261  -35.502  -23.751  34.225 0.2222220004
36302  -35.161  -23.634  31.282 0.3333329856
39205  -33.473  -20.171  34.348 0.6666669846
39206  -34.375  -20.218  34.315 0.6666669846
37701  -36.381  -22.586  34.177 0.3333329856
38482  -36.106  -21.586  33.186 0.4444440007
100363  -35.756  -13.440  26.592 0.8888890147
36981  -36.036  -23.507  34.393 0.2222220004
37711  -36.628  -22.933  33.274 0.3333329856
36986  -36.493  -23.195  33.794 0.2222220004
36996  -36.542  -23.171  32.615 0.3333329856
45587  -37.176  -12.998  26.754 0.8888890147
36271  -36.625  -23.287  33.124 0.2222220004
36270  -36.092  -23.623  33.531 0.2222220004
43852  -38.173  -13.985  26.499 0.7777780294
36269  -34.997  -23.855  33.595 0.2222220004
43859  -37.901  -14.832  25.908 0.5555559993
45586  -36.302  -12.977  26.597 0.8888890147
43860  -38.334  -14.401  25.703 0.7777780294
43873  -37.870  -14.875  25.085 0.5555559993
104435  -37.049  -14.932  24.379 0.3333329856
119064  -36.378  -14.504  23.722 0.2222220004
45595  -35.815  -12.907  26.046 0.7777780294
46481  -36.534  -12.492  26.054 1.0000000000
45596  -37.614  -12.751  26.201 1.0000000000
45588  -37.993  -13.323  26.607 0.8888890147
44709  -38.281  -13.331  25.951 0.8888890147
117960  -38.310  -13.786  26.103 0.8888890147
111049  -37.937  -14.890  24.448 0.6666669846
43907  -36.220  -14.353  23.105 0.2222220004
44734  -36.597  -14.009  23.402 0.4444440007
44764  -36.592  -13.812  22.842 0.2222220004
43925  -36.330  -14.527  22.386 0.1111110002
45604  -35.895  -12.522  25.476 0.8888890147
45605  -38.073  -12.805  25.607 0.8888890147
44722  -38.608  -13.914  25.480 0.8888890147
43874  -38.552  -14.547  24.854 0.7777780294
43891  -38.364  -14.765  24.183 0.6666669846
43890  -37.549  -14.689  23.799 0.4444440007
43908  -38.387  -14.668  23.625 0.6666669846
44749  -37.395  -14.057  23.115 0.5555559993
44765  -36.819  -13.798  22.125 0.2222220004
46490  -37.259  -12.298  25.492 1.0000000000
110558  -37.147  -12.030  24.742 1.0000000000
45606  -38.705  -13.337  25.291 1.0000000000
46491  -38.136  -12.495  24.891 1.0000000000
43875  -39.005  -13.986  24.776 0.8888890147
43892  -38.947  -14.530  24.204 0.8888890147
44750  -38.448  -14.466  23.107 0.6666669846
117655  -37.124  -13.436  22.679 0.4444440007
45619  -39.158  -13.293  24.525 1.0000000000
44735  -39.411  -14.016  24.115 1.0000000000
44751  -39.209  -14.504  23.534 0.8888890147
45633  -37.804  -13.601  22.647 0.6666669846
44766  -38.994  -14.426  22.755 0.7777780294
45649  -37.497  -13.322  22.167 0.5555559993
46500  -37.636  -12.003  24.122 1.0000000000
46501  -38.535  -12.425  24.193 1.0000000000
45620  -39.787  -13.550  23.860 1.0000000000
45650  -38.161  -13.478  22.099 0.5555559993
44789  -37.969  -13.218  21.555 0.6666669846
46512  -38.246  -11.958  23.441 1.0000000000
104246  -38.361  -11.760  22.650 1.0000000000
44736  -39.773  -14.033  23.621 1.0000000000
119144  -39.145  -14.172  22.164 0.6666669846
45668  -38.658  -13.383  21.409 0.6666669846
46513  -39.101  -12.168  23.076 1.0000000000
118007  -39.751  -14.396  23.227 0.8888890147
45634  -39.887  -12.944  23.350 1.0000000000
44767  -39.839  -14.458  22.649 0.7777780294
45621  -40.178  -13.854  23.149 0.8888890147
44814  -38.599  -13.184  20.828 0.5555559993
45685  -39.237  -13.395  20.808 0.5555559993
44815  -39.142  -13.366  20.320 0.4444440007
43962  -41.365  -14.520  20.319 0.2222220004
117825  -41.733  -14.768  20.164 0.3333329856
46514  -39.716  -12.385  22.769 1.0000000000
45635  -40.422  -13.083  22.767 1.0000000000
44768  -40.354  -14.206  22.490 1.0000000000
44790  -39.781  -14.273  21.843 0.6666669846
44769  -40.690  -13.950  22.308 0.7777780294
45670  -41.153  -13.075  21.540 0.8888890147
108046  -41.458  -12.381  20.988 0.8888890147
45669  -40.056  -14.048  21.268 0.6666669846
44793  -41.372  -13.794  21.339 0.5555559993
45671  -41.795  -13.093  21.027 0.7777780294
44842  -39.581  -13.517  19.715 0.1111110002
45686  -39.753  -13.561  20.244 0.4444440007
44817  -41.210  -14.194  21.076 0.3333329856
44843  -40.432  -13.936  19.847 0.3333329856
44818  -41.910  -13.949  20.828 0.3333329856
103120  -42.008  -14.548  20.493 0.3333329856
46527  -39.038  -11.749  22.258 1.0000000000
44752  -40.612  -13.729  22.703 0.8888890147
44791  -40.438  -14.206  21.912 0.6666669846
44792  -40.912  -13.913  21.784 0.6666669846
44816  -40.563  -14.130  21.185 0.6666669846
46544  -42.004  -12.181  20.833 0.8888890147
45687  -42.482  -13.006  20.715 0.5555559993
44819  -42.602  -13.946  20.522 0.3333329856
44820  -43.382  -14.067  20.444 0.2222220004
47352  -38.714  -11.606  21.467 1.0000000000
46528  -39.975  -12.198  22.228 1.0000000000
45651  -40.830  -13.437  22.321 0.7777780294
46543  -40.865  -12.077  21.276 1.0000000000
47362  -41.450  -11.455  20.785 0.8888890147
103501  -42.493  -12.001  20.879 0.7777780294
47363  -42.283  -11.278  20.650 0.8888890147
47364  -42.724  -11.128  21.389 0.7777780294
45688  -43.066  -13.384  20.536 0.2222220004
45672  -43.020  -12.669  20.814 0.3333329856
46545  -42.934  -11.832  21.438 0.6666669846
45673  -43.643  -13.317  20.844 0.2222220004
121915  -43.379  -12.513  21.282 0.3333329856
46541  -39.487  -11.644  21.600 1.0000000000
46542  -40.295  -11.766  21.626 1.0000000000
46529  -40.596  -12.618  21.997 1.0000000000
47361  -40.585  -11.475  20.861 1.0000000000
47374  -41.892  -10.852  20.252 1.0000000000
48254  -42.500  -10.749  20.616 1.0000000000
48263  -42.625  -10.657  20.273 1.0000000000
48255  -42.789  -10.655  21.151 0.8888890147
106410  -42.873  -10.446  20.794 1.0000000000
47354  -43.147  -10.933  22.101 0.6666669846
47353  -43.020  -10.495  21.746 0.6666669846
45652  -43.848  -12.824  21.693 0.2222220004
47359  -38.962  -11.488  20.839 1.0000000000
47360  -39.786  -11.500  20.889 1.0000000000
47372  -40.046  -11.247  20.189 1.0000000000
47373  -40.896  -10.988  20.099 1.0000000000
46530  -43.502  -11.917  21.984 0.6666669846
48256  -43.175  -10.083  21.393 1.0000000000
48245  -43.485  -10.280  22.041 0.8888890147
47355  -43.916  -11.257  22.452 0.4444440007
46531  -44.182  -12.352  22.306 0.2222220004
47346  -44.458  -10.961  22.856 0.4444440007
48246  -44.091  -10.074  22.197 0.5555559993
49115  -43.875  -9.908  21.719 0.6666669846
47345  -44.157  -10.405  22.494 0.3333329856
108308  -45.030  -11.436  23.210 0.2222220004
47371  -39.282  -11.341  20.147 1.0000000000
48271  -41.493  -10.670  19.596 1.0000000000
106345  -42.274  -10.680  19.715 1.0000000000
109251  -42.824  -10.577  19.786 1.0000000000
48264  -43.203  -10.194  20.431 1.0000000000
49136  -44.038  -10.139  19.922 1.0000000000
49127  -43.862  -9.897  20.883 1.0000000000
47347  -44.916  -10.406  23.054 0.3333329856
49137  -44.785  -9.802  20.339 1.0000000000
49106  -44.899  -10.008  22.643 0.4444440007
49116  -44.697  -9.850  21.956 0.5555559993
47339  -45.302  -10.809  23.727 0.2222220004
49117  -45.539  -9.711  22.148 0.5555559993
104635  -39.606  -11.097  19.518 1.0000000000
108105  -40.216  -10.957  19.625 1.0000000000
47386  -40.701  -10.751  19.301 1.0000000000
48290  -41.357  -10.630  18.765 0.8888890147
48272  -42.021  -10.634  19.162 0.8888890147
48274  -43.387  -10.470  19.480 1.0000000000
48275  -44.053  -10.399  18.939 1.0000000000
103151  -44.871  -9.865  19.281 1.0000000000
49138  -45.509  -9.785  20.635 0.6666669846
48229  -45.622  -9.860  23.503 0.2222220004
49129  -45.491  -9.746  21.366 0.6666669846
49139  -46.126  -9.847  20.777 0.5555559993
48273  -42.750  -10.626  19.101 1.0000000000
48294  -44.494  -10.245  18.413 0.8888890147
49161  -45.090  -9.749  18.408 0.8888890147
49150  -45.820  -9.615  19.825 0.8888890147
107068  -46.329  -9.780  21.532 0.5555559993
115900  -45.702  -9.500  19.048 1.0000000000
101510  -46.118  -9.760  20.171 0.8888890147
48276  -46.429  -9.943  20.098 0.7777780294
48257  -46.581  -10.199  20.851 0.7777780294
49997  -46.715  -9.017  19.201 1.0000000000
49983  -47.257  -9.095  19.248 0.8888890147
49152  -47.483  -8.978  19.294 1.0000000000
47387  -46.560  -10.635  19.457 0.7777780294
49998  -47.925  -8.691  18.977 0.7777780294
48277  -46.669  -9.609  19.268 0.7777780294
49163  -48.277  -8.623  19.165 0.8888890147
48296  -47.276  -9.236  18.893 0.8888890147
50819  -48.492  -7.078  19.233 0.7777780294
49999  -49.067  -7.955  19.071 0.7777780294
49179  -48.296  -8.424  17.570 0.6666669846
49170  -47.727  -8.903  18.201 0.6666669846
48304  -47.043  -9.999  17.776 0.6666669846
47414  -45.608  -11.559  16.791 0.4444440007
47424  -45.463  -11.508  15.970 0.2222220004
46625  -45.411  -12.245  15.611 0.3333329856
45783  -45.578  -12.669  14.530 0.3333329856
50013  -49.558  -7.429  17.703 0.6666669846
50008  -49.585  -7.425  18.806 0.7777780294
50012  -48.113  -8.026  16.417 0.6666669846
49178  -47.485  -9.173  16.816 0.5555559993
49177  -46.887  -9.377  16.007 0.5555559993
48313  -46.728  -10.073  16.654 0.5555559993
48323  -46.116  -9.833  15.881 0.5555559993
48312  -45.857  -10.713  16.367 0.4444440007
47415  -46.269  -10.878  17.180 0.4444440007
47437  -45.180  -11.495  15.156 0.3333329856
46643  -45.087  -12.179  14.157 0.3333329856
45799  -45.640  -12.539  13.768 0.4444440007
45784  -46.258  -12.957  14.121 0.3333329856
50856  -47.780  -6.780  15.579 0.6666669846
49191  -47.266  -8.482  15.566 0.6666669846
50022  -47.572  -7.389  15.324 0.6666669846
48322  -45.400  -10.515  15.476 0.5555559993
46636  -44.798  -11.647  14.421 0.4444440007
50021  -46.738  -7.713  14.630 0.6666669846
49190  -46.503  -8.909  15.260 0.6666669846
49189  -45.805  -9.389  15.083 0.5555559993
48334  -45.257  -9.816  14.801 0.5555559993
47445  -44.431  -11.096  13.887 0.4444440007
46642  -44.571  -11.761  13.710 0.5555559993
110046  -44.965  -12.187  13.448 0.3333329856
118914  -45.636  -12.398  13.104 0.4444440007
46661  -45.990  -12.386  12.410 0.4444440007
46659  -44.427  -11.838  12.884 0.4444440007
46670  -46.098  -12.267  11.602 0.3333329856
46718  -47.448  -11.770  9.654 0.2222220004
106815  -48.534  -11.302  7.232 0.2222220004
101779  -48.502  -10.917  6.231 0.2222220004
47571  -49.032  -10.916  5.820 0.2222220004
46681  -44.538  -12.157  11.304 0.3333329856
46669  -45.332  -12.168  11.878 0.3333329856
118550  -45.457  -12.213  11.211 0.3333329856
103333  -46.012  -12.189  10.857 0.3333329856
46698  -46.612  -12.121  10.552 0.2222220004
46699  -47.278  -12.002  10.341 0.2222220004
46717  -46.627  -11.987  9.747 0.2222220004
106743  -47.065  -11.521  8.556 0.2222220004
108315  -47.769  -11.217  7.203 0.2222220004
47557  -48.184  -11.098  6.633 0.2222220004
118647  -44.684  -12.019  12.177 0.3333329856
102746  -46.043  -12.153  10.220 0.2222220004
46726  -46.312  -11.807  8.835 0.2222220004
47542  -47.257  -11.342  7.812 0.2222220004
48426  -48.385  -10.412  5.923 0.2222220004
46697  -45.265  -12.270  10.468 0.2222220004
46696  -44.381  -12.333  10.411 0.2222220004
46715  -44.652  -12.358  9.721 0.2222220004
46716  -45.630  -12.176  9.513 0.2222220004
47526  -46.480  -11.512  8.040 0.2222220004
47541  -46.639  -11.405  7.400 0.2222220004
47556  -47.092  -11.267  7.020 0.3333329856
109020  -47.466  -11.103  6.516 0.2222220004
47570  -47.840  -10.836  6.163 0.2222220004
46725  -45.490  -12.076  8.730 0.2222220004
47525  -45.680  -11.791  8.137 0.3333329856
117235  -46.906  -11.330  6.349 0.3333329856
48425  -47.595  -10.315  5.780 0.2222220004
105683  -48.575  -9.730  5.708 0.2222220004
49307  -49.126  -9.192  5.338 0.2222220004
50940  -50.120  -5.704  5.818 0.2222220004
50939  -49.034  -6.643  5.440 0.2222220004
47524  -44.906  -12.064  8.279 0.2222220004
47539  -44.979  -11.720  7.615 0.2222220004
47553  -45.060  -11.375  6.880 0.2222220004
47540  -45.853  -11.649  7.269 0.3333329856
47567  -45.175  -10.888  6.105 0.2222220004
47554  -45.800  -11.378  6.423 0.3333329856
47580  -46.337  -10.763  5.310 0.3333329856
47569  -46.408  -11.249  5.995 0.3333329856
47581  -47.070  -10.957  5.817 0.3333329856
48436  -48.015  -9.761  5.721 0.2222220004
121696  -47.371  -9.839  5.450 0.3333329856
49305  -47.609  -9.228  5.777 0.3333329856
101630  -48.798  -8.246  5.572 0.2222220004
120665  -48.357  -8.394  5.724 0.2222220004
117758  -47.920  -8.468  5.835 0.3333329856
50117  -49.345  -6.993  5.613 0.2222220004
51766  -48.428  -6.432  4.887 0.2222220004
51776  -47.835  -5.852  4.219 0.2222220004
51765  -47.733  -5.960  5.052 0.2222220004
52730  -47.435  -5.390  4.616 0.2222220004
53699  -46.316  -4.560  3.870 0.2222220004
47568  -45.848  -11.033  5.738 0.3333329856
48435  -46.897  -10.290  5.200 0.3333329856
50101  -47.555  -7.745  5.940 0.3333329856
50931  -48.143  -6.975  5.673 0.3333329856
50116  -48.405  -7.659  5.688 0.3333329856
51756  -47.829  -6.549  5.514 0.2222220004
50930  -47.527  -6.991  5.940 0.3333329856
52737  -46.937  -5.008  4.183 0.2222220004
55398  -45.267  -3.120  2.746 0.2222220004
54557  -45.752  -3.608  3.045 0.2222220004
48434  -46.192  -10.048  4.864 0.3333329856
49304  -46.771  -9.531  5.144 0.3333329856
50115  -47.163  -8.690  5.746 0.3333329856
51764  -47.006  -5.772  5.461 0.2222220004
53691  -46.274  -4.883  4.548 0.2222220004
52729  -46.698  -5.274  4.968 0.2222220004
54549  -45.807  -4.002  3.648 0.2222220004
50100  -46.797  -8.175  5.891 0.3333329856
116197  -44.286  -6.916  5.592 0.2222220004
51762  -44.685  -6.404  5.796 0.2222220004
52727  -44.432  -5.842  5.413 0.2222220004
50929  -46.765  -7.333  6.175 0.3333329856
51763  -45.191  -6.048  5.654 0.2222220004
52728  -45.333  -5.586  5.205 0.2222220004
53690  -45.511  -5.039  4.722 0.2222220004
50113  -45.467  -8.942  5.081 0.2222220004
117984  -46.038  -9.454  4.885 0.3333329856
50114  -46.357  -8.880  5.292 0.3333329856
50099  -46.024  -8.118  5.932 0.3333329856
50928  -45.788  -7.265  6.221 0.3333329856
52723  -46.056  -5.768  5.622 0.2222220004
51754  -46.402  -6.478  6.105 0.2222220004
118393  -46.022  -5.262  5.070 0.2222220004
51753  -45.509  -6.499  6.012 0.2222220004
45800  -46.370  -12.781  13.219 0.3333329856
46660  -45.167  -12.165  12.659 0.4444440007
36960  -27.864  -23.177  39.740 0.4444440007
36242  -28.702  -23.493  39.108 0.4444440007
105106  -26.134  -24.727  36.745 0.3333329856
99867  -26.951  -24.127  36.650 0.4444440007
36965  -29.879  -23.367  38.814 0.5555559993
101548  -27.967  -23.701  37.176 0.5555559993
36248  -29.521  -23.490  38.090 0.5555559993
36247  -28.715  -23.541  37.301 0.5555559993
36967  -28.913  -22.907  36.848 0.4444440007
96345  -25.431  -24.087  35.953 0.3333329856
100027  -29.861  -19.372  37.758 0.3333329856
39915  -30.665  -20.067  38.216 0.3333329856
43036  -39.514  -14.996  30.847 0.8888890147
40769  -36.591  -17.998  31.610 0.6666669846
96488  -36.711  -15.039  28.325 0.8888890147
99929  -38.170  -15.452  29.405 0.8888890147
111203  -38.417  -16.563  28.901 0.5555559993
96425  -31.477  -19.333  37.199 0.3333329856
96421  -34.116  -21.889  38.481 0.6666669846
100962  -32.970  -22.728  36.614 0.4444440007
39971  -35.409  -19.221  31.750 0.3333329856
112647  -33.112  -23.045  35.790 0.3333329856
99163  -35.574  -16.498  28.374 0.6666669846
96409  -35.133  -19.424  38.685 0.5555559993
100306  -34.294  -21.817  37.266 0.5555559993
41507  -34.473  -17.197  29.961 0.3333329856
96415  -33.850  -18.734  36.932 0.6666669846
121940  -35.056  -19.112  37.944 0.6666669846
96387  -34.546  -22.138  36.492 0.4444440007
41493  -34.485  -17.381  31.666 0.6666669846
96404  -36.989  -21.627  37.422 0.4444440007
99588  -36.783  -21.301  36.550 0.4444440007
96428  -36.608  -20.444  36.121 0.4444440007
37008  -34.483  -23.503  30.890 0.2222220004
39201  -35.200  -20.086  35.403 0.6666669846
36982  -36.128  -22.990  34.593 0.2222220004
37710  -36.496  -22.452  32.841 0.3333329856
43872  -37.131  -15.277  25.159 0.5555559993
37700  -36.364  -22.114  33.594 0.3333329856
46502  -39.215  -12.705  23.805 1.0000000000
43975  -40.079  -14.262  19.361 0.2222220004
120454  -43.542  -10.600  22.290 0.4444440007
49128  -44.687  -9.796  21.158 0.7777780294
49107  -45.679  -9.719  22.839 0.3333329856
111048  -43.460  -10.576  18.742 0.8888890147
49151  -46.507  -9.451  19.282 0.8888890147
47375  -46.626  -10.818  20.202 0.7777780294
50818  -47.463  -7.980  18.746 0.8888890147
50820  -49.420  -6.819  18.909 0.7777780294
49164  -49.061  -8.144  18.961 0.7777780294
48295  -46.675  -10.307  18.705 0.8888890147
50832  -47.243  -7.207  17.826 0.7777780294
46610  -45.480  -12.257  16.390 0.3333329856
46637  -45.277  -12.180  14.851 0.3333329856
50023  -48.786  -6.828  16.174 0.6666669846
47436  -44.835  -10.689  14.609 0.5555559993
120549  -46.420  -12.411  12.040 0.3333329856
45809  -46.718  -12.691  12.439 0.3333329856
47459  -44.129  -11.261  13.202 0.4444440007
46682  -46.550  -12.209  11.153 0.3333329856
46671  -46.860  -12.360  11.743 0.3333329856
47510  -47.016  -11.692  9.165 0.2222220004
47543  -48.069  -11.360  7.895 0.2222220004
47527  -47.668  -11.433  8.407 0.2222220004
47555  -46.445  -11.418  6.714 0.3333329856
49306  -48.350  -9.018  5.746 0.2222220004
47552  -44.306  -11.394  7.300 0.1111110002
51755  -47.270  -6.457  5.833 0.2222220004
53698  -45.705  -4.518  4.195 0.2222220004
108959  -45.008  -4.176  3.784 0.2222220004
100547  -37.174  -17.135  27.314 0.1111110002
100850  -36.907  -16.473  27.196 0.2222220004
113017  -37.203  -15.764  26.750 0.3333329856
41540  -36.736  -17.644  26.637 0.1111110002
101674  -36.202  -16.874  26.965 0.1111110002
96486  -36.009  -16.527  26.806 0.2222220004
102678  -38.104  -17.202  27.805 0.4444440007
41541  -37.474  -18.232  26.954 0.2222220004
40804  -36.991  -18.656  26.183 0.1111110002
41552  -36.322  -17.916  25.765 0.1111110002
99672  -35.473  -16.737  25.998 0.1111110002
40015  -36.515  -19.380  25.750 0.1111110002
41567  -36.105  -18.310  25.020 0.1111110002
39256  -35.672  -20.298  25.851 0.1111110002
40014  -36.033  -19.806  25.414 0.1111110002
40027  -36.186  -19.139  25.116 0.1111110002
119358  -38.267  -18.348  27.915 0.2222220004
40802  -37.931  -18.647  27.424 0.2222220004
40004  -36.830  -19.436  26.558 0.2222220004
40805  -37.437  -18.889  26.857 0.1111110002
40003  -36.256  -20.097  26.039 0.1111110002
39245  -35.119  -20.595  26.394 0.1111110002
96356  -25.576  -22.281  40.255 0.3333329856
42254  -39.562  -15.008  30.813 0.7777780294
42262  -39.421  -15.687  30.016 0.6666669846
41517  -38.466  -17.287  29.208 0.4444440007
40000  -38.220  -18.842  28.063 0.2222220004
39999  -37.514  -19.183  27.448 0.2222220004
98876  -35.413  -14.360  26.190 0.5555559993
39998  -36.798  -19.686  27.244 0.1111110002
117089  -35.063  -15.048  25.873 0.3333329856
44708  -35.467  -13.698  25.709 0.5555559993
39236  -35.218  -20.782  26.949 0.1111110002
39246  -35.824  -20.591  26.460 0.1111110002
103285  -25.850  -21.450  39.163 0.2222220004
96357  -25.372  -21.953  39.634 0.3333329856
113121  -26.552  -20.375  36.937 0.1111110002
39180  -26.743  -19.533  36.892 0.1111110002
39172  -27.067  -20.123  37.862 0.1111110002
40780  -38.252  -17.999  30.213 0.3333329856
41496  -39.071  -15.859  31.245 0.7777780294
39982  -38.323  -18.903  29.614 0.2222220004
41508  -38.864  -16.843  30.311 0.2222220004
39989  -37.988  -19.315  29.382 0.2222220004
40787  -38.440  -18.225  29.387 0.2222220004
46489  -36.352  -12.165  25.012 0.8888890147
39994  -36.937  -19.600  28.007 0.2222220004
39995  -37.862  -19.317  28.405 0.2222220004
100147  -35.570  -15.380  27.451 0.5555559993
39232  -36.286  -19.992  28.510 0.2222220004
96495  -35.238  -15.979  26.707 0.4444440007
98845  -35.382  -14.998  26.734 0.4444440007
44721  -35.573  -13.075  25.198 0.5555559993
39238  -36.292  -20.106  27.625 0.2222220004
100447  -34.662  -15.774  26.100 0.3333329856
118899  -34.491  -14.603  24.889 0.3333329856
44720  -35.082  -14.006  24.733 0.3333329856
44733  -35.312  -13.301  24.256 0.5555559993
45617  -34.960  -13.198  23.499 0.5555559993
39237  -35.763  -20.617  27.174 0.1111110002
43857  -34.269  -15.145  25.423 0.2222220004
43869  -33.742  -14.796  24.732 0.2222220004
44719  -34.134  -14.228  24.356 0.3333329856
44732  -34.606  -13.728  23.937 0.3333329856
38511  -34.454  -20.911  27.423 0.1111110002
43888  -33.444  -14.451  24.077 0.1111110002
101578  -33.803  -13.904  23.689 0.1111110002
44748  -34.192  -13.368  23.268 0.1111110002
96364  -26.656  -22.123  40.098 0.3333329856
96362  -27.081  -22.834  40.124 0.3333329856
101169  -26.658  -21.387  39.460 0.2222220004
100905  -26.527  -23.311  40.106 0.3333329856
96352  -26.587  -23.989  39.502 0.3333329856
115754  -27.270  -23.577  39.671 0.3333329856
101936  -25.927  -21.837  39.956 0.2222220004
96366  -26.466  -20.858  38.302 0.2222220004
39181  -27.665  -19.400  37.502 0.1111110002
40728  -27.973  -18.648  37.342 0.1111110002
118373  -38.523  -16.556  31.548 0.5555559993
39981  -37.890  -19.012  30.168 0.2222220004
46488  -35.968  -12.215  24.228 0.8888890147
39229  -35.458  -20.111  28.906 0.1111110002
39988  -37.080  -19.604  28.952 0.2222220004
96487  -35.538  -16.352  27.167 0.4444440007
45603  -35.724  -12.518  24.713 0.5555559993
119363  -35.241  -12.740  23.010 0.5555559993
39228  -34.906  -20.467  28.429 0.1111110002
39231  -35.639  -20.392  28.025 0.2222220004
43064  -33.634  -15.793  25.843 0.1111110002
45618  -35.570  -12.718  23.813 0.5555559993
38507  -35.063  -20.743  27.629 0.1111110002
45632  -34.614  -12.972  22.873 0.2222220004
107658  -33.975  -21.291  28.088 0.1111110002
43072  -33.222  -15.433  25.142 0.1111110002
43905  -33.185  -14.156  23.434 0.1111110002
44747  -33.467  -13.629  22.947 0.1111110002
45631  -33.988  -12.994  22.534 0.1111110002
43868  -33.084  -15.039  24.397 0.1111110002
44763  -33.345  -13.313  22.121 0.1111110002
43887  -32.887  -14.781  23.713 0.1111110002
43904  -32.690  -14.487  22.997 0.1111110002
121315  -33.043  -14.013  22.976 0.1111110002
44762  -32.860  -13.918  22.443 0.1111110002
36310  -32.092  -23.850  28.629 0.1111110002
99310  -27.178  -21.861  39.814 0.3333329856
38447  -27.204  -20.749  38.817 0.2222220004
37681  -27.800  -22.362  39.899 0.3333329856
39937  -28.320  -18.929  37.475 0.1111110002
40720  -27.803  -18.104  37.990 0.1111110002
99877  -27.709  -22.134  36.581 0.3333329856
96374  -28.460  -21.783  36.072 0.3333329856
118682  -37.231  -18.505  30.864 0.3333329856
98565  -29.644  -20.941  34.952 0.2222220004
39980  -36.125  -19.388  30.580 0.1111110002
113867  -30.384  -22.152  35.121 0.2222220004
112975  -30.260  -22.983  35.548 0.2222220004
39972  -37.038  -19.093  30.587 0.2222220004
46499  -36.654  -11.967  24.013 0.8888890147
39226  -36.242  -19.774  29.457 0.1111110002
102893  -37.213  -19.429  29.922 0.2222220004
98638  -30.343  -22.306  34.183 0.1111110002
112648  -30.431  -23.502  34.810 0.1111110002
105235  -34.957  -16.707  27.008 0.4444440007
96491  -34.664  -16.405  26.619 0.2222220004
38506  -34.480  -20.943  28.035 0.1111110002
104558  -34.081  -21.400  28.618 0.1111110002
45647  -33.815  -12.708  21.698 0.1111110002
36268  -33.951  -23.864  33.564 0.1111110002
36279  -34.351  -23.991  32.860 0.1111110002
37730  -33.765  -21.923  29.276 0.1111110002
35617  -33.238  -24.239  32.883 0.1111110002
37729  -33.352  -22.318  29.190 0.1111110002
118711  -32.731  -15.550  24.579 0.1111110002
44787  -33.135  -13.211  21.238 0.1111110002
35625  -33.819  -24.443  32.174 0.1111110002
37020  -32.481  -22.686  28.960 0.1111110002
43099  -32.359  -15.224  23.308 0.1111110002
104168  -32.837  -13.672  21.716 0.1111110002
35636  -33.754  -24.909  31.606 0.1111110002
37015  -32.983  -23.083  29.430 0.1111110002
35656  -33.452  -24.465  29.800 0.1111110002
36311  -32.605  -23.973  29.370 0.1111110002
35011  -34.108  -25.159  31.039 0.1111110002
35025  -33.439  -25.385  29.662 0.1111110002
35665  -32.206  -24.517  28.863 0.1111110002
35018  -33.702  -25.935  30.986 0.1111110002
35019  -34.426  -25.549  30.438 0.1111110002
35026  -34.279  -25.477  29.990 0.1111110002
35027  -34.806  -25.750  29.960 0.1111110002
38442  -27.568  -21.497  39.443 0.3333329856
39173  -27.790  -20.180  38.341 0.1111110002
40729  -28.420  -18.445  37.837 0.2222220004
96434  -29.476  -17.391  39.410 0.1111110002
96429  -28.378  -17.684  38.393 0.1111110002
104105  -29.134  -16.977  39.744 0.1111110002
96365  -28.637  -22.348  36.538 0.3333329856
96378  -29.201  -21.761  35.879 0.2222220004
100034  -29.880  -22.179  35.738 0.2222220004
106997  -36.416  -18.890  31.398 0.3333329856
39225  -35.213  -19.800  29.833 0.1111110002
106132  -34.683  -20.180  29.289 0.2222220004
46509  -35.966  -12.333  23.304 0.6666669846
46510  -36.738  -12.022  23.054 0.8888890147
105791  -37.318  -11.872  23.448 0.8888890147
38502  -34.426  -20.714  28.756 0.1111110002
38501  -34.022  -21.485  29.185 0.1111110002
42278  -34.388  -17.036  27.025 0.2222220004
121960  -35.522  -12.498  22.573 0.4444440007
36281  -36.293  -23.482  32.536 0.1111110002
42289  -33.794  -16.328  26.432 0.1111110002
45648  -34.685  -12.479  22.149 0.1111110002
46537  -35.001  -12.182  21.320 0.1111110002
36280  -35.406  -23.831  32.760 0.1111110002
36290  -35.493  -23.787  31.899 0.1111110002
45667  -34.262  -12.265  21.193 0.1111110002
37016  -33.663  -22.712  29.761 0.1111110002
42298  -33.277  -16.112  26.134 0.1111110002
45666  -33.617  -12.657  20.783 0.1111110002
35626  -34.833  -24.106  32.180 0.1111110002
35637  -34.639  -24.439  31.460 0.1111110002
36301  -34.996  -23.915  31.157 0.1111110002
36312  -33.542  -23.591  29.882 0.1111110002
43082  -32.567  -15.402  23.990 0.1111110002
36307  -34.571  -24.454  30.508 0.1111110002
36306  -34.119  -24.106  30.270 0.1111110002
35649  -34.578  -24.689  30.644 0.1111110002
35657  -34.083  -24.848  30.126 0.1111110002
117995  -32.390  -14.461  22.362 0.1111110002
43923  -32.387  -14.193  21.759 0.1111110002
35658  -34.462  -25.129  30.302 0.1111110002
43903  -32.184  -15.110  22.568 0.1111110002
38448  -28.115  -20.887  38.965 0.2222220004
121224  -28.268  -20.283  38.679 0.2222220004
39182  -28.411  -19.678  38.231 0.2222220004
39924  -28.846  -19.230  37.979 0.3333329856
110610  -28.894  -18.765  37.656 0.2222220004
96427  -29.222  -17.997  38.033 0.2222220004
101396  -30.220  -17.195  40.123 0.1111110002
100047  -30.634  -16.814  40.126 0.1111110002
42192  -29.013  -16.487  39.902 0.1111110002
101715  -36.185  -12.360  22.444 0.4444440007
103119  -36.795  -12.173  22.281 0.7777780294
46511  -37.505  -11.805  22.643 0.8888890147
37727  -33.793  -22.402  29.882 0.2222220004
42268  -34.443  -17.350  27.915 0.2222220004
46523  -35.548  -12.321  21.919 0.4444440007
36291  -35.940  -23.459  31.832 0.1111110002
41527  -33.623  -17.380  27.608 0.1111110002
105679  -35.688  -12.186  21.292 0.3333329856
46538  -36.126  -12.089  20.854 0.4444440007
42277  -33.335  -16.871  26.958 0.1111110002
104432  -34.681  -12.118  20.629 0.1111110002
37012  -34.027  -23.348  30.361 0.1111110002
42297  -32.862  -16.111  25.744 0.1111110002
103922  -35.370  -12.032  20.694 0.2222220004
36300  -34.645  -23.912  30.787 0.1111110002
42310  -32.505  -15.972  25.020 0.1111110002
39161  -28.737  -20.407  38.848 0.3333329856
39174  -29.129  -19.866  38.439 0.2222220004
100580  -29.294  -18.623  37.524 0.2222220004
100669  -30.834  -17.589  39.621 0.1111110002
121508  -32.471  -19.074  36.810 0.1111110002
41501  -34.190  -17.218  31.019 0.3333329856
41506  -33.844  -17.761  29.305 0.1111110002
46525  -37.191  -12.097  21.765 0.7777780294
46526  -38.044  -11.671  21.851 0.7777780294
41515  -33.766  -17.686  28.418 0.1111110002
46524  -36.381  -12.295  21.658 0.6666669846
46556  -36.599  -12.006  20.299 0.4444440007
99326  -29.875  -18.012  37.685 0.1111110002
112519  -30.709  -19.554  37.680 0.1111110002
105172  -29.642  -18.847  37.315 0.1111110002
114587  -30.332  -19.016  37.270 0.1111110002
98461  -30.811  -19.169  37.341 0.1111110002
116886  -31.850  -17.513  39.723 0.1111110002
113883  -30.536  -18.733  37.033 0.1111110002
41482  -33.943  -18.026  32.121 0.4444440007
41492  -33.786  -17.643  31.496 0.4444440007
40767  -33.555  -18.229  31.627 0.3333329856
41500  -33.716  -17.748  30.389 0.2222220004
41491  -33.434  -18.124  31.008 0.2222220004
46540  -37.541  -11.979  21.210 0.7777780294
120317  -38.156  -11.685  20.864 0.8888890147
40779  -33.101  -18.363  30.182 0.1111110002
46539  -36.895  -12.183  21.052 0.7777780294
96411  -32.655  -19.330  36.054 0.5555559993
101255  -32.195  -19.634  34.843 0.5555559993
96410  -32.464  -20.462  34.286 0.5555559993
39961  -32.460  -19.568  31.193 0.3333329856
40752  -32.178  -19.144  31.057 0.3333329856
40753  -33.171  -18.851  31.235 0.4444440007
47370  -38.594  -11.553  20.101 0.8888890147
40766  -32.869  -18.730  30.822 0.2222220004
40778  -32.296  -18.642  30.028 0.1111110002
38473  -32.405  -21.176  33.628 0.5555559993
96408  -31.757  -21.822  33.796 0.6666669846
38487  -32.534  -21.291  32.200 0.5555559993
120607  -32.087  -20.139  31.563 0.4444440007
46558  -37.898  -12.007  19.951 0.6666669846
47384  -38.993  -11.408  19.446 0.7777780294
46570  -38.321  -11.790  19.364 0.5555559993
116000  -37.998  -11.929  18.782 0.5555559993
46571  -38.735  -11.775  18.697 0.6666669846
46585  -38.024  -11.983  18.093 0.5555559993
49118  -46.317  -9.612  22.348 0.4444440007
102475  -39.398  -11.133  18.869 0.6666669846
49119  -46.983  -9.751  21.996 0.4444440007
117297  -46.945  -9.499  22.572 0.4444440007
47385  -39.972  -10.828  19.017 0.6666669846
101529  -38.748  -11.884  17.958 0.6666669846
46594  -38.400  -11.983  17.374 0.4444440007
46608  -37.911  -12.015  16.749 0.3333329856
46621  -37.315  -12.084  16.086 0.2222220004
48258  -46.922  -10.264  21.382 0.5555559993
116056  -47.144  -10.983  21.400 0.4444440007
103491  -47.350  -10.458  21.860 0.6666669846
47398  -39.288  -11.514  18.152 0.6666669846
119318  -37.095  -12.066  15.298 0.1111110002
47365  -47.159  -11.611  21.034 0.4444440007
46559  -47.234  -12.290  20.562 0.3333329856
102909  -46.416  -10.976  18.064 0.5555559993
46586  -46.230  -12.432  18.452 0.4444440007
45704  -47.453  -12.973  20.094 0.4444440007
111394  -47.216  -12.990  19.208 0.4444440007
45723  -46.656  -13.050  18.546 0.4444440007
47399  -39.871  -10.963  18.333 0.6666669846
46595  -39.149  -11.834  17.410 0.3333329856
46609  -38.806  -11.978  16.574 0.3333329856
46622  -38.138  -12.006  15.948 0.3333329856
46633  -37.710  -11.954  15.271 0.1111110002
48265  -46.841  -10.930  20.858 0.6666669846
47376  -46.860  -11.602  20.327 0.6666669846
47388  -46.677  -11.554  19.585 0.4444440007
47401  -46.491  -11.449  18.799 0.6666669846
46573  -46.966  -12.317  19.804 0.4444440007
46572  -46.681  -12.346  19.083 0.4444440007
111492  -45.995  -11.719  18.229 0.4444440007
47400  -40.494  -10.717  18.529 0.6666669846
47405  -39.788  -11.410  17.546 0.6666669846
51664  -48.991  -5.669  17.459 0.5555559993
50847  -49.834  -5.667  17.701 0.5555559993
51688  -47.380  -6.499  15.529 0.5555559993
50857  -48.765  -5.935  16.075 0.5555559993
50854  -45.827  -6.766  14.792 0.4444440007
50855  -46.369  -6.502  14.875 0.4444440007
50032  -46.954  -6.851  14.768 0.5555559993
50853  -45.326  -7.714  14.648 0.3333329856
50866  -46.226  -6.978  14.523 0.4444440007
50030  -44.456  -7.961  14.737 0.3333329856
50875  -44.970  -8.064  14.490 0.3333329856
50865  -45.625  -7.452  14.494 0.3333329856
50031  -45.947  -7.809  14.478 0.4444440007
49202  -46.121  -8.455  14.714 0.5555559993
50864  -44.245  -7.905  14.319 0.2222220004
49214  -45.297  -8.165  14.447 0.3333329856
105118  -44.322  -8.004  14.148 0.3333329856
50042  -44.734  -8.432  14.280 0.3333329856
50041  -44.177  -8.670  13.850 0.3333329856
47406  -40.432  -10.798  17.702 0.6666669846
104265  -41.003  -10.698  18.098 0.6666669846
46596  -39.676  -11.770  16.741 0.2222220004
46623  -38.805  -11.937  15.785 0.2222220004
50844  -45.702  -6.808  15.560 0.5555559993
50845  -46.417  -6.616  16.102 0.6666669846
51653  -49.195  -6.078  18.491 0.6666669846
50020  -45.247  -7.599  15.267 0.4444440007
51677  -46.846  -6.433  15.572 0.5555559993
50019  -44.792  -8.332  15.218 0.3333329856
51676  -46.088  -6.423  15.152 0.4444440007
48333  -44.889  -9.581  14.388 0.4444440007
116228  -45.119  -9.073  14.254 0.4444440007
49213  -44.534  -9.217  14.058 0.3333329856
48291  -42.219  -10.612  18.547 0.7777780294
102619  -41.728  -10.677  18.006 0.6666669846
47411  -40.298  -11.288  16.900 0.5555559993
46624  -39.466  -11.863  15.952 0.3333329856
50007  -46.504  -8.436  18.088 0.7777780294
50831  -45.978  -7.566  16.836 0.6666669846
49188  -44.475  -9.207  16.012 0.3333329856
50011  -45.354  -8.127  16.241 0.5555559993
49212  -44.007  -9.656  13.620 0.4444440007
49230  -43.627  -9.117  13.277 0.2222220004
47412  -40.861  -10.876  16.944 0.6666669846
48300  -41.220  -10.714  17.467 0.6666669846
107804  -42.483  -10.586  17.906 0.6666669846
48292  -43.013  -10.598  18.295 0.7777780294
48303  -43.806  -10.333  17.204 0.5555559993
49162  -45.806  -9.242  18.336 0.7777780294
49167  -44.370  -9.831  16.785 0.5555559993
110735  -44.927  -9.646  17.171 0.5555559993
49176  -45.504  -8.911  17.281 0.6666669846
121792  -44.071  -9.684  16.331 0.3333329856
49175  -44.943  -9.158  16.562 0.5555559993
49187  -43.775  -9.548  15.843 0.3333329856
48341  -44.434  -10.168  13.981 0.3333329856
48340  -43.947  -10.567  13.443 0.3333329856
48308  -41.433  -10.656  16.836 0.6666669846
48301  -42.162  -10.577  17.222 0.6666669846
48302  -43.117  -10.522  17.545 0.7777780294
48293  -43.842  -10.498  18.077 0.7777780294
49168  -44.559  -10.126  17.645 0.6666669846
49169  -45.186  -9.589  17.750 0.7777780294
47458  -43.460  -10.848  12.735 0.3333329856
100131  -31.683  -19.139  36.724 0.1111110002
96424  -31.671  -19.193  37.089 0.1111110002
38474  -33.718  -20.488  33.388 0.5555559993
38479  -32.628  -21.377  32.812 0.5555559993
99759  -30.090  -18.681  37.218 0.1111110002
41528  -38.361  -17.604  28.185 0.3333329856
96414  -32.763  -18.042  37.770 0.1111110002
51663  -47.674  -6.176  16.813 0.6666669846
96483  -35.808  -17.049  26.708 0.1111110002
96482  -38.041  -17.931  27.545 0.2222220004
40813  -36.533  -18.707  25.489 0.1111110002
40026  -35.670  -19.324  24.871 0.1111110002
39247  -36.315  -20.168  26.788 0.2222220004
96363  -26.238  -22.521  40.426 0.3333329856
42253  -39.435  -15.733  30.929 0.5555559993
39990  -38.368  -18.924  28.874 0.2222220004
40796  -38.415  -18.346  28.496 0.2222220004
43870  -35.087  -14.582  25.384 0.4444440007
41495  -38.949  -16.747  31.251 0.5555559993
40770  -37.760  -17.525  31.063 0.4444440007
121714  -37.762  -18.345  30.516 0.3333329856
36267  -33.029  -23.932  33.557 0.1111110002
38505  -33.626  -21.788  28.683 0.1111110002
35616  -32.293  -24.268  33.085 0.1111110002
120824  -33.052  -24.553  32.398 0.1111110002
35666  -32.686  -24.976  29.311 0.1111110002
42288  -33.009  -16.476  26.377 0.1111110002
45684  -34.135  -12.310  20.395 0.1111110002
116946  -37.387  -12.083  20.513 0.7777780294
102171  -37.576  -11.958  19.208 0.5555559993
49201  -45.450  -8.802  14.588 0.4444440007
50010  -44.948  -8.559  15.870 0.4444440007
43073  -36.099  -15.531  25.338 0.3333329856
99724  -35.610  -15.786  24.967 0.2222220004
43871  -36.031  -15.031  24.458 0.3333329856
43083  -35.738  -15.670  23.892 0.2222220004
43889  -35.901  -14.884  23.530 0.2222220004
46555  -35.842  -11.967  20.119 0.2222220004
46554  -35.045  -12.118  19.941 0.2222220004
46569  -36.341  -11.913  19.557 0.2222220004
46557  -37.065  -11.928  19.735 0.5555559993
101829  -36.839  -11.900  19.019 0.4444440007
46584  -37.361  -11.936  18.529 0.4444440007
46593  -37.228  -11.979  17.814 0.3333329856
47413  -41.192  -10.806  16.275 0.5555559993
48309  -41.987  -10.501  16.262 0.3333329856
48310  -42.999  -10.364  16.682 0.3333329856
48320  -42.637  -10.224  15.855 0.3333329856
48311  -43.722  -10.025  16.509 0.4444440007
48321  -43.238  -9.986  16.075 0.3333329856
48357  -43.532  -10.020  13.054 0.3333329856
48356  -42.904  -10.225  12.520 0.3333329856
48366  -42.281  -10.230  12.006 0.2222220004
48374  -41.979  -10.207  11.312 0.1111110002
120886  -41.850  -10.290  9.793 0.1111110002
47507  -42.103  -10.879  10.011 0.2222220004
47486  -42.045  -10.720  10.790 0.2222220004
48400  -42.032  -10.632  9.203 0.2222220004
48385  -41.853  -10.272  10.488 0.1111110002
48405  -42.009  -10.375  8.413 0.2222220004
48406  -42.325  -11.062  8.590 0.1111110002
48407  -42.199  -9.968  7.623 0.2222220004
48401  -42.297  -11.180  9.295 0.1111110002
47537  -42.906  -11.290  8.141 0.1111110002
48408  -42.485  -10.721  7.876 0.2222220004
49279  -42.470  -9.549  6.854 0.1111110002
48412  -42.869  -10.191  7.200 0.2222220004
48413  -43.535  -10.454  6.815 0.1111110002
49280  -43.165  -9.814  6.438 0.2222220004
48414  -44.334  -10.775  6.586 0.2222220004
48423  -43.871  -10.115  6.036 0.2222220004
49288  -43.563  -9.414  5.813 0.1111110002
48424  -44.646  -10.308  5.701 0.2222220004
49289  -44.290  -9.705  5.420 0.2222220004
49302  -44.787  -9.357  5.081 0.1111110002
50098  -43.276  -8.654  5.696 0.3333329856
49301  -44.069  -9.016  5.307 0.1111110002
50112  -44.553  -8.617  5.235 0.1111110002
50111  -43.817  -8.196  5.297 0.2222220004
50937  -44.318  -7.726  5.402 0.1111110002
50936  -43.615  -7.292  5.243 0.1111110002
51761  -43.210  -6.677  4.941 0.1111110002
50938  -45.147  -7.991  5.766 0.2222220004
50927  -44.950  -7.109  5.900 0.2222220004
101709  -43.973  -6.392  5.510 0.1111110002
102059  -36.662  -11.966  18.279 0.3333329856
47473  -42.316  -10.786  11.423 0.2222220004
117856  -35.745  -15.966  26.032 0.1111110002
38486  -31.828  -21.960  32.633 0.3333329856
39214  -31.839  -20.902  32.030 0.3333329856
46515  -44.629  -11.908  22.787 0.1111110002
46516  -45.055  -12.372  23.211 0.1111110002
103195  -46.611  -14.606  24.655 0.1111110002
45597  -46.242  -12.889  25.648 0.1111110002
46475  -47.252  -11.456  27.111 0.1111110002
47310  -47.338  -10.565  28.087 0.1111110002
43861  -46.719  -14.428  25.606 0.1111110002
45590  -47.007  -13.219  26.590 0.1111110002
117643  -47.380  -9.701  28.065 0.1111110002
47348  -48.333  -11.069  22.572 0.1111110002
46532  -47.579  -11.542  21.814 0.1111110002
115927  -48.285  -11.001  23.684 0.1111110002
45622  -45.365  -12.766  23.793 0.1111110002
44737  -45.498  -13.540  23.718 0.1111110002
45623  -45.727  -13.096  24.229 0.1111110002
45607  -45.656  -12.292  24.522 0.1111110002
46503  -45.333  -11.856  23.757 0.1111110002
47331  -45.618  -11.247  24.369 0.1111110002
44738  -46.153  -13.849  24.213 0.1111110002
45608  -46.038  -13.026  24.838 0.1111110002
108417  -45.974  -12.368  25.273 0.1111110002
47317  -46.722  -11.211  26.338 0.1111110002
48231  -47.693  -9.513  23.184 0.1111110002
49109  -47.167  -9.412  23.141 0.1111110002
44723  -46.474  -13.694  25.131 0.1111110002
45589  -46.485  -12.705  26.256 0.1111110002
47318  -47.107  -10.228  27.512 0.1111110002
49083  -48.527  -8.746  25.911 0.1111110002
49099  -47.347  -9.541  23.952 0.1111110002
46474  -46.617  -12.025  26.395 0.1111110002
119537  -47.514  -8.561  27.151 0.1111110002
49084  -48.759  -8.329  25.694 0.1111110002
48232  -47.881  -9.728  23.827 0.1111110002
48237  -48.059  -10.102  23.033 0.1111110002
49086  -49.058  -9.074  25.150 0.1111110002
49093  -48.842  -8.589  25.193 0.1111110002
121765  -48.127  -10.303  23.683 0.1111110002
48248  -47.937  -10.447  22.352 0.1111110002
48223  -49.106  -9.394  25.322 0.1111110002
48222  -49.021  -9.373  25.283 0.1111110002
47341  -48.186  -10.764  24.374 0.1111110002
47332  -45.974  -10.544  24.801 0.1111110002
47340  -45.724  -10.400  24.134 0.1111110002
120602  -46.244  -11.455  25.798 0.1111110002
49098  -46.540  -9.475  23.739 0.1111110002
49108  -46.347  -9.517  23.048 0.1111110002
46482  -46.220  -12.071  25.916 0.1111110002
48212  -46.927  -10.001  25.768 0.1111110002
49091  -46.859  -9.527  24.548 0.1111110002
49082  -47.349  -9.496  25.512 0.1111110002
49200  -43.611  -9.100  15.223 0.1111110002
50018  -44.188  -8.782  15.319 0.2222220004
49186  -43.030  -9.632  15.410 0.1111110002
46668  -44.030  -11.795  12.125 0.2222220004
47474  -42.818  -11.335  11.458 0.2222220004
47487  -42.399  -11.207  10.714 0.1111110002
47466  -43.845  -11.447  12.645 0.2222220004
47464  -42.746  -10.832  12.109 0.2222220004
47465  -43.322  -11.400  12.163 0.2222220004
46680  -43.539  -11.825  11.425 0.2222220004
49287  -42.758  -9.150  6.145 0.1111110002
48230  -46.165  -9.797  24.279 0.1111110002
48247  -47.654  -9.635  22.538 0.1111110002
44710  -46.608  -13.610  26.084 0.1111110002
106621  -47.219  -12.376  26.766 0.1111110002
48208  -47.285  -9.233  27.480 0.1111110002
49073  -47.699  -8.699  27.399 0.1111110002
47333  -48.528  -10.917  24.838 0.1111110002
46492  -45.971  -11.559  25.201 0.1111110002
48213  -47.020  -10.186  26.536 0.1111110002
47324  -46.413  -10.731  25.621 0.1111110002
49092  -47.926  -9.319  25.116 0.1111110002
49079  -48.072  -8.244  26.562 0.1111110002
49100  -48.058  -9.521  24.773 0.1111110002
48221  -48.408  -9.890  24.615 0.1111110002
49074  -48.446  -9.207  26.672 0.1111110002
48220  -46.488  -9.900  25.062 0.1111110002
44788  -37.347  -13.470  21.636 0.1111110002
44813  -37.752  -13.903  20.832 0.1111110002
46592  -36.581  -12.084  17.476 0.2222220004
46606  -36.614  -12.218  16.585 0.1111110002
101917  -37.729  -12.007  17.420 0.2222220004
46607  -37.205  -12.038  17.039 0.2222220004
112008  -40.716  -11.255  16.345 0.3333329856
46546  -47.452  -12.256  21.240 0.1111110002
45724  -47.155  -13.222  18.496 0.3333329856
44858  -46.671  -13.491  18.039 0.3333329856
105084  -46.081  -13.147  18.002 0.3333329856
44870  -46.342  -13.469  17.356 0.2222220004
47407  -45.734  -11.636  17.567 0.2222220004
46597  -45.542  -12.271  17.112 0.2222220004
45736  -45.731  -12.980  17.296 0.2222220004
45735  -45.561  -12.755  16.690 0.2222220004
45762  -46.032  -13.133  15.704 0.2222220004
45750  -46.018  -13.213  16.556 0.2222220004
45763  -46.769  -13.471  15.336 0.2222220004
45774  -46.903  -13.332  14.550 0.2222220004
45801  -47.266  -12.974  13.026 0.2222220004
44882  -46.759  -13.656  16.667 0.2222220004
45775  -47.561  -13.518  14.252 0.2222220004
45772  -45.554  -12.755  15.287 0.2222220004
45761  -45.559  -12.800  16.048 0.2222220004
45773  -46.125  -13.070  14.922 0.2222220004
107667  -47.056  -13.175  13.786 0.2222220004
43943  -37.081  -14.346  21.310 0.1111110002
46598  -45.704  -12.383  17.832 0.3333329856
105005  -31.749  -22.126  33.133 0.4444440007
43976  -40.830  -14.582  19.453 0.1111110002
43964  -42.668  -14.762  20.419 0.1111110002
111527  -42.745  -15.618  20.374 0.1111110002
43963  -42.077  -15.154  20.153 0.1111110002
43944  -43.504  -15.072  20.604 0.1111110002
45653  -44.377  -13.276  22.037 0.1111110002
109451  -43.839  -15.807  21.145 0.1111110002
119831  -44.046  -15.026  20.956 0.1111110002
44794  -44.169  -14.275  20.792 0.1111110002
44795  -44.536  -14.167  21.662 0.1111110002
45674  -44.253  -13.577  21.229 0.1111110002
39960  -31.655  -19.730  31.491 0.2222220004
38485  -31.006  -21.695  32.528 0.1111110002
37708  -31.280  -21.675  32.651 0.1111110002
111878  -35.739  -16.505  24.042 0.1111110002
102675  -40.468  -11.451  15.219 0.1111110002
47421  -40.245  -11.606  16.008 0.1111110002
47422  -40.882  -11.262  15.694 0.1111110002
47423  -41.439  -10.852  15.562 0.1111110002
49229  -43.204  -9.569  12.753 0.1111110002
46695  -43.715  -12.146  10.636 0.1111110002
52752  -47.346  -5.351  3.712 0.1111110002
53728  -46.407  -4.873  2.311 0.1111110002
46724  -44.825  -12.270  8.968 0.1111110002
54573  -46.271  -4.134  2.064 0.1111110002
47488  -43.031  -11.673  10.698 0.1111110002
107535  -43.244  -11.974  10.097 0.1111110002
46723  -44.021  -12.282  9.133 0.1111110002
46714  -43.830  -12.312  9.885 0.1111110002
110504  -44.279  -12.126  8.534 0.1111110002
47509  -43.287  -11.947  9.384 0.1111110002
54550  -46.169  -4.172  3.075 0.1111110002
53713  -46.684  -4.840  3.379 0.1111110002
54572  -46.004  -3.686  2.600 0.1111110002
47523  -43.559  -11.781  8.511 0.1111110002
55412  -45.741  -3.199  2.434 0.1111110002
55423  -45.944  -2.799  1.760 0.1111110002
56871  -45.449  -1.111  1.637 0.1111110002
56148  -45.386  -2.474  2.263 0.1111110002
105007  -45.296  -1.715  2.142 0.1111110002
106605  -45.394  -0.206  1.370 0.1111110002
100394  -51.878  4.407  0.733 0.1111110002
56863  -44.829  -1.049  2.383 0.1111110002
119743  -45.048  -0.429  1.935 0.1111110002
58191  -45.092  0.367  1.901 0.1111110002
59591  -45.846  2.097  1.756 0.1111110002
103057  -47.534  2.255  2.122 0.1111110002
60362  -49.793  3.377  2.391 0.1111110002
96978  -50.215  3.490  1.677 0.1111110002
101369  -50.269  3.789  1.596 0.1111110002
96981  -53.571  4.575  0.512 0.1111110002
96979  -51.701  4.248  0.910 0.1111110002
96977  -50.664  3.797  1.067 0.1111110002
104451  -52.653  4.837  0.311 0.1111110002
115141  -44.897  -9.924  5.099 0.1111110002
56147  -44.884  -1.874  2.591 0.1111110002
58190  -44.629  -0.049  2.387 0.1111110002
103494  -45.799  2.189  2.559 0.1111110002
58875  -45.293  1.486  1.961 0.1111110002
59592  -46.742  2.269  2.353 0.1111110002
102722  -47.894  2.540  2.445 0.1111110002
59603  -48.329  2.953  1.667 0.1111110002
60354  -48.479  3.586  2.314 0.1111110002
111291  -49.920  3.607  2.946 0.1111110002
60355  -49.817  3.528  3.195 0.1111110002
99824  -50.736  4.017  0.847 0.1111110002
96984  -52.111  4.757  0.595 0.1111110002
61892  -53.154  4.703  -0.309 0.1111110002
61891  -52.560  4.903  0.081 0.1111110002
117052  -45.501  -10.400  5.275 0.2222220004
49303  -45.487  -9.689  4.888 0.2222220004
55397  -44.604  -3.034  3.023 0.1111110002
58874  -44.803  0.945  2.578 0.1111110002
59593  -47.519  2.399  2.922 0.1111110002
61161  -49.803  3.783  3.026 0.1111110002
61868  -50.070  4.452  1.091 0.1111110002
100487  -51.094  4.439  0.251 0.1111110002
61905  -52.897  5.016  -0.847 0.1111110002
53697  -44.692  -4.771  4.422 0.1111110002
56138  -44.259  -2.209  3.017 0.1111110002
56854  -44.270  -1.363  2.886 0.1111110002
59584  -46.924  2.234  3.428 0.1111110002
61160  -49.075  3.795  2.697 0.1111110002
121156  -49.659  3.813  3.191 0.1111110002
110944  -49.687  4.593  1.412 0.1111110002
101626  -49.571  4.953  0.564 0.1111110002
61877  -50.193  4.816  0.235 0.1111110002
107347  -50.323  5.024  -0.599 0.1111110002
61906  -53.387  5.066  -1.652 0.1111110002
61890  -51.195  4.577  -0.714 0.1111110002
61904  -51.684  4.853  -1.546 0.1111110002
53689  -44.753  -5.342  4.947 0.1111110002
59594  -47.728  2.702  3.019 0.1111110002
61148  -47.965  3.345  2.529 0.1111110002
61169  -48.188  3.771  2.088 0.1111110002
61170  -49.221  4.009  2.545 0.1111110002
61867  -49.115  4.554  1.186 0.1111110002
112707  -53.212  5.325  -3.889 0.1111110002
61902  -50.113  5.223  -2.116 0.1111110002
115386  -50.364  5.151  -1.323 0.1111110002
98520  -52.732  5.100  -2.921 0.1111110002
61903  -50.889  4.920  -1.721 0.1111110002
61876  -49.490  5.285  -0.448 0.1111110002
61889  -49.768  5.239  -1.323 0.1111110002
102667  -50.963  4.889  -2.536 0.1111110002
61875  -48.745  4.730  -0.055 0.1111110002
61901  -49.161  4.871  -2.280 0.1111110002
52760  -46.609  -5.499  2.687 0.1111110002
54556  -45.197  -3.630  3.260 0.1111110002
56139  -44.833  -2.571  2.651 0.1111110002
106300  -44.246  -11.783  7.957 0.1111110002
117059  -31.342  -22.131  32.750 0.2222220004
109522  -49.963  3.522  2.659 0.1111110002
60350  -50.065  3.520  2.268 0.1111110002
61200  -52.739  3.772  -0.317 0.1111110002
60361  -49.133  3.332  2.026 0.1111110002
61857  -49.865  4.088  2.005 0.1111110002
61856  -49.677  4.198  2.143 0.1111110002
103594  -52.489  5.179  -1.933 0.1111110002
61916  -51.639  4.826  -2.999 0.1111110002
100871  -25.793  -21.248  38.207 0.1111110002
101108  -24.992  -23.221  39.860 0.2222220004
113042  -26.140  -20.862  37.241 0.1111110002
96360  -25.309  -21.698  38.654 0.2222220004
104061  -25.255  -22.807  40.178 0.2222220004
108229  -26.059  -23.773  39.973 0.2222220004
100500  -25.822  -24.362  39.467 0.2222220004
96341  -25.873  -24.678  38.545 0.2222220004
96337  -25.509  -24.875  37.816 0.2222220004
100792  -25.432  -23.616  40.024 0.2222220004
96336  -25.684  -24.965  36.671 0.2222220004
99807  -24.996  -22.744  36.082 0.2222220004
100984  -24.393  -23.192  35.507 0.2222220004
96344  -24.441  -22.195  35.538 0.2222220004
100857  -25.104  -21.936  34.972 0.2222220004
100287  -24.685  -22.261  34.526 0.2222220004
36985  -24.558  -22.766  33.739 0.2222220004
36993  -25.175  -22.288  33.420 0.2222220004
118275  -25.600  -22.380  32.578 0.2222220004
96355  -25.807  -23.017  40.263 0.2222220004
120471  -25.679  -22.494  36.403 0.2222220004
96370  -25.277  -21.761  35.744 0.2222220004
37697  -26.556  -21.835  33.868 0.2222220004
103851  -26.006  -22.087  33.075 0.2222220004
37713  -26.381  -22.286  32.299 0.2222220004
37000  -26.778  -22.964  31.863 0.1111110002
36994  -27.323  -22.380  32.297 0.1111110002
113584  -26.864  -22.127  36.713 0.2222220004
100377  -26.089  -21.965  36.391 0.2222220004
96359  -26.779  -21.662  36.217 0.2222220004
100115  -26.597  -21.458  35.595 0.2222220004
96372  -25.892  -21.576  35.703 0.2222220004
37694  -25.972  -21.670  34.991 0.2222220004
38471  -27.132  -21.437  34.539 0.2222220004
37696  -25.551  -22.039  34.142 0.2222220004
37706  -26.998  -22.029  32.946 0.2222220004
96373  -27.638  -21.327  35.043 0.2222220004
45689  -48.037  -13.524  20.478 0.1111110002
45676  -48.260  -13.490  21.303 0.1111110002
105637  -48.738  -13.858  20.974 0.1111110002
44822  -49.368  -13.662  20.427 0.1111110002
45707  -51.591  -12.462  19.630 0.1111110002
45705  -47.888  -13.434  19.616 0.1111110002
44845  -48.400  -13.529  19.130 0.1111110002
111209  -50.032  -13.075  19.057 0.1111110002
118872  -51.012  -12.401  19.384 0.1111110002
44846  -49.244  -13.570  19.542 0.1111110002
46588  -52.117  -11.774  18.039 0.1111110002
44848  -51.931  -12.636  19.430 0.1111110002
44844  -47.725  -13.323  18.786 0.1111110002
44861  -49.018  -13.428  18.621 0.1111110002
45725  -50.687  -12.473  18.636 0.1111110002
45726  -51.574  -12.174  18.837 0.1111110002
45727  -52.100  -12.249  18.779 0.1111110002
44860  -48.207  -13.393  18.299 0.1111110002
45739  -51.333  -12.096  17.942 0.1111110002
46587  -52.267  -11.650  18.243 0.1111110002
96346  -26.519  -24.438  38.576 0.2222220004
100136  -25.107  -22.177  36.165 0.2222220004
120160  -25.028  -22.613  32.955 0.1111110002
36998  -25.234  -22.955  32.398 0.1111110002
36999  -25.903  -22.793  31.998 0.1111110002
101406  -26.024  -21.632  36.107 0.2222220004
37001  -27.707  -23.084  31.941 0.1111110002
44821  -48.549  -13.800  20.038 0.1111110002
45706  -50.584  -12.877  20.011 0.1111110002
46574  -51.786  -12.131  18.715 0.1111110002
44872  -47.981  -13.452  17.516 0.1111110002
45737  -49.727  -13.264  18.138 0.1111110002
32709  -22.819  -27.788  38.682 0.1111110002
32701  -23.412  -27.486  39.475 0.1111110002
101367  -23.891  -22.649  37.418 0.1111110002
113890  -23.491  -23.788  37.962 0.1111110002
32710  -23.079  -27.959  37.993 0.1111110002
100289  -23.107  -23.912  37.532 0.1111110002
33485  -22.416  -27.745  38.430 0.1111110002
33481  -22.740  -27.625  39.078 0.1111110002
96350  -24.306  -22.643  38.297 0.1111110002
100608  -23.798  -23.258  38.052 0.1111110002
33488  -22.780  -27.383  38.362 0.1111110002
33489  -23.266  -27.423  37.734 0.1111110002
34240  -23.100  -26.752  38.275 0.1111110002
113366  -24.444  -22.014  37.405 0.1111110002
96340  -23.853  -24.031  38.530 0.1111110002
96331  -23.994  -24.925  39.010 0.1111110002
35591  -23.420  -24.683  38.393 0.1111110002
34967  -23.792  -26.264  38.268 0.1111110002
35590  -23.177  -25.648  38.609 0.1111110002
34239  -22.943  -26.601  38.271 0.1111110002
34962  -23.939  -25.768  38.773 0.1111110002
120884  -24.263  -25.886  38.175 0.1111110002
96335  -24.481  -25.732  37.088 0.1111110002
101525  -24.111  -22.675  34.835 0.1111110002
99130  -23.952  -23.351  34.901 0.1111110002
99494  -24.107  -23.416  38.702 0.1111110002
100182  -24.306  -24.135  39.142 0.1111110002
96330  -24.510  -24.884  39.193 0.1111110002
96332  -23.660  -25.601  38.924 0.1111110002
96328  -24.085  -25.358  39.029 0.1111110002
96329  -24.875  -25.423  37.680 0.1111110002
99638  -25.149  -25.254  36.428 0.1111110002
96334  -24.956  -24.992  35.672 0.1111110002
120335  -24.058  -22.687  35.246 0.1111110002
37698  -27.714  -21.497  33.559 0.1111110002
37707  -28.064  -21.885  32.923 0.1111110002
36995  -28.182  -22.521  32.538 0.1111110002
101228  -24.817  -21.976  38.172 0.1111110002
99712  -24.829  -22.248  39.062 0.1111110002
96348  -25.056  -22.520  39.854 0.1111110002
113853  -24.624  -23.185  39.268 0.1111110002
96347  -24.944  -24.193  39.655 0.1111110002
101550  -24.610  -25.288  38.831 0.1111110002
38472  -28.338  -21.002  34.158 0.1111110002
37699  -28.812  -21.051  33.377 0.1111110002
112665  -28.896  -21.838  32.947 0.1111110002
96333  -25.169  -24.805  39.056 0.1111110002
100903  -27.902  -21.534  35.662 0.1111110002
120747  -27.144  -21.440  35.732 0.1111110002
99396  -28.859  -20.802  34.793 0.1111110002
112432  -28.809  -20.633  33.935 0.1111110002
98519  -30.155  -22.055  33.386 0.1111110002
113734  -28.958  -21.117  35.334 0.1111110002
98528  -29.743  -21.857  34.123 0.1111110002
112902  -30.026  -23.029  33.779 0.1111110002
46568  -35.644  -12.049  19.369 0.1111110002
103562  -36.151  -12.021  18.825 0.1111110002
103026  -35.864  -12.180  17.997 0.1111110002
105519  -39.868  -11.679  15.415 0.1111110002
47582  -49.624  -10.790  5.298 0.1111110002
48437  -49.044  -10.249  5.487 0.1111110002
48438  -49.722  -9.961  4.986 0.1111110002
49308  -50.059  -8.892  4.943 0.1111110002
47572  -49.706  -11.228  5.862 0.1111110002
47573  -50.516  -11.493  6.051 0.1111110002
115364  -50.376  -11.576  7.961 0.1111110002
47530  -50.128  -11.485  8.636 0.1111110002
47490  -49.785  -11.385  10.254 0.1111110002
46662  -49.412  -12.250  12.603 0.1111110002
44890  -48.395  -13.570  16.147 0.1111110002
45776  -48.287  -13.742  15.249 0.1111110002
45786  -48.870  -13.207  13.892 0.1111110002
108347  -49.357  -11.540  7.218 0.1111110002
47558  -49.022  -11.275  6.471 0.1111110002
47545  -49.695  -11.605  7.947 0.1111110002
47544  -48.878  -11.486  7.944 0.1111110002
47512  -49.789  -11.469  9.468 0.1111110002
47529  -49.300  -11.592  8.674 0.1111110002
47528  -48.360  -11.505  8.692 0.1111110002
44871  -47.125  -13.630  17.315 0.1111110002
120875  -47.262  -13.661  16.667 0.1111110002
103049  -48.931  -11.609  9.382 0.1111110002
44859  -47.460  -13.382  18.061 0.1111110002
44883  -47.786  -13.618  16.754 0.1111110002
119026  -47.434  -13.734  15.963 0.1111110002
115946  -48.648  -13.028  13.223 0.1111110002
102875  -49.301  -11.823  11.285 0.1111110002
101221  -48.216  -13.628  14.431 0.1111110002
47489  -48.706  -11.756  10.026 0.1111110002
48439  -50.631  -9.727  4.677 0.1111110002
108768  -48.608  -11.998  10.691 0.1111110002
48451  -51.506  -10.016  4.721 0.1111110002
45803  -48.806  -12.696  12.661 0.1111110002
102165  -48.453  -12.219  11.420 0.1111110002
48453  -52.907  -9.789  4.225 0.1111110002
45785  -47.973  -13.241  13.626 0.1111110002
45811  -48.246  -12.527  12.142 0.1111110002
117430  -53.260  -10.362  3.509 0.1111110002
104904  -53.682  -10.673  3.566 0.1111110002
47605  -53.418  -10.677  2.637 0.1111110002
47615  -53.193  -11.061  1.839 0.1111110002
47629  -53.134  -11.359  1.154 0.1111110002
47628  -52.174  -11.124  0.895 0.1111110002
47641  -51.922  -11.226  0.043 0.1111110002
47657  -51.519  -11.055  -0.967 0.1111110002
96612  -50.902  -8.623  4.847 0.1111110002
120322  -46.594  -13.472  16.034 0.1111110002
46700  -47.998  -11.877  10.175 0.1111110002
46719  -48.167  -11.655  9.492 0.1111110002
44894  -47.557  -13.743  14.933 0.1111110002
45802  -48.074  -12.913  12.823 0.1111110002
100316  -52.061  -8.905  5.034 0.1111110002
49320  -53.863  -7.745  4.031 0.1111110002
111179  -53.022  -9.275  2.815 0.1111110002
49349  -52.884  -7.756  2.281 0.1111110002
48488  -52.379  -10.746  1.506 0.1111110002
106664  -52.534  -9.509  1.779 0.1111110002
48487  -51.916  -10.287  1.358 0.1111110002
48463  -51.740  -9.309  1.777 0.1111110002
47627  -51.440  -10.792  0.726 0.1111110002
48472  -51.102  -9.861  1.678 0.1111110002
48498  -50.709  -10.659  0.717 0.1111110002
48486  -51.260  -10.295  1.281 0.1111110002
121184  -50.322  -10.759  0.177 0.1111110002
46684  -47.850  -12.093  10.878 0.1111110002
50118  -50.820  -6.984  5.662 0.1111110002
45810  -47.460  -12.661  12.301 0.1111110002
46672  -47.661  -12.326  11.592 0.1111110002
105325  -49.632  -7.877  5.399 0.1111110002
113466  -52.780  -7.723  4.811 0.1111110002
98889  -51.736  -7.613  5.028 0.1111110002
96617  -54.492  -6.524  4.208 0.1111110002
100649  -54.100  -6.283  4.263 0.1111110002
113756  -52.481  -6.758  4.614 0.1111110002
102480  -54.514  -6.147  3.644 0.1111110002
100939  -52.055  -6.463  4.213 0.1111110002
96618  -53.894  -6.693  2.893 0.1111110002
96613  -53.763  -6.355  2.769 0.1111110002
98979  -52.428  -6.515  3.527 0.1111110002
49333  -52.518  -8.380  1.790 0.1111110002
49332  -51.320  -9.049  2.866 0.1111110002
96615  -51.768  -7.162  3.223 0.1111110002
100979  -51.306  -6.166  3.567 0.1111110002
49331  -50.542  -9.192  3.056 0.1111110002
50147  -50.307  -7.953  3.301 0.1111110002
48485  -50.413  -10.262  1.346 0.1111110002
48471  -50.208  -9.771  1.979 0.1111110002
46683  -47.134  -12.174  11.043 0.1111110002
120269  -50.246  -6.340  5.903 0.1111110002
113757  -51.552  -6.187  5.515 0.1111110002
96619  -51.491  -5.671  5.225 0.1111110002
102157  -51.061  -5.139  5.142 0.1111110002
50957  -51.047  -5.111  4.456 0.1111110002
51768  -50.556  -4.801  5.437 0.1111110002
51767  -49.722  -5.722  5.233 0.1111110002
50974  -50.166  -6.397  3.703 0.1111110002
49330  -49.735  -8.813  2.970 0.1111110002
47511  -47.612  -11.543  9.007 0.1111110002
115237  -30.328  -22.181  33.974 0.1111110002
99148  -23.450  -23.240  37.396 0.1111110002
34237  -23.300  -26.167  38.811 0.1111110002
96367  -24.133  -24.260  34.679 0.1111110002
113396  -24.370  -24.145  35.255 0.1111110002
112878  -29.015  -20.995  33.278 0.1111110002
47559  -49.901  -11.521  6.590 0.1111110002
47583  -50.436  -11.081  5.346 0.1111110002
47560  -50.692  -11.746  6.734 0.1111110002
109217  -50.163  -11.678  7.319 0.1111110002
102060  -50.296  -11.136  9.971 0.1111110002
47513  -50.682  -11.146  9.333 0.1111110002
47475  -49.757  -11.404  10.853 0.1111110002
46673  -49.005  -12.243  12.027 0.1111110002
44884  -48.580  -13.454  16.963 0.1111110002
107183  -49.044  -13.394  14.732 0.1111110002
116305  -49.282  -11.558  9.950 0.1111110002
46701  -49.232  -11.633  10.527 0.1111110002
47595  -51.622  -10.731  4.601 0.1111110002
48452  -52.347  -9.847  4.627 0.1111110002
99960  -53.208  -8.331  4.556 0.1111110002
106782  -52.491  -10.860  4.511 0.1111110002
47606  -54.030  -10.626  3.057 0.1111110002
47643  -54.383  -10.676  0.361 0.1111110002
47630  -54.060  -10.734  1.336 0.1111110002
47642  -52.925  -11.521  0.370 0.1111110002
47640  -50.962  -10.906  -0.151 0.1111110002
47658  -52.560  -11.303  -0.601 0.1111110002
116483  -53.416  -8.989  3.790 0.1111110002
49334  -53.650  -7.663  3.279 0.1111110002
48473  -51.965  -9.521  1.569 0.1111110002
50941  -50.929  -5.540  5.787 0.1111110002
100123  -51.496  -5.658  4.062 0.1111110002
100372  -52.441  -7.492  2.578 0.1111110002
50156  -53.126  -7.221  2.350 0.1111110002
96614  -51.123  -8.230  3.244 0.1111110002
48470  -49.440  -10.050  1.392 0.1111110002
50956  -50.083  -5.482  4.670 0.1111110002
39164  -31.875  -20.173  39.860 0.3333329856
39938  -29.516  -19.024  37.539 0.3333329856
43031  -39.394  -15.139  30.966 0.8888890147
48203  -47.540  -9.297  27.893 0.1111110002
48462  -51.002  -9.613  2.683 0.1111110002
49072  -47.450  -8.913  27.383 0.1111110002
49078  -47.313  -9.128  26.450 0.1111110002
49085  -48.767  -8.625  25.640 0.1111110002
49094  -48.898  -8.645  24.969 0.1111110002
49944  -47.661  -8.415  27.112 0.1111110002
49950  -48.037  -8.304  26.554 0.1111110002
50134  -54.459  -6.674  3.910 0.1111110002
50833  -48.413  -6.286  18.220 0.6666669846
50834  -49.869  -6.528  18.183 0.5555559993
50846  -49.720  -6.051  17.028 0.5555559993
51654  -49.681  -5.962  18.256 0.5555559993
51665  -49.659  -5.537  17.839 0.5555559993
51678  -48.355  -5.806  16.188 0.5555559993
51679  -49.480  -5.506  17.024 0.5555559993
96610  -54.046  -6.933  4.675 0.1111110002
96611  -54.309  -7.001  4.465 0.1111110002
96616  -53.740  -6.110  3.597 0.1111110002
96620  -51.359  -5.270  4.658 0.1111110002
98445  -30.261  -18.784  37.198 0.1111110002
98532  -30.216  -18.968  37.206 0.1111110002
101069  -54.244  5.381  -3.594 0.1111110002
110762  -49.185  -10.178  25.596 0.1111110002
115400  -53.763  4.252  0.407 0.1111110002
116502  -26.017  -22.173  40.261 0.3333329856
