#!ascii label  , from subject sub-v2s1x29878_ses-1 vox2ras=TkReg
2060
50953  15.724  -3.198  37.308 0.5555559993
48182  15.911  -5.312  36.708 0.4444440007
49165  15.770  -4.611  36.950 0.4444440007
50077  16.309  -3.917  37.534 0.5555559993
103536  15.319  -4.007  36.718 0.4444440007
49161  16.360  -4.768  37.500 0.4444440007
51835  15.292  -2.585  37.050 0.4444440007
50957  14.774  -3.251  36.343 0.4444440007
51831  15.764  -2.621  37.682 0.4444440007
49170  15.729  -4.708  36.098 0.4444440007
50947  16.216  -3.216  37.858 0.5555559993
50076  16.676  -4.387  37.999 0.4444440007
50070  16.452  -3.903  38.189 0.5555559993
49160  16.575  -5.024  38.200 0.4444440007
50061  16.653  -4.600  38.701 0.4444440007
48178  16.447  -5.734  38.513 0.2222220004
51836  15.246  -2.021  37.447 0.3333329856
49177  15.764  -4.437  35.366 0.4444440007
50086  15.150  -3.968  35.853 0.4444440007
48191  16.006  -5.666  35.828 0.4444440007
50943  15.770  -3.416  38.598 0.5555559993
49155  16.696  -5.256  38.811 0.4444440007
49175  16.683  -5.277  34.672 0.4444440007
104772  16.106  -4.621  34.875 0.4444440007
50092  15.623  -3.935  34.910 0.4444440007
51838  14.821  -2.452  36.354 0.3333329856
116512  15.243  -2.128  36.930 0.3333329856
50964  14.817  -3.309  35.482 0.4444440007
49169  16.521  -5.925  35.036 0.3333329856
49176  16.088  -5.104  35.295 0.3333329856
50965  14.529  -2.667  35.780 0.3333329856
101663  14.814  -1.825  36.023 0.3333329856
50062  15.963  -4.047  39.010 0.5555559993
50101  17.395  -4.550  33.713 0.4444440007
50102  16.841  -3.913  33.764 0.5555559993
50973  16.121  -3.579  34.122 0.4444440007
49185  17.322  -5.268  34.089 0.3333329856
50091  16.537  -4.469  34.259 0.4444440007
48197  17.019  -5.855  34.346 0.2222220004
51843  14.864  -2.709  35.223 0.3333329856
52689  15.050  -1.593  36.754 0.2222220004
49184  17.864  -5.199  33.508 0.3333329856
50984  16.752  -3.190  33.491 0.5555559993
48205  17.489  -5.640  33.701 0.2222220004
50985  16.033  -2.720  34.031 0.4444440007
50974  15.427  -3.101  34.702 0.5555559993
48215  17.686  -5.733  33.030 0.1111110002
50100  18.111  -4.484  33.305 0.4444440007
50983  17.484  -3.824  33.320 0.5555559993
49191  18.490  -5.100  33.030 0.3333329856
49190  19.382  -5.084  32.766 0.3333329856
108111  18.831  -5.418  32.689 0.1111110002
48204  18.093  -5.470  33.159 0.2222220004
51000  16.950  -2.747  32.985 0.3333329856
51855  16.463  -2.416  33.417 0.3333329856
115723  18.186  -5.595  32.717 0.1111110002
48216  17.129  -5.998  33.318 0.1111110002
48227  17.076  -5.979  32.436 0.1111110002
47235  16.428  -6.492  32.794 0.1111110002
50999  17.551  -3.174  32.963 0.6666669846
50114  18.895  -4.494  33.042 0.4444440007
50998  18.362  -3.689  32.978 0.5555559993
48214  19.832  -5.501  32.565 0.4444440007
49189  20.416  -5.336  32.916 0.4444440007
48223  20.440  -5.740  32.338 0.3333329856
48224  19.665  -5.540  32.033 0.3333329856
106175  19.184  -5.555  32.242 0.2222220004
48225  18.425  -5.613  32.009 0.1111110002
48226  17.715  -5.765  32.215 0.1111110002
47242  16.650  -6.488  31.806 0.1111110002
102951  19.239  -3.851  32.862 0.6666669846
50113  19.833  -4.609  32.896 0.5555559993
48213  20.744  -5.764  32.873 0.3333329856
115356  18.856  -3.396  32.716 0.6666669846
51866  18.406  -3.004  32.595 0.7777780294
50997  20.234  -4.020  32.971 0.5555559993
92882  21.273  -6.030  33.563 0.4444440007
50112  20.977  -5.021  33.215 0.5555559993
51865  19.392  -3.270  32.567 0.6666669846
98981  21.355  -6.161  33.009 0.3333329856
97852  21.898  -5.660  33.991 0.6666669846
48234  21.771  -5.636  31.619 0.4444440007
109908  22.052  -6.186  32.735 0.4444440007
95739  22.087  -6.328  33.611 0.4444440007
50996  21.417  -4.483  33.505 0.6666669846
48233  22.544  -5.962  32.320 0.5555559993
109429  22.678  -6.106  33.130 0.4444440007
51014  20.493  -3.308  32.756 0.7777780294
51885  19.588  -2.726  32.101 0.7777780294
114228  22.689  -6.047  33.960 0.5555559993
92883  23.004  -5.651  32.352 0.5555559993
96748  22.763  -4.592  31.456 0.5555559993
106958  21.962  -3.532  32.839 0.6666669846
97026  22.517  -4.033  32.495 0.6666669846
50995  22.297  -4.946  33.712 0.6666669846
51013  21.494  -3.591  32.984 0.6666669846
96550  23.027  -5.608  33.231 0.5555559993
51884  21.005  -2.669  32.356 0.5555559993
92885  22.902  -5.050  32.319 0.5555559993
117438  23.159  -4.107  30.915 0.5555559993
51012  22.533  -2.942  32.601 0.7777780294
51883  21.907  -2.871  32.581 0.6666669846
111099  22.958  -3.815  31.561 0.6666669846
50132  23.654  -3.742  30.990 0.5555559993
92861  23.003  -3.011  32.256 0.6666669846
50131  24.352  -3.373  31.121 0.6666669846
50144  24.299  -3.785  30.277 0.6666669846
51882  23.101  -2.690  32.368 0.6666669846
51905  22.472  -2.433  32.104 0.6666669846
95990  26.045  -3.260  31.595 0.7777780294
92868  23.612  -3.201  31.650 0.7777780294
113067  23.527  -2.731  32.125 0.7777780294
92884  25.175  -3.287  31.304 0.7777780294
51881  23.745  -2.631  32.065 0.8888890147
51904  23.215  -2.338  31.697 0.6666669846
102892  24.212  -2.903  31.772 0.8888890147
111239  26.818  -3.822  31.173 0.7777780294
50129  26.915  -3.948  30.922 0.6666669846
51903  23.936  -2.182  31.524 0.7777780294
51902  24.500  -2.476  31.938 0.8888890147
92852  25.359  -2.579  32.185 0.8888890147
97670  27.292  -3.766  32.582 0.7777780294
114096  26.334  -3.090  32.492 0.8888890147
92867  24.969  -2.910  31.758 0.8888890147
110108  27.012  -3.777  31.819 0.7777780294
95969  27.467  -3.865  33.264 0.7777780294
96752  27.469  -4.157  31.347 0.6666669846
52735  24.641  -1.922  31.423 0.7777780294
52719  25.224  -2.178  31.890 0.8888890147
92874  26.650  -3.341  33.300 0.8888890147
95756  25.613  -2.468  33.571 0.8888890147
108544  25.541  -2.299  32.961 0.8888890147
52718  25.479  -1.983  32.723 0.8888890147
107405  25.714  -1.690  32.119 0.8888890147
92853  25.408  -1.849  33.509 0.8888890147
92880  25.794  -1.599  33.019 0.8888890147
92875  27.781  -4.193  32.068 0.6666669846
97299  27.870  -4.099  33.029 0.7777780294
52734  25.382  -1.653  31.324 0.6666669846
92873  26.889  -3.845  34.123 0.8888890147
109929  25.720  -2.677  34.230 0.8888890147
52708  26.481  -1.220  33.051 0.8888890147
92859  25.484  -1.796  34.167 0.8888890147
50099  27.817  -4.014  33.859 0.8888890147
50098  28.636  -4.393  33.426 0.7777780294
96383  27.017  -2.582  34.934 0.8888890147
92876  26.097  -2.046  34.559 0.8888890147
52717  26.328  -1.321  32.192 0.5555559993
52733  26.198  -1.322  31.182 0.6666669846
99460  26.208  -1.279  34.207 0.8888890147
92860  25.897  -1.469  33.775 0.8888890147
53620  26.911  -0.960  32.281 0.7777780294
101165  28.124  -3.056  34.635 0.8888890147
50982  28.378  -4.016  34.088 0.8888890147
50971  28.895  -3.479  34.318 0.8888890147
92856  26.860  -1.396  34.602 0.7777780294
53618  27.944  -0.108  32.300 0.5555559993
53628  27.433  -0.461  31.167 0.4444440007
92862  27.945  -1.741  34.584 0.8888890147
92881  26.769  -1.165  34.273 0.8888890147
94978  26.701  -1.091  33.846 0.8888890147
53619  27.423  -0.536  31.905 0.7777780294
52707  27.325  -0.701  32.917 0.7777780294
50981  29.182  -3.425  34.042 0.6666669846
50109  28.895  -4.436  33.339 0.6666669846
100672  29.274  -3.681  33.504 0.7777780294
53627  27.876  -0.030  31.441 0.3333329856
54496  28.348  0.415  30.989 0.2222220004
117165  28.359  -1.639  34.973 0.8888890147
92877  27.427  -1.202  34.510 0.7777780294
92878  27.893  -1.148  34.686 0.7777780294
109607  27.587  -0.711  33.859 0.6666669846
53613  28.058  -0.216  33.231 0.7777780294
92850  28.712  -2.306  34.773 0.8888890147
96997  29.262  -1.865  36.866 0.8888890147
51849  30.197  -2.186  34.835 0.7777780294
50993  29.873  -3.070  32.915 0.6666669846
51842  30.632  -2.596  35.945 0.7777780294
51864  30.610  -2.377  33.010 0.6666669846
52703  31.323  -1.653  33.654 0.6666669846
54486  28.459  0.327  31.790 0.2222220004
96090  28.277  -0.499  36.816 0.8888890147
54470  28.096  -0.264  34.455 0.7777780294
95439  27.479  -0.437  37.019 0.8888890147
115204  27.198  0.024  36.958 0.8888890147
98121  29.662  -2.305  36.716 0.8888890147
52693  30.684  -2.408  36.121 0.7777780294
51841  31.319  -2.272  35.486 0.7777780294
107906  31.409  -1.861  32.781 0.5555559993
52706  31.189  -2.453  32.379 0.4444440007
51853  32.149  -2.182  34.417 0.6666669846
51899  31.064  -2.692  31.343 0.2222220004
96951  32.087  -1.707  33.177 0.4444440007
96769  32.657  -2.999  32.052 0.3333329856
51923  30.768  -2.320  30.706 0.2222220004
51027  32.525  -3.063  30.777 0.2222220004
52757  31.433  -1.965  30.119 0.2222220004
51922  32.073  -2.625  30.251 0.2222220004
52779  31.857  -1.527  29.491 0.2222220004
117125  31.130  -0.939  27.559 0.2222220004
107689  28.800  0.255  33.467 0.3333329856
54485  28.949  0.651  32.070 0.3333329856
55246  28.664  1.014  30.668 0.2222220004
104836  29.117  1.645  31.204 0.2222220004
54495  28.818  0.868  31.440 0.2222220004
92858  30.463  -0.938  36.706 0.8888890147
95785  29.259  0.030  36.679 0.8888890147
109502  27.983  0.324  36.579 0.8888890147
116494  27.581  0.572  36.204 0.7777780294
110033  27.612  0.313  35.675 0.7777780294
53571  31.348  -0.964  38.289 0.8888890147
52682  32.225  -1.526  37.796 0.7777780294
52692  31.590  -1.730  35.903 0.7777780294
51846  32.665  -2.263  34.689 0.6666669846
109422  33.421  -2.409  34.273 0.5555559993
108983  33.462  -2.443  33.143 0.5555559993
51009  33.323  -3.887  31.814 0.3333329856
51025  33.949  -4.208  31.119 0.3333329856
51037  34.643  -4.225  30.533 0.3333329856
51039  33.117  -3.505  30.349 0.2222220004
51920  33.366  -3.314  29.843 0.3333329856
53670  31.452  -0.956  28.558 0.2222220004
97295  29.664  1.927  31.861 0.4444440007
55236  29.334  1.190  31.938 0.3333329856
54478  29.308  0.793  32.733 0.4444440007
117017  29.253  0.813  33.625 0.5555559993
96468  32.154  1.091  39.370 0.8888890147
115224  30.669  1.197  38.317 0.7777780294
109823  29.447  1.186  37.602 0.7777780294
55210  28.261  0.925  36.078 0.6666669846
54462  28.689  0.574  34.452 0.7777780294
108896  34.134  2.370  40.826 0.8888890147
108895  34.053  1.459  40.225 0.8888890147
105995  32.694  0.341  38.881 0.8888890147
53570  32.442  -0.567  38.380 0.8888890147
54403  34.652  0.989  40.118 0.8888890147
54412  34.786  0.532  39.718 0.8888890147
53569  33.120  -0.474  37.981 0.7777780294
54401  36.730  0.648  40.652 0.8888890147
54421  34.821  0.245  39.106 0.8888890147
52691  32.037  -1.135  35.954 0.7777780294
93006  33.093  -2.071  34.731 0.7777780294
110235  34.135  -2.635  33.055 0.4444440007
95136  33.981  -3.992  31.714 0.3333329856
97511  29.882  1.528  32.482 0.4444440007
92864  31.476  1.602  38.840 0.7777780294
101433  30.882  1.767  38.253 0.7777780294
55209  29.712  1.223  36.678 0.7777780294
55898  29.488  1.424  35.750 0.6666669846
96978  29.326  1.287  34.368 0.5555559993
93014  29.855  2.007  34.144 0.4444440007
110133  32.017  2.248  39.741 0.8888890147
95527  36.326  1.131  41.411 0.8888890147
55185  37.474  1.199  40.646 0.8888890147
54420  35.592  0.626  39.102 0.8888890147
54434  34.405  0.249  38.119 0.8888890147
52697  32.701  -1.209  35.523 0.6666669846
93013  35.680  -2.790  33.379 0.6666669846
51021  37.486  -2.826  32.001 0.5555559993
51897  38.751  -2.656  31.592 0.5555559993
52754  40.312  -0.689  29.804 0.5555559993
114473  33.779  -2.391  34.314 0.6666669846
92994  35.546  -2.963  33.032 0.5555559993
51034  37.432  -2.847  31.226 0.4444440007
92866  30.265  2.121  37.757 0.7777780294
55897  30.341  1.819  35.934 0.6666669846
95445  32.361  3.023  39.386 0.8888890147
55904  29.515  1.740  34.923 0.5555559993
95079  35.265  2.584  41.574 0.8888890147
96153  33.238  2.741  39.980 0.8888890147
55189  36.330  1.463  39.491 0.8888890147
55194  35.212  1.385  38.020 0.7777780294
93003  34.067  -1.037  34.300 0.7777780294
114791  35.717  -1.882  33.381 0.7777780294
95215  36.103  -1.249  32.809 0.7777780294
105242  34.664  0.667  37.829 0.7777780294
53599  34.194  -0.607  35.931 0.7777780294
114635  34.648  -2.249  33.917 0.6666669846
51863  37.029  -2.241  32.565 0.5555559993
53625  39.007  -0.056  30.482 0.6666669846
54491  39.536  0.705  29.661 0.5555559993
105117  35.636  -0.541  28.782 0.4444440007
93017  30.238  2.228  34.736 0.5555559993
55885  31.322  2.345  37.768 0.6666669846
55893  30.146  2.692  36.843 0.5555559993
108011  30.450  2.767  33.014 0.5555559993
109213  34.254  3.976  40.967 0.8888890147
92865  32.204  3.129  38.221 0.7777780294
108897  36.912  3.618  40.574 0.8888890147
57324  34.970  4.998  40.453 0.8888890147
55878  37.033  2.723  39.767 0.8888890147
55879  35.627  2.594  38.856 0.8888890147
55206  34.494  0.624  35.885 0.7777780294
54453  32.978  0.636  34.877 0.7777780294
93000  34.589  -0.743  33.696 0.7777780294
92995  36.198  -0.199  32.166 0.7777780294
92997  36.819  0.137  31.631 0.7777780294
53626  36.669  0.222  31.223 0.6666669846
100528  36.273  -0.434  30.439 0.5555559993
53645  34.585  -0.659  29.674 0.6666669846
54505  33.710  -0.355  29.608 0.6666669846
106059  31.620  3.022  37.161 0.5555559993
56595  33.854  3.836  39.247 0.8888890147
56610  32.299  2.921  36.963 0.7777780294
56599  35.974  3.973  39.407 0.8888890147
57330  35.313  4.773  39.778 0.8888890147
56607  34.920  3.358  38.447 0.8888890147
55195  34.238  1.773  37.105 0.7777780294
55208  33.375  1.314  35.252 0.7777780294
93008  33.132  0.565  34.433 0.7777780294
114964  33.480  0.368  33.828 0.7777780294
111127  34.297  0.149  32.605 0.7777780294
93001  35.027  -0.023  32.249 0.6666669846
93012  33.272  -0.444  31.969 0.6666669846
98607  32.068  0.330  31.937 0.7777780294
93007  33.867  -0.663  31.374 0.7777780294
111388  31.895  0.583  31.095 0.7777780294
54507  32.344  0.602  30.233 0.8888890147
55270  32.770  1.117  28.350 0.7777780294
57337  33.579  3.737  37.685 0.8888890147
56608  34.167  3.461  37.589 0.8888890147
55884  33.650  2.466  36.874 0.8888890147
107727  33.712  1.925  35.676 0.7777780294
55214  32.456  1.417  34.759 0.7777780294
117262  33.012  2.005  35.320 0.8888890147
113342  32.793  1.045  34.391 0.7777780294
110744  33.121  0.869  33.572 0.7777780294
55220  32.598  1.418  33.877 0.7777780294
55226  32.783  1.237  33.213 0.8888890147
55227  32.279  1.428  32.926 0.8888890147
96838  32.329  0.627  32.638 0.7777780294
55235  31.685  1.114  32.339 0.7777780294
97881  33.122  2.860  36.950 0.8888890147
55896  32.972  2.919  35.579 0.8888890147
98907  32.187  2.367  35.160 0.8888890147
55903  32.164  1.981  34.208 0.8888890147
97925  32.452  2.018  33.356 0.8888890147
93033  31.790  2.882  32.968 0.7777780294
96392  31.747  2.680  34.673 0.6666669846
93024  31.909  2.534  33.850 0.7777780294
93028  31.966  3.651  32.989 0.6666669846
93027  32.037  2.642  33.379 0.8888890147
51832  15.211  -2.310  38.351 0.4444440007
50948  15.681  -2.879  38.201 0.4444440007
106735  14.716  -1.207  35.637 0.2222220004
50063  14.865  -3.676  39.408 0.5555559993
52683  14.825  -1.381  37.354 0.2222220004
47207  16.003  -6.454  37.989 0.1111110002
52694  14.726  -1.152  36.247 0.2222220004
48190  16.448  -6.538  35.554 0.2222220004
50111  28.361  -4.178  32.550 0.6666669846
50120  27.921  -4.271  31.707 0.6666669846
50972  27.281  -3.664  34.680 0.8888890147
97337  26.455  -3.294  34.542 0.7777780294
50097  28.868  -4.145  33.803 0.7777780294
50110  28.694  -4.359  32.998 0.6666669846
92879  27.193  -0.998  34.159 0.8888890147
54497  27.764  -0.093  30.523 0.2222220004
92851  28.634  -1.940  35.742 0.8888890147
51854  29.350  -2.342  34.691 0.8888890147
92871  29.717  -2.450  35.967 0.7777780294
113418  29.814  -2.469  33.831 0.7777780294
92869  27.332  -1.176  35.864 0.8888890147
92854  29.991  -2.331  36.302 0.7777780294
52698  30.575  -1.769  34.052 0.7777780294
51848  31.321  -2.345  35.063 0.7777780294
54479  28.658  0.242  32.562 0.3333329856
109503  26.946  -0.600  36.827 0.8888890147
92870  28.666  -1.411  37.091 0.8888890147
96666  27.059  -0.581  36.054 0.7777780294
95621  29.932  -0.298  36.677 0.8888890147
54454  27.471  0.365  36.395 0.7777780294
96282  26.924  0.084  36.870 0.7777780294
92855  30.789  -1.542  36.455 0.8888890147
97814  31.430  -1.248  38.062 0.7777780294
52687  32.251  -1.235  36.787 0.7777780294
51879  31.274  -2.665  32.010 0.3333329856
96542  32.852  -2.255  33.904 0.5555559993
51840  32.225  -2.156  35.305 0.7777780294
93004  31.869  -2.465  32.304 0.3333329856
97068  31.958  -2.888  31.540 0.2222220004
51924  29.883  -2.259  30.482 0.2222220004
93009  32.706  -2.311  32.772 0.4444440007
112868  33.140  -3.148  32.333 0.3333329856
104083  31.598  -2.727  30.699 0.2222220004
51026  33.252  -3.888  31.101 0.2222220004
51898  32.790  -3.310  31.495 0.2222220004
101231  30.293  -1.326  29.414 0.2222220004
52780  31.165  -1.301  29.382 0.2222220004
52756  32.281  -2.177  29.781 0.2222220004
52809  30.951  -1.084  26.922 0.2222220004
100279  30.057  -0.118  38.330 0.8888890147
97839  30.309  -0.518  37.894 0.8888890147
97048  29.542  0.721  38.037 0.7777780294
92872  29.019  0.517  36.438 0.7777780294
98573  28.434  0.639  36.312 0.7777780294
54422  33.517  0.145  38.889 0.8888890147
52686  32.858  -1.276  37.381 0.7777780294
108984  33.608  -3.353  32.279 0.4444440007
51024  34.673  -4.209  30.902 0.3333329856
55215  28.572  1.062  35.415 0.5555559993
54424  31.076  0.691  38.461 0.7777780294
92886  33.053  1.725  40.035 0.8888890147
96511  29.821  1.909  37.598 0.7777780294
96378  33.443  0.625  39.813 0.8888890147
53581  33.757  -0.333  37.404 0.8888890147
53592  33.757  -0.919  36.730 0.7777780294
109329  34.906  -2.679  33.582 0.5555559993
95000  34.522  -3.040  32.555 0.4444440007
96489  35.043  -3.440  31.806 0.4444440007
99605  31.631  2.411  38.890 0.7777780294
54433  34.202  0.229  37.168 0.8888890147
93002  34.017  -1.954  34.408 0.6666669846
92993  36.140  -2.564  33.237 0.7777780294
92992  36.672  -2.861  32.740 0.5555559993
51878  37.849  -2.617  31.869 0.7777780294
51022  36.592  -3.144  31.645 0.5555559993
51877  39.282  -1.735  31.072 0.6666669846
51917  39.656  -1.961  30.581 0.4444440007
52775  40.700  0.388  28.884 0.4444440007
51035  36.249  -3.399  30.696 0.3333329856
51023  35.475  -3.830  30.908 0.3333329856
54442  34.533  0.109  36.275 0.7777780294
53604  32.985  -0.209  35.051 0.7777780294
92996  34.634  -0.092  32.912 0.7777780294
52715  37.953  -1.576  31.926 0.7777780294
112564  37.586  0.367  30.789 0.6666669846
116256  38.157  0.499  30.111 0.5555559993
53643  36.603  -0.649  29.064 0.4444440007
53644  35.396  -0.762  30.039 0.5555559993
55883  34.707  2.631  37.686 0.7777780294
97006  35.981  0.045  31.896 0.7777780294
96841  34.590  -0.533  31.616 0.6666669846
93005  35.578  -0.169  31.395 0.6666669846
96711  34.532  -0.765  30.772 0.6666669846
53646  33.790  -0.625  30.515 0.7777780294
54506  33.070  -0.092  30.357 0.7777780294
102215  33.107  0.268  29.474 0.7777780294
114589  33.712  0.307  28.791 0.6666669846
93010  33.620  0.194  32.604 0.6666669846
93011  32.716  0.010  32.359 0.7777780294
112612  32.696  -0.196  31.770 0.7777780294
98120  31.415  1.062  31.525 0.7777780294
54494  32.494  0.098  31.097 0.7777780294
104376  31.453  1.083  30.638 0.8888890147
55245  30.842  1.729  31.014 0.8888890147
55256  31.801  1.212  29.794 0.8888890147
55891  33.352  2.621  35.976 0.8888890147
93015  30.929  1.707  32.021 0.8888890147
50944  15.079  -3.004  38.966 0.4444440007
48125  0.912  -6.601  45.416 0.1111110002
47160  0.257  -6.670  46.178 0.1111110002
46257  2.060  -8.044  44.983 0.1111110002
47159  1.409  -7.214  44.945 0.1111110002
48126  0.469  -6.124  45.668 0.1111110002
45344  3.835  -9.279  43.266 0.1111110002
100072  18.892  -2.728  32.222 0.5555559993
47138  5.706  -6.659  47.396 0.1111110002
46269  3.660  -7.777  44.331 0.1111110002
47158  2.328  -7.132  44.437 0.1111110002
45329  4.104  -8.343  43.899 0.1111110002
46256  2.943  -7.476  44.529 0.1111110002
47168  2.625  -6.741  44.121 0.1111110002
45330  3.350  -9.004  43.794 0.1111110002
45314  2.620  -8.448  44.541 0.1111110002
45357  4.716  -8.635  42.964 0.1111110002
44449  5.146  -8.889  42.461 0.1111110002
98265  4.430  -9.020  42.470 0.1111110002
51867  17.492  -2.620  32.556 0.4444440007
49078  6.102  -5.053  47.755 0.2222220004
112940  5.793  -6.200  47.785 0.1111110002
47139  5.126  -6.555  47.624 0.1111110002
98065  3.623  -7.181  44.853 0.1111110002
47157  3.339  -6.740  44.707 0.1111110002
48124  3.305  -6.041  44.816 0.1111110002
48115  6.123  -5.229  45.903 0.3333329856
49100  2.184  -5.853  43.998 0.1111110002
48135  1.985  -6.208  44.510 0.1111110002
45356  5.578  -8.746  43.063 0.1111110002
45343  4.623  -8.354  43.652 0.1111110002
45328  4.824  -8.182  44.561 0.1111110002
44448  5.936  -9.111  42.498 0.1111110002
51886  18.164  -2.390  32.126 0.5555559993
51868  16.740  -2.166  32.653 0.2222220004
51869  16.188  -1.737  33.224 0.2222220004
49075  6.172  -4.222  48.049 0.2222220004
98888  6.020  -6.336  48.434 0.1111110002
102727  5.420  -7.174  47.139 0.1111110002
46234  4.303  -6.833  46.466 0.1111110002
47156  3.997  -6.772  45.465 0.1111110002
47149  3.658  -6.144  45.433 0.1111110002
49090  3.655  -5.232  45.674 0.1111110002
49082  6.238  -4.356  46.120 0.3333329856
46244  4.452  -7.434  46.120 0.1111110002
46255  4.151  -7.543  45.138 0.1111110002
45313  4.391  -8.120  44.820 0.1111110002
49099  3.193  -5.434  44.862 0.1111110002
49088  6.681  -4.802  45.352 0.3333329856
46254  4.677  -7.984  45.719 0.1111110002
50009  7.362  -3.707  45.003 0.3333329856
44406  5.473  -8.633  45.366 0.1111110002
45303  5.228  -8.267  46.201 0.1111110002
44430  6.067  -8.870  43.789 0.1111110002
45342  5.404  -8.293  43.619 0.1111110002
101510  6.049  -9.245  43.068 0.1111110002
44447  6.506  -9.704  42.604 0.1111110002
54389  13.077  0.623  41.558 0.2222220004
51887  17.307  -2.082  32.015 0.2222220004
54397  12.654  0.603  40.728 0.2222220004
52704  15.560  -1.279  33.583 0.1111110002
48106  3.288  -5.861  48.656 0.1111110002
48109  3.493  -5.804  47.694 0.1111110002
48107  2.809  -5.253  48.398 0.1111110002
49079  2.988  -4.886  47.904 0.1111110002
50002  6.870  -3.490  45.672 0.3333329856
49997  6.368  -3.213  46.350 0.3333329856
49993  6.303  -3.094  47.289 0.3333329856
47140  4.283  -6.460  47.216 0.1111110002
47148  3.932  -6.002  46.410 0.1111110002
48117  3.750  -5.552  46.011 0.1111110002
49084  3.630  -5.052  46.849 0.1111110002
45327  5.688  -8.284  44.373 0.1111110002
55173  12.480  1.373  43.007 0.2222220004
54385  11.313  0.341  42.603 0.2222220004
55178  12.769  1.001  42.285 0.3333329856
54391  11.484  0.248  41.761 0.2222220004
54390  12.283  0.493  41.616 0.2222220004
115666  13.034  0.793  40.052 0.2222220004
54404  13.060  0.886  39.444 0.2222220004
52710  15.887  -1.207  32.914 0.1111110002
49071  6.159  -5.323  48.911 0.2222220004
49981  4.738  -3.431  49.285 0.2222220004
50870  3.630  -3.175  48.532 0.1111110002
50881  3.699  -3.358  47.458 0.1111110002
50880  4.406  -2.512  46.887 0.1111110002
48102  4.644  -5.815  49.552 0.1111110002
49069  3.962  -4.870  49.717 0.1111110002
49984  2.821  -4.591  48.606 0.1111110002
50000  3.462  -4.338  47.238 0.1111110002
50004  3.779  -4.597  46.280 0.1111110002
50008  7.608  -2.832  44.456 0.3333329856
50899  7.702  -2.167  43.917 0.3333329856
51789  7.444  -1.783  43.729 0.3333329856
51804  7.617  -2.331  42.602 0.1111110002
51803  8.235  -2.346  42.529 0.1111110002
50913  8.547  -3.270  41.545 0.1111110002
50912  9.179  -3.429  41.218 0.1111110002
54384  12.004  0.726  42.429 0.2222220004
50923  9.274  -3.610  40.477 0.1111110002
101381  20.230  -2.566  32.018 0.6666669846
54398  11.801  0.266  40.822 0.2222220004
52652  10.448  -1.726  40.876 0.1111110002
54405  12.419  0.641  39.856 0.2222220004
53608  14.875  -0.629  33.521 0.1111110002
54414  12.970  0.730  38.842 0.1111110002
53609  14.263  -0.238  33.950 0.1111110002
54463  13.766  0.047  34.382 0.1111110002
54426  12.717  0.714  38.026 0.1111110002
98795  12.711  1.153  37.158 0.1111110002
51756  5.170  -1.863  47.846 0.2222220004
51760  4.956  -1.484  47.166 0.1111110002
51758  6.020  -1.408  46.779 0.2222220004
51774  6.003  -1.518  45.567 0.2222220004
51775  5.712  -1.566  45.989 0.1111110002
51776  4.808  -1.800  46.401 0.1111110002
51782  6.421  -1.612  44.653 0.1111110002
51790  6.832  -1.728  43.888 0.1111110002
51797  7.259  -1.867  43.231 0.1111110002
50914  7.822  -3.155  41.745 0.1111110002
51888  16.765  -1.737  32.070 0.2222220004
52709  16.344  -1.466  32.520 0.1111110002
51807  9.725  -3.183  40.861 0.1111110002
101719  14.671  -0.656  34.418 0.1111110002
53557  10.801  -0.697  40.804 0.1111110002
53606  14.149  -0.188  34.824 0.1111110002
54455  13.557  0.454  35.226 0.1111110002
53556  11.324  -0.197  40.648 0.1111110002
54443  13.673  0.662  36.183 0.1111110002
54406  11.618  0.105  40.001 0.1111110002
54415  12.627  0.711  38.998 0.1111110002
108096  12.998  1.130  35.829 0.1111110002
54427  12.613  0.756  38.204 0.1111110002
54464  13.221  0.357  34.333 0.1111110002
54444  12.943  1.214  36.452 0.1111110002
51791  6.165  -1.854  44.076 0.1111110002
51783  5.786  -1.600  44.930 0.1111110002
50885  5.366  -2.140  45.319 0.1111110002
51798  6.541  -2.157  43.345 0.1111110002
50892  5.470  -2.701  44.256 0.1111110002
50907  6.850  -2.669  42.580 0.1111110002
51800  9.972  -2.304  41.324 0.1111110002
54456  12.793  0.761  35.155 0.1111110002
50900  5.893  -2.680  43.529 0.1111110002
112591  10.792  -1.394  40.322 0.1111110002
51907  20.497  -2.095  31.384 0.4444440007
52720  18.864  -2.239  31.747 0.4444440007
52722  17.048  -1.530  31.526 0.2222220004
53561  11.178  -0.762  40.133 0.1111110002
52721  17.957  -1.741  31.448 0.4444440007
52723  16.543  -1.181  31.880 0.1111110002
53554  10.922  -0.016  41.250 0.1111110002
54416  11.945  0.194  39.223 0.1111110002
52741  18.929  -1.652  31.139 0.3333329856
52743  17.353  -1.078  30.979 0.2222220004
52744  16.734  -0.913  31.242 0.1111110002
53621  16.353  -0.591  31.682 0.1111110002
52742  18.179  -1.047  30.741 0.2222220004
53631  17.458  -0.515  30.326 0.1111110002
103087  16.947  -0.568  30.736 0.1111110002
53632  16.510  -0.158  31.062 0.1111110002
53630  18.283  -0.416  29.780 0.1111110002
53654  17.486  0.136  29.679 0.1111110002
50915  6.991  -3.397  41.750 0.1111110002
51806  10.230  -2.743  40.556 0.1111110002
50908  6.019  -3.377  42.732 0.1111110002
101407  10.474  -2.070  40.144 0.1111110002
52654  10.774  -1.391  39.723 0.1111110002
51908  19.644  -2.182  31.491 0.5555559993
53566  11.296  -0.668  39.399 0.1111110002
52738  21.846  -1.891  30.988 0.4444440007
53622  15.975  -0.772  32.281 0.1111110002
53614  15.369  -0.755  32.850 0.1111110002
52740  19.780  -1.588  30.929 0.4444440007
52767  19.098  -1.071  30.493 0.2222220004
54435  13.416  0.699  36.960 0.1111110002
55196  12.609  1.425  36.593 0.1111110002
114801  12.552  0.953  37.542 0.1111110002
54509  18.082  0.457  29.082 0.1111110002
54510  17.597  0.721  29.244 0.1111110002
112912  21.024  -1.698  30.854 0.3333329856
53602  14.179  0.056  35.660 0.1111110002
54428  12.127  0.162  38.368 0.1111110002
52763  22.960  -1.430  30.260 0.2222220004
52764  22.160  -1.423  30.301 0.1111110002
54436  12.514  1.217  36.951 0.1111110002
53615  14.830  -0.229  32.752 0.1111110002
53653  19.363  -0.583  29.809 0.1111110002
53680  18.917  0.119  29.086 0.1111110002
53573  11.424  -0.526  38.605 0.1111110002
115385  12.140  0.464  37.509 0.1111110002
52783  23.266  -1.139  29.442 0.2222220004
52762  23.742  -1.362  30.171 0.3333329856
52739  20.404  -1.476  30.757 0.2222220004
52766  19.962  -1.060  30.415 0.1111110002
53652  20.169  -0.690  29.767 0.1111110002
52782  24.089  -1.100  29.296 0.3333329856
52765  20.646  -1.148  30.338 0.1111110002
110822  25.852  -0.935  29.591 0.1111110002
52781  25.050  -0.952  29.142 0.1111110002
107284  21.351  -1.302  30.319 0.1111110002
53692  26.641  -0.203  28.546 0.1111110002
53693  25.915  -0.550  28.706 0.1111110002
52784  22.491  -1.102  29.524 0.1111110002
53673  26.623  -0.538  29.266 0.1111110002
53672  27.539  -0.199  28.897 0.1111110002
53674  24.336  -0.713  28.481 0.1111110002
53671  28.106  0.152  28.955 0.1111110002
53694  25.201  -0.456  28.194 0.1111110002
54537  27.995  0.879  28.801 0.1111110002
54539  26.990  0.405  28.276 0.1111110002
104975  27.500  0.865  28.375 0.1111110002
55273  28.282  1.542  29.487 0.1111110002
55274  27.835  1.712  28.922 0.1111110002
55943  27.988  2.442  29.227 0.1111110002
55933  28.376  2.454  29.994 0.1111110002
55285  27.503  1.508  28.429 0.1111110002
54538  27.747  0.353  28.577 0.1111110002
55924  28.873  2.581  30.847 0.2222220004
56677  28.642  3.589  31.028 0.3333329856
97666  31.719  6.748  35.099 0.5555559993
93036  30.935  6.278  34.789 0.5555559993
102447  29.560  4.381  33.137 0.4444440007
113096  29.861  3.184  32.218 0.4444440007
93030  31.190  5.563  34.059 0.5555559993
93031  29.277  5.189  33.081 0.4444440007
96935  29.274  3.939  32.363 0.4444440007
58070  28.378  5.511  32.546 0.4444440007
57403  28.801  4.053  31.740 0.4444440007
93043  32.070  6.222  34.764 0.5555559993
96963  30.224  5.794  33.562 0.4444440007
93041  31.924  5.102  33.043 0.6666669846
93023  31.455  3.187  32.123 0.7777780294
97528  32.225  4.153  32.038 0.6666669846
54524  32.596  0.960  29.229 0.7777780294
55301  32.163  1.402  27.423 0.7777780294
55310  32.453  0.881  26.373 0.6666669846
113688  32.828  0.670  25.919 0.6666669846
57404  28.436  4.288  31.288 0.3333329856
111298  28.679  4.731  32.679 0.4444440007
58748  29.305  6.116  32.867 0.4444440007
60006  30.478  8.765  34.160 0.5555559993
93049  32.030  7.423  34.740 0.5555559993
99529  31.584  7.702  35.040 0.5555559993
97974  32.498  4.755  32.096 0.6666669846
93034  31.070  2.318  32.442 0.7777780294
57455  33.455  4.228  24.941 0.6666669846
57467  33.326  3.572  24.035 0.6666669846
56733  32.638  3.218  23.900 0.6666669846
56009  32.425  2.466  24.186 0.6666669846
55336  33.267  1.238  24.629 0.5555559993
54586  32.963  0.942  25.338 0.5555559993
58118  33.843  5.210  25.796 0.6666669846
58117  34.823  5.577  25.421 0.6666669846
58793  34.065  6.427  25.829 0.3333329856
58806  36.484  5.645  23.003 0.4444440007
58137  36.100  5.201  23.938 0.5555559993
58798  35.645  6.430  24.465 0.3333329856
58792  34.864  6.393  25.319 0.6666669846
59452  34.380  6.594  25.197 0.3333329856
59459  33.986  6.719  24.490 0.3333329856
56684  28.221  3.242  30.464 0.1111110002
55944  27.464  2.297  28.640 0.1111110002
58747  30.062  6.824  33.589 0.5555559993
93047  32.520  6.833  33.996 0.5555559993
97985  30.957  2.291  31.499 0.7777780294
55271  32.091  1.428  28.963 0.7777780294
96656  32.729  3.824  24.226 0.6666669846
56017  31.783  3.030  24.251 0.6666669846
55337  32.404  1.645  24.814 0.6666669846
55324  32.207  1.221  25.760 0.5555559993
55311  31.448  1.498  26.185 0.7777780294
58788  34.029  6.105  26.066 0.3333329856
58821  36.330  6.536  22.866 0.3333329856
58807  36.053  6.390  23.569 0.2222220004
58789  33.186  6.210  26.215 0.3333329856
59453  33.468  6.533  25.499 0.2222220004
59454  32.570  6.330  25.181 0.2222220004
58149  37.440  5.508  21.964 0.3333329856
59457  35.581  6.801  23.781 0.4444440007
59458  34.944  6.846  24.387 0.3333329856
109979  32.040  5.817  24.792 0.1111110002
95821  31.899  5.194  23.895 0.1111110002
58808  33.423  6.322  22.737 0.1111110002
59468  33.330  6.523  23.648 0.1111110002
58809  32.826  5.954  23.026 0.1111110002
96961  32.271  5.550  32.339 0.5555559993
112133  32.690  4.721  31.513 0.6666669846
55932  30.989  2.168  30.159 0.7777780294
109189  32.066  3.739  24.074 0.7777780294
56010  31.864  2.224  24.684 0.7777780294
56000  31.561  1.716  25.334 0.7777780294
97815  32.426  4.237  25.222 0.5555559993
109836  31.365  3.653  24.122 0.5555559993
97258  31.246  2.315  24.923 0.7777780294
116552  31.982  1.203  26.275 0.7777780294
105717  31.981  1.246  26.724 0.7777780294
97593  32.816  4.846  26.097 0.4444440007
93397  31.808  4.918  26.529 0.3333329856
97408  32.917  5.583  26.388 0.5555559993
97619  31.886  5.707  26.403 0.3333329856
58820  36.770  6.145  22.403 0.3333329856
109131  31.807  5.897  25.825 0.1111110002
95219  30.959  5.462  26.139 0.1111110002
109341  30.790  4.619  24.714 0.1111110002
58838  37.073  6.863  21.997 0.3333329856
59465  35.788  6.801  22.873 0.4444440007
59466  35.015  6.879  23.232 0.2222220004
59467  34.183  6.815  23.502 0.1111110002
96369  31.327  5.469  25.186 0.1111110002
93391  30.799  4.124  23.716 0.1111110002
59478  36.362  6.885  22.200 0.4444440007
59480  34.226  6.541  22.447 0.1111110002
58157  38.077  4.722  21.482 0.3333329856
59494  35.127  6.617  21.267 0.1111110002
60628  31.370  9.090  34.397 0.5555559993
56691  27.460  3.182  28.920 0.1111110002
58753  31.975  6.479  32.045 0.4444440007
99932  31.540  3.728  31.253 0.6666669846
100961  30.711  2.454  25.138 0.7777780294
55272  31.496  1.783  29.518 0.7777780294
55257  31.163  1.551  30.228 0.7777780294
93394  31.031  2.912  24.630 0.7777780294
56001  30.963  2.051  25.621 0.7777780294
55284  32.254  1.522  28.156 0.7777780294
55974  31.510  1.698  27.034 0.7777780294
109351  32.164  4.025  24.427 0.3333329856
93396  31.009  4.861  26.080 0.3333329856
93395  30.837  5.342  26.702 0.2222220004
58106  30.308  4.569  26.757 0.2222220004
109412  30.834  5.005  25.724 0.1111110002
111107  30.671  4.764  25.675 0.1111110002
95335  30.142  3.266  24.601 0.2222220004
93393  30.748  3.779  24.587 0.1111110002
58837  37.613  6.083  21.512 0.3333329856
105943  35.674  6.817  21.974 0.2222220004
59479  35.037  6.743  22.202 0.1111110002
58156  38.315  5.273  21.250 0.3333329856
59493  35.894  6.867  21.297 0.2222220004
93032  28.233  4.843  32.219 0.4444440007
58071  28.108  5.424  32.144 0.3333329856
60013  32.033  8.956  33.070 0.5555559993
56690  27.849  3.454  29.761 0.1111110002
55923  30.891  2.610  30.748 0.7777780294
106878  31.027  3.060  27.185 0.7777780294
55975  31.345  2.462  27.475 0.7777780294
55958  31.418  2.708  28.383 0.7777780294
102717  31.330  2.490  29.300 0.7777780294
55989  30.969  2.236  26.548 0.7777780294
55957  31.837  2.016  27.862 0.7777780294
55942  31.769  1.992  28.692 0.7777780294
109190  30.680  3.054  24.716 0.4444440007
94989  30.992  4.003  24.420 0.4444440007
95241  30.328  3.992  25.554 0.2222220004
57433  30.118  3.240  25.221 0.2222220004
59492  36.734  7.059  21.496 0.3333329856
103413  36.087  6.911  20.496 0.1111110002
58165  38.150  4.406  20.291 0.3333329856
58173  38.144  4.515  19.424 0.3333329856
58172  38.793  4.649  19.149 0.3333329856
59513  36.954  7.255  20.813 0.1111110002
58163  39.770  4.799  20.050 0.3333329856
93037  32.738  5.118  31.401 0.5555559993
104332  31.064  3.932  29.257 0.7777780294
113090  31.231  3.173  29.069 0.7777780294
56689  30.997  3.122  29.921 0.7777780294
99319  31.039  3.066  31.237 0.7777780294
109101  30.325  2.619  25.733 0.6666669846
56714  30.699  3.197  26.679 0.7777780294
56707  31.195  3.391  27.766 0.7777780294
109907  30.472  2.816  24.973 0.5555559993
58785  30.827  5.640  27.574 0.4444440007
95203  30.000  3.724  26.521 0.4444440007
59491  37.452  7.299  21.443 0.3333329856
58836  37.988  6.449  21.126 0.3333329856
59512  37.945  7.339  20.937 0.2222220004
116912  37.502  7.362  20.824 0.2222220004
58164  39.035  4.789  20.541 0.3333329856
112258  28.878  6.390  32.278 0.4444440007
93038  32.395  4.400  31.265 0.5555559993
59410  29.478  7.058  32.663 0.3333329856
57412  30.962  4.627  28.529 0.7777780294
105791  31.051  3.939  29.935 0.7777780294
57402  31.807  4.429  30.505 0.6666669846
56697  31.180  3.681  28.465 0.7777780294
93392  30.913  4.153  27.229 0.7777780294
58094  31.027  5.216  27.644 0.6666669846
58089  30.766  5.353  28.602 0.5555559993
58769  30.617  5.601  28.771 0.4444440007
58763  30.970  6.476  29.560 0.5555559993
57418  31.071  4.446  27.802 0.6666669846
58100  31.066  5.246  27.348 0.6666669846
112038  31.165  5.798  27.292 0.4444440007
58775  30.676  5.634  27.998 0.3333329856
96802  30.662  4.962  26.964 0.4444440007
58781  31.100  5.906  27.142 0.4444440007
60022  29.916  7.629  32.608 0.5555559993
60641  31.166  9.392  33.348 0.5555559993
58076  32.521  5.584  30.826 0.5555559993
100335  32.588  5.638  31.371 0.5555559993
57408  30.972  4.870  29.543 0.5555559993
58077  32.002  5.426  30.232 0.5555559993
58084  31.156  5.846  29.554 0.4444440007
59511  38.460  6.653  20.665 0.3333329856
98454  43.531  9.137  22.719 0.2222220004
58758  31.974  6.322  30.967 0.4444440007
59417  31.796  7.535  32.118 0.5555559993
60640  31.707  9.349  32.852 0.5555559993
58083  31.732  6.406  30.139 0.4444440007
59431  31.605  7.154  30.525 0.4444440007
93453  42.676  8.942  22.288 0.2222220004
100918  45.073  9.705  22.554 0.3333329856
48105  6.347  -5.952  48.734 0.1111110002
46232  5.838  -7.986  47.137 0.1111110002
46243  4.989  -7.760  46.702 0.1111110002
50891  7.234  -2.489  45.106 0.3333329856
45302  5.765  -8.633  46.637 0.1111110002
49988  6.200  -4.442  48.535 0.2222220004
50890  7.352  -1.862  44.441 0.3333329856
46233  4.685  -7.166  46.987 0.1111110002
47137  4.323  -6.213  48.096 0.1111110002
50867  5.537  -2.581  48.353 0.3333329856
50873  6.097  -2.289  47.247 0.3333329856
51788  7.858  -1.939  43.131 0.1111110002
50884  6.640  -2.302  45.802 0.2222220004
58854  39.117  5.890  20.271 0.3333329856
58853  40.062  5.914  19.885 0.3333329856
60092  38.448  7.372  20.354 0.2222220004
58855  38.627  5.528  20.969 0.3333329856
47169  1.664  -6.587  44.804 0.1111110002
105258  6.423  -5.801  48.410 0.1111110002
48108  5.784  -5.724  47.274 0.2222220004
49998  5.970  -4.116  46.957 0.3333329856
49083  5.772  -5.036  46.599 0.2222220004
48134  2.896  -6.402  43.971 0.1111110002
46268  5.236  -7.926  44.042 0.1111110002
47136  5.398  -6.437  48.613 0.1111110002
47135  5.650  -6.217  49.020 0.1111110002
49097  7.262  -4.749  44.617 0.3333329856
45312  4.926  -8.282  45.311 0.1111110002
48104  2.963  -5.457  49.006 0.1111110002
48110  3.290  -5.388  47.307 0.1111110002
49989  3.020  -3.967  48.619 0.1111110002
50879  6.267  -2.162  46.603 0.3333329856
114463  7.685  -3.864  44.445 0.3333329856
49068  4.474  -4.396  49.694 0.1111110002
48101  5.536  -5.772  49.315 0.1111110002
51757  4.324  -2.317  48.413 0.1111110002
49982  3.893  -3.526  49.240 0.1111110002
50874  4.056  -2.330  47.638 0.1111110002
49999  3.991  -3.710  46.575 0.1111110002
51767  5.610  -1.042  46.640 0.1111110002
51773  6.233  -1.405  46.035 0.2222220004
51780  7.020  -1.669  44.366 0.3333329856
51781  6.730  -1.614  45.127 0.3333329856
55345  33.007  1.922  24.086 0.5555559993
58116  35.474  5.758  24.914 0.4444440007
59460  33.190  6.535  24.544 0.3333329856
59448  32.573  6.194  25.974 0.2222220004
58799  32.593  5.974  23.934 0.1111110002
109978  31.355  4.494  23.960 0.1111110002
110109  30.958  4.238  23.920 0.2222220004
56683  31.048  3.473  30.593 0.7777780294
58780  31.026  5.832  27.263 0.4444440007
58774  30.802  5.582  27.690 0.3333329856
59424  31.015  7.526  31.013 0.5555559993
104015  38.942  7.004  20.400 0.1111110002
48237  19.068  -5.497  31.454 0.2222220004
103342  18.316  -5.779  31.116 0.1111110002
99760  18.136  -6.016  30.256 0.1111110002
48235  20.988  -5.719  31.930 0.2222220004
48236  19.890  -5.474  31.391 0.2222220004
117103  19.358  -5.546  30.897 0.2222220004
48246  19.653  -5.598  30.239 0.1111110002
48247  18.899  -5.732  30.629 0.1111110002
49201  20.371  -5.322  30.887 0.2222220004
116120  18.846  -5.881  29.947 0.1111110002
112634  20.956  -5.264  30.947 0.3333329856
49207  20.659  -5.294  29.983 0.2222220004
49214  21.942  -4.417  30.081 0.3333329856
49206  21.412  -4.902  30.543 0.3333329856
49215  21.366  -4.826  29.532 0.2222220004
99755  21.995  -4.512  29.175 0.2222220004
49205  22.366  -5.103  31.399 0.3333329856
50146  22.768  -4.254  30.521 0.4444440007
50145  23.475  -4.030  30.315 0.4444440007
50157  23.021  -4.056  29.648 0.4444440007
108223  26.203  -3.465  30.682 0.6666669846
50167  22.609  -4.216  29.028 0.2222220004
50158  22.394  -4.161  29.641 0.2222220004
50143  25.882  -3.562  29.990 0.4444440007
102441  23.299  -4.008  28.931 0.2222220004
50154  25.482  -3.764  29.579 0.3333329856
50130  25.181  -3.509  30.504 0.6666669846
50156  23.775  -3.988  29.634 0.4444440007
114941  25.102  -3.726  29.953 0.5555559993
50155  24.600  -3.900  29.635 0.4444440007
51010  29.991  -3.265  32.365 0.5555559993
50992  30.620  -2.910  32.415 0.4444440007
53629  26.908  -0.943  31.425 0.4444440007
56622  32.644  3.749  35.977 0.6666669846
117441  30.733  2.602  35.820 0.4444440007
95937  30.346  2.255  32.241 0.4444440007
57332  33.730  3.840  38.539 0.5555559993
93018  29.836  2.749  31.906 0.3333329856
56609  32.768  2.932  36.809 0.5555559993
98406  31.813  4.058  33.383 0.5555559993
97721  31.730  3.630  33.683 0.5555559993
53641  39.472  0.782  28.678 0.4444440007
56624  31.281  3.758  36.321 0.5555559993
93021  30.397  2.763  34.067 0.3333329856
93042  30.508  3.500  33.575 0.3333329856
93029  30.006  3.660  32.921 0.3333329856
93026  32.053  4.487  35.720 0.3333329856
93048  30.860  3.191  34.087 0.3333329856
111809  30.281  4.097  33.431 0.3333329856
93025  31.702  2.553  34.984 0.3333329856
97419  30.510  4.798  33.531 0.3333329856
53642  38.311  -0.092  28.794 0.4444440007
60030  30.519  7.745  31.940 0.4444440007
59432  30.858  7.323  30.202 0.4444440007
58101  30.527  5.479  27.324 0.3333329856
55283  32.842  1.031  27.613 0.6666669846
55300  32.631  0.794  26.990 0.4444440007
60093  37.761  7.496  20.295 0.1111110002
60091  39.249  7.316  20.065 0.1111110002
60090  40.282  7.482  20.323 0.1111110002
60712  40.769  8.488  22.327 0.1111110002
60079  41.045  7.777  21.095 0.1111110002
60102  39.727  7.549  19.780 0.1111110002
60699  40.993  8.597  23.429 0.2222220004
60711  41.030  9.104  22.324 0.1111110002
66335  45.886  16.312  12.970 0.1111110002
111244  24.799  -3.806  29.120 0.3333329856
106634  27.148  -0.732  30.615 0.1111110002
55917  29.446  2.372  31.436 0.3333329856
54523  33.299  0.692  28.526 0.5555559993
97834  31.716  2.004  32.810 0.7777780294
93035  31.317  4.228  33.640 0.4444440007
53666  39.414  0.231  28.192 0.4444440007
56676  29.342  3.164  31.593 0.3333329856
93019  31.291  3.296  34.124 0.4444440007
99029  24.088  -3.872  28.960 0.3333329856
50878  11.310  -2.731  46.852 0.2222220004
49995  11.802  -3.583  46.967 0.3333329856
50001  11.833  -4.013  46.383 0.3333329856
106608  11.595  -1.786  47.134 0.2222220004
51765  12.050  -2.630  47.144 0.2222220004
108860  12.324  -4.961  46.268 0.2222220004
48142  12.628  -5.724  44.221 0.2222220004
53536  13.334  -0.748  46.492 0.2222220004
52634  12.549  -1.382  46.888 0.2222220004
92842  11.656  -4.824  47.816 0.2222220004
95058  12.251  -5.951  46.666 0.1111110002
52637  14.192  -0.964  46.048 0.2222220004
52633  13.667  -1.462  46.540 0.1111110002
50871  12.762  -2.957  47.310 0.2222220004
92836  12.343  -4.961  47.974 0.1111110002
117309  11.784  -5.364  47.668 0.2222220004
107360  14.374  -1.668  45.935 0.2222220004
51764  13.099  -2.119  46.892 0.2222220004
49990  13.902  -4.407  47.960 0.1111110002
110575  13.844  -2.883  46.074 0.2222220004
110613  13.733  -4.036  47.292 0.1111110002
97840  13.988  -3.263  45.322 0.1111110002
50883  11.273  -3.073  45.635 0.3333329856
104858  11.570  -3.751  45.549 0.3333329856
104164  11.101  -2.592  46.488 0.3333329856
51766  11.230  -2.142  46.914 0.3333329856
53537  12.398  -0.686  46.656 0.2222220004
52635  11.805  -1.183  46.971 0.2222220004
111726  14.658  -1.220  45.512 0.2222220004
51771  14.226  -2.414  45.456 0.2222220004
51777  14.446  -2.292  44.654 0.2222220004
51793  13.897  -2.653  42.942 0.2222220004
51785  14.129  -2.509  43.809 0.2222220004
92847  13.900  -3.638  44.452 0.2222220004
51778  11.017  -1.953  44.979 0.3333329856
50889  11.311  -2.698  44.712 0.3333329856
116516  11.077  -1.559  45.382 0.3333329856
99585  11.158  -2.467  45.657 0.3333329856
117269  12.016  -4.129  44.773 0.3333329856
52636  11.431  -1.493  46.925 0.3333329856
55160  13.663  1.038  45.020 0.1111110002
54373  14.323  0.406  45.104 0.2222220004
53539  14.656  -0.528  45.421 0.2222220004
53540  13.875  -0.237  45.846 0.2222220004
53541  12.998  -0.149  46.051 0.2222220004
53548  15.668  -0.234  43.732 0.2222220004
52640  15.032  -1.092  44.884 0.2222220004
52645  15.344  -1.575  43.170 0.1111110002
51784  14.855  -1.882  44.139 0.2222220004
50911  14.095  -2.505  42.162 0.2222220004
51792  14.280  -2.126  42.573 0.2222220004
100927  14.238  -2.203  43.242 0.2222220004
50910  14.081  -2.762  41.705 0.2222220004
50902  14.316  -3.122  42.250 0.2222220004
50888  11.570  -3.519  44.563 0.3333329856
52638  11.341  -1.067  45.715 0.2222220004
52641  10.750  -1.132  44.797 0.3333329856
53543  11.391  -0.081  45.482 0.3333329856
52639  10.877  -0.457  45.032 0.2222220004
53538  11.855  -0.697  46.330 0.2222220004
54375  12.141  1.116  45.336 0.2222220004
55169  11.436  1.186  43.971 0.2222220004
53545  15.200  -0.149  44.596 0.1111110002
55162  14.618  1.443  43.931 0.1111110002
55166  14.053  1.824  43.856 0.2222220004
53552  15.568  -0.244  42.238 0.1111110002
53550  15.757  -0.273  42.979 0.1111110002
55170  14.677  1.642  43.373 0.1111110002
52642  15.889  -0.892  43.289 0.1111110002
51799  14.628  -1.935  41.721 0.1111110002
99280  14.014  -2.659  41.281 0.2222220004
50921  14.515  -3.427  41.267 0.2222220004
49140  14.766  -4.592  40.475 0.2222220004
48181  16.042  -5.750  37.498 0.3333329856
50897  10.898  -2.404  43.451 0.3333329856
50896  11.348  -2.927  43.840 0.3333329856
51786  11.050  -2.257  44.050 0.3333329856
52644  10.463  -1.051  43.940 0.2222220004
50007  12.040  -4.226  43.934 0.3333329856
52649  15.396  -0.955  41.859 0.1111110002
53553  15.314  -0.379  41.406 0.1111110002
52651  15.242  -1.126  41.051 0.1111110002
51805  14.815  -1.982  40.707 0.2222220004
98628  13.745  -3.055  40.363 0.2222220004
50057  14.101  -3.932  40.130 0.4444440007
50056  15.306  -4.294  39.782 0.4444440007
51787  10.657  -1.733  43.571 0.2222220004
53559  14.863  -0.571  40.106 0.3333329856
51810  14.653  -2.189  39.906 0.3333329856
52653  15.154  -1.282  40.318 0.3333329856
52657  14.775  -1.456  39.438 0.3333329856
53564  14.349  -0.569  39.382 0.2222220004
50934  14.329  -3.202  39.705 0.4444440007
53565  13.810  0.022  38.996 0.2222220004
50164  25.371  -3.691  28.928 0.2222220004
51821  14.822  -2.377  39.172 0.3333329856
51850  15.438  -2.296  34.563 0.2222220004
52672  14.143  -1.078  38.679 0.2222220004
51844  15.025  -1.885  35.247 0.1111110002
101463  15.950  -1.954  33.948 0.1111110002
52699  15.418  -1.594  34.422 0.1111110002
51054  26.183  -3.684  29.429 0.1111110002
52671  14.800  -1.764  38.751 0.3333329856
50142  26.731  -3.764  30.134 0.3333329856
50153  26.325  -3.683  29.754 0.2222220004
51906  21.439  -2.319  31.641 0.5555559993
52737  22.673  -1.916  31.023 0.3333329856
50141  27.322  -3.998  30.371 0.3333329856
52736  23.438  -1.801  30.927 0.5555559993
101029  24.177  -1.601  30.868 0.3333329856
52761  24.537  -1.273  30.037 0.3333329856
50128  27.650  -4.176  31.022 0.4444440007
114361  24.928  -1.458  30.730 0.4444440007
52760  25.701  -1.280  30.484 0.2222220004
115184  25.222  -1.195  29.985 0.2222220004
115527  26.725  -1.049  30.809 0.2222220004
112211  38.365  1.565  19.486 0.1111110002
56069  38.815  1.796  18.253 0.1111110002
102365  28.441  1.051  30.000 0.1111110002
56039  35.719  2.678  21.534 0.2222220004
56031  35.216  2.252  21.974 0.2222220004
55359  35.906  1.612  21.778 0.2222220004
56048  37.500  2.258  20.220 0.1111110002
56038  36.385  2.153  21.178 0.2222220004
56037  37.077  1.763  20.797 0.1111110002
56060  38.375  2.267  19.262 0.1111110002
55366  37.696  1.420  20.417 0.1111110002
56059  38.632  1.662  18.947 0.1111110002
55258  28.686  1.705  30.340 0.1111110002
56016  33.072  2.599  23.672 0.4444440007
55344  33.604  2.046  23.539 0.4444440007
57478  34.001  3.303  23.548 0.4444440007
56026  33.727  2.675  23.130 0.4444440007
57477  34.862  3.469  23.242 0.4444440007
56738  34.345  2.980  22.767 0.4444440007
113469  34.026  2.024  23.080 0.4444440007
113159  33.578  1.450  24.006 0.4444440007
56744  34.898  3.289  22.392 0.4444440007
57486  35.656  3.639  22.134 0.3333329856
56743  35.259  3.056  21.913 0.3333329856
56032  34.682  2.704  22.236 0.3333329856
57491  36.002  3.793  21.616 0.2222220004
56751  35.758  3.540  21.525 0.2222220004
57497  36.847  3.927  20.527 0.1111110002
56757  36.659  3.606  20.494 0.2222220004
56750  36.236  3.128  21.063 0.2222220004
56756  37.293  3.220  20.102 0.1111110002
57501  38.010  4.340  19.263 0.1111110002
56061  37.964  2.779  19.698 0.1111110002
56771  38.690  3.886  18.652 0.2222220004
56763  38.374  3.261  19.054 0.1111110002
56732  33.270  3.044  23.615 0.4444440007
54585  33.686  0.523  25.090 0.3333329856
57487  35.421  3.655  22.898 0.4444440007
54601  33.918  0.799  24.350 0.3333329856
57490  36.475  3.855  21.131 0.2222220004
57496  37.316  4.072  20.098 0.1111110002
57502  37.629  4.324  19.610 0.2222220004
52777  38.881  -0.575  28.406 0.2222220004
53686  37.018  -0.504  26.924 0.3333329856
54555  33.401  0.215  27.126 0.3333329856
53669  35.695  -0.107  27.371 0.3333329856
57466  34.973  3.877  24.366 0.4444440007
107943  34.178  3.835  24.419 0.4444440007
105511  33.148  0.164  26.405 0.3333329856
54571  33.488  0.315  25.725 0.3333329856
57465  35.665  4.049  23.919 0.4444440007
57485  36.871  3.972  22.387 0.4444440007
57476  36.285  4.050  23.156 0.4444440007
58167  37.204  4.197  20.688 0.3333329856
58158  37.511  4.278  21.841 0.3333329856
58166  37.794  4.407  20.318 0.2222220004
54535  34.096  0.301  27.761 0.3333329856
114081  35.015  -0.220  28.422 0.4444440007
54536  33.456  0.604  27.696 0.3333329856
58126  35.452  4.782  24.791 0.4444440007
57454  34.587  4.532  25.040 0.4444440007
58136  36.766  4.487  23.042 0.4444440007
62022  44.256  10.186  15.452 0.1111110002
62705  44.812  10.823  15.631 0.1111110002
92849  12.500  -4.847  44.537 0.2222220004
92846  12.680  -5.085  45.281 0.2222220004
104102  12.064  -5.688  42.598 0.2222220004
113587  12.213  -5.094  43.433 0.3333329856
47173  12.487  -6.620  44.287 0.2222220004
49149  16.330  -4.584  39.426 0.3333329856
53668  36.485  -0.395  27.404 0.3333329856
111238  13.179  1.905  44.068 0.2222220004
55174  11.666  1.047  43.220 0.2222220004
55168  12.246  1.611  43.916 0.2222220004
49992  11.854  -4.146  47.706 0.1111110002
49996  11.356  -3.216  46.383 0.3333329856
111170  11.754  -5.333  47.421 0.2222220004
50872  12.549  -3.771  47.792 0.2222220004
96969  12.238  -4.419  45.449 0.3333329856
92848  12.945  -5.487  44.893 0.2222220004
92839  12.246  -5.958  47.352 0.1111110002
51763  13.828  -2.203  46.373 0.2222220004
49991  13.303  -3.863  47.852 0.1111110002
49985  13.675  -4.352  48.164 0.1111110002
50882  13.747  -3.696  46.223 0.1111110002
50887  14.120  -2.885  44.535 0.2222220004
51779  10.742  -1.616  44.239 0.3333329856
55161  12.917  1.220  45.246 0.2222220004
55164  13.442  1.598  44.614 0.2222220004
55163  14.204  1.276  44.508 0.1111110002
53542  11.903  0.302  45.655 0.2222220004
52643  15.574  -1.052  44.071 0.2222220004
54378  15.497  0.360  43.356 0.1111110002
111536  14.932  -1.470  42.344 0.1111110002
53547  10.508  -0.416  44.406 0.2222220004
53546  10.850  0.182  44.822 0.2222220004
100359  11.446  0.734  45.195 0.2222220004
54383  15.081  0.877  43.022 0.1111110002
55175  14.617  1.332  42.746 0.1111110002
116572  15.361  0.042  41.856 0.1111110002
53555  15.225  -0.606  40.709 0.3333329856
54394  14.913  -0.043  40.687 0.3333329856
106772  38.161  1.103  20.016 0.1111110002
55385  38.449  0.771  19.286 0.1111110002
54636  38.136  0.191  19.979 0.1111110002
55397  38.731  0.969  18.505 0.1111110002
56070  38.736  2.442  18.683 0.1111110002
55358  36.722  1.121  21.362 0.2222220004
56049  36.814  2.682  20.618 0.1111110002
56047  38.094  1.911  19.890 0.1111110002
117040  37.299  1.043  20.894 0.1111110002
54627  37.791  0.552  20.657 0.1111110002
56025  34.320  2.370  22.691 0.3333329856
55343  34.127  1.313  23.545 0.4444440007
56764  37.704  3.818  19.597 0.1111110002
112827  38.852  3.096  18.457 0.1111110002
54584  34.454  0.078  24.973 0.2222220004
57506  38.457  4.465  18.822 0.2222220004
54521  34.901  0.084  27.485 0.4444440007
53707  34.131  0.141  27.078 0.3333329856
50119  28.220  -4.164  32.249 0.5555559993
50127  27.906  -4.293  31.307 0.4444440007
101630  28.330  -3.879  30.604 0.3333329856
50118  28.876  -4.064  32.644 0.3333329856
50126  28.524  -3.814  31.706 0.3333329856
55998  45.342  2.251  26.320 0.1111110002
102211  42.181  1.320  24.977 0.1111110002
55335  41.417  1.235  25.238 0.1111110002
54581  40.855  0.530  24.897 0.1111110002
113132  43.825  1.526  25.940 0.1111110002
55319  43.123  1.819  25.749 0.1111110002
55334  42.034  1.728  25.603 0.1111110002
55323  40.810  0.834  25.601 0.1111110002
55322  41.374  1.355  26.193 0.1111110002
55999  44.515  1.764  26.286 0.1111110002
114940  40.440  0.275  25.786 0.1111110002
50994  29.338  -3.714  32.834 0.3333329856
51011  29.282  -3.545  32.127 0.3333329856
55333  42.730  1.828  25.331 0.1111110002
107939  40.329  0.242  25.137 0.1111110002
103458  39.707  0.022  24.807 0.1111110002
54582  39.172  -0.130  24.926 0.1111110002
51028  29.831  -3.076  31.816 0.3333329856
54596  40.125  0.073  24.401 0.1111110002
54597  39.308  0.046  24.358 0.1111110002
53761  38.216  -0.724  23.701 0.1111110002
54595  40.907  -0.005  24.369 0.1111110002
55332  43.533  1.531  25.228 0.1111110002
53741  38.684  -0.281  24.630 0.1111110002
53742  38.034  -0.937  24.293 0.1111110002
53740  41.555  0.602  24.685 0.1111110002
53758  40.261  -0.173  23.829 0.1111110002
53760  38.947  -0.300  23.832 0.1111110002
53778  36.414  -0.513  22.864 0.1111110002
54598  35.765  -0.173  23.254 0.1111110002
51900  30.081  -2.701  31.190 0.2222220004
53759  39.576  -0.002  23.747 0.1111110002
53762  37.180  -0.843  23.535 0.1111110002
53763  36.229  -0.736  23.653 0.1111110002
54609  34.745  0.829  23.189 0.1111110002
53777  37.356  -0.694  22.693 0.1111110002
54608  35.328  0.460  22.838 0.1111110002
53776  38.376  -0.707  23.018 0.1111110002
54599  35.179  0.133  23.656 0.1111110002
53764  35.601  -0.549  24.059 0.2222220004
53775  39.121  -0.584  23.225 0.1111110002
54620  35.592  0.894  22.270 0.1111110002
54600  34.548  0.447  24.017 0.2222220004
54607  35.965  0.164  22.521 0.1111110002
54606  36.549  -0.213  22.088 0.1111110002
54583  35.053  -0.254  24.547 0.2222220004
54619  36.231  0.607  21.871 0.1111110002
53787  37.136  -0.538  21.644 0.1111110002
54618  36.730  0.248  21.569 0.1111110002
54628  37.127  0.312  21.114 0.1111110002
55352  34.472  1.610  22.848 0.2222220004
55351  35.023  1.207  22.586 0.1111110002
55360  35.256  1.551  22.147 0.1111110002
54570  34.087  0.043  25.570 0.2222220004
52797  31.996  -1.115  28.845 0.2222220004
55361  34.776  1.957  22.354 0.2222220004
53721  33.743  0.045  25.912 0.1111110002
53731  34.051  -0.359  25.615 0.1111110002
53732  33.352  -0.616  25.820 0.1111110002
52839  32.534  -1.074  25.664 0.1111110002
52856  32.155  -1.412  24.982 0.1111110002
52855  32.990  -1.165  25.187 0.1111110002
113700  34.978  -4.176  30.401 0.2222220004
52778  32.607  -1.506  29.153 0.2222220004
52796  32.933  -0.934  28.250 0.2222220004
53722  33.275  -0.234  26.254 0.1111110002
52824  32.807  -0.761  26.106 0.1111110002
53723  32.647  -0.708  26.521 0.1111110002
98593  32.134  -1.056  26.070 0.1111110002
51049  35.378  -3.353  29.804 0.2222220004
51936  33.940  -3.174  29.528 0.2222220004
100804  34.721  -2.554  29.213 0.2222220004
52808  36.955  -0.622  26.597 0.1111110002
51947  36.448  -1.602  27.529 0.1111110002
52795  34.014  -0.828  27.558 0.2222220004
102302  33.950  0.025  26.729 0.1111110002
53689  34.314  -0.192  26.792 0.1111110002
53690  33.504  -0.357  27.174 0.1111110002
53708  33.545  -0.114  26.587 0.1111110002
58150  37.173  4.850  22.511 0.3333329856
51918  38.363  -2.113  30.307 0.2222220004
52755  39.525  -1.211  29.293 0.2222220004
51932  38.132  -1.579  28.858 0.1111110002
51935  35.473  -2.561  28.951 0.2222220004
52792  37.249  -0.847  26.792 0.1111110002
51948  35.404  -1.688  27.920 0.2222220004
58877  41.224  5.631  17.030 0.2222220004
110416  42.714  7.922  16.175 0.2222220004
58174  37.762  4.217  19.633 0.2222220004
58870  41.819  5.841  17.540 0.2222220004
58871  41.449  5.175  17.887 0.1111110002
108549  42.325  7.457  16.818 0.2222220004
110498  42.868  7.974  16.927 0.2222220004
108695  43.036  8.129  15.995 0.2222220004
95102  43.289  8.645  15.911 0.2222220004
113198  43.540  8.806  15.646 0.2222220004
93465  43.986  9.470  15.472 0.1111110002
105364  42.357  6.402  18.085 0.2222220004
58864  41.830  5.630  18.162 0.2222220004
101790  40.604  5.151  17.461 0.1111110002
58186  39.472  4.424  17.752 0.1111110002
56770  39.208  3.338  17.930 0.1111110002
59538  42.678  7.092  17.589 0.2222220004
100325  42.131  6.606  17.239 0.2222220004
115849  42.751  7.587  17.287 0.2222220004
108926  42.894  8.297  16.879 0.2222220004
93462  43.417  9.189  15.661 0.2222220004
62023  43.556  9.529  15.457 0.1111110002
57505  39.210  4.125  18.310 0.1111110002
58177  40.892  4.650  18.413 0.1111110002
58178  40.309  4.235  18.744 0.1111110002
58179  39.207  4.300  18.528 0.1111110002
58185  40.023  4.771  17.752 0.1111110002
110497  42.762  8.647  16.853 0.1111110002
94969  42.388  8.965  17.037 0.1111110002
95187  42.792  9.064  16.172 0.1111110002
98178  44.187  9.935  15.617 0.1111110002
58171  40.159  4.238  19.436 0.2222220004
59533  42.990  6.579  18.891 0.2222220004
58865  41.364  5.115  18.622 0.2222220004
93446  44.268  7.000  19.938 0.2222220004
93459  44.831  7.686  18.748 0.2222220004
95592  43.125  7.828  17.727 0.2222220004
98672  44.085  8.294  18.620 0.2222220004
60756  41.867  9.045  16.957 0.1111110002
108855  42.961  8.286  17.450 0.1111110002
110424  42.652  8.619  17.256 0.1111110002
97357  42.183  8.957  17.222 0.1111110002
58862  40.550  4.883  19.635 0.2222220004
58861  41.197  5.470  19.320 0.2222220004
59523  43.389  6.767  19.814 0.2222220004
58860  41.987  6.054  18.969 0.2222220004
58170  40.842  4.475  19.150 0.2222220004
93455  45.606  8.711  18.647 0.2222220004
60732  42.777  8.504  18.598 0.1111110002
93466  43.597  8.568  18.406 0.2222220004
108700  42.893  8.401  17.995 0.1111110002
116696  42.173  8.613  17.995 0.1111110002
59510  39.632  6.914  20.062 0.2222220004
59526  40.914  6.117  19.884 0.2222220004
59509  40.461  6.984  20.360 0.2222220004
59525  41.691  6.185  20.160 0.2222220004
59508  41.249  7.146  20.824 0.2222220004
59524  42.638  6.449  19.988 0.2222220004
59507  42.107  6.898  21.356 0.2222220004
102819  41.266  7.549  22.390 0.2222220004
59506  43.379  6.433  21.134 0.2222220004
59474  43.661  7.285  22.015 0.2222220004
112176  45.147  7.170  20.441 0.2222220004
93442  44.852  7.708  21.380 0.2222220004
93450  44.605  8.601  22.977 0.2222220004
93454  45.256  9.690  18.471 0.2222220004
93443  47.024  9.551  19.923 0.2222220004
97389  43.937  9.095  18.536 0.1111110002
97484  45.950  10.224  19.426 0.1111110002
60724  43.351  9.274  19.330 0.1111110002
60078  40.998  7.917  21.460 0.2222220004
59475  42.281  6.964  22.764 0.2222220004
60066  42.699  8.111  22.681 0.2222220004
100910  46.491  9.089  22.240 0.2222220004
93449  47.237  10.075  21.020 0.1111110002
98245  45.333  10.188  21.065 0.1111110002
59476  41.353  7.724  23.261 0.2222220004
59477  40.724  8.226  23.004 0.1111110002
51880  30.523  -2.841  31.908 0.2222220004
101313  35.041  -4.362  30.574 0.2222220004
51937  33.244  -2.304  29.470 0.2222220004
51048  36.165  -3.043  29.665 0.2222220004
51945  37.491  -1.115  27.984 0.1111110002
53688  35.628  -0.118  26.972 0.2222220004
53706  34.739  0.032  27.058 0.2222220004
54580  43.037  1.127  24.813 0.1111110002
54569  39.835  -0.190  25.351 0.1111110002
115648  37.874  -0.665  22.258 0.1111110002
103120  31.850  -1.216  25.551 0.1111110002
51949  34.260  -1.841  28.565 0.2222220004
53709  32.701  -0.499  27.123 0.2222220004
52793  36.291  -0.763  26.519 0.1111110002
52794  34.952  -0.684  27.062 0.1111110002
51933  37.005  -2.016  28.514 0.2222220004
60130  43.288  8.212  15.745 0.2222220004
59532  43.277  7.128  18.231 0.2222220004
116360  43.053  7.879  17.210 0.2222220004
110415  42.866  8.664  16.264 0.2222220004
111904  43.291  10.058  14.984 0.1111110002
93467  44.495  10.146  15.624 0.1111110002
96966  43.745  7.444  19.120 0.2222220004
93460  45.551  7.696  19.239 0.2222220004
104132  42.787  6.664  22.339 0.2222220004
58852  44.556  6.489  21.196 0.2222220004
59489  43.582  6.556  21.821 0.2222220004
93444  46.383  8.056  21.535 0.2222220004
93452  46.010  10.088  18.677 0.1111110002
115312  7.306  -8.519  46.759 0.1111110002
45325  8.658  -8.787  44.866 0.2222220004
45326  8.269  -8.146  45.165 0.2222220004
45311  8.040  -8.415  46.010 0.1111110002
46241  7.382  -8.077  46.488 0.1111110002
44395  6.483  -9.623  47.818 0.1111110002
106267  6.385  -9.197  47.383 0.1111110002
46242  6.749  -7.652  46.947 0.1111110002
46252  7.571  -7.829  45.605 0.1111110002
46230  6.841  -8.193  46.979 0.1111110002
45296  7.246  -8.973  46.900 0.1111110002
116822  8.521  -8.346  44.449 0.2222220004
105375  6.427  -8.436  47.211 0.1111110002
111413  7.602  -7.675  44.741 0.1111110002
46253  6.771  -7.380  46.114 0.1111110002
46266  8.119  -7.860  44.288 0.2222220004
47155  5.949  -6.649  46.012 0.1111110002
48116  5.766  -5.860  46.265 0.1111110002
46267  6.826  -7.392  44.780 0.1111110002
46283  8.556  -7.568  42.932 0.2222220004
47147  5.721  -6.394  47.042 0.1111110002
45341  8.620  -8.126  43.640 0.2222220004
48123  6.187  -5.965  45.486 0.1111110002
47176  7.698  -6.771  43.550 0.2222220004
47166  7.189  -6.615  44.332 0.2222220004
47167  6.294  -6.855  45.047 0.2222220004
47181  8.641  -7.064  42.508 0.2222220004
47175  8.150  -6.916  42.923 0.2222220004
46274  8.073  -7.452  43.543 0.2222220004
46290  9.181  -7.562  42.407 0.2222220004
49131  9.204  -5.155  42.229 0.2222220004
101050  7.564  -6.094  43.647 0.2222220004
48133  6.834  -5.789  44.819 0.2222220004
102538  8.485  -6.395  42.465 0.2222220004
48149  7.910  -6.066  42.985 0.2222220004
48154  9.732  -5.437  41.760 0.2222220004
48155  9.113  -5.938  42.100 0.2222220004
107227  9.853  -6.368  41.832 0.2222220004
48148  8.550  -5.606  42.599 0.2222220004
49123  8.149  -5.306  43.056 0.2222220004
48144  7.761  -5.377  43.473 0.2222220004
49129  10.398  -4.958  41.803 0.2222220004
48153  11.118  -5.691  41.762 0.2222220004
49119  11.755  -4.946  42.486 0.2222220004
49096  7.779  -4.601  44.042 0.2222220004
49122  8.756  -4.805  42.947 0.2222220004
49130  9.738  -4.821  41.987 0.2222220004
104651  11.351  -4.430  42.404 0.2222220004
50043  10.788  -4.271  42.192 0.2222220004
49120  11.754  -4.331  43.041 0.2222220004
50898  8.115  -2.091  43.412 0.2222220004
50019  8.439  -3.177  43.541 0.2222220004
50020  8.035  -3.255  43.955 0.2222220004
50906  8.641  -2.729  43.134 0.2222220004
49109  8.320  -4.395  43.561 0.2222220004
50032  9.537  -3.315  42.981 0.2222220004
50033  8.827  -3.784  43.212 0.2222220004
50903  11.064  -3.133  43.257 0.2222220004
50031  10.486  -3.490  42.885 0.2222220004
50044  10.072  -4.198  42.390 0.2222220004
49121  9.370  -4.350  42.731 0.2222220004
50018  11.548  -3.650  43.509 0.2222220004
98048  14.796  0.200  41.570 0.2222220004
54388  13.950  0.634  41.639 0.1111110002
55177  13.443  1.016  42.195 0.1111110002
54396  13.437  0.639  40.665 0.1111110002
54380  11.008  0.471  43.504 0.1111110002
50905  9.262  -2.761  42.589 0.2222220004
51796  8.370  -2.287  42.942 0.2222220004
50904  10.251  -2.610  43.054 0.2222220004
113146  13.544  0.753  39.892 0.1111110002
54381  10.524  0.144  44.081 0.1111110002
104259  10.605  -0.110  43.371 0.1111110002
51794  10.201  -1.899  43.003 0.2222220004
54386  10.728  -0.052  42.731 0.1111110002
53551  10.451  -0.548  42.816 0.1111110002
52646  10.301  -1.137  42.989 0.1111110002
53560  14.173  0.273  39.895 0.1111110002
54392  10.768  -0.010  41.974 0.1111110002
49148  16.629  -5.145  39.363 0.2222220004
48206  17.039  -6.123  34.064 0.1111110002
47229  16.657  -6.562  34.333 0.1111110002
48198  16.662  -6.547  34.760 0.1111110002
47210  15.971  -6.737  36.972 0.1111110002
115514  16.151  -6.970  34.358 0.1111110002
46317  16.251  -7.343  36.532 0.1111110002
47224  16.644  -7.076  34.946 0.1111110002
46331  16.632  -7.352  35.309 0.1111110002
47213  16.463  -7.010  36.070 0.1111110002
46325  16.549  -7.395  35.813 0.1111110002
100144  14.806  -1.571  38.078 0.2222220004
48185  15.972  -6.227  36.410 0.1111110002
47218  16.682  -7.130  35.369 0.1111110002
46338  16.167  -7.535  34.801 0.1111110002
46332  16.277  -7.775  35.493 0.1111110002
50152  26.914  -3.847  29.791 0.2222220004
51053  27.222  -3.750  29.466 0.1111110002
51041  27.496  -3.924  29.992 0.1111110002
50140  27.754  -4.152  30.550 0.2222220004
51040  28.170  -3.814  29.936 0.2222220004
51060  27.497  -3.362  28.977 0.1111110002
51954  27.127  -2.930  28.249 0.1111110002
51051  28.467  -3.554  29.869 0.1111110002
51052  27.906  -3.602  29.575 0.1111110002
51059  28.072  -3.142  29.078 0.1111110002
51939  28.548  -3.148  29.351 0.1111110002
51953  27.787  -2.685  28.489 0.1111110002
51963  28.219  -2.062  27.859 0.1111110002
51979  27.257  -1.970  26.731 0.1111110002
51029  29.131  -3.241  31.176 0.1111110002
105166  28.870  -3.357  30.286 0.1111110002
51952  28.448  -2.535  28.702 0.1111110002
51964  27.506  -2.296  27.629 0.1111110002
51978  27.976  -1.753  26.929 0.1111110002
52812  28.719  -1.496  27.115 0.1111110002
52829  27.689  -1.395  26.077 0.1111110002
52843  28.091  -1.124  25.280 0.1111110002
51901  29.362  -2.818  30.606 0.1111110002
51951  29.056  -2.248  28.985 0.1111110002
51962  28.908  -1.814  28.053 0.1111110002
52828  28.448  -1.240  26.195 0.1111110002
52842  28.947  -1.121  25.384 0.1111110002
52858  29.405  -1.315  24.667 0.1111110002
52840  31.348  -1.148  25.852 0.1111110002
52841  30.709  -1.256  25.553 0.1111110002
52006  30.335  -1.570  24.781 0.1111110002
115558  29.135  -2.831  29.824 0.1111110002
114796  29.358  -2.086  29.513 0.1111110002
101147  29.542  -1.476  28.286 0.1111110002
52811  29.510  -1.339  27.320 0.1111110002
52827  29.287  -1.169  26.377 0.1111110002
52826  30.138  -1.161  26.654 0.1111110002
53691  32.326  -0.704  28.020 0.1111110002
52825  31.583  -1.018  26.482 0.1111110002
100235  30.753  -1.095  26.192 0.1111110002
114954  29.931  -1.170  25.656 0.1111110002
112970  31.789  -0.820  27.149 0.1111110002
52758  30.513  -1.737  30.058 0.1111110002
51938  29.691  -1.793  29.900 0.1111110002
52800  29.604  -1.555  29.220 0.1111110002
52799  30.197  -1.166  28.621 0.1111110002
116660  30.785  -1.045  28.890 0.1111110002
52810  30.349  -1.207  27.596 0.1111110002
52798  30.936  -0.979  28.201 0.1111110002
59433  29.734  7.518  30.458 0.2222220004
58770  30.366  5.990  29.060 0.2222220004
60031  29.519  7.499  31.455 0.2222220004
54395  14.157  0.403  40.651 0.1111110002
53710  31.708  -0.688  27.871 0.1111110002
55172  13.403  1.673  42.855 0.1111110002
48132  7.357  -5.550  44.122 0.2222220004
53549  10.487  -0.509  43.614 0.1111110002
46231  6.337  -7.428  47.315 0.1111110002
47146  6.330  -7.048  47.193 0.1111110002
46275  7.505  -7.348  44.147 0.1111110002
117228  10.356  -5.762  41.708 0.2222220004
49128  11.186  -4.902  41.962 0.2222220004
50030  11.190  -3.851  42.818 0.2222220004
47228  16.742  -6.327  33.653 0.1111110002
58764  30.301  6.916  29.861 0.2222220004
52684  14.182  -0.923  37.841 0.1111110002
53582  14.560  -0.610  36.843 0.1111110002
52700  14.937  -1.166  34.873 0.1111110002
52759  26.522  -0.944  30.207 0.1111110002
103765  28.016  4.897  30.060 0.1111110002
58078  28.228  4.846  31.488 0.1111110002
58754  28.525  6.266  31.985 0.1111110002
101949  28.651  7.170  31.230 0.1111110002
58090  28.440  5.414  29.433 0.1111110002
58765  29.338  6.152  29.830 0.1111110002
59434  29.013  7.320  30.495 0.1111110002
58771  29.462  5.803  29.037 0.1111110002
58776  29.905  5.635  28.283 0.1111110002
58102  29.532  5.250  27.662 0.1111110002
58107  29.755  4.599  27.110 0.1111110002
58782  30.507  5.623  27.810 0.1111110002
109342  30.474  3.792  23.985 0.1111110002
111140  29.566  3.456  26.353 0.1111110002
49139  16.084  -4.968  40.075 0.2222220004
109343  29.507  3.011  25.517 0.1111110002
59418  29.004  7.182  31.738 0.1111110002
58085  28.456  5.240  30.620 0.1111110002
101248  28.190  4.503  30.800 0.1111110002
58876  41.654  6.190  16.658 0.1111110002
59541  40.632  6.304  15.865 0.1111110002
106740  41.612  6.589  15.825 0.1111110002
59550  41.718  6.723  14.732 0.1111110002
59561  43.225  6.682  14.266 0.1111110002
108245  41.949  6.920  16.480 0.1111110002
60131  42.065  7.402  15.921 0.1111110002
116541  42.159  7.273  14.904 0.1111110002
59549  42.554  7.314  14.782 0.1111110002
60156  47.773  8.216  12.049 0.1111110002
60136  42.501  7.647  15.336 0.1111110002
60135  43.395  7.759  15.202 0.1111110002
59547  44.525  6.916  14.723 0.1111110002
59548  43.786  7.141  14.795 0.1111110002
107318  44.630  7.765  14.478 0.1111110002
60144  45.094  6.969  14.449 0.1111110002
60143  45.293  7.967  13.861 0.1111110002
60142  45.939  7.631  13.496 0.1111110002
60157  46.964  7.803  12.343 0.1111110002
60782  47.281  8.715  12.803 0.1111110002
60155  48.608  8.132  12.000 0.1111110002
60134  44.034  7.767  14.868 0.1111110002
60771  44.815  8.749  14.130 0.1111110002
60769  45.961  8.760  13.533 0.1111110002
60783  46.420  8.313  12.939 0.1111110002
60781  48.616  8.699  12.641 0.1111110002
60787  49.461  8.292  12.574 0.1111110002
60786  50.267  8.259  12.702 0.1111110002
60779  50.793  8.614  12.907 0.1111110002
98908  50.948  7.980  12.615 0.1111110002
93464  43.702  8.487  15.273 0.1111110002
102659  44.252  8.925  14.802 0.1111110002
60770  45.368  9.102  13.912 0.1111110002
61394  46.076  9.762  14.549 0.1111110002
60768  46.949  9.349  13.823 0.1111110002
61393  47.631  10.055  14.448 0.1111110002
61403  47.908  9.434  13.549 0.1111110002
98170  48.675  9.330  13.384 0.1111110002
106096  49.337  9.004  13.215 0.1111110002
103079  51.693  7.950  12.495 0.1111110002
60780  50.016  8.779  12.966 0.1111110002
60154  51.614  8.416  12.864 0.1111110002
60153  52.509  8.243  12.761 0.1111110002
61405  53.827  8.448  12.624 0.1111110002
93477  54.535  7.956  12.045 0.1111110002
60202  54.132  8.078  9.987 0.1111110002
60231  53.358  8.690  8.039 0.1111110002
61395  45.151  9.519  14.822 0.1111110002
93470  45.838  10.293  16.143 0.1111110002
61384  46.792  10.388  16.073 0.1111110002
61391  48.950  9.671  13.484 0.1111110002
62035  48.496  10.338  13.965 0.1111110002
98423  49.675  9.399  13.073 0.1111110002
61402  50.454  9.235  12.833 0.1111110002
61401  51.406  9.133  12.945 0.1111110002
61400  52.272  8.727  12.818 0.1111110002
98168  54.415  8.759  11.126 0.1111110002
93481  54.477  9.060  10.087 0.1111110002
60847  52.309  8.252  7.523 0.1111110002
61468  50.570  8.990  8.293 0.1111110002
61406  52.727  8.920  12.605 0.1111110002
100310  54.666  8.533  9.205 0.1111110002
60240  53.873  8.922  7.757 0.1111110002
61466  52.663  9.303  7.875 0.1111110002
62043  49.196  10.237  13.182 0.1111110002
62042  50.012  9.948  12.650 0.1111110002
62041  50.754  9.802  12.327 0.1111110002
62070  50.372  10.343  8.796 0.1111110002
62071  49.428  10.407  9.054 0.1111110002
62766  49.126  11.415  8.943 0.1111110002
61408  51.332  9.593  12.340 0.1111110002
61412  52.981  9.308  11.828 0.1111110002
93474  55.045  9.305  8.541 0.1111110002
61465  53.819  9.798  7.761 0.1111110002
105828  52.107  10.104  8.207 0.1111110002
62048  51.431  9.918  11.523 0.1111110002
62053  52.468  10.258  11.029 0.1111110002
61422  54.008  9.432  10.406 0.1111110002
62089  55.065  10.043  7.983 0.1111110002
62091  53.775  10.538  8.215 0.1111110002
62748  52.766  11.631  10.939 0.1111110002
62747  53.289  11.040  10.468 0.1111110002
62057  53.782  10.372  9.845 0.1111110002
62732  49.647  10.683  12.531 0.1111110002
62050  50.362  10.768  12.068 0.1111110002
62049  51.025  10.468  11.776 0.1111110002
62093  51.982  11.380  8.037 0.1111110002
62742  51.064  11.622  11.802 0.1111110002
62764  53.375  11.304  8.759 0.1111110002
62780  53.004  11.845  8.097 0.1111110002
62782  51.478  12.569  7.159 0.1111110002
62749  52.268  12.046  11.438 0.1111110002
63416  53.444  12.142  10.207 0.1111110002
63423  53.588  12.394  9.144 0.1111110002
63417  53.059  12.583  10.841 0.1111110002
64025  53.040  13.354  10.437 0.1111110002
62743  49.707  11.389  12.167 0.1111110002
62744  49.088  11.931  12.312 0.1111110002
115523  48.563  12.386  12.440 0.1111110002
63409  50.939  12.512  12.021 0.1111110002
116679  50.522  12.841  12.028 0.1111110002
63410  49.931  12.265  11.929 0.1111110002
62781  52.282  12.293  7.820 0.1111110002
63408  51.690  12.302  11.845 0.1111110002
64037  52.679  12.909  8.033 0.1111110002
64018  48.330  12.904  12.161 0.1111110002
64015  50.842  13.156  11.924 0.1111110002
64017  48.942  13.251  11.708 0.1111110002
63418  52.397  12.797  11.417 0.1111110002
64027  51.310  13.588  11.493 0.1111110002
64038  52.195  13.244  8.717 0.1111110002
64585  50.947  14.069  10.277 0.1111110002
64590  51.609  13.743  9.586 0.1111110002
64586  50.104  14.032  9.841 0.1111110002
64028  50.527  13.681  11.613 0.1111110002
98037  49.393  13.982  10.408 0.1111110002
64587  48.789  14.556  10.026 0.1111110002
59545  40.873  6.669  15.120 0.1111110002
59544  41.769  6.872  15.153 0.1111110002
59562  42.153  6.399  14.313 0.1111110002
107834  45.589  7.124  13.976 0.1111110002
116451  48.013  8.875  12.835 0.1111110002
61383  47.024  9.988  14.933 0.1111110002
61392  48.380  9.912  14.030 0.1111110002
60152  53.496  7.928  12.755 0.1111110002
61399  53.247  8.299  12.822 0.1111110002
61411  54.009  9.052  11.699 0.1111110002
93479  54.602  8.244  10.473 0.1111110002
97314  54.355  7.877  11.079 0.1111110002
60230  53.857  8.471  8.427 0.1111110002
60215  54.918  8.626  8.251 0.1111110002
61407  51.926  9.276  12.654 0.1111110002
62052  53.309  9.872  10.854 0.1111110002
93472  54.404  9.715  9.120 0.1111110002
61467  51.669  9.080  7.917 0.1111110002
102492  51.332  10.216  8.560 0.1111110002
61443  49.737  9.556  8.902 0.1111110002
62047  52.153  9.653  11.935 0.1111110002
60855  54.991  9.502  7.425 0.1111110002
62072  48.413  10.313  9.219 0.1111110002
62740  51.905  10.866  11.213 0.1111110002
62092  52.846  10.788  8.385 0.1111110002
62741  51.541  11.365  11.597 0.1111110002
62069  54.014  10.511  8.766 0.1111110002
115638  50.421  11.702  11.775 0.1111110002
63429  53.294  12.273  8.342 0.1111110002
63444  52.842  12.602  7.871 0.1111110002
63424  53.536  13.003  9.721 0.1111110002
63430  53.395  12.918  8.588 0.1111110002
64026  52.101  13.370  11.035 0.1111110002
64034  52.446  13.644  9.984 0.1111110002
63411  49.103  12.617  11.969 0.1111110002
63419  51.584  12.976  11.827 0.1111110002
64577  51.633  13.913  10.659 0.1111110002
64578  50.964  13.942  11.069 0.1111110002
64033  53.218  13.431  9.170 0.1111110002
64029  49.584  13.463  11.193 0.1111110002
45300  8.255  -9.052  46.259 0.1111110002
44393  8.229  -9.853  46.852 0.1111110002
44428  8.896  -8.791  44.065 0.1111110002
45355  9.007  -8.084  42.930 0.1111110002
45354  9.639  -8.294  42.667 0.1111110002
47180  9.117  -6.761  42.159 0.1111110002
116534  9.685  -7.121  42.063 0.1111110002
46282  10.040  -7.772  42.226 0.1111110002
47174  12.345  -7.005  43.397 0.1111110002
47179  12.276  -7.275  42.596 0.1111110002
46281  10.982  -7.830  42.192 0.1111110002
48147  12.246  -6.541  42.596 0.1111110002
47187  10.430  -7.095  41.981 0.1111110002
48143  12.356  -6.116  43.435 0.1111110002
46288  11.983  -6.914  42.110 0.1111110002
46280  11.976  -7.788  42.331 0.1111110002
96686  13.013  -6.157  44.983 0.1111110002
50017  13.905  -3.936  43.695 0.1111110002
47164  12.594  -7.138  45.161 0.1111110002
47165  12.259  -7.456  44.303 0.1111110002
49134  15.590  -5.162  40.782 0.1111110002
115821  14.320  -4.363  40.768 0.1111110002
50042  14.747  -4.135  41.532 0.1111110002
50029  13.954  -3.433  43.007 0.1111110002
50028  14.658  -3.945  42.243 0.1111110002
49117  14.516  -4.788  42.569 0.1111110002
49118  14.198  -4.319  43.081 0.1111110002
49135  14.778  -4.838  41.095 0.1111110002
52647  9.673  -1.558  42.233 0.1111110002
51795  9.509  -2.232  42.650 0.1111110002
50895  13.903  -3.152  43.689 0.1111110002
48256  20.994  -5.583  28.897 0.1111110002
48269  21.750  -5.338  28.539 0.1111110002
112699  22.291  -4.766  28.532 0.1111110002
49223  22.857  -4.473  28.190 0.1111110002
50165  24.552  -3.629  28.322 0.1111110002
50166  23.646  -3.906  28.103 0.1111110002
113798  11.655  -5.434  42.028 0.1111110002
44403  8.672  -9.442  45.207 0.1111110002
45310  8.436  -8.838  45.619 0.1111110002
45340  9.255  -8.631  43.300 0.1111110002
47186  10.756  -6.407  41.750 0.1111110002
48152  11.825  -6.114  42.031 0.1111110002
44427  9.493  -9.256  43.658 0.1111110002
45353  10.480  -8.459  42.521 0.1111110002
46273  12.302  -7.894  43.202 0.1111110002
45352  11.358  -8.500  42.601 0.1111110002
47134  4.534  -6.081  48.947 0.1111110002
47185  11.440  -6.437  41.864 0.1111110002
48098  5.248  -5.138  49.498 0.1111110002
48099  4.564  -5.318  49.821 0.1111110002
48100  3.624  -5.402  49.711 0.1111110002
48103  3.666  -5.786  49.312 0.1111110002
49070  3.421  -4.744  49.461 0.1111110002
49072  5.449  -4.391  49.149 0.1111110002
49073  3.000  -4.893  49.019 0.1111110002
49074  2.772  -4.958  48.612 0.1111110002
49076  6.683  -5.347  48.499 0.2222220004
49077  2.789  -4.727  48.559 0.1111110002
49979  3.732  -4.287  49.483 0.1111110002
49980  5.646  -3.459  48.760 0.2222220004
49983  3.190  -4.161  48.991 0.1111110002
49986  12.898  -4.259  48.164 0.2222220004
49987  6.127  -3.204  48.037 0.3333329856
49994  3.066  -4.151  48.114 0.1111110002
50090  26.925  -3.797  34.446 0.8888890147
50864  3.932  -2.942  48.775 0.1111110002
50865  3.440  -3.511  48.838 0.1111110002
50866  5.842  -2.251  47.793 0.2222220004
50868  4.766  -2.261  48.440 0.1111110002
50869  3.965  -2.595  48.207 0.1111110002
50875  3.552  -3.277  48.162 0.1111110002
50876  13.363  -3.032  46.947 0.2222220004
50877  11.948  -3.173  47.151 0.1111110002
51007  37.183  -2.924  32.397 0.5555559993
51008  36.872  -3.017  32.526 0.5555559993
51036  35.372  -4.002  30.448 0.2222220004
51038  33.819  -3.898  30.252 0.3333329856
51050  34.645  -3.731  29.782 0.2222220004
51755  4.360  -2.746  48.981 0.2222220004
51759  5.633  -1.639  47.208 0.2222220004
51761  4.337  -1.925  47.824 0.1111110002
51762  3.940  -2.631  48.087 0.1111110002
51768  5.313  -1.096  46.593 0.1111110002
51769  4.713  -1.575  47.091 0.1111110002
51770  14.726  -1.775  45.155 0.2222220004
51772  11.165  -1.954  46.245 0.3333329856
51847  32.041  -2.394  35.110 0.6666669846
51896  39.166  -2.167  30.974 0.6666669846
51916  39.815  -1.607  30.385 0.6666669846
51919  37.164  -2.559  29.887 0.2222220004
51921  32.722  -2.899  30.033 0.2222220004
51934  36.281  -2.342  28.527 0.2222220004
51946  36.940  -1.416  27.324 0.1111110002
51950  33.452  -1.482  28.616 0.2222220004
51961  37.029  -1.063  26.635 0.1111110002
52648  15.706  -0.927  42.621 0.1111110002
52669  32.604  -1.287  37.925 0.7777780294
52670  31.998  -1.247  38.099 0.7777780294
52681  33.183  -1.029  37.447 0.7777780294
52688  31.425  -1.398  36.152 0.7777780294
52696  33.201  -1.106  34.850 0.7777780294
52714  38.852  -1.150  31.358 0.6666669846
52716  31.455  -2.493  32.202 0.3333329856
52732  39.629  -0.893  30.612 0.5555559993
52776  40.413  -0.160  28.482 0.4444440007
53544  15.320  0.358  43.957 0.1111110002
53591  34.248  -0.284  36.678 0.8888890147
53593  32.720  -0.784  35.967 0.7777780294
53598  34.445  -0.293  36.217 0.8888890147
53600  33.008  -0.366  35.321 0.7777780294
53603  33.474  -0.160  34.461 0.7777780294
53617  37.934  -0.059  31.332 0.7777780294
53624  40.001  0.103  29.885 0.5555559993
53647  33.144  -0.496  31.220 0.7777780294
53665  40.152  0.850  28.508 0.4444440007
53667  37.571  -0.806  28.203 0.4444440007
53687  36.549  -0.403  26.842 0.2222220004
54374  13.390  0.504  45.533 0.1111110002
54376  14.809  0.736  44.326 0.1111110002
54377  11.772  1.306  44.706 0.2222220004
54379  15.007  0.935  43.656 0.1111110002
54382  15.493  0.254  42.769 0.1111110002
54402  35.757  0.707  40.617 0.8888890147
54410  36.856  0.778  40.198 0.8888890147
54411  35.978  0.602  40.017 0.8888890147
54423  31.708  0.077  38.452 0.8888890147
54451  34.633  0.191  35.910 0.7777780294
54452  33.407  0.362  35.343 0.7777780294
54469  29.704  1.395  33.363 0.4444440007
54492  38.560  0.608  30.014 0.5555559993
54493  37.616  0.264  30.140 0.5555559993
54503  39.524  0.868  29.103 0.5555559993
54504  38.731  0.762  29.424 0.5555559993
54520  40.225  0.691  29.182 0.5555559993
54522  34.318  0.029  28.599 0.4444440007
55165  12.606  1.626  44.766 0.2222220004
55167  13.611  1.962  43.465 0.2222220004
55171  14.165  1.881  43.121 0.2222220004
55188  37.477  1.601  40.186 0.8888890147
55200  34.160  0.893  36.929 0.7777780294
55201  34.109  1.625  36.199 0.7777780294
55207  34.331  0.993  35.670 0.7777780294
55875  37.583  2.509  40.339 0.8888890147
55892  31.007  3.594  36.291 0.5555559993
55908  31.786  2.788  34.508 0.6666669846
56598  36.887  3.596  40.104 0.8888890147
56600  34.530  3.852  38.793 0.8888890147
56601  32.969  3.791  37.783 0.5555559993
56611  30.863  2.927  37.170 0.5555559993
56621  32.986  3.092  36.276 0.8888890147
56623  32.290  4.189  36.109 0.3333329856
56625  30.698  3.287  36.783 0.5555559993
56636  32.700  3.704  35.645 0.8888890147
57325  32.993  3.633  38.730 0.7777780294
57331  34.490  4.478  39.655 0.8888890147
58759  28.346  5.930  31.150 0.1111110002
58819  44.370  6.532  21.313 0.2222220004
59392  30.518  7.526  34.514 0.5555559993
59402  30.006  8.013  33.535 0.5555559993
59409  32.260  7.685  32.922 0.5555559993
59423  31.618  7.178  31.341 0.4444440007
59425  29.961  7.595  30.857 0.2222220004
59426  29.143  7.501  30.924 0.1111110002
59490  42.037  7.069  22.736 0.2222220004
59999  30.999  7.921  34.812 0.5555559993
60005  31.885  8.780  33.905 0.5555559993
60012  32.302  7.927  33.780 0.5555559993
60014  30.353  8.875  33.530 0.5555559993
60020  31.884  8.815  32.343 0.5555559993
60021  31.402  9.034  32.345 0.5555559993
60029  31.328  7.831  31.902 0.5555559993
60067  41.394  8.005  23.342 0.2222220004
60068  41.264  8.424  23.310 0.1111110002
60150  54.238  7.784  12.609 0.1111110002
60151  54.156  7.841  12.693 0.1111110002
60232  52.661  8.154  7.655 0.1111110002
60629  31.269  9.068  34.384 0.5555559993
60635  31.493  9.377  33.696 0.5555559993
60636  31.317  9.369  34.107 0.5555559993
60642  30.905  9.236  34.004 0.5555559993
60698  41.931  8.670  22.855 0.2222220004
60700  41.181  8.672  23.136 0.2222220004
60777  54.271  7.922  12.669 0.1111110002
60778  53.873  8.012  12.846 0.1111110002
60832  55.077  8.842  8.287 0.1111110002
60845  55.057  9.026  7.643 0.1111110002
60846  54.531  8.803  7.769 0.1111110002
60856  54.800  9.183  7.457 0.1111110002
60857  53.284  8.855  7.901 0.1111110002
61340  41.213  9.032  22.864 0.2222220004
61463  55.133  9.455  7.746 0.1111110002
61464  54.769  9.970  7.479 0.1111110002
61477  54.543  9.431  7.474 0.1111110002
62090  54.363  10.323  7.964 0.1111110002
62110  54.997  9.882  7.548 0.1111110002
62753  53.483  11.400  9.559 0.1111110002
62779  53.092  11.164  8.477 0.1111110002
64579  50.208  13.900  10.756 0.1111110002
92832  13.503  -4.910  48.240 0.1111110002
92835  12.318  -5.689  47.759 0.2222220004
92837  14.403  -4.875  47.952 0.1111110002
92843  12.073  -4.364  48.016 0.1111110002
92844  11.704  -4.524  47.358 0.2222220004
92857  30.605  -0.827  38.225 0.8888890147
92863  29.930  0.354  38.056 0.7777780294
92990  36.244  -2.861  32.985 0.5555559993
92991  35.998  -3.115  32.134 0.5555559993
92998  35.296  -2.283  33.618 0.7777780294
92999  34.680  -1.653  33.993 0.7777780294
93016  30.170  2.080  33.194 0.4444440007
93020  30.874  2.301  35.312 0.4444440007
93022  31.810  3.036  33.887 0.5555559993
93039  32.498  4.322  35.526 0.6666669846
93040  31.664  4.692  33.418 0.5555559993
93044  31.838  5.567  34.179 0.5555559993
93045  30.873  3.906  33.638 0.3333329856
93046  31.337  6.900  35.199 0.5555559993
93441  45.912  8.126  20.300 0.2222220004
93445  45.966  10.069  21.681 0.1111110002
93447  46.199  8.738  19.156 0.2222220004
93448  45.632  10.177  18.904 0.1111110002
93451  45.133  9.899  18.607 0.1111110002
93456  44.370  9.685  19.924 0.1111110002
93458  46.706  10.223  19.495 0.1111110002
93473  54.571  8.578  9.479 0.1111110002
93476  54.616  8.279  11.060 0.1111110002
93480  54.427  8.327  12.080 0.1111110002
94983  34.994  1.332  41.217 0.8888890147
95388  36.066  4.436  40.199 0.8888890147
95394  34.077  -2.506  33.925 0.6666669846
95433  34.261  -2.491  34.036 0.6666669846
95635  32.582  4.009  35.248 0.6666669846
95659  29.839  1.357  38.048 0.7777780294
95771  33.770  0.331  33.117 0.7777780294
96107  30.134  -0.911  36.687 0.8888890147
96144  33.130  0.616  32.951 0.6666669846
96513  44.449  10.011  22.312 0.3333329856
96650  45.048  7.172  20.885 0.2222220004
96654  36.954  -0.744  32.114 0.7777780294
96770  32.071  4.339  32.830 0.6666669846
97166  35.283  -1.058  33.396 0.7777780294
97251  35.509  -0.198  32.508 0.7777780294
97453  31.449  3.069  35.370 0.3333329856
97627  31.671  6.061  35.089 0.5555559993
97920  46.352  9.824  18.740 0.2222220004
98583  31.056  2.616  34.668 0.3333329856
98860  32.188  5.935  33.748 0.5555559993
99431  40.514  0.093  29.381 0.4444440007
99464  34.193  0.020  32.194 0.7777780294
99525  54.656  8.009  11.408 0.1111110002
99666  14.568  0.898  42.150 0.1111110002
99697  30.055  1.918  35.287 0.6666669846
99703  31.492  -1.006  36.564 0.7777780294
99999  5.670  -1.193  46.315 0.1111110002
100124  46.935  8.993  21.258 0.2222220004
101215  32.597  4.993  31.017 0.5555559993
101391  30.266  2.611  37.250 0.7777780294
102453  11.066  0.750  44.437 0.1111110002
102767  38.877  -2.352  31.607 0.7777780294
102942  4.626  -1.854  47.939 0.1111110002
102993  12.558  0.572  45.706 0.2222220004
105050  30.734  8.667  32.790 0.5555559993
106304  37.157  -0.656  27.804 0.3333329856
107131  34.027  -0.138  33.697 0.7777780294
107750  40.339  -0.997  29.693 0.5555559993
108031  31.933  3.190  33.406 0.6666669846
108722  36.830  2.536  41.210 0.8888890147
109245  29.636  0.100  36.631 0.7777780294
109517  33.556  3.463  39.658 0.8888890147
109917  30.312  2.983  32.535 0.3333329856
110060  32.282  3.715  34.998 0.5555559993
110179  35.810  3.939  41.042 0.8888890147
110919  31.537  8.611  34.689 0.5555559993
110941  32.315  6.443  33.153 0.5555559993
111474  14.158  -4.904  48.076 0.1111110002
111481  11.471  -2.357  47.012 0.2222220004
112709  46.455  10.332  20.538 0.1111110002
112784  40.529  -0.226  29.246 0.4444440007
113540  33.808  0.008  38.270 0.7777780294
114060  32.885  -1.246  36.757 0.7777780294
114306  34.309  4.482  40.211 0.8888890147
114347  14.739  -3.432  41.794 0.1111110002
114505  54.163  8.415  8.829 0.1111110002
114542  12.322  -2.133  47.059 0.2222220004
114990  13.184  -4.042  48.117 0.2222220004
115039  32.555  4.432  35.277 0.6666669846
115154  12.972  1.830  43.464 0.2222220004
116197  31.859  3.440  36.576 0.5555559993
116562  31.417  4.985  33.694 0.4444440007
116577  28.549  4.430  32.357 0.4444440007
117139  31.531  8.408  34.754 0.5555559993
117333  12.330  -0.201  46.002 0.2222220004
117425  5.132  -2.956  48.850 0.2222220004
