#!ascii label  , from subject sub-v2s1x29911_ses-1 vox2ras=TkReg
856
67740  -21.722  -16.735  47.679 0.0000000000
84013  -38.990  -3.607  34.527 0.0000000000
81769  -45.891  -5.521  30.061 0.0000000000
171372  -55.287  -8.132  24.732 0.0000000000
81647  -35.636  -6.268  36.684 0.0000000000
163577  -50.421  -7.845  28.227 0.0000000000
87625  -50.671  -0.745  17.047 0.0000000000
93869  -53.985  5.153  14.287 0.0000000000
86230  -43.256  -1.939  36.299 0.0000000000
82878  -46.094  -4.615  33.781 0.0000000000
84073  -42.008  -4.351  31.680 0.0000000000
69935  -24.936  -15.045  50.653 0.0000000000
66511  -28.934  -17.194  50.179 0.0000000000
66536  -32.876  -17.648  48.417 0.0000000000
163511  -35.529  -15.585  46.502 0.0000000000
75930  -36.656  -10.832  44.977 0.0000000000
80531  -37.417  -6.587  42.760 0.0000000000
85057  -39.642  -2.780  39.757 0.0000000000
77294  -48.868  -9.490  32.544 0.0000000000
93069  -56.879  4.379  11.744 0.0000000000
86242  -41.122  -2.001  35.417 0.0000000000
86268  -43.327  -2.260  34.139 0.0000000000
84041  -40.578  -3.664  32.674 0.0000000000
68874  -24.933  -15.077  48.307 0.0000000000
67694  -26.541  -15.851  50.369 0.0000000000
77195  -35.748  -9.642  43.074 0.0000000000
78393  -37.130  -8.526  43.749 0.0000000000
161095  -35.940  -7.712  41.725 0.0000000000
82831  -37.269  -4.846  35.892 0.0000000000
83945  -37.578  -3.845  39.038 0.0000000000
85134  -39.258  -2.613  36.941 0.0000000000
87363  -41.609  -1.476  38.105 0.0000000000
82916  -46.728  -4.576  32.619 0.0000000000
79550  -47.929  -7.046  33.331 0.0000000000
80650  -48.654  -6.445  31.737 0.0000000000
77367  -52.961  -8.667  26.695 0.0000000000
76147  -52.332  -9.904  28.345 0.0000000000
76197  -54.367  -9.791  26.237 0.0000000000
77464  -54.312  -9.229  23.055 0.0000000000
89825  -54.592  1.962  18.337 0.0000000000
87596  -54.207  -0.808  20.162 0.0000000000
79513  -34.981  -7.527  37.923 0.0000000000
78609  -50.949  -9.133  23.744 0.0000000000
92045  -51.279  2.847  15.163 0.0000000000
92048  -54.927  3.064  16.578 0.0000000000
89899  -57.079  0.955  11.331 0.0000000000
84014  -42.617  -3.904  35.117 0.0000000000
84017  -44.642  -3.202  34.632 0.0000000000
85208  -44.904  -3.256  32.959 0.0000000000
155132  -23.490  -16.380  49.379 0.0000000000
63901  -29.510  -19.049  47.173 0.0000000000
66523  -31.091  -17.842  49.407 0.0000000000
63920  -31.681  -19.357  46.968 0.0000000000
63922  -34.125  -19.227  47.044 0.0000000000
165768  -36.431  -18.159  46.288 0.0000000000
67790  -37.410  -16.334  45.732 0.0000000000
71054  -36.146  -13.436  45.939 0.0000000000
153576  -38.396  -11.724  43.929 0.0000000000
81607  -36.229  -5.922  39.779 0.0000000000
82749  -38.146  -4.532  41.167 0.0000000000
82752  -40.784  -4.989  40.609 0.0000000000
160220  -41.124  -3.281  39.064 0.0000000000
83985  -41.630  -3.499  36.746 0.0000000000
78537  -49.315  -7.885  29.781 0.0000000000
84170  -52.427  -3.813  21.449 0.0000000000
81841  -55.905  -6.004  21.750 0.0000000000
67709  -21.865  -16.331  49.086 0.0000000000
86241  -40.353  -2.422  35.179 0.0000000000
85163  -40.722  -2.766  34.205 0.0000000000
85191  -39.714  -3.463  33.381 0.0000000000
77218  -35.811  -9.645  40.939 0.0000000000
78416  -35.831  -8.346  42.098 0.0000000000
150167  -35.814  -8.186  40.289 0.0000000000
150138  -38.345  -4.014  34.941 0.0000000000
83984  -38.164  -3.750  36.773 0.0000000000
85149  -39.358  -2.845  35.996 0.0000000000
86226  -40.033  -2.139  36.618 0.0000000000
81748  -47.781  -5.498  31.906 0.0000000000
155563  -47.669  -5.694  30.076 0.0000000000
145635  -54.433  -8.512  25.885 0.0000000000
78575  -54.444  -8.867  26.889 0.0000000000
77406  -55.361  -8.804  25.647 0.0000000000
77428  -54.988  -9.360  24.508 0.0000000000
78624  -56.217  -8.161  24.290 0.0000000000
164330  -55.373  1.835  17.979 0.0000000000
89818  -55.293  1.121  18.652 0.0000000000
87627  -53.693  -0.905  17.163 0.0000000000
92056  -49.426  3.344  14.244 0.0000000000
167585  -51.439  4.270  14.539 0.0000000000
92047  -53.990  3.338  16.458 0.0000000000
93854  -54.693  4.081  15.856 0.0000000000
92060  -55.163  3.500  15.978 0.0000000000
93862  -55.422  4.724  14.939 0.0000000000
92103  -57.804  3.244  11.701 0.0000000000
84000  -43.486  -2.979  35.544 0.0000000000
84016  -44.089  -3.160  35.061 0.0000000000
85164  -43.846  -2.452  35.287 0.0000000000
85206  -43.242  -3.131  32.816 0.0000000000
164193  -43.958  -2.567  33.718 0.0000000000
84057  -43.542  -3.647  32.256 0.0000000000
84076  -44.657  -4.166  31.779 0.0000000000
82941  -43.290  -4.770  31.170 0.0000000000
67711  -24.249  -16.448  49.655 0.0000000000
163764  -25.212  -15.951  50.455 0.0000000000
67695  -27.600  -16.286  50.327 0.0000000000
67730  -32.175  -16.537  48.160 0.0000000000
65208  -32.298  -18.048  48.856 0.0000000000
63883  -31.656  -18.868  48.926 0.0000000000
165320  -32.749  -19.000  48.596 0.0000000000
63921  -32.770  -19.341  46.593 0.0000000000
63906  -34.030  -19.060  47.740 0.0000000000
66565  -36.373  -16.998  46.416 0.0000000000
66566  -37.202  -17.154  45.926 0.0000000000
157718  -36.651  -15.710  46.250 0.0000000000
74706  -35.968  -11.234  44.833 0.0000000000
72193  -35.939  -12.409  44.796 0.0000000000
155960  -36.471  -12.000  45.134 0.0000000000
71063  -37.387  -13.479  45.160 0.0000000000
72194  -37.837  -12.692  44.527 0.0000000000
72195  -38.444  -13.152  44.046 0.0000000000
74708  -37.939  -11.160  44.265 0.0000000000
79475  -37.166  -7.231  43.166 0.0000000000
77196  -37.958  -9.036  43.295 0.0000000000
79477  -38.308  -7.494  42.536 0.0000000000
80533  -38.640  -6.864  42.118 0.0000000000
80567  -35.784  -6.457  39.483 0.0000000000
81626  -36.178  -5.506  38.539 0.0000000000
83946  -38.174  -3.278  39.482 0.0000000000
83929  -37.638  -3.881  39.858 0.0000000000
83931  -39.071  -3.380  40.182 0.0000000000
82751  -39.983  -4.723  40.998 0.0000000000
83932  -39.992  -3.525  40.193 0.0000000000
155566  -41.130  -3.627  39.573 0.0000000000
86214  -42.754  -1.547  37.173 0.0000000000
85115  -42.002  -2.203  37.875 0.0000000000
85136  -42.828  -2.352  36.758 0.0000000000
171535  -42.201  -3.571  35.808 0.0000000000
148721  -23.970  -14.723  49.043 0.0000000000
69923  -23.584  -14.746  51.056 0.0000000000
68840  -23.498  -14.939  51.244 0.0000000000
81695  -45.173  -5.328  34.044 0.0000000000
80617  -46.371  -6.075  33.875 0.0000000000
78484  -48.512  -8.611  33.279 0.0000000000
79623  -49.165  -7.277  28.427 0.0000000000
79611  -49.344  -7.106  29.147 0.0000000000
79612  -50.448  -7.807  28.617 0.0000000000
74940  -52.122  -10.947  27.489 0.0000000000
76129  -51.046  -10.408  29.032 0.0000000000
86413  -54.632  -1.893  20.475 0.0000000000
85336  -52.819  -2.173  20.393 0.0000000000
84179  -53.860  -3.061  21.065 0.0000000000
83037  -54.314  -4.961  21.603 0.0000000000
83074  -55.075  -4.739  20.366 0.0000000000
80751  -55.652  -6.769  20.758 0.0000000000
93058  -53.547  4.368  13.676 0.0000000000
93877  -55.073  5.035  13.634 0.0000000000
148683  -55.441  3.690  12.170 0.0000000000
143422  -56.680  4.074  10.621 0.0000000000
87396  -42.758  -1.532  36.481 0.0000000000
168851  -43.502  -2.065  35.396 0.0000000000
86267  -42.472  -2.192  34.402 0.0000000000
85194  -41.956  -2.982  33.206 0.0000000000
84055  -41.678  -3.894  32.165 0.0000000000
69946  -25.243  -14.925  50.299 0.0000000000
68854  -25.858  -15.379  50.493 0.0000000000
68867  -28.085  -15.863  49.700 0.0000000000
75946  -35.822  -10.345  44.126 0.0000000000
77164  -36.596  -9.649  44.407 0.0000000000
145878  -35.889  -9.083  43.391 0.0000000000
79463  -36.256  -8.050  43.294 0.0000000000
79486  -36.370  -6.992  42.486 0.0000000000
82830  -36.742  -5.297  36.389 0.0000000000
82800  -36.630  -5.067  38.101 0.0000000000
83970  -37.648  -4.185  37.173 0.0000000000
83971  -38.107  -3.548  37.673 0.0000000000
85090  -39.352  -2.334  38.800 0.0000000000
86183  -40.837  -1.986  38.781 0.0000000000
86212  -39.932  -2.034  37.645 0.0000000000
87382  -41.707  -1.368  37.057 0.0000000000
69965  -24.154  -14.931  48.068 0.0000000000
82897  -46.263  -4.367  33.525 0.0000000000
80618  -47.108  -6.137  33.726 0.0000000000
81719  -47.614  -5.777  33.261 0.0000000000
80633  -48.338  -6.851  32.847 0.0000000000
79581  -48.833  -7.893  32.239 0.0000000000
78559  -51.760  -8.017  27.903 0.0000000000
78545  -51.024  -7.971  28.135 0.0000000000
78561  -53.252  -8.693  27.595 0.0000000000
76165  -53.583  -9.719  27.571 0.0000000000
167485  -51.887  0.594  17.488 0.0000000000
87616  -51.852  -0.502  18.309 0.0000000000
88714  -54.519  0.652  19.301 0.0000000000
88706  -55.551  0.057  19.499 0.0000000000
84012  -38.398  -4.157  34.057 0.0000000000
169896  -37.054  -5.326  34.185 0.0000000000
81790  -47.187  -5.933  29.364 0.0000000000
77353  -49.965  -9.383  27.192 0.0000000000
172327  -51.055  -9.450  26.264 0.0000000000
147217  -51.471  -9.384  25.012 0.0000000000
78611  -52.787  -8.583  24.120 0.0000000000
89833  -51.103  0.712  16.340 0.0000000000
90981  -52.984  2.076  17.083 0.0000000000
90991  -54.725  2.628  17.454 0.0000000000
89842  -54.846  2.186  16.771 0.0000000000
93060  -56.862  4.255  13.162 0.0000000000
91047  -56.542  1.771  12.335 0.0000000000
82853  -43.725  -3.998  34.765 0.0000000000
82854  -44.477  -3.837  34.643 0.0000000000
84018  -45.090  -3.300  34.300 0.0000000000
85181  -44.478  -2.606  34.458 0.0000000000
85182  -45.047  -3.014  34.187 0.0000000000
84043  -45.825  -3.832  33.579 0.0000000000
84059  -45.714  -3.713  32.983 0.0000000000
82944  -45.866  -4.554  31.459 0.0000000000
84052  -39.315  -4.253  32.116 0.0000000000
84071  -40.337  -4.524  31.566 0.0000000000
82967  -41.820  -5.256  30.664 0.0000000000
165156  -22.667  -16.340  49.162 0.0000000000
153515  -23.854  -16.773  48.553 0.0000000000
63937  -29.624  -19.289  45.795 0.0000000000
67744  -28.453  -16.058  47.946 0.0000000000
68868  -29.144  -16.179  49.545 0.0000000000
164465  -29.756  -17.347  49.836 0.0000000000
63902  -30.319  -19.223  47.338 0.0000000000
63941  -33.802  -18.754  45.086 0.0000000000
65270  -35.499  -18.557  45.478 0.0000000000
69985  -35.695  -14.534  45.996 0.0000000000
71061  -35.817  -13.658  45.629 0.0000000000
69976  -35.943  -14.521  46.132 0.0000000000
69986  -37.419  -14.817  45.458 0.0000000000
69987  -38.112  -14.995  44.833 0.0000000000
75947  -37.866  -10.128  43.980 0.0000000000
162706  -35.739  -7.512  39.979 0.0000000000
80556  -36.070  -6.758  40.883 0.0000000000
81587  -36.681  -5.961  41.786 0.0000000000
82788  -36.699  -4.984  38.963 0.0000000000
156307  -37.247  -4.619  40.759 0.0000000000
159703  -37.961  -5.583  41.986 0.0000000000
81590  -39.064  -5.837  41.681 0.0000000000
160431  -40.353  -6.130  40.897 0.0000000000
160428  -40.446  -4.940  38.166 0.0000000000
85091  -41.376  -2.178  38.523 0.0000000000
83961  -41.430  -2.990  38.387 0.0000000000
83972  -41.000  -3.930  37.241 0.0000000000
155045  -41.675  -3.788  36.006 0.0000000000
147412  -23.034  -15.591  50.916 0.0000000000
81772  -48.761  -6.413  30.226 0.0000000000
158059  -48.896  -7.945  30.645 0.0000000000
77316  -49.235  -9.779  31.001 0.0000000000
77331  -51.000  -9.485  28.945 0.0000000000
77317  -49.842  -10.234  30.338 0.0000000000
74875  -49.607  -10.823  31.086 0.0000000000
171395  -51.668  -8.105  22.787 0.0000000000
79683  -53.531  -7.609  22.994 0.0000000000
86434  -51.687  -1.869  18.990 0.0000000000
85334  -51.435  -3.073  19.522 0.0000000000
83035  -52.558  -4.740  21.992 0.0000000000
146388  -54.257  -6.435  22.209 0.0000000000
79685  -56.030  -7.699  23.332 0.0000000000
146470  -56.323  -8.124  23.097 0.0000000000
67739  -21.003  -16.843  47.772 0.0000000000
85150  -39.591  -2.967  35.034 0.0000000000
85162  -40.229  -2.830  34.510 0.0000000000
85176  -39.634  -3.267  34.138 0.0000000000
159021  -35.786  -10.164  40.518 0.0000000000
78427  -35.867  -8.950  40.605 0.0000000000
78434  -35.818  -8.890  39.675 0.0000000000
83997  -38.767  -3.529  35.459 0.0000000000
81770  -47.353  -5.313  30.914 0.0000000000
143952  -46.820  -5.501  30.082 0.0000000000
78606  -55.116  -8.500  25.378 0.0000000000
78591  -55.049  -8.739  26.189 0.0000000000
77429  -55.679  -8.553  24.796 0.0000000000
78613  -55.831  -8.376  24.618 0.0000000000
89834  -55.008  1.869  17.295 0.0000000000
88739  -54.566  0.565  17.438 0.0000000000
93048  -51.906  4.444  14.140 0.0000000000
93859  -52.091  4.541  14.500 0.0000000000
93853  -53.464  4.316  15.154 0.0000000000
93860  -54.191  4.798  14.937 0.0000000000
93861  -55.080  4.499  15.466 0.0000000000
94614  -54.833  5.068  14.671 0.0000000000
85152  -43.388  -2.298  35.874 0.0000000000
84056  -42.593  -3.761  32.203 0.0000000000
84075  -43.824  -4.211  31.708 0.0000000000
84074  -42.925  -4.274  31.701 0.0000000000
68841  -24.379  -15.057  50.903 0.0000000000
68853  -25.184  -15.296  50.725 0.0000000000
67696  -28.260  -16.649  50.191 0.0000000000
66509  -27.701  -16.783  50.299 0.0000000000
66535  -32.283  -17.137  48.624 0.0000000000
63884  -32.289  -18.818  48.868 0.0000000000
65221  -32.885  -18.639  48.651 0.0000000000
165607  -33.421  -18.979  48.238 0.0000000000
65222  -33.499  -18.300  48.212 0.0000000000
67753  -35.603  -16.227  46.754 0.0000000000
67770  -36.135  -15.959  46.512 0.0000000000
67771  -36.836  -16.480  46.214 0.0000000000
75929  -36.165  -10.960  44.961 0.0000000000
74699  -36.145  -11.584  45.013 0.0000000000
72186  -37.067  -12.746  45.147 0.0000000000
73426  -37.290  -11.913  44.924 0.0000000000
73427  -37.957  -11.793  44.463 0.0000000000
74707  -37.367  -11.083  44.717 0.0000000000
149907  -37.627  -7.021  42.995 0.0000000000
79476  -37.767  -7.538  43.110 0.0000000000
80532  -38.006  -6.831  42.689 0.0000000000
172155  -37.871  -6.355  42.633 0.0000000000
81625  -35.756  -6.087  38.232 0.0000000000
81633  -35.655  -6.170  37.486 0.0000000000
85056  -38.877  -2.925  39.662 0.0000000000
83933  -40.825  -3.926  40.033 0.0000000000
85058  -40.514  -3.043  39.754 0.0000000000
86229  -43.109  -1.735  36.814 0.0000000000
85137  -43.065  -1.963  36.814 0.0000000000
85151  -43.235  -2.420  36.189 0.0000000000
69945  -24.657  -14.733  50.019 0.0000000000
164222  -23.971  -14.568  50.054 0.0000000000
69934  -24.277  -14.773  50.704 0.0000000000
159202  -45.485  -4.553  34.083 0.0000000000
81696  -45.953  -5.312  33.963 0.0000000000
78485  -48.863  -8.907  32.993 0.0000000000
77293  -48.365  -9.759  32.709 0.0000000000
76088  -48.664  -10.377  32.239 0.0000000000
79642  -49.745  -7.639  28.340 0.0000000000
79624  -49.668  -7.301  28.653 0.0000000000
79625  -50.200  -7.713  28.490 0.0000000000
87614  -50.385  -1.486  17.212 0.0000000000
85324  -54.844  -2.389  20.235 0.0000000000
85323  -54.222  -2.452  20.727 0.0000000000
166055  -54.399  -3.830  20.886 0.0000000000
169402  -41.795  -1.637  35.706 0.0000000000
86243  -42.539  -1.594  35.759 0.0000000000
86257  -41.861  -1.978  35.023 0.0000000000
85178  -40.918  -2.955  33.733 0.0000000000
85179  -41.710  -2.711  33.723 0.0000000000
85193  -41.128  -3.183  33.185 0.0000000000
85204  -41.377  -3.498  32.667 0.0000000000
163834  -25.170  -14.820  49.502 0.0000000000
68878  -28.063  -15.788  48.953 0.0000000000
75973  -35.696  -10.151  42.326 0.0000000000
75958  -35.781  -10.273  43.270 0.0000000000
77180  -35.855  -9.691  43.812 0.0000000000
78407  -35.920  -8.434  42.970 0.0000000000
79485  -36.086  -7.631  42.571 0.0000000000
80542  -36.141  -6.975  41.770 0.0000000000
82816  -37.200  -4.747  36.743 0.0000000000
83983  -37.704  -4.299  36.310 0.0000000000
85148  -38.718  -3.313  36.383 0.0000000000
85133  -38.661  -3.102  37.292 0.0000000000
85113  -38.653  -2.873  38.253 0.0000000000
85114  -39.246  -2.466  37.896 0.0000000000
86195  -39.910  -2.048  38.408 0.0000000000
151804  -40.593  -2.052  35.943 0.0000000000
86227  -40.878  -1.624  36.826 0.0000000000
86228  -41.358  -1.571  36.169 0.0000000000
87395  -42.190  -1.413  36.413 0.0000000000
69956  -24.579  -14.835  48.956 0.0000000000
159190  -46.790  -4.685  33.248 0.0000000000
82898  -47.234  -5.264  33.283 0.0000000000
82917  -47.253  -5.050  32.708 0.0000000000
172590  -48.339  -6.021  31.572 0.0000000000
81735  -48.338  -6.060  32.350 0.0000000000
80643  -48.547  -6.603  32.450 0.0000000000
79580  -48.578  -7.385  32.559 0.0000000000
80644  -48.704  -7.035  31.891 0.0000000000
78572  -52.380  -8.492  27.479 0.0000000000
78560  -52.538  -8.316  27.789 0.0000000000
78573  -52.950  -8.564  27.497 0.0000000000
76179  -54.613  -9.403  26.596 0.0000000000
76166  -54.271  -9.251  27.070 0.0000000000
76178  -53.838  -10.063  26.810 0.0000000000
74958  -52.896  -10.488  27.165 0.0000000000
76216  -53.140  -10.358  24.983 0.0000000000
89824  -52.956  1.520  17.736 0.0000000000
88726  -52.690  0.694  18.246 0.0000000000
167783  -54.052  1.169  18.882 0.0000000000
86435  -55.533  -1.370  19.483 0.0000000000
82848  -37.695  -4.742  34.125 0.0000000000
77365  -50.580  -9.448  26.671 0.0000000000
77425  -50.587  -9.560  24.226 0.0000000000
77426  -51.288  -9.333  24.427 0.0000000000
77404  -52.223  -8.934  24.788 0.0000000000
78610  -51.755  -8.876  23.951 0.0000000000
164563  -50.536  2.877  14.921 0.0000000000
90999  -50.890  2.060  15.346 0.0000000000
89840  -50.658  1.058  15.702 0.0000000000
90990  -51.551  1.446  16.244 0.0000000000
91000  -52.113  2.320  16.069 0.0000000000
92038  -53.560  2.773  16.752 0.0000000000
92039  -54.886  2.814  17.017 0.0000000000
90992  -55.067  2.546  17.358 0.0000000000
91002  -55.082  2.741  16.910 0.0000000000
91001  -54.145  1.859  15.935 0.0000000000
165286  -54.696  2.469  16.075 0.0000000000
93050  -55.517  3.859  15.010 0.0000000000
93886  -56.330  4.743  12.789 0.0000000000
93879  -56.570  4.716  12.942 0.0000000000
93888  -57.045  4.366  12.517 0.0000000000
91058  -57.596  2.052  11.589 0.0000000000
91048  -57.349  2.330  12.130 0.0000000000
82852  -42.833  -4.250  34.695 0.0000000000
82874  -43.094  -4.744  34.244 0.0000000000
82855  -45.076  -3.808  34.383 0.0000000000
86258  -43.417  -2.128  34.835 0.0000000000
86259  -43.871  -2.332  35.049 0.0000000000
86269  -43.949  -2.335  34.569 0.0000000000
85207  -44.228  -3.091  32.966 0.0000000000
159879  -44.826  -2.895  33.788 0.0000000000
84029  -45.441  -3.513  33.953 0.0000000000
84042  -45.377  -3.318  33.689 0.0000000000
82942  -44.162  -4.705  31.170 0.0000000000
84077  -45.456  -4.130  32.020 0.0000000000
67726  -23.064  -16.653  48.390 0.0000000000
152890  -24.940  -16.530  49.799 0.0000000000
67713  -26.244  -16.556  50.140 0.0000000000
63900  -28.703  -18.794  47.027 0.0000000000
63917  -29.160  -19.124  46.395 0.0000000000
67727  -28.803  -15.956  48.577 0.0000000000
65198  -30.411  -17.898  49.680 0.0000000000
171846  -30.437  -18.333  49.406 0.0000000000
65206  -30.975  -18.436  49.248 0.0000000000
63904  -31.978  -19.312  47.873 0.0000000000
63903  -31.151  -19.304  47.571 0.0000000000
63919  -30.815  -19.329  46.554 0.0000000000
150944  -31.562  -19.361  46.090 0.0000000000
162661  -33.447  -19.292  46.436 0.0000000000
63940  -32.875  -19.270  45.894 0.0000000000
159997  -33.329  -19.122  45.572 0.0000000000
146998  -34.173  -19.146  46.060 0.0000000000
65256  -36.219  -17.876  46.623 0.0000000000
65255  -35.824  -18.383  46.648 0.0000000000
63943  -35.542  -18.648  46.254 0.0000000000
65271  -36.141  -18.434  45.977 0.0000000000
65272  -36.826  -18.155  45.761 0.0000000000
66577  -37.812  -17.106  45.410 0.0000000000
65273  -37.309  -17.620  45.554 0.0000000000
66578  -38.126  -16.939  44.910 0.0000000000
67791  -38.073  -16.462  45.061 0.0000000000
72184  -35.966  -13.189  45.685 0.0000000000
72192  -35.968  -12.917  45.404 0.0000000000
71048  -35.882  -13.981  45.973 0.0000000000
71049  -36.137  -14.002  46.034 0.0000000000
69977  -36.625  -14.609  45.931 0.0000000000
71055  -36.876  -13.941  45.677 0.0000000000
71056  -37.795  -14.195  45.055 0.0000000000
152403  -38.440  -14.369  44.455 0.0000000000
68934  -38.382  -15.750  44.649 0.0000000000
72200  -38.712  -12.673  43.697 0.0000000000
73434  -38.967  -12.103  43.405 0.0000000000
78374  -36.942  -9.134  44.134 0.0000000000
77166  -37.487  -9.933  44.304 0.0000000000
77182  -37.549  -9.318  43.912 0.0000000000
155572  -35.589  -7.963  39.432 0.0000000000
79514  -35.266  -7.712  38.600 0.0000000000
80568  -36.129  -6.327  40.348 0.0000000000
80557  -36.391  -6.201  41.299 0.0000000000
81608  -36.487  -5.695  40.599 0.0000000000
82789  -37.104  -4.479  38.540 0.0000000000
82774  -37.113  -4.362  39.465 0.0000000000
83915  -37.736  -4.171  40.577 0.0000000000
82762  -37.173  -4.428  40.237 0.0000000000
157854  -37.547  -4.642  41.065 0.0000000000
82748  -37.128  -5.011  41.203 0.0000000000
82738  -37.691  -5.004  41.563 0.0000000000
169040  -38.492  -5.713  41.912 0.0000000000
82739  -38.558  -5.163  41.646 0.0000000000
160765  -40.282  -5.468  40.942 0.0000000000
149966  -41.253  -4.277  39.444 0.0000000000
161857  -41.054  -4.034  38.677 0.0000000000
86197  -41.407  -1.575  38.274 0.0000000000
85135  -42.284  -2.727  37.135 0.0000000000
83973  -41.633  -3.168  37.588 0.0000000000
82803  -41.166  -3.653  38.006 0.0000000000
82818  -40.909  -4.152  36.428 0.0000000000
83999  -42.810  -3.347  35.663 0.0000000000
83998  -41.939  -4.017  35.368 0.0000000000
67691  -23.891  -15.783  50.631 0.0000000000
67710  -23.143  -16.033  50.024 0.0000000000
80619  -47.693  -6.322  33.530 0.0000000000
79548  -46.703  -6.928  33.679 0.0000000000
79549  -47.452  -6.996  33.528 0.0000000000
81804  -47.620  -6.306  28.758 0.0000000000
81791  -48.024  -6.069  29.380 0.0000000000
79603  -48.938  -7.225  30.170 0.0000000000
78523  -49.008  -8.761  30.725 0.0000000000
78524  -49.453  -9.075  29.999 0.0000000000
77342  -52.377  -8.877  28.267 0.0000000000
77341  -51.602  -8.556  28.399 0.0000000000
76130  -51.714  -9.673  28.623 0.0000000000
76128  -50.468  -10.407  29.605 0.0000000000
74889  -50.031  -10.781  30.407 0.0000000000
74888  -49.606  -11.028  30.547 0.0000000000
79682  -52.426  -7.747  22.735 0.0000000000
79698  -52.957  -7.243  22.428 0.0000000000
87604  -52.258  -0.944  18.986 0.0000000000
87603  -51.349  -1.429  18.343 0.0000000000
86423  -52.782  -1.442  19.764 0.0000000000
85321  -52.720  -2.749  20.755 0.0000000000
84189  -52.033  -2.933  20.172 0.0000000000
84177  -51.999  -3.504  20.727 0.0000000000
84176  -51.250  -4.051  20.528 0.0000000000
84169  -51.575  -4.221  21.180 0.0000000000
83055  -51.944  -4.562  21.819 0.0000000000
83056  -52.956  -4.202  21.855 0.0000000000
81854  -55.297  -5.426  21.349 0.0000000000
81839  -53.738  -5.587  21.911 0.0000000000
80730  -55.432  -6.467  22.222 0.0000000000
80719  -54.998  -7.010  22.691 0.0000000000
80720  -56.084  -7.004  22.564 0.0000000000
79686  -56.318  -7.796  23.067 0.0000000000
79701  -56.347  -7.026  22.182 0.0000000000
86255  -40.897  -2.389  34.746 0.0000000000
85177  -40.266  -3.111  33.838 0.0000000000
85192  -40.382  -3.336  33.226 0.0000000000
169299  -35.751  -9.686  41.678 0.0000000000
154953  -35.717  -9.169  42.455 0.0000000000
155971  -35.807  -9.019  41.474 0.0000000000
158860  -35.864  -8.275  41.172 0.0000000000
83996  -37.839  -4.345  35.461 0.0000000000
156388  -38.221  -3.886  35.961 0.0000000000
86240  -39.956  -2.456  35.698 0.0000000000
82945  -46.493  -4.628  31.852 0.0000000000
82946  -47.071  -4.938  31.844 0.0000000000
143477  -48.067  -5.768  30.898 0.0000000000
77383  -53.249  -8.645  25.685 0.0000000000
78574  -53.665  -8.684  27.160 0.0000000000
77368  -54.232  -8.644  26.529 0.0000000000
165853  -54.914  -8.858  26.507 0.0000000000
77384  -55.118  -9.183  26.183 0.0000000000
76217  -54.333  -9.850  25.599 0.0000000000
77405  -55.250  -9.248  25.397 0.0000000000
77450  -55.582  -8.808  23.884 0.0000000000
90983  -55.114  2.208  17.786 0.0000000000
89826  -55.355  1.878  18.274 0.0000000000
88727  -55.354  1.195  18.258 0.0000000000
87628  -54.795  -0.110  18.016 0.0000000000
93035  -50.741  4.053  14.340 0.0000000000
92058  -51.363  3.738  14.837 0.0000000000
92046  -52.470  3.057  15.770 0.0000000000
93036  -52.694  3.774  15.299 0.0000000000
93029  -54.304  3.719  16.200 0.0000000000
92049  -55.012  3.412  16.345 0.0000000000
91013  -55.005  3.014  16.549 0.0000000000
93030  -55.103  3.811  15.930 0.0000000000
93037  -55.319  4.096  15.450 0.0000000000
93051  -56.014  4.355  14.377 0.0000000000
93079  -57.227  4.231  11.126 0.0000000000
167470  -57.499  4.013  11.489 0.0000000000
93080  -57.722  3.843  10.815 0.0000000000
172512  -57.908  2.920  11.089 0.0000000000
89910  -56.746  -0.164  11.048 0.0000000000
84015  -43.385  -3.544  35.213 0.0000000000
85165  -44.328  -2.678  34.846 0.0000000000
85195  -42.889  -2.731  33.362 0.0000000000
149611  -45.115  -3.702  32.421 0.0000000000
84058  -44.421  -3.633  32.332 0.0000000000
67692  -24.771  -15.773  50.604 0.0000000000
149392  -25.580  -16.563  49.967 0.0000000000
65218  -29.493  -18.515  48.697 0.0000000000
65207  -31.661  -18.326  49.106 0.0000000000
63893  -32.226  -19.126  48.613 0.0000000000
156368  -32.479  -19.358  47.294 0.0000000000
63905  -32.769  -19.201  48.140 0.0000000000
151800  -33.374  -19.284  47.479 0.0000000000
65257  -36.815  -17.766  46.127 0.0000000000
73432  -35.921  -11.677  44.475 0.0000000000
162709  -35.998  -11.810  44.941 0.0000000000
73421  -36.090  -12.423  45.167 0.0000000000
72185  -36.228  -12.904  45.402 0.0000000000
71064  -38.097  -13.575  44.577 0.0000000000
79464  -36.778  -7.883  43.489 0.0000000000
78394  -37.652  -8.398  43.461 0.0000000000
78408  -38.062  -8.214  42.953 0.0000000000
80545  -39.018  -6.400  41.814 0.0000000000
80578  -35.017  -7.114  37.565 0.0000000000
156645  -35.236  -7.044  38.298 0.0000000000
80573  -35.514  -6.520  38.677 0.0000000000
81618  -35.949  -6.033  38.977 0.0000000000
81619  -36.415  -5.476  39.333 0.0000000000
83930  -38.313  -3.570  40.057 0.0000000000
83916  -38.579  -3.955  40.706 0.0000000000
82750  -39.027  -4.559  41.169 0.0000000000
83917  -39.532  -3.988  40.727 0.0000000000
83918  -40.480  -4.236  40.598 0.0000000000
86198  -41.901  -1.362  37.871 0.0000000000
85092  -41.791  -1.562  38.056 0.0000000000
86213  -42.298  -1.451  37.660 0.0000000000
85116  -42.648  -2.091  37.234 0.0000000000
83986  -42.422  -3.137  36.320 0.0000000000
145230  -23.149  -14.544  49.356 0.0000000000
69933  -23.562  -14.411  50.655 0.0000000000
71032  -23.033  -14.341  51.285 0.0000000000
79563  -47.942  -7.867  33.443 0.0000000000
78483  -47.687  -8.635  33.463 0.0000000000
77283  -48.091  -9.273  33.151 0.0000000000
80686  -48.806  -6.863  28.566 0.0000000000
167762  -48.992  -6.709  28.985 0.0000000000
80687  -49.285  -7.001  28.704 0.0000000000
157785  -49.870  -7.483  29.022 0.0000000000
78538  -50.067  -8.159  29.184 0.0000000000
86425  -54.615  -1.384  20.319 0.0000000000
86424  -53.640  -1.525  20.392 0.0000000000
85322  -53.794  -2.006  20.672 0.0000000000
157499  -53.408  -2.568  20.918 0.0000000000
84171  -53.476  -3.616  21.500 0.0000000000
83057  -53.920  -4.218  21.600 0.0000000000
83058  -54.776  -4.714  21.043 0.0000000000
81855  -56.056  -5.950  21.298 0.0000000000
80741  -56.390  -6.599  21.633 0.0000000000
93049  -53.128  4.725  14.098 0.0000000000
93876  -54.177  4.948  13.902 0.0000000000
146138  -54.592  4.661  13.374 0.0000000000
93059  -55.620  4.713  12.962 0.0000000000
93068  -56.371  4.536  12.287 0.0000000000
93078  -56.190  3.879  11.449 0.0000000000
155804  -56.920  4.279  11.222 0.0000000000
93090  -57.413  4.110  10.300 0.0000000000
87384  -43.258  -1.766  36.468 0.0000000000
86245  -43.396  -2.107  35.674 0.0000000000
86244  -43.262  -1.863  35.811 0.0000000000
153567  -42.832  -1.866  35.210 0.0000000000
86256  -41.400  -2.482  34.267 0.0000000000
85180  -42.477  -2.519  33.721 0.0000000000
85205  -42.265  -3.313  32.711 0.0000000000
150316  -25.481  -15.191  50.552 0.0000000000
69936  -26.014  -15.193  50.241 0.0000000000
147108  -27.140  -15.934  50.300 0.0000000000
68856  -27.804  -16.071  50.142 0.0000000000
68857  -28.517  -16.198  49.908 0.0000000000
68905  -35.368  -15.323  46.317 0.0000000000
74713  -35.824  -11.021  44.294 0.0000000000
75936  -35.973  -10.636  44.641 0.0000000000
75937  -36.360  -10.367  44.710 0.0000000000
145690  -36.093  -9.985  44.318 0.0000000000
77181  -36.158  -9.229  43.981 0.0000000000
78392  -36.518  -8.659  43.765 0.0000000000
78391  -36.113  -8.655  43.529 0.0000000000
79474  -36.492  -7.342  43.051 0.0000000000
80530  -36.758  -6.757  42.699 0.0000000000
81648  -36.187  -5.730  36.937 0.0000000000
81634  -36.113  -5.579  37.763 0.0000000000
82815  -36.658  -5.162  37.237 0.0000000000
82801  -37.135  -4.617  37.620 0.0000000000
83959  -37.599  -4.015  38.091 0.0000000000
83960  -38.102  -3.336  38.636 0.0000000000
85089  -38.762  -2.753  39.141 0.0000000000
85072  -39.529  -2.448  39.320 0.0000000000
85073  -40.270  -2.356  39.320 0.0000000000
86182  -40.181  -2.113  38.924 0.0000000000
86196  -40.811  -1.641  38.357 0.0000000000
87370  -41.300  -1.384  37.770 0.0000000000
87371  -41.912  -1.360  37.851 0.0000000000
87383  -42.463  -1.191  37.253 0.0000000000
87373  -42.877  -1.612  37.093 0.0000000000
81697  -46.652  -5.422  33.764 0.0000000000
82879  -46.721  -4.984  33.529 0.0000000000
81698  -47.249  -5.694  33.519 0.0000000000
81699  -47.773  -6.097  33.357 0.0000000000
81734  -47.749  -5.622  32.820 0.0000000000
81720  -48.153  -6.202  32.992 0.0000000000
80620  -48.077  -6.613  33.204 0.0000000000
79564  -48.320  -7.570  33.065 0.0000000000
79565  -48.790  -8.285  32.906 0.0000000000
78497  -48.951  -8.745  32.549 0.0000000000
78558  -51.001  -7.961  27.993 0.0000000000
78546  -52.122  -8.090  27.933 0.0000000000
78547  -52.774  -8.464  27.920 0.0000000000
78562  -53.948  -8.880  27.294 0.0000000000
77355  -53.722  -9.117  27.529 0.0000000000
76148  -53.107  -9.201  27.984 0.0000000000
143014  -52.784  -10.246  27.941 0.0000000000
88725  -51.437  -0.199  17.597 0.0000000000
88713  -53.019  0.139  18.961 0.0000000000
87605  -53.535  -0.381  19.549 0.0000000000
164925  -55.161  1.448  18.755 0.0000000000
88705  -55.017  0.009  19.707 0.0000000000
87597  -55.340  -0.647  19.869 0.0000000000
85337  -55.229  -2.378  19.579 0.0000000000
84028  -39.105  -3.700  33.675 0.0000000000
82870  -38.054  -4.509  33.217 0.0000000000
81661  -35.612  -6.388  35.879 0.0000000000
82846  -36.797  -5.418  35.559 0.0000000000
82847  -37.324  -4.939  34.972 0.0000000000
84011  -37.909  -4.448  34.715 0.0000000000
81789  -46.298  -5.958  29.395 0.0000000000
81803  -46.718  -6.344  28.802 0.0000000000
80685  -48.045  -6.802  28.449 0.0000000000
172415  -49.168  -7.644  28.240 0.0000000000
78557  -49.143  -8.219  28.067 0.0000000000
158690  -50.133  -8.151  27.882 0.0000000000
77354  -50.914  -8.637  27.529 0.0000000000
77366  -51.502  -9.049  27.103 0.0000000000
165723  -51.805  -9.163  26.402 0.0000000000
77381  -51.137  -9.508  25.559 0.0000000000
77382  -52.064  -9.129  25.620 0.0000000000
78605  -53.641  -8.515  24.963 0.0000000000
78612  -54.080  -8.278  24.399 0.0000000000
88746  -50.517  0.240  15.993 0.0000000000
88736  -51.052  0.127  16.833 0.0000000000
88737  -51.819  1.082  17.008 0.0000000000
90982  -54.388  2.324  17.777 0.0000000000
89841  -53.611  0.898  16.243 0.0000000000
92059  -54.561  2.632  15.350 0.0000000000
94623  -55.352  5.062  13.950 0.0000000000
93872  -56.342  4.657  13.665 0.0000000000
92074  -56.438  3.952  13.769 0.0000000000
93061  -57.288  3.689  12.732 0.0000000000
143637  -57.068  2.720  12.695 0.0000000000
82875  -44.000  -4.674  34.333 0.0000000000
82876  -44.810  -4.588  34.295 0.0000000000
82877  -45.504  -3.902  34.021 0.0000000000
85166  -44.713  -2.893  34.481 0.0000000000
84030  -45.832  -4.130  33.778 0.0000000000
84060  -46.320  -4.179  33.173 0.0000000000
82915  -46.172  -4.227  32.383 0.0000000000
84039  -39.235  -3.873  32.904 0.0000000000
84040  -39.867  -3.787  32.728 0.0000000000
84053  -40.073  -4.133  32.092 0.0000000000
84054  -40.828  -4.018  32.117 0.0000000000
84072  -41.125  -4.424  31.631 0.0000000000
82940  -42.369  -4.816  31.183 0.0000000000
81788  -45.398  -6.094  29.417 0.0000000000
167002  -22.205  -16.563  48.352 0.0000000000
67742  -23.494  -16.954  47.574 0.0000000000
67693  -25.842  -15.726  50.514 0.0000000000
146562  -28.680  -15.948  49.274 0.0000000000
67697  -29.166  -16.715  49.917 0.0000000000
65204  -29.395  -17.671  49.831 0.0000000000
63890  -29.913  -18.928  48.038 0.0000000000
65220  -31.072  -18.911  48.833 0.0000000000
63918  -29.936  -19.242  46.516 0.0000000000
63939  -32.257  -19.311  45.874 0.0000000000
63894  -34.127  -18.725  47.918 0.0000000000
63907  -34.676  -18.937  47.394 0.0000000000
63923  -34.707  -19.132  46.753 0.0000000000
63942  -34.941  -18.918  46.129 0.0000000000
65289  -37.103  -17.914  44.983 0.0000000000
69974  -35.389  -15.174  46.227 0.0000000000
69975  -35.675  -14.804  46.079 0.0000000000
71062  -35.991  -13.317  44.760 0.0000000000
68906  -35.863  -15.172  46.354 0.0000000000
68907  -36.403  -15.044  46.190 0.0000000000
68920  -37.094  -15.382  45.874 0.0000000000
68921  -37.787  -15.673  45.260 0.0000000000
75938  -37.068  -10.208  44.688 0.0000000000
75939  -37.648  -10.524  44.311 0.0000000000
154908  -38.096  -10.859  43.910 0.0000000000
75948  -38.257  -10.480  43.582 0.0000000000
74715  -38.583  -11.232  43.498 0.0000000000
79493  -35.882  -7.453  40.862 0.0000000000
79505  -35.537  -7.106  39.202 0.0000000000
79499  -35.859  -6.910  40.104 0.0000000000
80543  -36.482  -6.449  42.128 0.0000000000
80544  -36.932  -6.147  42.354 0.0000000000
82773  -36.788  -4.904  39.812 0.0000000000
82761  -36.841  -5.021  40.608 0.0000000000
81597  -36.704  -5.507  41.261 0.0000000000
81588  -37.171  -5.576  41.814 0.0000000000
81580  -37.587  -6.022  42.394 0.0000000000
81589  -38.335  -6.186  42.213 0.0000000000
80546  -39.655  -6.304  41.371 0.0000000000
82740  -39.464  -5.259  41.323 0.0000000000
81591  -39.780  -5.808  41.240 0.0000000000
85074  -40.888  -2.671  39.190 0.0000000000
82833  -41.058  -4.335  35.592 0.0000000000
68864  -22.392  -15.995  49.971 0.0000000000
81771  -48.367  -6.059  30.143 0.0000000000
81749  -48.653  -6.233  30.917 0.0000000000
80656  -48.864  -6.741  29.732 0.0000000000
80651  -48.780  -6.724  30.859 0.0000000000
79593  -48.817  -7.477  31.254 0.0000000000
78511  -48.910  -8.363  31.576 0.0000000000
77303  -48.980  -9.274  31.825 0.0000000000
78539  -50.818  -8.341  28.731 0.0000000000
77330  -50.143  -9.334  29.416 0.0000000000
76103  -49.514  -10.605  31.166 0.0000000000
76089  -49.013  -10.112  31.827 0.0000000000
156094  -51.334  -8.606  23.218 0.0000000000
78621  -52.167  -8.407  23.361 0.0000000000
78622  -53.199  -8.101  23.539 0.0000000000
78623  -54.506  -7.914  23.844 0.0000000000
87615  -51.004  -1.052  17.715 0.0000000000
86433  -50.957  -2.248  18.352 0.0000000000
85335  -51.955  -2.378  19.631 0.0000000000
85333  -50.643  -3.574  19.044 0.0000000000
83034  -51.191  -5.214  21.887 0.0000000000
156060  -52.028  -6.089  22.029 0.0000000000
83036  -53.365  -4.744  21.922 0.0000000000
81838  -52.731  -5.420  22.023 0.0000000000
156659  -53.074  -6.502  22.102 0.0000000000
80729  -53.843  -7.062  22.595 0.0000000000
79684  -54.801  -7.597  23.203 0.0000000000
79676  -55.940  -7.960  24.263 0.0000000000
78614  -56.374  -8.045  23.917 0.0000000000
78637  -56.308  -8.236  23.615 0.0000000000
78649  -55.435  -8.411  22.460 0.0000000000
79711  -55.742  -7.332  21.300 0.0000000000
147256  -54.933  -7.892  21.528 0.0000000000
78636  -54.281  -8.846  22.403 0.0000000000
63892  -31.485  -19.170  48.421 0.0000000000
65197  -29.883  -17.778  49.758 0.0000000000
74700  -36.388  -11.310  45.066 0.0000000000
74701  -36.806  -11.364  45.102 0.0000000000
74920  -51.999  -10.713  28.225 0.0000000000
76102  -49.178  -10.682  31.620 0.0000000000
77165  -37.161  -9.644  44.342 0.0000000000
77284  -48.676  -9.197  33.023 0.0000000000
77369  -54.958  -9.021  26.564 0.0000000000
78592  -55.151  -8.927  26.282 0.0000000000
78638  -56.398  -7.964  23.362 0.0000000000
79465  -37.327  -7.888  43.439 0.0000000000
79687  -56.401  -7.164  22.506 0.0000000000
79699  -55.764  -7.820  22.072 0.0000000000
79700  -56.396  -7.494  22.740 0.0000000000
79712  -56.304  -7.144  21.863 0.0000000000
80731  -56.232  -6.698  22.051 0.0000000000
80732  -56.335  -6.837  21.962 0.0000000000
80740  -56.152  -6.796  21.275 0.0000000000
81792  -48.666  -6.346  29.493 0.0000000000
81840  -54.870  -5.702  21.856 0.0000000000
81842  -56.378  -6.357  21.662 0.0000000000
81856  -56.299  -6.227  21.337 0.0000000000
81877  -56.038  -5.964  21.019 0.0000000000
83059  -55.655  -5.417  20.864 0.0000000000
84027  -38.666  -4.015  33.246 0.0000000000
84178  -52.926  -3.122  21.200 0.0000000000
84188  -51.351  -3.628  19.935 0.0000000000
85352  -51.217  -2.703  18.942 0.0000000000
86426  -55.135  -1.556  20.073 0.0000000000
87372  -42.402  -1.402  37.544 0.0000000000
88715  -55.391  0.640  19.171 0.0000000000
92057  -50.275  3.634  14.581 0.0000000000
92073  -55.926  3.655  14.237 0.0000000000
92083  -56.746  3.294  13.232 0.0000000000
92093  -57.487  3.198  12.302 0.0000000000
93038  -55.702  4.429  14.930 0.0000000000
93070  -57.435  3.874  12.100 0.0000000000
93870  -54.777  5.161  14.096 0.0000000000
93871  -55.818  4.885  14.303 0.0000000000
93878  -55.898  4.947  13.428 0.0000000000
93887  -56.755  4.658  12.339 0.0000000000
93897  -57.082  4.302  11.855 0.0000000000
94615  -55.282  5.095  14.385 0.0000000000
143595  -53.019  4.873  14.377 0.0000000000
147755  -57.695  1.999  10.846 0.0000000000
148320  -36.634  -13.273  45.544 0.0000000000
150472  -40.575  -1.618  37.518 0.0000000000
151169  -55.358  -8.746  23.160 0.0000000000
161331  -36.571  -5.391  40.036 0.0000000000
161425  -51.894  -5.218  22.029 0.0000000000
168360  -53.149  -2.328  20.788 0.0000000000
168870  -36.542  -9.180  44.090 0.0000000000
169328  -38.264  -3.959  35.456 0.0000000000
170764  -38.256  -12.423  44.060 0.0000000000
171292  -56.251  -8.135  24.269 0.0000000000
