#!ascii label  , from subject sub-v2s1x29911_ses-1 vox2ras=TkReg
569
65142  -26.088  -19.447  -40.178 0.0000000000
60245  -21.957  -22.881  -37.617 0.0000000000
61261  -28.648  -22.390  -35.988 0.0000000000
57202  -24.003  -25.388  -34.662 0.0000000000
80366  -27.070  -7.479  -44.756 0.0000000000
76935  -27.250  -10.245  -41.484 0.0000000000
68747  -20.423  -16.089  -43.423 0.0000000000
54689  -22.365  -27.410  -31.505 0.0000000000
58330  -22.571  -24.053  -36.158 0.0000000000
58303  -21.517  -25.026  -34.217 0.0000000000
79265  -26.874  -8.810  -43.076 0.0000000000
73271  -21.345  -12.940  -45.448 0.0000000000
65151  -21.640  -19.731  -40.923 0.0000000000
67624  -19.372  -17.351  -41.175 0.0000000000
67638  -23.108  -17.807  -42.874 0.0000000000
70902  -24.948  -15.258  -42.134 0.0000000000
150927  -27.948  -17.254  -39.922 0.0000000000
65106  -29.660  -18.624  -38.099 0.0000000000
62506  -20.328  -20.981  -38.528 0.0000000000
61335  -23.588  -22.071  -39.600 0.0000000000
62480  -27.529  -21.302  -37.907 0.0000000000
149961  -25.609  -23.244  -37.906 0.0000000000
58334  -26.499  -24.578  -35.437 0.0000000000
147971  -26.992  -27.283  -34.137 0.0000000000
73205  -17.105  -12.769  -41.760 0.0000000000
72014  -23.981  -13.782  -44.228 0.0000000000
74380  -28.738  -12.440  -39.863 0.0000000000
57185  -20.741  -25.572  -32.860 0.0000000000
172194  -23.224  -26.447  -32.856 0.0000000000
59251  -20.432  -23.947  -35.004 0.0000000000
58301  -19.663  -24.361  -33.471 0.0000000000
74501  -20.973  -12.095  -45.528 0.0000000000
170693  -17.678  -12.297  -45.027 0.0000000000
65153  -23.427  -20.025  -41.098 0.0000000000
66457  -22.564  -18.848  -42.058 0.0000000000
66460  -24.616  -18.559  -41.639 0.0000000000
67617  -25.387  -17.819  -41.217 0.0000000000
155765  -26.663  -18.167  -40.342 0.0000000000
66401  -29.524  -17.963  -38.759 0.0000000000
66425  -28.011  -18.889  -39.493 0.0000000000
61283  -21.351  -22.151  -38.101 0.0000000000
61333  -21.799  -21.526  -39.348 0.0000000000
61298  -22.624  -22.382  -38.921 0.0000000000
60282  -24.422  -22.567  -39.140 0.0000000000
60247  -22.976  -23.085  -38.075 0.0000000000
58314  -23.561  -24.901  -35.166 0.0000000000
58332  -24.577  -24.585  -35.891 0.0000000000
57216  -25.037  -25.012  -35.367 0.0000000000
57205  -27.167  -25.467  -34.478 0.0000000000
55970  -25.155  -26.073  -34.245 0.0000000000
79309  -25.334  -8.219  -45.832 0.0000000000
80392  -25.202  -7.776  -46.340 0.0000000000
82548  -27.639  -6.054  -45.579 0.0000000000
84887  -29.536  -3.643  -46.215 0.0000000000
82539  -29.318  -5.550  -44.082 0.0000000000
78149  -27.168  -9.128  -42.409 0.0000000000
68735  -19.509  -16.084  -42.274 0.0000000000
70901  -18.381  -14.478  -41.775 0.0000000000
70911  -18.222  -13.929  -42.809 0.0000000000
70935  -20.292  -14.478  -44.716 0.0000000000
69846  -21.993  -14.994  -44.447 0.0000000000
70873  -27.124  -14.446  -40.165 0.0000000000
71971  -26.898  -13.671  -40.923 0.0000000000
73162  -29.371  -13.122  -39.530 0.0000000000
61273  -28.452  -21.944  -36.650 0.0000000000
62482  -29.029  -20.920  -37.025 0.0000000000
55895  -20.751  -26.847  -31.246 0.0000000000
55912  -21.212  -26.473  -31.924 0.0000000000
55931  -21.982  -26.284  -32.475 0.0000000000
54690  -23.009  -27.394  -31.865 0.0000000000
60228  -20.934  -22.762  -36.782 0.0000000000
59281  -21.999  -23.273  -37.035 0.0000000000
165101  -21.503  -23.759  -35.952 0.0000000000
58312  -21.932  -24.616  -34.994 0.0000000000
57200  -22.425  -25.144  -34.383 0.0000000000
78199  -24.507  -9.453  -45.330 0.0000000000
80352  -27.001  -8.103  -44.328 0.0000000000
76984  -24.269  -10.689  -44.985 0.0000000000
75725  -24.520  -11.203  -44.461 0.0000000000
145519  -24.652  -11.927  -44.027 0.0000000000
65149  -20.260  -19.238  -40.186 0.0000000000
164492  -20.427  -18.434  -41.248 0.0000000000
67635  -20.911  -17.535  -42.535 0.0000000000
68737  -21.430  -16.966  -43.188 0.0000000000
69834  -23.142  -15.973  -43.545 0.0000000000
163873  -24.619  -16.746  -42.170 0.0000000000
69800  -25.991  -15.998  -40.954 0.0000000000
69790  -28.544  -15.570  -39.469 0.0000000000
68684  -30.174  -16.660  -38.609 0.0000000000
53377  -23.331  -28.886  -30.838 0.0000000000
53389  -23.564  -28.286  -31.469 0.0000000000
166357  -21.334  -20.510  -39.908 0.0000000000
63841  -22.735  -20.632  -40.543 0.0000000000
63827  -24.948  -20.539  -40.092 0.0000000000
63809  -26.490  -20.594  -39.414 0.0000000000
61319  -25.873  -21.641  -39.001 0.0000000000
61284  -26.628  -22.271  -38.060 0.0000000000
60231  -27.404  -22.962  -36.565 0.0000000000
59283  -23.845  -23.808  -37.282 0.0000000000
59285  -25.449  -24.009  -36.690 0.0000000000
59265  -27.358  -23.548  -35.861 0.0000000000
59252  -27.870  -24.354  -34.837 0.0000000000
57206  -27.958  -25.898  -34.226 0.0000000000
81390  -29.217  -6.474  -43.174 0.0000000000
72022  -18.481  -13.635  -44.514 0.0000000000
72046  -22.392  -13.711  -45.315 0.0000000000
160403  -25.696  -12.160  -42.621 0.0000000000
70913  -24.206  -14.758  -43.217 0.0000000000
73212  -26.070  -13.157  -42.171 0.0000000000
75642  -27.422  -11.525  -40.744 0.0000000000
63793  -28.903  -19.839  -37.977 0.0000000000
63781  -30.886  -19.847  -36.875 0.0000000000
58293  -19.591  -24.533  -32.931 0.0000000000
57192  -21.109  -25.340  -33.521 0.0000000000
57193  -22.053  -25.509  -33.689 0.0000000000
55948  -23.420  -26.072  -33.366 0.0000000000
54691  -23.836  -27.726  -32.031 0.0000000000
55934  -24.526  -26.882  -33.114 0.0000000000
55950  -24.827  -26.521  -33.707 0.0000000000
75650  -15.923  -11.012  -42.394 0.0000000000
153479  -24.855  -19.645  -40.877 0.0000000000
65162  -23.737  -19.252  -41.573 0.0000000000
66447  -24.914  -19.068  -41.159 0.0000000000
66448  -25.483  -18.602  -40.962 0.0000000000
66437  -26.697  -18.871  -40.155 0.0000000000
66438  -27.366  -18.896  -39.855 0.0000000000
65143  -26.725  -19.504  -39.835 0.0000000000
60244  -21.311  -22.505  -37.544 0.0000000000
61282  -20.772  -21.991  -37.777 0.0000000000
148190  -22.096  -22.207  -38.707 0.0000000000
169478  -22.382  -22.533  -38.512 0.0000000000
60264  -22.836  -22.712  -38.557 0.0000000000
60246  -22.421  -22.840  -38.114 0.0000000000
58315  -24.305  -24.990  -35.278 0.0000000000
57203  -24.740  -25.493  -34.769 0.0000000000
80364  -25.865  -8.069  -45.185 0.0000000000
80378  -26.491  -7.430  -45.444 0.0000000000
81409  -27.204  -6.783  -45.291 0.0000000000
82549  -28.299  -5.616  -45.153 0.0000000000
83716  -29.784  -5.014  -44.376 0.0000000000
81400  -28.220  -6.440  -44.176 0.0000000000
78136  -26.906  -9.864  -42.143 0.0000000000
78137  -27.540  -9.456  -41.734 0.0000000000
78138  -28.385  -9.045  -41.392 0.0000000000
78127  -27.947  -9.810  -40.934 0.0000000000
69820  -19.756  -15.721  -43.074 0.0000000000
69819  -19.100  -15.157  -42.349 0.0000000000
70912  -18.748  -14.394  -43.032 0.0000000000
69829  -19.382  -14.900  -43.411 0.0000000000
153569  -18.935  -14.291  -43.843 0.0000000000
69830  -20.086  -15.384  -43.746 0.0000000000
70874  -28.675  -14.726  -39.373 0.0000000000
71940  -27.998  -14.142  -39.697 0.0000000000
168116  -29.674  -21.636  -36.277 0.0000000000
61275  -29.892  -22.017  -35.866 0.0000000000
54671  -22.073  -27.740  -31.036 0.0000000000
54670  -21.269  -27.472  -30.882 0.0000000000
54688  -21.663  -27.136  -31.432 0.0000000000
55913  -22.195  -26.858  -31.921 0.0000000000
60213  -20.495  -23.081  -36.068 0.0000000000
59280  -21.349  -23.302  -36.459 0.0000000000
59263  -20.827  -23.643  -35.735 0.0000000000
58311  -20.958  -24.515  -34.659 0.0000000000
58328  -21.274  -24.129  -35.373 0.0000000000
77003  -23.225  -10.598  -45.566 0.0000000000
78181  -24.831  -9.705  -44.772 0.0000000000
77004  -23.829  -10.845  -45.278 0.0000000000
74502  -21.870  -12.161  -45.489 0.0000000000
74504  -23.090  -11.873  -45.357 0.0000000000
74481  -23.693  -11.933  -45.148 0.0000000000
75703  -24.915  -11.343  -43.835 0.0000000000
74480  -23.295  -12.484  -45.299 0.0000000000
65150  -20.918  -19.432  -40.704 0.0000000000
65159  -21.426  -19.290  -41.272 0.0000000000
66468  -22.912  -18.304  -42.537 0.0000000000
66466  -21.656  -18.097  -42.475 0.0000000000
67637  -22.430  -17.795  -42.833 0.0000000000
67636  -21.726  -17.510  -42.876 0.0000000000
68739  -22.887  -17.232  -43.108 0.0000000000
68751  -23.204  -16.755  -43.261 0.0000000000
67639  -23.552  -17.374  -42.949 0.0000000000
67606  -26.565  -17.283  -40.359 0.0000000000
68714  -25.820  -16.948  -40.888 0.0000000000
68700  -26.505  -16.389  -40.482 0.0000000000
161401  -27.968  -15.647  -39.864 0.0000000000
150042  -28.220  -16.153  -39.752 0.0000000000
69771  -29.300  -15.918  -39.107 0.0000000000
68683  -29.054  -16.773  -39.220 0.0000000000
166998  -31.033  -18.431  -37.505 0.0000000000
53361  -22.872  -29.056  -30.353 0.0000000000
52198  -23.374  -29.354  -30.351 0.0000000000
63807  -20.439  -20.510  -39.053 0.0000000000
63825  -20.597  -20.138  -39.528 0.0000000000
63808  -20.954  -20.714  -39.439 0.0000000000
61334  -22.418  -21.722  -39.593 0.0000000000
62526  -22.565  -21.280  -39.974 0.0000000000
62539  -23.245  -21.202  -40.173 0.0000000000
62540  -23.865  -20.980  -40.218 0.0000000000
161586  -24.194  -21.308  -39.960 0.0000000000
62529  -25.279  -20.992  -39.749 0.0000000000
61337  -24.966  -21.612  -39.581 0.0000000000
60266  -24.964  -22.711  -38.798 0.0000000000
61299  -25.581  -22.267  -38.841 0.0000000000
60267  -25.597  -22.806  -38.387 0.0000000000
60250  -27.036  -22.663  -37.407 0.0000000000
60249  -26.258  -22.924  -37.811 0.0000000000
59282  -22.571  -23.653  -36.909 0.0000000000
143015  -23.106  -23.552  -37.456 0.0000000000
58345  -23.304  -24.019  -36.559 0.0000000000
158477  -25.270  -24.549  -35.990 0.0000000000
58347  -24.817  -24.263  -36.421 0.0000000000
58348  -25.983  -24.292  -36.001 0.0000000000
59286  -26.291  -23.803  -36.580 0.0000000000
58349  -26.706  -24.001  -35.940 0.0000000000
161853  -27.910  -23.713  -35.212 0.0000000000
58317  -27.476  -24.766  -34.731 0.0000000000
55972  -26.684  -26.333  -34.284 0.0000000000
55953  -27.395  -26.437  -34.267 0.0000000000
57207  -28.534  -26.638  -34.379 0.0000000000
79283  -27.320  -8.176  -43.507 0.0000000000
81373  -28.462  -6.971  -43.177 0.0000000000
172759  -27.808  -7.977  -42.928 0.0000000000
67616  -19.757  -18.190  -40.742 0.0000000000
74392  -15.714  -12.614  -41.080 0.0000000000
74393  -16.436  -12.630  -41.298 0.0000000000
74416  -16.833  -11.993  -42.336 0.0000000000
73228  -17.807  -12.923  -43.721 0.0000000000
72026  -21.833  -14.343  -45.092 0.0000000000
72025  -20.984  -14.213  -45.121 0.0000000000
72027  -23.069  -13.669  -45.125 0.0000000000
73241  -23.974  -13.163  -44.643 0.0000000000
73242  -24.499  -13.265  -43.970 0.0000000000
69821  -23.846  -15.503  -43.190 0.0000000000
152581  -23.317  -15.046  -43.754 0.0000000000
169407  -24.399  -15.211  -42.727 0.0000000000
73187  -27.190  -12.989  -40.867 0.0000000000
71970  -26.464  -13.610  -41.681 0.0000000000
73214  -26.965  -12.604  -41.381 0.0000000000
74423  -26.556  -12.185  -41.770 0.0000000000
74399  -27.992  -11.960  -40.201 0.0000000000
74400  -28.804  -11.692  -40.009 0.0000000000
62510  -26.708  -20.906  -39.068 0.0000000000
63811  -27.958  -20.038  -38.694 0.0000000000
63792  -28.301  -20.274  -38.136 0.0000000000
63766  -30.467  -20.451  -36.690 0.0000000000
57178  -20.410  -25.860  -32.234 0.0000000000
57184  -19.910  -25.209  -32.488 0.0000000000
58294  -20.137  -25.001  -33.197 0.0000000000
57187  -22.609  -26.006  -33.062 0.0000000000
57186  -21.654  -25.807  -33.030 0.0000000000
57194  -22.923  -25.615  -33.836 0.0000000000
59250  -19.598  -23.547  -34.515 0.0000000000
58310  -20.039  -24.199  -34.240 0.0000000000
58302  -20.544  -24.806  -33.928 0.0000000000
153298  -21.306  -11.362  -45.605 0.0000000000
74500  -19.955  -12.009  -45.542 0.0000000000
73269  -19.404  -12.642  -45.324 0.0000000000
166437  -18.962  -13.040  -45.095 0.0000000000
65152  -22.456  -19.909  -41.049 0.0000000000
65160  -22.117  -19.341  -41.485 0.0000000000
65161  -22.953  -19.354  -41.588 0.0000000000
66458  -23.312  -18.743  -42.115 0.0000000000
66459  -24.007  -18.536  -41.997 0.0000000000
67626  -24.056  -17.809  -42.494 0.0000000000
67628  -24.876  -17.913  -41.716 0.0000000000
67618  -26.009  -17.955  -40.736 0.0000000000
67607  -27.310  -17.645  -40.125 0.0000000000
67594  -28.517  -17.553  -39.634 0.0000000000
67608  -27.956  -18.145  -39.866 0.0000000000
66426  -28.675  -18.266  -39.308 0.0000000000
66400  -29.005  -18.767  -38.661 0.0000000000
61296  -20.989  -21.702  -38.451 0.0000000000
62507  -21.075  -21.211  -39.070 0.0000000000
61314  -21.657  -21.799  -38.900 0.0000000000
61315  -22.267  -21.995  -39.174 0.0000000000
164547  -22.955  -22.162  -39.369 0.0000000000
61316  -24.022  -22.336  -39.434 0.0000000000
60281  -23.782  -22.641  -39.084 0.0000000000
59314  -24.209  -22.971  -38.575 0.0000000000
158551  -23.096  -24.455  -35.714 0.0000000000
58331  -23.844  -24.514  -35.837 0.0000000000
58333  -25.768  -24.865  -35.429 0.0000000000
58316  -26.374  -25.153  -34.910 0.0000000000
57204  -25.588  -25.511  -34.778 0.0000000000
158798  -26.338  -25.732  -34.535 0.0000000000
55971  -25.922  -26.255  -34.222 0.0000000000
78216  -23.659  -9.019  -45.962 0.0000000000
81408  -26.681  -6.909  -45.885 0.0000000000
83722  -28.711  -4.929  -45.420 0.0000000000
83717  -30.721  -4.926  -44.357 0.0000000000
78148  -26.563  -9.493  -42.752 0.0000000000
79267  -28.150  -8.249  -42.444 0.0000000000
79256  -27.828  -8.786  -42.090 0.0000000000
70886  -17.561  -14.656  -40.717 0.0000000000
71983  -17.805  -13.770  -41.774 0.0000000000
71998  -17.843  -13.651  -43.382 0.0000000000
171681  -18.368  -13.856  -44.336 0.0000000000
71999  -18.333  -13.945  -43.924 0.0000000000
70936  -21.203  -14.739  -44.724 0.0000000000
72013  -23.258  -14.227  -44.397 0.0000000000
70904  -25.826  -14.790  -41.537 0.0000000000
70892  -26.426  -14.433  -41.060 0.0000000000
71939  -27.477  -13.543  -40.175 0.0000000000
73188  -27.750  -12.738  -40.174 0.0000000000
61286  -27.953  -21.631  -37.295 0.0000000000
62481  -28.304  -20.965  -37.595 0.0000000000
62469  -28.568  -21.397  -37.039 0.0000000000
62471  -29.865  -21.066  -36.548 0.0000000000
55911  -20.073  -26.273  -31.643 0.0000000000
55930  -21.228  -26.015  -32.524 0.0000000000
55932  -22.772  -26.620  -32.414 0.0000000000
60229  -21.532  -22.944  -37.113 0.0000000000
59264  -22.003  -23.686  -36.398 0.0000000000
58329  -21.969  -24.112  -35.742 0.0000000000
168361  -22.476  -24.428  -35.538 0.0000000000
58313  -22.807  -24.792  -35.033 0.0000000000
57201  -23.250  -25.251  -34.506 0.0000000000
78214  -21.798  -9.266  -46.252 0.0000000000
78197  -23.417  -9.740  -45.752 0.0000000000
79308  -24.821  -8.709  -45.528 0.0000000000
80365  -26.550  -7.872  -44.835 0.0000000000
80353  -27.477  -7.568  -44.067 0.0000000000
79297  -26.290  -8.351  -44.483 0.0000000000
79281  -25.922  -8.871  -44.039 0.0000000000
78165  -25.676  -9.567  -43.742 0.0000000000
75746  -23.483  -11.336  -45.342 0.0000000000
76985  -24.666  -10.398  -44.578 0.0000000000
76964  -25.459  -10.294  -43.516 0.0000000000
76947  -25.821  -10.635  -42.909 0.0000000000
75682  -26.181  -11.011  -42.332 0.0000000000
67625  -20.195  -17.827  -41.644 0.0000000000
66456  -21.691  -18.791  -41.888 0.0000000000
66455  -20.965  -18.279  -41.873 0.0000000000
143399  -19.954  -16.956  -42.187 0.0000000000
68736  -20.657  -16.735  -43.017 0.0000000000
68748  -21.166  -16.336  -43.608 0.0000000000
69832  -21.664  -15.759  -43.985 0.0000000000
68749  -21.937  -16.453  -43.645 0.0000000000
145970  -23.701  -16.469  -43.037 0.0000000000
69822  -24.328  -16.035  -42.484 0.0000000000
68727  -25.078  -17.043  -41.605 0.0000000000
68713  -25.415  -16.300  -41.271 0.0000000000
69811  -25.545  -15.521  -41.509 0.0000000000
70872  -26.752  -15.183  -40.564 0.0000000000
145141  -27.944  -15.017  -39.791 0.0000000000
69791  -29.218  -15.203  -39.252 0.0000000000
171692  -30.638  -15.459  -39.065 0.0000000000
69772  -30.246  -15.952  -38.890 0.0000000000
67596  -29.610  -17.153  -38.888 0.0000000000
60215  -28.903  -22.864  -35.391 0.0000000000
53376  -22.489  -28.454  -30.681 0.0000000000
54672  -22.825  -28.001  -31.227 0.0000000000
65140  -20.745  -19.796  -40.053 0.0000000000
63839  -21.276  -19.954  -40.406 0.0000000000
62524  -21.418  -21.047  -39.500 0.0000000000
63826  -22.060  -20.815  -40.125 0.0000000000
63840  -21.890  -20.279  -40.496 0.0000000000
158985  -23.494  -20.650  -40.566 0.0000000000
63842  -24.048  -20.367  -40.661 0.0000000000
63844  -25.187  -20.004  -40.421 0.0000000000
63829  -26.161  -20.135  -39.836 0.0000000000
62530  -25.890  -20.793  -39.614 0.0000000000
62509  -26.186  -21.135  -39.249 0.0000000000
62492  -26.492  -21.374  -38.827 0.0000000000
61318  -25.269  -21.901  -39.226 0.0000000000
61300  -26.228  -21.917  -38.583 0.0000000000
61301  -26.822  -21.583  -38.241 0.0000000000
61285  -27.249  -21.933  -37.642 0.0000000000
61272  -27.724  -22.312  -37.033 0.0000000000
60232  -28.062  -22.508  -36.417 0.0000000000
59298  -22.504  -23.220  -37.569 0.0000000000
59299  -23.629  -23.327  -38.019 0.0000000000
59300  -24.405  -23.564  -37.843 0.0000000000
58346  -24.156  -24.195  -36.521 0.0000000000
59284  -24.634  -23.947  -37.063 0.0000000000
59301  -25.190  -23.645  -37.531 0.0000000000
60230  -26.664  -23.264  -37.034 0.0000000000
60214  -28.083  -22.994  -35.761 0.0000000000
59266  -28.505  -23.347  -35.082 0.0000000000
59253  -28.603  -24.118  -34.663 0.0000000000
58318  -28.113  -24.993  -34.403 0.0000000000
81389  -27.979  -6.973  -43.793 0.0000000000
82525  -29.692  -5.953  -43.579 0.0000000000
81375  -29.867  -6.896  -42.629 0.0000000000
75637  -15.483  -11.667  -41.702 0.0000000000
73240  -17.837  -12.559  -44.554 0.0000000000
72043  -19.781  -13.325  -45.184 0.0000000000
72011  -18.153  -13.463  -44.265 0.0000000000
72024  -20.030  -13.956  -44.994 0.0000000000
73252  -22.880  -13.043  -45.397 0.0000000000
74465  -24.315  -12.575  -44.256 0.0000000000
74467  -25.204  -11.877  -43.300 0.0000000000
74446  -26.128  -11.771  -42.220 0.0000000000
168820  -22.847  -15.442  -43.872 0.0000000000
70925  -22.693  -14.972  -44.255 0.0000000000
148355  -23.848  -14.438  -43.747 0.0000000000
71990  -25.973  -14.186  -41.697 0.0000000000
72001  -25.304  -13.895  -42.859 0.0000000000
73232  -25.115  -13.339  -43.339 0.0000000000
171617  -25.746  -12.765  -42.493 0.0000000000
75660  -27.030  -11.069  -41.340 0.0000000000
76924  -28.478  -10.297  -40.283 0.0000000000
65123  -27.325  -19.526  -39.450 0.0000000000
65104  -28.541  -19.529  -38.533 0.0000000000
65105  -29.219  -19.282  -38.098 0.0000000000
63779  -28.930  -20.349  -37.537 0.0000000000
65087  -29.539  -19.785  -37.547 0.0000000000
65088  -30.285  -19.458  -37.340 0.0000000000
57195  -23.700  -25.733  -34.020 0.0000000000
54704  -23.470  -26.999  -32.462 0.0000000000
54705  -24.192  -27.295  -32.567 0.0000000000
55933  -23.832  -26.622  -32.981 0.0000000000
55949  -24.126  -26.273  -33.582 0.0000000000
57196  -24.425  -25.902  -34.181 0.0000000000
55951  -25.545  -26.852  -33.759 0.0000000000
55954  -27.953  -26.808  -34.290 0.0000000000
58335  -27.250  -24.252  -35.299 0.0000000000
59287  -26.893  -23.525  -36.407 0.0000000000
59302  -25.945  -23.549  -37.299 0.0000000000
60248  -24.992  -23.173  -38.223 0.0000000000
60263  -21.895  -22.467  -38.173 0.0000000000
60265  -23.421  -22.889  -38.594 0.0000000000
60280  -23.187  -22.563  -39.033 0.0000000000
60283  -24.969  -22.329  -39.109 0.0000000000
61262  -29.376  -22.383  -35.646 0.0000000000
61274  -29.177  -21.963  -36.183 0.0000000000
61297  -21.627  -22.063  -38.478 0.0000000000
61317  -24.645  -22.134  -39.396 0.0000000000
61336  -24.262  -21.834  -39.720 0.0000000000
62470  -29.112  -21.481  -36.604 0.0000000000
62493  -27.183  -20.983  -38.586 0.0000000000
62494  -27.804  -20.808  -38.164 0.0000000000
62508  -25.586  -21.358  -39.402 0.0000000000
62525  -21.921  -21.190  -39.734 0.0000000000
62527  -23.710  -21.587  -39.887 0.0000000000
62528  -24.680  -21.185  -39.867 0.0000000000
62541  -24.401  -20.719  -40.181 0.0000000000
63780  -29.657  -20.427  -37.083 0.0000000000
63791  -27.695  -20.480  -38.530 0.0000000000
63810  -27.246  -20.283  -39.048 0.0000000000
63828  -25.521  -20.391  -39.979 0.0000000000
63830  -26.757  -20.038  -39.503 0.0000000000
63843  -24.643  -20.160  -40.588 0.0000000000
65124  -27.925  -19.546  -39.058 0.0000000000
65141  -25.664  -19.888  -40.214 0.0000000000
65154  -24.279  -19.743  -41.120 0.0000000000
65155  -25.454  -19.381  -40.643 0.0000000000
65163  -24.372  -19.122  -41.444 0.0000000000
66383  -30.338  -18.772  -37.577 0.0000000000
66446  -20.934  -18.900  -41.309 0.0000000000
66449  -26.049  -18.760  -40.503 0.0000000000
66461  -25.053  -18.431  -41.355 0.0000000000
66467  -22.272  -18.381  -42.405 0.0000000000
66469  -23.529  -18.142  -42.619 0.0000000000
67595  -29.045  -17.530  -39.256 0.0000000000
67627  -24.557  -17.455  -42.172 0.0000000000
68701  -27.268  -16.710  -40.124 0.0000000000
68702  -28.459  -16.833  -39.654 0.0000000000
68726  -24.930  -16.129  -41.797 0.0000000000
68738  -22.202  -17.073  -43.181 0.0000000000
68740  -24.146  -17.000  -42.602 0.0000000000
68750  -22.654  -16.571  -43.496 0.0000000000
69770  -28.679  -16.252  -39.408 0.0000000000
69788  -26.998  -15.877  -40.282 0.0000000000
69789  -27.653  -16.054  -40.025 0.0000000000
69801  -26.501  -15.707  -40.672 0.0000000000
69831  -20.881  -15.652  -43.897 0.0000000000
69833  -22.417  -15.776  -43.950 0.0000000000
69845  -21.313  -15.207  -44.225 0.0000000000
70847  -30.080  -15.213  -39.149 0.0000000000
70891  -26.224  -15.267  -41.091 0.0000000000
70903  -25.421  -14.462  -42.103 0.0000000000
70914  -24.824  -14.578  -42.773 0.0000000000
70923  -19.583  -14.611  -44.178 0.0000000000
70924  -20.582  -15.011  -44.231 0.0000000000
70934  -19.301  -14.062  -44.581 0.0000000000
71989  -25.850  -13.757  -42.241 0.0000000000
72000  -24.562  -14.005  -43.474 0.0000000000
72012  -18.725  -14.027  -44.289 0.0000000000
72023  -19.062  -13.562  -44.834 0.0000000000
72028  -23.592  -13.589  -44.821 0.0000000000
72044  -20.735  -13.563  -45.299 0.0000000000
72045  -21.612  -13.701  -45.381 0.0000000000
73161  -28.308  -13.274  -39.744 0.0000000000
73186  -26.909  -13.172  -41.432 0.0000000000
73206  -17.604  -13.191  -42.506 0.0000000000
73213  -26.546  -12.890  -41.773 0.0000000000
73227  -17.411  -12.380  -43.013 0.0000000000
73233  -25.641  -13.310  -42.755 0.0000000000
73250  -18.114  -12.888  -44.788 0.0000000000
73251  -18.386  -13.008  -44.893 0.0000000000
73253  -23.457  -13.078  -45.129 0.0000000000
73267  -17.887  -12.422  -45.091 0.0000000000
73268  -18.444  -12.510  -45.215 0.0000000000
73270  -20.424  -12.814  -45.401 0.0000000000
73272  -22.159  -13.013  -45.467 0.0000000000
74398  -27.339  -12.295  -40.795 0.0000000000
74415  -16.121  -11.777  -41.897 0.0000000000
74422  -26.066  -12.481  -42.096 0.0000000000
74424  -26.963  -11.879  -41.322 0.0000000000
74439  -16.989  -11.667  -43.436 0.0000000000
74440  -17.476  -12.061  -44.102 0.0000000000
74445  -25.332  -12.686  -42.978 0.0000000000
74466  -24.806  -12.597  -43.593 0.0000000000
74482  -24.191  -11.931  -44.667 0.0000000000
74499  -18.908  -11.975  -45.466 0.0000000000
74503  -22.669  -12.418  -45.470 0.0000000000
75651  -16.467  -11.300  -42.806 0.0000000000
75659  -26.595  -11.437  -41.830 0.0000000000
75681  -25.728  -11.401  -42.782 0.0000000000
75704  -25.318  -11.025  -43.360 0.0000000000
75724  -24.053  -11.354  -45.039 0.0000000000
75744  -22.024  -11.358  -45.537 0.0000000000
75745  -22.779  -11.289  -45.466 0.0000000000
76923  -27.628  -10.646  -40.726 0.0000000000
76934  -26.701  -10.653  -41.952 0.0000000000
76948  -26.340  -10.253  -42.514 0.0000000000
76963  -24.927  -10.689  -43.937 0.0000000000
77002  -22.270  -10.692  -45.662 0.0000000000
78128  -28.828  -9.569  -40.639 0.0000000000
78147  -25.965  -9.870  -43.081 0.0000000000
78164  -25.097  -9.972  -44.128 0.0000000000
78166  -26.265  -9.178  -43.398 0.0000000000
78180  -24.488  -10.105  -45.066 0.0000000000
78182  -25.312  -9.233  -44.352 0.0000000000
78198  -23.995  -10.151  -45.387 0.0000000000
78215  -22.816  -9.133  -46.101 0.0000000000
79266  -27.489  -8.499  -42.736 0.0000000000
79282  -26.642  -8.590  -43.820 0.0000000000
79295  -24.966  -8.952  -44.926 0.0000000000
79296  -25.553  -8.621  -44.662 0.0000000000
79307  -24.315  -8.878  -45.735 0.0000000000
80333  -27.857  -7.507  -43.331 0.0000000000
80334  -28.478  -7.595  -42.692 0.0000000000
80393  -26.228  -7.206  -46.120 0.0000000000
81374  -29.076  -7.036  -42.741 0.0000000000
81399  -27.608  -6.904  -44.477 0.0000000000
81422  -27.059  -6.429  -46.045 0.0000000000
82524  -28.886  -6.094  -43.817 0.0000000000
82538  -28.572  -5.839  -44.451 0.0000000000
83725  -31.379  -4.472  -44.779 0.0000000000
83735  -29.117  -4.300  -45.797 0.0000000000
144631  -29.626  -16.488  -38.884 0.0000000000
149799  -30.155  -20.000  -37.123 0.0000000000
151079  -28.437  -18.985  -39.024 0.0000000000
151219  -27.934  -16.596  -39.912 0.0000000000
151504  -29.766  -19.172  -37.710 0.0000000000
151873  -24.444  -18.077  -42.075 0.0000000000
152883  -27.411  -15.378  -40.127 0.0000000000
153286  -22.578  -14.373  -44.932 0.0000000000
153521  -23.503  -22.405  -39.354 0.0000000000
153817  -23.809  -12.528  -44.880 0.0000000000
158181  -27.254  -18.337  -40.083 0.0000000000
158230  -28.579  -25.612  -34.228 0.0000000000
160096  -26.946  -24.813  -34.917 0.0000000000
160994  -23.078  -21.736  -39.757 0.0000000000
161638  -24.016  -9.479  -45.638 0.0000000000
163497  -29.731  -11.680  -40.057 0.0000000000
164190  -25.433  -14.998  -41.810 0.0000000000
165765  -22.489  -11.815  -45.449 0.0000000000
166798  -28.514  -6.559  -43.615 0.0000000000
166972  -25.269  -8.492  -45.229 0.0000000000
167186  -26.080  -22.452  -38.392 0.0000000000
168643  -30.091  -4.670  -44.607 0.0000000000
169323  -24.609  -19.409  -41.137 0.0000000000
170389  -23.822  -14.938  -43.482 0.0000000000
170586  -28.767  -17.186  -39.443 0.0000000000
171234  -20.071  -16.352  -42.838 0.0000000000
172566  -28.454  -8.521  -41.934 0.0000000000
