#!ascii label  , from subject sub-v2s1x29911_ses-1 vox2ras=TkReg
581
148145  -37.427  -65.180  -13.744 0.6999999881
17779  -37.390  -64.577  -15.818 0.6000000238
17053  -37.996  -64.941  -15.990 0.6000000238
16421  -38.473  -65.821  -17.389 0.4000000060
19234  -33.488  -62.720  -7.951 0.6999999881
166702  -33.661  -61.693  -8.922 0.6999999881
18481  -34.167  -63.031  -8.255 0.6999999881
19254  -34.181  -62.098  -9.283 0.6000000238
18482  -34.664  -63.500  -8.680 0.6999999881
19963  -34.269  -61.908  -9.958 0.6000000238
18505  -34.997  -63.271  -10.220 0.6000000238
19265  -34.794  -62.762  -10.616 0.6000000238
18515  -35.394  -63.721  -11.447 0.6000000238
18514  -35.047  -63.227  -11.016 0.6000000238
19298  -34.544  -62.598  -12.806 0.5000000000
18524  -35.296  -63.699  -12.250 0.5000000000
168538  -34.662  -63.152  -13.173 0.5000000000
18544  -35.110  -63.950  -13.870 0.6000000238
17758  -36.293  -64.399  -13.790 0.6000000238
168193  -35.676  -64.186  -14.065 0.6000000238
17778  -36.630  -64.361  -15.571 0.6000000238
17788  -36.832  -64.488  -16.384 0.6000000238
169611  -33.147  -61.398  -8.777 0.6000000238
19961  -33.411  -61.128  -9.295 0.6000000238
20646  -33.654  -60.977  -9.891 0.6000000238
165849  -34.285  -61.530  -11.111 0.6000000238
145473  -34.260  -61.386  -11.771 0.6000000238
19980  -34.510  -62.036  -11.534 0.6000000238
19290  -34.682  -62.613  -12.057 0.6000000238
20011  -34.316  -61.889  -13.073 0.6000000238
19308  -34.353  -62.670  -13.635 0.6000000238
18534  -35.087  -63.738  -13.103 0.6000000238
19318  -34.348  -63.201  -14.340 0.6999999881
18554  -34.562  -63.696  -14.877 0.6000000238
17767  -34.922  -64.051  -15.448 0.6000000238
17057  -37.497  -64.862  -16.729 0.5000000000
17065  -37.842  -65.351  -17.322 0.5000000000
19933  -32.360  -62.025  -7.944 0.6000000238
20627  -32.787  -60.922  -9.042 0.6000000238
20657  -33.029  -60.241  -10.501 0.6000000238
20665  -33.377  -60.244  -11.232 0.6000000238
19979  -33.923  -60.882  -11.215 0.6000000238
21395  -33.569  -60.263  -12.012 0.6000000238
154075  -33.847  -60.517  -12.660 0.6000000238
20010  -34.083  -60.991  -13.368 0.6000000238
19997  -34.428  -61.967  -12.296 0.6000000238
20017  -34.194  -61.747  -13.823 0.6000000238
19307  -34.123  -62.332  -14.541 0.6999999881
145181  -35.285  -64.259  -16.139 0.6000000238
165039  -36.276  -64.518  -16.821 0.6000000238
16427  -37.700  -65.812  -18.166 0.4000000060
20625  -31.102  -60.897  -8.720 0.6000000238
20626  -32.021  -60.882  -8.807 0.6000000238
21363  -32.471  -60.134  -10.110 0.6000000238
21394  -32.919  -59.940  -11.907 0.6000000238
145696  -33.017  -59.905  -13.411 0.5000000000
20692  -33.652  -60.251  -13.404 0.6000000238
20712  -33.786  -60.837  -14.969 0.6999999881
18560  -33.867  -63.277  -15.983 0.6000000238
18553  -34.136  -63.135  -15.109 0.6000000238
18561  -34.303  -63.755  -15.628 0.6000000238
17786  -34.575  -64.112  -16.212 0.6000000238
147554  -34.848  -64.339  -16.927 0.6000000238
17062  -35.567  -64.936  -18.327 0.6000000238
17056  -36.693  -64.810  -17.245 0.6000000238
17075  -37.049  -65.753  -19.000 0.4000000060
17064  -37.151  -65.333  -17.760 0.5000000000
19949  -30.646  -61.414  -8.255 0.5000000000
20642  -30.506  -60.543  -9.263 0.6000000238
20643  -31.543  -60.470  -9.275 0.6000000238
21362  -31.739  -59.978  -10.338 0.6000000238
21378  -32.484  -59.913  -10.973 0.5000000000
21393  -31.990  -59.778  -11.844 0.5000000000
21412  -32.467  -59.764  -12.725 0.5000000000
21429  -32.655  -59.816  -14.077 0.6000000238
21441  -32.980  -59.934  -14.902 0.6000000238
21430  -33.363  -60.069  -14.125 0.6999999881
169252  -33.516  -61.367  -15.867 0.6999999881
20022  -33.931  -61.619  -15.067 0.6999999881
19332  -32.607  -62.772  -17.407 0.6000000238
19325  -33.880  -62.382  -15.517 0.6999999881
19333  -33.398  -62.658  -16.538 0.6000000238
18569  -33.477  -63.634  -16.898 0.6000000238
18570  -33.997  -63.938  -16.452 0.6000000238
154308  -34.269  -64.208  -16.935 0.6000000238
157779  -34.994  -64.600  -18.213 0.6000000238
17063  -36.281  -65.289  -18.330 0.5000000000
17074  -36.715  -65.333  -19.141 0.4000000060
159726  -30.040  -60.959  -8.734 0.6000000238
21348  -29.837  -60.292  -9.924 0.6000000238
21349  -31.098  -60.154  -9.797 0.5000000000
145311  -31.411  -59.836  -11.080 0.6000000238
152196  -31.452  -59.732  -12.597 0.5000000000
21411  -31.844  -59.740  -13.212 0.6000000238
21410  -30.915  -59.774  -13.352 0.5000000000
151541  -32.384  -59.766  -13.468 0.6000000238
21428  -31.765  -59.722  -13.948 0.5000000000
21440  -32.201  -59.742  -14.645 0.5000000000
21468  -32.268  -60.235  -16.188 0.5000000000
21455  -32.866  -60.095  -15.635 0.6000000238
163033  -31.164  -61.592  -17.562 0.5000000000
20730  -32.143  -61.167  -16.845 0.5000000000
20029  -32.905  -61.354  -16.542 0.6000000238
20047  -31.091  -62.332  -17.988 0.4000000060
20039  -33.041  -61.987  -16.704 0.6999999881
19341  -31.282  -62.453  -17.972 0.4000000060
18574  -32.139  -63.146  -18.002 0.5000000000
18575  -32.630  -63.512  -17.970 0.6000000238
19349  -33.087  -63.286  -18.255 0.5000000000
18580  -33.042  -63.746  -18.027 0.6000000238
19350  -34.095  -63.014  -18.551 0.5000000000
17797  -34.503  -64.272  -18.238 0.6000000238
17802  -36.483  -64.581  -19.291 0.5000000000
153772  -33.667  -63.872  -18.210 0.6000000238
18582  -35.097  -64.036  -18.768 0.6000000238
17068  -36.083  -65.123  -18.993 0.6000000238
20641  -29.203  -60.680  -9.344 0.5000000000
21377  -30.286  -59.902  -11.147 0.5000000000
21392  -30.832  -59.805  -11.865 0.5000000000
152197  -30.431  -59.802  -12.626 0.4000000060
169022  -30.826  -59.756  -14.093 0.4000000060
21439  -31.249  -59.732  -14.822 0.5000000000
21454  -32.101  -59.819  -15.468 0.5000000000
21453  -30.997  -59.895  -15.706 0.5000000000
21486  -30.623  -60.871  -18.264 0.4000000060
20740  -30.715  -61.806  -17.965 0.4000000060
20749  -31.138  -61.631  -18.245 0.4000000060
157834  -31.752  -61.897  -18.332 0.5000000000
20053  -31.958  -62.469  -18.243 0.5000000000
148795  -32.651  -61.581  -18.448 0.5000000000
20054  -33.036  -62.352  -18.423 0.5000000000
20055  -34.134  -61.999  -18.642 0.5000000000
19354  -36.395  -62.650  -19.504 0.5000000000
18586  -36.382  -63.588  -19.365 0.5000000000
18581  -34.905  -63.119  -18.858 0.6000000238
17801  -35.782  -64.348  -19.093 0.5000000000
144154  -30.290  -59.853  -15.230 0.4000000060
168847  -29.696  -60.322  -16.591 0.5000000000
20727  -29.664  -60.604  -17.165 0.5000000000
20739  -30.020  -60.868  -17.822 0.5000000000
21487  -31.746  -60.228  -18.458 0.4000000060
20751  -33.645  -61.280  -18.586 0.5000000000
19355  -37.078  -62.907  -19.452 0.3000000119
21489  -33.594  -59.841  -18.736 0.5000000000
20059  -34.933  -61.729  -19.151 0.5000000000
19353  -35.290  -62.390  -19.228 0.5000000000
20726  -29.101  -60.401  -17.383 0.4000000060
20747  -29.974  -60.797  -18.021 0.4000000060
21485  -29.540  -60.110  -18.227 0.4000000060
161759  -31.742  -59.275  -18.596 0.4000000060
22204  -30.948  -59.799  -18.504 0.4000000060
22205  -32.512  -59.299  -18.618 0.4000000060
22214  -32.199  -58.489  -18.910 0.4000000060
22206  -33.201  -59.364  -18.744 0.5000000000
20061  -36.344  -61.756  -19.837 0.4000000060
144773  -37.035  -62.133  -19.613 0.4000000060
20759  -34.491  -61.076  -18.943 0.5000000000
20758  -34.030  -60.424  -18.785 0.5000000000
20760  -35.153  -61.019  -19.652 0.5000000000
20060  -35.582  -61.710  -19.641 0.5000000000
171369  -32.246  -57.759  -19.324 0.4000000060
22215  -33.094  -58.751  -19.004 0.4000000060
20769  -36.601  -60.885  -20.207 0.4000000060
20768  -35.848  -61.045  -20.116 0.5000000000
22216  -33.836  -59.145  -19.187 0.5000000000
21495  -34.683  -60.303  -19.381 0.5000000000
22956  -33.031  -57.930  -19.472 0.4000000060
149559  -36.141  -60.434  -20.471 0.4000000060
21501  -36.869  -60.102  -20.742 0.3000000119
22957  -33.633  -58.443  -19.454 0.5000000000
22217  -34.657  -59.419  -19.768 0.5000000000
21496  -35.389  -60.210  -20.169 0.5000000000
23754  -32.593  -57.179  -19.764 0.4000000060
21500  -36.032  -59.777  -20.841 0.3000000119
21510  -36.703  -59.338  -21.171 0.3000000119
22960  -33.851  -57.875  -20.102 0.4000000060
21499  -35.338  -59.294  -20.570 0.5000000000
22220  -34.246  -58.584  -19.850 0.5000000000
22221  -34.843  -58.689  -20.489 0.5000000000
23760  -32.884  -56.514  -20.422 0.4000000060
21509  -35.924  -58.922  -21.066 0.3000000119
22227  -37.344  -58.875  -21.153 0.3000000119
22959  -33.401  -57.169  -20.312 0.4000000060
22969  -35.394  -58.123  -20.981 0.4000000060
159385  -34.157  -57.294  -20.795 0.4000000060
22961  -34.518  -58.004  -20.625 0.4000000060
25372  -32.472  -55.478  -20.531 0.5000000000
145998  -35.943  -58.281  -21.042 0.3000000119
22226  -36.590  -58.594  -21.166 0.4000000060
22962  -37.020  -57.760  -20.472 0.4000000060
22971  -37.169  -58.260  -20.917 0.4000000060
23761  -33.671  -56.574  -20.748 0.4000000060
23769  -34.862  -57.590  -20.958 0.5000000000
23770  -35.675  -57.663  -20.881 0.4000000060
167188  -34.043  -56.426  -20.736 0.5000000000
154719  -34.361  -56.948  -20.861 0.5000000000
24554  -34.667  -56.552  -20.522 0.5000000000
24555  -35.493  -56.689  -19.940 0.4000000060
23755  -36.261  -56.802  -19.630 0.4000000060
24556  -36.879  -56.917  -19.628 0.4000000060
22963  -37.648  -57.789  -20.435 0.3000000119
25373  -32.969  -55.490  -20.510 0.5000000000
24553  -33.530  -55.987  -20.648 0.5000000000
25365  -36.366  -55.558  -18.756 0.4000000060
24545  -36.840  -56.241  -19.190 0.3000000119
153810  -32.055  -54.427  -20.100 0.5000000000
25364  -35.545  -55.583  -18.751 0.4000000060
24544  -35.942  -56.206  -19.172 0.4000000060
24557  -37.505  -56.695  -19.569 0.4000000060
24558  -38.331  -56.394  -19.815 0.3000000119
145463  -32.509  -54.990  -20.394 0.5000000000
25375  -34.196  -55.905  -20.100 0.5000000000
24543  -35.100  -56.130  -19.450 0.5000000000
25374  -33.483  -55.385  -20.148 0.5000000000
25357  -35.931  -54.930  -18.397 0.4000000060
152823  -36.677  -54.816  -18.649 0.4000000060
152712  -31.582  -53.746  -19.929 0.5000000000
24546  -37.723  -55.873  -19.326 0.3000000119
26203  -32.633  -54.538  -19.871 0.5000000000
26194  -33.237  -54.790  -19.526 0.5000000000
26189  -34.420  -54.871  -18.422 0.5000000000
25355  -34.724  -55.496  -18.955 0.5000000000
25354  -33.954  -55.203  -19.222 0.5000000000
26195  -36.280  -54.085  -18.325 0.4000000060
28016  -31.313  -53.005  -19.674 0.5000000000
27073  -33.451  -53.199  -17.800 0.5000000000
159159  -37.026  -54.074  -18.843 0.3000000119
26196  -37.275  -54.674  -19.000 0.3000000119
27089  -31.907  -53.311  -19.339 0.5000000000
28000  -32.317  -52.939  -18.610 0.5000000000
26187  -32.874  -54.127  -18.952 0.5000000000
17759  -36.975  -64.641  -14.184 0.6000000238
17058  -38.194  -65.276  -16.630 0.5000000000
18523  -35.003  -63.181  -11.787 0.6000000238
20703  -33.858  -60.631  -14.149 0.6999999881
17793  -35.126  -64.633  -17.696 0.6000000238
21456  -33.444  -60.359  -15.438 0.6999999881
17798  -35.469  -64.735  -18.620 0.6000000238
19343  -31.698  -62.751  -17.956 0.5000000000
17791  -33.625  -64.106  -18.018 0.6000000238
21467  -31.544  -60.040  -16.143 0.5000000000
20728  -30.527  -60.966  -17.436 0.5000000000
20038  -32.327  -62.043  -17.250 0.4000000060
19352  -34.714  -62.399  -18.848 0.5000000000
18585  -35.659  -63.212  -19.226 0.5000000000
21488  -32.794  -60.001  -18.535 0.5000000000
161632  -30.202  -60.276  -18.304 0.4000000060
171537  -35.641  -58.485  -21.035 0.4000000060
23763  -36.500  -57.363  -20.252 0.4000000060
23764  -37.261  -57.286  -20.040 0.3000000119
27090  -32.397  -53.568  -18.961 0.5000000000
27081  -33.487  -53.870  -18.100 0.5000000000
12423  -32.130  -71.214  -10.432 0.5000000000
12446  -33.290  -71.511  -11.388 0.5000000000
12424  -32.698  -71.408  -10.773 0.5000000000
13149  -34.523  -70.737  -13.313 0.5000000000
154618  -33.345  -71.926  -12.682 0.5000000000
12464  -33.537  -71.639  -12.141 0.4000000060
13097  -33.204  -70.448  -9.831 0.5000000000
13132  -33.951  -71.064  -11.077 0.6000000238
13113  -33.735  -70.690  -10.312 0.6000000238
13140  -34.575  -70.813  -12.487 0.5000000000
148164  -34.043  -71.258  -11.901 0.5000000000
150520  -35.975  -70.338  -14.116 0.4000000060
14424  -32.492  -68.820  -8.720 0.6999999881
14442  -32.728  -69.370  -9.103 0.6999999881
157961  -34.313  -69.764  -9.552 0.6999999881
13114  -34.521  -70.591  -10.785 0.5000000000
13803  -34.408  -70.210  -10.080 0.6999999881
13150  -35.062  -70.375  -13.021 0.5000000000
13141  -35.124  -70.373  -12.191 0.5000000000
13832  -35.620  -69.906  -11.871 0.5000000000
13848  -37.063  -69.629  -13.785 0.5000000000
13846  -35.604  -70.083  -13.520 0.5000000000
15715  -31.026  -67.306  -10.422 0.5000000000
15045  -32.188  -68.191  -8.355 0.6999999881
15030  -33.273  -67.807  -7.868 0.6999999881
15070  -31.786  -68.561  -9.014 0.6999999881
15047  -33.639  -68.375  -8.236 0.6999999881
13759  -33.762  -69.498  -9.138 0.6000000238
14472  -36.005  -69.051  -11.007 0.6999999881
14457  -35.811  -68.837  -10.311 0.6000000238
13842  -36.195  -69.630  -12.987 0.5000000000
13833  -36.087  -69.497  -12.234 0.6000000238
13820  -35.982  -69.452  -11.593 0.6000000238
13847  -36.346  -69.850  -13.657 0.5000000000
13850  -38.363  -69.287  -14.136 0.5000000000
15028  -31.847  -67.557  -7.992 0.5000000000
15029  -32.537  -67.720  -7.875 0.6999999881
15048  -34.380  -68.254  -8.372 0.6999999881
15696  -34.708  -67.600  -8.278 0.6999999881
15681  -34.361  -67.201  -7.911 0.6999999881
13783  -35.386  -69.019  -9.757 0.8000000119
14444  -35.254  -68.529  -9.202 0.6999999881
15131  -36.778  -68.277  -11.903 0.6000000238
14458  -36.199  -68.390  -10.633 0.6999999881
14496  -37.236  -68.534  -12.779 0.6999999881
14473  -36.337  -68.971  -11.754 0.6000000238
13849  -37.784  -69.460  -13.946 0.6000000238
14503  -37.447  -68.989  -13.485 0.6000000238
14505  -38.714  -68.737  -14.207 0.6000000238
150232  -30.670  -67.278  -8.693 0.5000000000
16289  -31.884  -66.464  -7.113 0.6000000238
15695  -31.213  -67.450  -8.265 0.5000000000
16290  -32.637  -66.526  -7.172 0.6000000238
15679  -32.945  -67.166  -7.555 0.6000000238
15680  -33.719  -67.194  -7.672 0.6999999881
152836  -35.471  -66.758  -8.800 0.6999999881
155310  -34.841  -65.952  -8.111 0.6000000238
15071  -35.562  -67.813  -9.212 0.6999999881
15716  -35.696  -67.097  -9.240 0.6999999881
15096  -35.850  -68.274  -9.852 0.6999999881
15143  -37.701  -67.951  -12.985 0.6999999881
15151  -38.998  -68.146  -14.413 0.6999999881
15144  -38.049  -68.144  -13.447 0.6999999881
15676  -30.720  -66.941  -7.666 0.5000000000
16276  -33.088  -65.905  -7.036 0.6000000238
16291  -33.798  -65.848  -7.313 0.6000000238
16292  -34.261  -66.488  -7.660 0.6000000238
15717  -35.958  -66.827  -9.724 0.8000000119
16330  -36.071  -66.309  -10.037 0.5000000000
16974  -35.583  -65.571  -9.196 0.6000000238
15746  -36.597  -67.161  -10.929 0.6999999881
16364  -36.937  -66.667  -11.471 0.6999999881
16394  -37.956  -66.751  -13.354 0.6999999881
16393  -37.561  -66.467  -12.713 0.6999999881
15158  -39.298  -67.916  -14.921 0.5000000000
15790  -38.931  -67.462  -14.452 0.6999999881
156938  -39.462  -66.929  -15.803 0.5000000000
15694  -30.000  -66.996  -8.000 0.5000000000
16274  -31.582  -65.818  -6.858 0.5000000000
17664  -32.637  -64.534  -6.897 0.6000000238
16275  -32.342  -65.867  -6.902 0.6000000238
17665  -33.391  -64.705  -7.063 0.6000000238
16943  -34.055  -65.061  -7.458 0.6000000238
18471  -34.335  -63.760  -8.045 0.6000000238
16944  -34.697  -65.195  -8.004 0.6000000238
151581  -34.743  -64.086  -8.443 0.6000000238
16993  -36.413  -65.504  -11.097 0.6000000238
17723  -35.973  -64.963  -10.681 0.5000000000
17713  -35.099  -64.092  -9.069 0.5000000000
145493  -37.395  -65.871  -12.698 0.6000000238
17006  -36.699  -65.364  -11.916 0.6000000238
163601  -38.184  -66.232  -14.024 0.6000000238
16404  -37.710  -65.909  -13.356 0.6000000238
16418  -38.747  -65.864  -15.551 0.5000000000
16273  -30.818  -65.804  -6.856 0.5000000000
16927  -31.283  -65.118  -6.755 0.6000000238
18470  -33.677  -63.468  -7.723 0.6000000238
16985  -35.719  -65.081  -9.837 0.5000000000
18495  -35.277  -63.874  -9.841 0.5000000000
17019  -36.741  -65.017  -12.686 0.4000000060
17739  -36.248  -64.648  -12.277 0.5000000000
17738  -35.769  -64.216  -11.872 0.5000000000
17032  -37.916  -65.547  -14.053 0.6000000238
16286  -29.622  -66.422  -7.112 0.5000000000
16926  -30.489  -65.135  -6.726 0.6000000238
18468  -32.007  -63.434  -7.064 0.6000000238
18451  -32.497  -63.882  -7.017 0.6000000238
17757  -35.645  -64.174  -13.418 0.5000000000
17748  -35.705  -64.160  -12.666 0.4000000060
15662  -28.842  -66.505  -7.083 0.5000000000
18450  -31.245  -63.680  -6.872 0.6000000238
19233  -32.827  -62.513  -7.805 0.6000000238
15661  -28.038  -66.572  -7.014 0.5000000000
16925  -29.596  -65.119  -6.690 0.5000000000
144768  -30.630  -63.880  -6.754 0.6000000238
19232  -32.174  -62.711  -7.486 0.6000000238
15660  -27.219  -66.611  -6.962 0.5000000000
16924  -28.693  -65.363  -6.684 0.5000000000
149142  -29.509  -64.253  -6.687 0.5000000000
165896  -30.593  -63.167  -6.983 0.6000000238
18467  -31.421  -62.912  -7.173 0.6000000238
156219  -27.986  -65.557  -6.595 0.5000000000
17660  -28.929  -64.677  -6.643 0.5000000000
16911  -26.649  -65.709  -6.305 0.5000000000
19932  -31.588  -62.206  -7.627 0.5000000000
17659  -28.085  -64.648  -6.537 0.5000000000
19216  -29.875  -63.152  -6.958 0.5000000000
16910  -25.892  -65.496  -5.987 0.5000000000
17647  -27.279  -64.432  -6.297 0.5000000000
18448  -28.782  -64.003  -6.640 0.5000000000
161709  -31.022  -61.851  -7.811 0.4000000060
156995  -26.728  -63.964  -6.003 0.5000000000
18447  -28.007  -63.710  -6.559 0.5000000000
19230  -29.029  -62.290  -7.396 0.4000000060
19231  -29.934  -62.502  -7.303 0.4000000060
169826  -27.474  -63.264  -6.451 0.4000000060
144605  -27.940  -62.930  -6.725 0.4000000060
19929  -28.567  -61.763  -7.735 0.4000000060
17750  -36.864  -64.777  -13.402 0.6000000238
159782  -38.306  -65.289  -15.495 0.5000000000
16419  -39.241  -66.256  -16.094 0.4000000060
17714  -35.444  -64.446  -9.600 0.6000000238
19930  -29.407  -61.855  -7.753 0.4000000060
20624  -28.892  -61.004  -8.753 0.4000000060
14427  -34.705  -68.614  -8.774 0.6999999881
15730  -36.266  -66.956  -10.254 0.6999999881
15132  -37.338  -67.735  -12.326 0.6999999881
15747  -36.991  -67.444  -11.602 0.6999999881
16975  -35.839  -65.777  -9.752 0.6000000238
16960  -35.190  -65.367  -8.587 0.6000000238
158705  -38.431  -67.088  -13.954 0.6999999881
16351  -36.477  -66.316  -10.790 0.6999999881
15766  -37.333  -66.942  -12.124 0.6999999881
16411  -38.681  -66.576  -14.744 0.6000000238
12425  -33.330  -71.175  -10.713 0.6000000238
12445  -32.467  -71.766  -11.320 0.5000000000
12463  -32.869  -71.979  -12.034 0.4000000060
13112  -32.841  -70.897  -10.238 0.5000000000
13133  -35.137  -70.294  -11.347 0.5000000000
13139  -33.981  -71.317  -12.807 0.5000000000
13154  -35.384  -70.445  -14.085 0.4000000060
13155  -36.707  -70.244  -14.167 0.4000000060
13780  -33.078  -69.895  -9.422 0.6000000238
13781  -33.754  -70.122  -9.678 0.6999999881
13782  -34.923  -69.648  -9.871 0.6000000238
13804  -35.052  -70.040  -10.564 0.6999999881
13805  -35.512  -69.423  -10.394 0.6000000238
13819  -35.605  -69.721  -11.114 0.5000000000
13841  -35.609  -69.963  -12.670 0.5000000000
13843  -36.814  -69.271  -13.212 0.5000000000
13859  -38.855  -69.459  -14.512 0.5000000000
14425  -33.247  -69.010  -8.655 0.6999999881
14426  -34.073  -68.876  -8.641 0.6999999881
14443  -34.665  -69.182  -9.213 0.8000000119
14486  -36.583  -69.010  -12.494 0.6000000238
14497  -37.733  -68.477  -13.281 0.6999999881
14504  -38.101  -68.730  -13.757 0.6999999881
15031  -34.020  -67.774  -7.993 0.6999999881
15044  -31.530  -67.933  -8.698 0.5000000000
15046  -32.887  -68.346  -8.234 0.6999999881
15049  -35.028  -68.056  -8.710 0.6999999881
15069  -30.993  -67.977  -9.637 0.6999999881
15072  -35.977  -67.451  -9.758 0.8000000119
15097  -36.298  -67.701  -10.391 0.6999999881
15116  -36.563  -67.909  -11.107 0.6999999881
15150  -38.520  -67.976  -13.902 0.6999999881
15677  -31.493  -66.978  -7.558 0.6000000238
15678  -32.197  -67.071  -7.524 0.6000000238
15697  -35.308  -67.368  -8.696 0.6999999881
15714  -30.738  -67.122  -9.799 0.5000000000
15728  -30.696  -66.672  -10.422 0.5000000000
15779  -37.660  -67.225  -12.805 0.6999999881
15780  -38.112  -67.533  -13.358 0.6999999881
15799  -39.189  -67.181  -15.123 0.5000000000
16269  -27.457  -66.079  -6.671 0.5000000000
16270  -28.365  -66.091  -6.818 0.5000000000
16271  -29.199  -65.954  -6.853 0.5000000000
16272  -30.028  -65.844  -6.844 0.5000000000
16287  -30.388  -66.400  -7.109 0.5000000000
16288  -31.140  -66.426  -7.109 0.5000000000
16307  -34.945  -66.800  -8.267 0.6999999881
16308  -35.355  -66.135  -8.683 0.6999999881
16329  -35.736  -66.353  -9.333 0.6999999881
16381  -37.179  -66.114  -12.082 0.6000000238
16412  -39.081  -66.549  -15.449 0.6000000238
16422  -39.197  -66.229  -16.941 0.4000000060
16923  -27.325  -65.227  -6.416 0.5000000000
16928  -32.071  -65.157  -6.804 0.6000000238
16929  -32.833  -65.251  -6.899 0.6000000238
16930  -33.457  -65.345  -7.075 0.6000000238
16986  -36.112  -65.649  -10.361 0.5000000000
17007  -37.108  -65.540  -12.452 0.6000000238
17020  -37.252  -65.360  -13.031 0.6000000238
17043  -37.887  -64.890  -15.239 0.6000000238
17044  -38.269  -65.581  -14.762 0.5000000000
17054  -38.793  -65.723  -16.415 0.5000000000
17069  -36.438  -65.521  -18.904 0.5000000000
17070  -36.961  -65.732  -18.670 0.4000000060
17646  -26.509  -64.818  -6.034 0.5000000000
17661  -30.218  -64.430  -6.694 0.6000000238
17662  -30.953  -64.426  -6.734 0.6000000238
17663  -31.812  -64.313  -6.824 0.6000000238
17680  -33.174  -63.966  -7.226 0.6000000238
17681  -33.882  -64.221  -7.554 0.6000000238
17682  -34.503  -64.474  -7.965 0.6000000238
17701  -34.990  -64.651  -8.505 0.5000000000
17702  -35.405  -64.838  -9.099 0.6000000238
17722  -35.607  -64.403  -10.254 0.6000000238
17727  -35.735  -64.312  -11.061 0.5000000000
17728  -36.187  -64.812  -11.472 0.5000000000
17749  -36.260  -64.493  -13.038 0.4000000060
17768  -35.237  -64.064  -14.638 0.6000000238
17769  -36.260  -64.321  -14.660 0.6000000238
17770  -37.179  -64.546  -14.999 0.6000000238
17777  -35.743  -64.219  -15.415 0.6000000238
17785  -33.777  -64.095  -17.393 0.6000000238
17787  -36.110  -64.340  -16.180 0.6000000238
17792  -34.351  -64.404  -17.767 0.6000000238
17794  -35.865  -64.803  -17.592 0.6000000238
18446  -27.344  -63.788  -6.297 0.4000000060
18449  -30.055  -63.732  -6.779 0.5000000000
18469  -32.846  -63.224  -7.448 0.6000000238
18494  -34.877  -63.348  -9.424 0.6000000238
18506  -35.374  -63.785  -10.640 0.5000000000
18533  -34.848  -63.188  -12.542 0.5000000000
18543  -34.680  -63.430  -13.738 0.6999999881
18568  -32.905  -63.387  -17.488 0.6000000238
18576  -33.162  -63.856  -17.789 0.6000000238
18579  -32.552  -63.420  -18.020 0.5000000000
19214  -28.509  -62.604  -7.053 0.4000000060
19215  -29.275  -62.869  -7.018 0.5000000000
19246  -33.179  -61.978  -8.298 0.6000000238
19247  -33.909  -62.337  -8.563 0.6999999881
19248  -34.496  -62.758  -8.954 0.6999999881
19255  -34.607  -62.593  -9.864 0.6000000238
19275  -34.770  -62.650  -11.295 0.6000000238
19342  -31.678  -62.717  -18.013 0.5000000000
19348  -32.265  -63.041  -18.145 0.5000000000
19931  -30.292  -61.878  -7.753 0.5000000000
19948  -29.682  -61.427  -8.253 0.4000000060
19950  -31.630  -61.501  -8.211 0.5000000000
19951  -32.551  -61.429  -8.485 0.6000000238
19962  -33.895  -61.501  -9.608 0.6000000238
19969  -34.059  -61.328  -10.401 0.6000000238
19970  -34.528  -62.086  -10.672 0.6000000238
19996  -34.213  -61.210  -12.519 0.6000000238
20016  -34.083  -61.329  -14.429 0.6999999881
20037  -31.553  -62.104  -17.634 0.4000000060
20046  -30.981  -62.203  -18.016 0.4000000060
20052  -31.313  -62.380  -18.100 0.4000000060
20067  -37.121  -61.387  -19.842 0.4000000060
20644  -32.339  -60.483  -9.439 0.6000000238
20645  -33.082  -60.584  -9.791 0.6000000238
20658  -33.562  -60.655  -10.488 0.6000000238
20677  -33.941  -60.771  -11.964 0.6000000238
20719  -32.974  -60.647  -16.079 0.6000000238
20729  -31.375  -60.675  -16.768 0.5000000000
20746  -29.308  -60.398  -17.824 0.4000000060
20748  -30.539  -61.556  -18.018 0.4000000060
20750  -33.213  -60.618  -18.530 0.5000000000
21350  -31.893  -60.175  -9.762 0.6000000238
21361  -30.695  -59.991  -10.457 0.5000000000
21409  -29.908  -59.838  -13.197 0.4000000060
21413  -33.325  -60.008  -12.686 0.6000000238
21442  -33.578  -60.271  -14.756 0.6999999881
21452  -29.776  -60.051  -15.969 0.5000000000
21466  -30.545  -60.285  -16.553 0.5000000000
21494  -34.202  -59.790  -19.115 0.5000000000
22203  -30.156  -59.475  -18.568 0.4000000060
22225  -35.339  -58.619  -20.918 0.4000000060
22964  -38.272  -57.690  -20.425 0.3000000119
22968  -34.993  -58.191  -20.892 0.4000000060
22970  -36.478  -57.989  -20.828 0.4000000060
23762  -35.071  -57.122  -20.780 0.5000000000
24551  -32.316  -56.070  -20.419 0.5000000000
24552  -33.006  -55.981  -20.612 0.5000000000
26188  -33.662  -54.548  -18.631 0.5000000000
26204  -32.962  -54.981  -20.121 0.5000000000
27098  -32.231  -53.950  -19.571 0.5000000000
142958  -32.882  -53.389  -18.328 0.5000000000
145017  -30.115  -59.792  -14.574 0.4000000060
146988  -37.151  -55.369  -18.966 0.3000000119
149051  -34.598  -70.780  -11.623 0.5000000000
150350  -28.676  -63.258  -6.789 0.5000000000
150590  -31.527  -70.868  -10.280 0.5000000000
150928  -37.660  -65.017  -14.490 0.6000000238
151008  -29.996  -66.725  -7.461 0.5000000000
152575  -31.027  -67.535  -9.367 0.5000000000
153084  -29.385  -63.537  -6.798 0.5000000000
157501  -35.809  -57.152  -20.317 0.4000000060
157608  -33.423  -66.550  -7.328 0.6000000238
159051  -30.832  -62.407  -7.413 0.4000000060
159650  -32.235  -60.962  -18.444 0.5000000000
160382  -34.378  -65.712  -7.643 0.6000000238
161573  -35.605  -64.436  -16.874 0.6000000238
161578  -32.307  -63.239  -17.915 0.5000000000
161693  -38.447  -65.368  -16.004 0.5000000000
162911  -32.091  -71.552  -10.853 0.5000000000
163448  -34.445  -63.743  -18.502 0.6000000238
164096  -36.762  -66.002  -11.459 0.6000000238
165549  -35.872  -62.336  -19.518 0.5000000000
166351  -36.398  -68.517  -11.275 0.6000000238
167233  -35.973  -65.190  -18.753 0.6000000238
169557  -27.678  -64.142  -6.435 0.5000000000
169629  -34.737  -63.706  -14.284 0.6000000238
171134  -33.715  -60.507  -11.608 0.6000000238
171376  -34.095  -61.139  -13.951 0.6999999881
171569  -33.610  -62.648  -18.475 0.5000000000
171896  -33.196  -69.459  -9.061 0.6999999881
