#!ascii label  , from subject sub-v2s1x29911_ses-1 vox2ras=TkReg
758
69068  17.599  -12.351  42.553 0.0000000000
83237  42.793  -3.892  27.546 0.0000000000
84391  47.661  -1.798  22.545 0.0000000000
79702  43.463  -6.583  37.155 0.0000000000
152559  26.816  -12.789  40.889 0.0000000000
72958  21.036  -10.731  44.183 0.0000000000
168278  45.248  -0.387  25.855 0.0000000000
85368  48.554  -0.674  30.483 0.0000000000
76270  38.997  -8.794  39.821 0.0000000000
167677  33.394  -12.667  42.871 0.0000000000
86727  56.437  0.909  15.650 0.0000000000
87700  49.476  2.347  21.065 0.0000000000
80835  39.093  -4.920  33.917 0.0000000000
85343  43.169  -1.558  33.466 0.0000000000
157191  21.974  -11.138  40.820 0.0000000000
72970  19.578  -11.101  43.289 0.0000000000
84336  43.597  -1.491  26.704 0.0000000000
86570  47.048  0.071  27.821 0.0000000000
84297  45.521  -1.988  29.899 0.0000000000
71765  39.760  -12.346  39.908 0.0000000000
71687  27.694  -11.848  44.228 0.0000000000
71716  29.885  -12.606  42.342 0.0000000000
166497  31.237  -12.427  45.482 0.0000000000
87739  54.642  1.737  17.483 0.0000000000
141309  54.541  -1.069  16.680 0.0000000000
87707  53.964  1.908  19.827 0.0000000000
169331  45.472  0.732  22.854 0.0000000000
139828  46.899  2.161  21.379 0.0000000000
140622  47.255  -0.119  21.134 0.0000000000
85519  48.495  -1.323  18.703 0.0000000000
84429  47.750  -2.806  20.099 0.0000000000
78466  41.688  -7.385  39.032 0.0000000000
78516  39.504  -6.637  36.853 0.0000000000
80815  41.140  -4.647  37.262 0.0000000000
83088  40.305  -2.580  34.371 0.0000000000
83066  43.202  -3.095  36.013 0.0000000000
83085  45.088  -3.813  34.258 0.0000000000
79721  44.261  -5.337  35.442 0.0000000000
72965  23.812  -10.957  43.066 0.0000000000
86640  44.305  -0.173  23.254 0.0000000000
86621  46.995  -0.648  24.358 0.0000000000
86593  49.339  -0.568  26.298 0.0000000000
85387  49.413  -0.652  28.724 0.0000000000
71736  37.210  -12.360  41.311 0.0000000000
74127  39.179  -10.690  41.225 0.0000000000
72987  40.825  -10.626  39.960 0.0000000000
75253  42.283  -8.818  37.604 0.0000000000
77347  42.635  -7.520  36.367 0.0000000000
141723  34.101  -13.080  40.462 0.0000000000
70313  35.894  -13.191  43.731 0.0000000000
86774  55.353  -0.715  12.253 0.0000000000
88816  51.046  2.515  19.698 0.0000000000
86686  51.630  0.261  19.092 0.0000000000
165127  50.349  -3.371  18.508 0.0000000000
83162  44.181  -3.690  31.286 0.0000000000
85354  46.075  -1.305  32.266 0.0000000000
161614  47.233  -4.014  31.980 0.0000000000
145275  17.793  -12.081  43.604 0.0000000000
71727  18.628  -11.440  43.247 0.0000000000
70342  18.567  -11.724  43.504 0.0000000000
84320  43.077  -2.871  27.315 0.0000000000
85390  44.839  -1.285  28.205 0.0000000000
83220  43.997  -3.176  28.692 0.0000000000
142485  29.258  -11.976  45.061 0.0000000000
87740  53.866  1.592  18.122 0.0000000000
156336  54.682  1.783  18.452 0.0000000000
87725  53.434  2.015  19.096 0.0000000000
85471  46.606  -0.884  22.582 0.0000000000
140466  46.875  1.174  22.361 0.0000000000
85493  47.121  -1.178  21.143 0.0000000000
141983  47.198  -0.915  20.345 0.0000000000
78479  42.832  -7.261  38.033 0.0000000000
79688  41.208  -5.923  38.415 0.0000000000
80808  42.521  -5.289  37.528 0.0000000000
83048  41.878  -3.471  36.452 0.0000000000
80814  43.567  -5.012  36.953 0.0000000000
80819  44.037  -4.807  35.866 0.0000000000
79715  43.655  -6.287  36.600 0.0000000000
72978  22.985  -10.977  41.916 0.0000000000
72956  22.621  -10.380  44.571 0.0000000000
72949  23.833  -10.475  45.372 0.0000000000
86611  44.128  -0.531  24.807 0.0000000000
85452  43.543  -0.643  23.561 0.0000000000
86610  44.819  -0.293  24.521 0.0000000000
86623  45.295  -0.217  24.035 0.0000000000
86609  45.506  -0.309  24.712 0.0000000000
86607  47.466  -0.562  25.127 0.0000000000
86583  47.138  -0.030  26.494 0.0000000000
86549  47.876  -0.223  29.606 0.0000000000
87585  48.873  0.189  28.427 0.0000000000
85377  49.045  -0.639  29.476 0.0000000000
84307  48.066  -1.680  28.972 0.0000000000
83198  48.531  -1.925  30.449 0.0000000000
70349  37.766  -12.577  42.560 0.0000000000
72977  38.287  -11.487  41.685 0.0000000000
70325  38.932  -12.631  42.196 0.0000000000
72999  40.552  -11.270  39.777 0.0000000000
75239  41.566  -9.629  39.013 0.0000000000
71714  31.463  -12.532  42.486 0.0000000000
143242  32.269  -12.841  41.380 0.0000000000
70353  33.887  -12.949  41.418 0.0000000000
141914  35.311  -12.977  42.282 0.0000000000
144341  35.083  -12.923  43.736 0.0000000000
88841  56.225  2.130  15.767 0.0000000000
86762  56.080  -0.663  13.513 0.0000000000
84468  53.261  -1.744  16.901 0.0000000000
139837  48.449  2.243  21.284 0.0000000000
140783  46.740  1.428  19.800 0.0000000000
140542  49.047  2.412  20.694 0.0000000000
88818  48.965  1.745  18.882 0.0000000000
87699  50.340  2.191  20.521 0.0000000000
87698  51.591  2.763  20.748 0.0000000000
87711  50.823  2.059  20.591 0.0000000000
83347  48.921  -3.097  19.022 0.0000000000
84443  49.791  -2.858  18.670 0.0000000000
74147  37.941  -9.788  39.234 0.0000000000
75255  38.292  -8.948  37.905 0.0000000000
79724  39.378  -5.961  35.415 0.0000000000
78534  38.691  -7.172  35.211 0.0000000000
85315  41.747  -1.544  34.451 0.0000000000
84246  40.060  -2.210  32.962 0.0000000000
84263  41.489  -2.189  32.803 0.0000000000
82011  42.551  -3.868  31.587 0.0000000000
84261  43.827  -2.314  32.600 0.0000000000
83135  45.550  -1.683  32.022 0.0000000000
85341  45.013  -1.344  33.062 0.0000000000
80833  45.474  -4.508  33.774 0.0000000000
83099  46.388  -3.485  33.196 0.0000000000
80842  46.302  -4.486  32.833 0.0000000000
80858  46.988  -4.910  31.574 0.0000000000
72969  20.361  -10.781  43.058 0.0000000000
71707  20.179  -11.092  43.668 0.0000000000
71724  20.186  -11.236  43.662 0.0000000000
71725  19.635  -11.319  43.671 0.0000000000
86584  44.497  -0.618  25.943 0.0000000000
159116  45.629  -0.310  26.637 0.0000000000
85389  45.374  -0.651  27.848 0.0000000000
85379  45.819  -0.855  28.775 0.0000000000
85370  46.627  -1.100  30.254 0.0000000000
71702  26.652  -12.036  42.976 0.0000000000
70336  27.939  -12.746  41.614 0.0000000000
71700  28.563  -12.429  42.832 0.0000000000
71684  30.688  -12.272  43.995 0.0000000000
144071  32.336  -12.417  44.820 0.0000000000
70293  34.090  -13.138  44.466 0.0000000000
70295  32.568  -12.894  45.029 0.0000000000
88833  56.070  1.893  16.564 0.0000000000
85550  55.247  -0.695  16.158 0.0000000000
86701  55.515  1.048  17.635 0.0000000000
85532  54.485  0.089  18.409 0.0000000000
85514  53.334  -0.649  18.459 0.0000000000
87676  45.157  0.943  22.259 0.0000000000
88769  46.467  1.802  22.346 0.0000000000
148415  47.747  1.789  22.176 0.0000000000
140464  49.151  2.074  21.287 0.0000000000
86689  49.210  0.665  19.828 0.0000000000
139824  47.689  -0.132  20.257 0.0000000000
84428  47.622  -2.110  19.492 0.0000000000
77284  39.861  -7.910  39.688 0.0000000000
77314  39.231  -7.495  37.927 0.0000000000
147496  39.974  -6.496  38.314 0.0000000000
146900  40.186  -5.398  37.184 0.0000000000
80820  40.127  -4.705  35.870 0.0000000000
81969  39.785  -3.819  34.482 0.0000000000
143555  40.798  -3.323  35.591 0.0000000000
84206  41.745  -2.361  35.378 0.0000000000
84218  43.112  -1.745  35.190 0.0000000000
85312  44.376  -1.560  34.358 0.0000000000
83064  44.335  -3.718  35.201 0.0000000000
81968  44.863  -4.516  34.605 0.0000000000
79739  44.797  -5.130  34.128 0.0000000000
72991  23.164  -11.338  40.733 0.0000000000
71740  24.656  -11.894  41.093 0.0000000000
71721  25.618  -12.023  42.026 0.0000000000
71689  25.839  -11.469  43.938 0.0000000000
72939  25.164  -10.856  45.746 0.0000000000
86639  44.970  0.217  23.216 0.0000000000
167016  46.035  -0.179  23.301 0.0000000000
85464  47.098  -1.130  23.101 0.0000000000
85438  48.296  -1.208  24.585 0.0000000000
85437  49.560  -1.802  24.858 0.0000000000
85410  49.770  -1.162  26.507 0.0000000000
87607  47.620  0.254  27.212 0.0000000000
86580  49.800  -0.615  27.369 0.0000000000
70395  35.885  -12.738  39.211 0.0000000000
71766  37.291  -11.696  40.034 0.0000000000
74135  38.033  -10.482  40.396 0.0000000000
75235  38.778  -9.486  40.443 0.0000000000
163343  39.725  -12.138  41.354 0.0000000000
74132  40.373  -10.586  40.545 0.0000000000
76262  40.036  -8.950  40.303 0.0000000000
162122  41.306  -8.813  39.408 0.0000000000
76275  42.417  -8.501  38.345 0.0000000000
76285  42.991  -7.671  37.496 0.0000000000
77346  43.440  -6.995  36.810 0.0000000000
76314  42.411  -8.138  36.646 0.0000000000
70373  35.785  -12.997  40.274 0.0000000000
143996  36.700  -12.992  42.540 0.0000000000
69026  37.348  -13.309  42.975 0.0000000000
69011  35.600  -13.326  44.167 0.0000000000
67790  36.309  -13.803  43.357 0.0000000000
86785  56.440  -0.114  11.629 0.0000000000
87726  51.392  1.758  18.785 0.0000000000
88815  52.081  2.757  20.291 0.0000000000
87709  52.667  1.638  20.346 0.0000000000
85516  51.846  -1.312  18.445 0.0000000000
85518  49.896  -0.641  18.635 0.0000000000
85517  50.877  -1.246  18.512 0.0000000000
84460  51.468  -2.611  18.151 0.0000000000
76303  38.676  -7.857  36.417 0.0000000000
141526  42.576  -4.422  29.606 0.0000000000
82065  44.011  -3.818  29.290 0.0000000000
83181  45.048  -3.102  30.505 0.0000000000
84285  46.093  -1.736  30.661 0.0000000000
85352  47.636  -1.162  31.308 0.0000000000
84228  45.807  -2.088  33.662 0.0000000000
84240  46.902  -2.019  32.588 0.0000000000
83158  48.307  -2.052  31.209 0.0000000000
82026  47.750  -3.724  31.110 0.0000000000
169513  43.181  -6.507  35.800 0.0000000000
143927  43.626  -5.780  34.973 0.0000000000
70343  18.089  -12.007  43.191 0.0000000000
71728  18.324  -11.642  42.891 0.0000000000
83236  43.707  -2.562  27.939 0.0000000000
83221  43.380  -3.549  28.051 0.0000000000
87741  52.636  1.255  17.954 0.0000000000
169008  51.759  1.216  17.930 0.0000000000
85482  46.650  -0.416  22.161 0.0000000000
85481  47.172  -1.451  21.905 0.0000000000
84403  47.946  -2.321  22.118 0.0000000000
79686  42.853  -6.617  37.843 0.0000000000
79687  42.067  -5.774  38.030 0.0000000000
79703  42.810  -5.945  37.606 0.0000000000
81916  42.936  -4.840  37.105 0.0000000000
80807  43.335  -5.711  37.139 0.0000000000
79701  43.904  -5.957  36.878 0.0000000000
152516  43.548  -6.644  37.008 0.0000000000
72967  21.689  -10.547  43.414 0.0000000000
72957  21.699  -10.577  44.681 0.0000000000
71691  21.979  -10.613  45.041 0.0000000000
86597  44.661  -0.456  25.278 0.0000000000
145693  45.182  -0.345  25.146 0.0000000000
86596  45.771  -0.292  25.425 0.0000000000
86595  46.681  -0.267  25.699 0.0000000000
145029  46.105  -0.197  26.191 0.0000000000
86538  48.493  -0.404  30.077 0.0000000000
86548  48.741  -0.254  29.660 0.0000000000
85367  48.830  -0.831  30.195 0.0000000000
84294  48.810  -1.094  30.007 0.0000000000
84284  48.741  -1.294  30.505 0.0000000000
71713  38.221  -12.507  42.427 0.0000000000
70315  32.637  -12.506  42.969 0.0000000000
154712  32.127  -12.685  42.056 0.0000000000
70331  32.861  -12.763  42.147 0.0000000000
70354  33.070  -12.878  41.392 0.0000000000
70330  33.654  -12.845  42.269 0.0000000000
70329  34.611  -12.897  42.505 0.0000000000
141931  34.162  -12.716  43.269 0.0000000000
88840  56.400  1.702  15.965 0.0000000000
87760  56.819  1.741  15.267 0.0000000000
86741  56.581  0.484  14.827 0.0000000000
86750  56.703  0.018  14.013 0.0000000000
86751  56.065  -0.542  14.316 0.0000000000
89783  49.575  2.422  21.204 0.0000000000
139836  48.198  2.333  20.786 0.0000000000
88792  49.560  2.398  20.833 0.0000000000
87712  49.981  1.950  20.805 0.0000000000
83331  49.186  -4.057  19.590 0.0000000000
83346  49.780  -3.794  19.041 0.0000000000
75241  38.450  -9.269  39.659 0.0000000000
75247  38.080  -9.449  38.574 0.0000000000
76277  38.611  -8.793  38.906 0.0000000000
79732  39.183  -5.632  34.592 0.0000000000
79743  38.783  -5.792  33.861 0.0000000000
85330  41.964  -1.460  34.049 0.0000000000
84244  41.631  -1.740  33.477 0.0000000000
146901  42.445  -1.941  33.186 0.0000000000
84262  42.671  -2.443  32.659 0.0000000000
84243  43.466  -1.836  33.040 0.0000000000
84242  44.472  -1.619  32.891 0.0000000000
85342  44.127  -1.426  33.285 0.0000000000
80843  45.727  -4.646  33.337 0.0000000000
164308  45.908  -4.398  33.287 0.0000000000
79751  46.208  -4.866  32.622 0.0000000000
79763  46.501  -5.338  31.852 0.0000000000
72982  19.422  -11.136  42.395 0.0000000000
154914  20.022  -10.966  42.344 0.0000000000
71726  19.002  -11.442  43.415 0.0000000000
85415  43.030  -1.793  26.167 0.0000000000
84351  42.615  -1.833  25.508 0.0000000000
85425  43.177  -1.369  25.556 0.0000000000
85414  43.773  -1.062  25.950 0.0000000000
85413  44.321  -0.880  26.692 0.0000000000
85401  45.090  -0.558  27.078 0.0000000000
85402  44.584  -0.999  27.453 0.0000000000
84298  45.083  -1.766  29.068 0.0000000000
151873  45.931  -1.292  29.546 0.0000000000
85378  46.785  -0.679  29.608 0.0000000000
71688  26.811  -11.733  43.978 0.0000000000
71701  27.632  -12.197  43.104 0.0000000000
148868  28.288  -12.143  43.649 0.0000000000
71671  29.952  -12.183  45.481 0.0000000000
71685  29.937  -12.195  44.240 0.0000000000
142271  30.860  -12.229  44.976 0.0000000000
71683  31.433  -12.259  44.393 0.0000000000
71670  31.633  -12.387  45.249 0.0000000000
167353  32.672  -12.615  45.059 0.0000000000
87755  53.597  0.810  16.739 0.0000000000
87738  55.181  1.929  16.923 0.0000000000
88834  55.678  2.048  16.425 0.0000000000
88827  55.645  1.905  17.118 0.0000000000
87737  55.859  1.559  17.138 0.0000000000
156583  55.202  1.742  17.633 0.0000000000
87724  54.029  2.024  19.464 0.0000000000
87706  54.486  1.651  19.000 0.0000000000
86683  54.404  1.046  19.099 0.0000000000
85513  54.010  0.030  18.693 0.0000000000
86684  53.802  0.789  19.357 0.0000000000
87675  45.845  1.407  22.534 0.0000000000
87685  45.680  1.404  21.888 0.0000000000
140392  47.558  1.242  21.967 0.0000000000
139826  48.418  1.906  21.719 0.0000000000
139831  48.144  1.052  21.334 0.0000000000
140753  48.607  1.000  20.826 0.0000000000
156009  47.389  -1.768  20.153 0.0000000000
83332  48.266  -3.149  19.566 0.0000000000
83320  48.526  -3.882  20.453 0.0000000000
78467  40.864  -7.283  39.338 0.0000000000
77298  40.080  -7.307  39.303 0.0000000000
78482  40.314  -6.710  38.925 0.0000000000
80803  41.173  -5.250  37.894 0.0000000000
79704  40.571  -5.556  37.926 0.0000000000
80809  40.677  -5.087  37.431 0.0000000000
79723  39.881  -5.476  36.170 0.0000000000
80816  40.460  -4.741  36.683 0.0000000000
81955  40.517  -4.015  35.899 0.0000000000
81938  40.911  -4.211  36.597 0.0000000000
83047  42.809  -3.566  36.475 0.0000000000
83067  42.264  -2.869  36.062 0.0000000000
84205  42.686  -2.320  35.609 0.0000000000
84204  43.716  -2.682  35.492 0.0000000000
83065  43.872  -3.617  35.707 0.0000000000
80818  44.253  -5.225  35.472 0.0000000000
81952  44.510  -4.676  35.239 0.0000000000
145342  44.520  -4.952  34.959 0.0000000000
79728  44.530  -5.114  34.642 0.0000000000
157276  44.418  -5.403  34.782 0.0000000000
72992  22.562  -11.291  40.396 0.0000000000
71723  23.893  -11.209  41.937 0.0000000000
71722  24.773  -11.621  41.955 0.0000000000
71704  24.825  -11.357  42.938 0.0000000000
71703  25.727  -11.811  42.933 0.0000000000
86655  44.019  -0.270  22.442 0.0000000000
86622  45.989  -0.329  24.245 0.0000000000
144884  45.721  -0.218  23.728 0.0000000000
86637  46.538  -0.597  23.714 0.0000000000
85451  47.698  -1.266  23.780 0.0000000000
86594  47.966  -0.354  25.938 0.0000000000
86606  48.985  -0.993  25.450 0.0000000000
85423  49.823  -1.413  25.842 0.0000000000
86592  49.828  -0.801  26.673 0.0000000000
86571  45.969  -0.269  27.399 0.0000000000
141419  46.529  -0.007  26.947 0.0000000000
86557  49.493  -0.232  28.560 0.0000000000
86568  49.644  -0.163  27.909 0.0000000000
85386  49.684  -0.501  28.140 0.0000000000
85398  49.808  -0.783  27.435 0.0000000000
85399  49.556  -0.892  28.099 0.0000000000
70372  36.521  -12.653  40.261 0.0000000000
71767  36.649  -12.195  39.541 0.0000000000
71751  37.028  -12.155  40.386 0.0000000000
72989  38.499  -10.835  41.184 0.0000000000
72990  37.867  -11.151  40.771 0.0000000000
74134  38.641  -10.102  40.827 0.0000000000
70347  39.415  -12.691  41.430 0.0000000000
71749  39.802  -12.268  40.781 0.0000000000
72988  40.414  -11.278  40.437 0.0000000000
75233  40.185  -9.679  40.567 0.0000000000
145749  40.799  -10.161  40.221 0.0000000000
76261  40.609  -9.105  40.104 0.0000000000
75240  41.207  -10.001  39.708 0.0000000000
75245  42.117  -9.027  38.314 0.0000000000
148818  41.943  -9.059  38.778 0.0000000000
76274  42.860  -7.914  37.901 0.0000000000
76286  42.688  -8.321  37.882 0.0000000000
76301  42.698  -8.207  37.325 0.0000000000
71717  29.094  -12.678  42.209 0.0000000000
70359  28.375  -12.964  40.943 0.0000000000
70334  29.541  -12.822  41.595 0.0000000000
142962  34.316  -13.145  39.575 0.0000000000
143010  35.073  -13.080  39.397 0.0000000000
70374  34.953  -13.084  40.362 0.0000000000
70328  36.027  -13.003  42.920 0.0000000000
70351  35.730  -12.997  41.518 0.0000000000
70327  37.375  -13.003  42.785 0.0000000000
70312  36.736  -13.323  43.308 0.0000000000
70304  34.989  -13.061  44.179 0.0000000000
69048  36.901  -13.890  42.837 0.0000000000
144798  56.111  -0.562  12.776 0.0000000000
165864  56.061  -0.418  12.150 0.0000000000
86775  54.665  -0.691  11.665 0.0000000000
87690  45.529  1.074  20.820 0.0000000000
140720  45.371  0.201  19.951 0.0000000000
140575  46.347  1.635  20.643 0.0000000000
88802  49.818  2.410  20.059 0.0000000000
160536  49.392  1.636  18.646 0.0000000000
88817  50.161  2.015  19.177 0.0000000000
87727  50.467  1.466  18.281 0.0000000000
88800  51.600  2.821  20.634 0.0000000000
87710  51.660  2.000  20.546 0.0000000000
87697  52.307  2.683  20.856 0.0000000000
86685  52.447  -0.031  18.831 0.0000000000
86690  48.370  -0.384  19.056 0.0000000000
154447  49.076  -0.425  18.781 0.0000000000
83345  50.239  -3.339  18.610 0.0000000000
157239  50.128  -1.880  18.492 0.0000000000
84442  50.622  -2.695  18.500 0.0000000000
84441  51.316  -2.360  18.332 0.0000000000
83344  50.824  -2.949  18.350 0.0000000000
76287  38.802  -7.999  37.246 0.0000000000
77330  39.155  -7.352  37.003 0.0000000000
81983  39.817  -2.950  33.989 0.0000000000
83140  39.955  -2.451  32.282 0.0000000000
82010  43.411  -3.797  31.616 0.0000000000
82048  42.278  -4.244  30.440 0.0000000000
82047  43.158  -4.242  30.117 0.0000000000
82066  43.335  -4.236  29.299 0.0000000000
82046  43.944  -4.040  29.952 0.0000000000
82045  44.537  -3.614  29.907 0.0000000000
82027  44.479  -3.746  30.651 0.0000000000
83160  45.618  -2.218  31.072 0.0000000000
84276  46.325  -1.330  31.609 0.0000000000
84275  47.046  -1.007  30.961 0.0000000000
85353  46.845  -1.301  31.716 0.0000000000
84215  45.256  -2.744  34.166 0.0000000000
85311  45.165  -1.745  34.034 0.0000000000
83115  46.866  -3.592  32.687 0.0000000000
156421  46.829  -2.915  32.875 0.0000000000
83114  47.250  -2.867  32.375 0.0000000000
84258  48.053  -2.035  31.682 0.0000000000
83134  47.833  -2.782  31.779 0.0000000000
83159  48.095  -2.897  31.209 0.0000000000
82009  47.613  -3.743  31.632 0.0000000000
79778  47.019  -5.035  30.950 0.0000000000
78533  42.810  -6.804  35.936 0.0000000000
71743  18.804  -11.424  42.388 0.0000000000
72971  18.961  -11.247  43.107 0.0000000000
84337  42.678  -2.607  26.568 0.0000000000
84319  43.561  -1.982  27.301 0.0000000000
165029  43.996  -1.377  27.186 0.0000000000
84309  44.368  -2.185  28.450 0.0000000000
83219  44.622  -2.617  29.107 0.0000000000
72937  27.196  -11.464  45.666 0.0000000000
157215  28.483  -11.919  44.626 0.0000000000
71673  28.591  -11.780  45.618 0.0000000000
71658  29.564  -12.301  45.806 0.0000000000
88813  53.633  2.268  20.026 0.0000000000
86653  46.162  0.442  22.779 0.0000000000
87674  46.318  1.385  22.499 0.0000000000
139823  46.935  0.124  21.844 0.0000000000
84417  47.598  -2.464  20.737 0.0000000000
78481  41.100  -6.614  38.929 0.0000000000
78480  42.090  -6.765  38.474 0.0000000000
165775  41.735  -5.055  37.662 0.0000000000
81937  41.515  -4.051  36.840 0.0000000000
81917  42.012  -4.584  37.288 0.0000000000
81936  42.428  -4.065  36.909 0.0000000000
81935  43.313  -4.418  36.623 0.0000000000
81953  44.156  -4.408  35.704 0.0000000000
81934  43.896  -4.865  36.156 0.0000000000
79714  43.901  -5.677  35.986 0.0000000000
79722  43.991  -5.891  36.058 0.0000000000
72979  22.163  -10.928  41.669 0.0000000000
72966  22.698  -10.577  43.305 0.0000000000
72955  23.761  -10.558  44.280 0.0000000000
85439  43.400  -0.850  24.389 0.0000000000
86625  44.173  -0.371  24.043 0.0000000000
86624  44.804  -0.125  23.727 0.0000000000
86608  46.308  -0.364  24.930 0.0000000000
86559  47.396  -0.049  28.767 0.0000000000
86569  47.899  0.186  28.451 0.0000000000
86558  48.405  0.059  29.150 0.0000000000
86547  49.037  -0.415  29.447 0.0000000000
85376  49.325  -0.438  28.901 0.0000000000
85388  48.973  -1.024  29.311 0.0000000000
84295  48.351  -1.836  29.852 0.0000000000
83199  48.085  -2.898  30.447 0.0000000000
71750  37.612  -11.779  41.125 0.0000000000
71735  37.946  -12.107  42.159 0.0000000000
71734  38.517  -11.905  42.236 0.0000000000
72976  38.842  -11.379  41.746 0.0000000000
73007  40.949  -10.676  39.340 0.0000000000
74139  41.210  -10.197  39.476 0.0000000000
74145  41.346  -10.116  38.905 0.0000000000
74155  41.392  -10.041  38.179 0.0000000000
71715  30.607  -12.524  42.561 0.0000000000
70333  30.513  -12.767  41.725 0.0000000000
70355  31.663  -12.991  40.731 0.0000000000
142327  32.484  -12.998  40.626 0.0000000000
141667  33.289  -13.043  40.554 0.0000000000
70352  34.735  -13.011  41.400 0.0000000000
167611  35.458  -12.926  43.195 0.0000000000
87781  57.117  0.659  13.680 0.0000000000
86761  56.783  -0.173  13.240 0.0000000000
85539  53.947  -1.301  17.063 0.0000000000
139834  47.709  2.311  21.484 0.0000000000
139832  47.182  2.120  20.704 0.0000000000
140755  48.124  2.176  19.833 0.0000000000
88803  48.862  2.258  19.745 0.0000000000
88801  50.984  2.653  20.365 0.0000000000
86687  50.741  0.570  19.425 0.0000000000
165776  48.813  -2.225  18.679 0.0000000000
152485  49.323  -1.551  18.563 0.0000000000
79716  39.460  -6.326  36.105 0.0000000000
77348  39.033  -7.146  36.070 0.0000000000
154607  39.099  -6.639  35.515 0.0000000000
78552  38.454  -6.974  34.490 0.0000000000
84221  40.588  -1.984  34.225 0.0000000000
84230  40.331  -2.036  33.592 0.0000000000
84245  40.776  -1.918  33.247 0.0000000000
84264  40.576  -2.222  32.684 0.0000000000
83139  40.933  -2.570  32.235 0.0000000000
83163  41.660  -3.503  31.807 0.0000000000
159355  41.807  -2.720  32.311 0.0000000000
83137  43.347  -3.048  32.236 0.0000000000
83136  44.120  -3.097  31.936 0.0000000000
83161  44.869  -2.903  31.407 0.0000000000
145671  44.733  -2.096  32.313 0.0000000000
84260  45.320  -1.397  32.638 0.0000000000
85340  45.762  -1.364  32.756 0.0000000000
81967  45.317  -4.251  34.020 0.0000000000
83100  45.774  -3.339  33.731 0.0000000000
81982  45.930  -3.911  33.444 0.0000000000
81981  46.348  -4.098  32.980 0.0000000000
81995  46.851  -4.166  32.385 0.0000000000
80851  47.159  -4.345  31.856 0.0000000000
148715  46.702  -4.678  32.205 0.0000000000
72993  21.391  -11.202  40.577 0.0000000000
72981  20.700  -10.996  41.550 0.0000000000
72980  21.318  -10.905  41.742 0.0000000000
72968  21.028  -10.664  43.213 0.0000000000
72959  20.603  -10.867  43.852 0.0000000000
71706  20.690  -10.944  43.987 0.0000000000
85424  43.603  -0.918  25.182 0.0000000000
86598  44.127  -0.665  25.431 0.0000000000
166599  44.935  -0.525  26.440 0.0000000000
86560  46.357  -0.327  28.251 0.0000000000
86550  46.816  -0.363  29.016 0.0000000000
85369  47.786  -0.545  30.226 0.0000000000
166581  47.751  -0.786  30.653 0.0000000000
70348  38.916  -13.085  41.732 0.0000000000
71720  26.473  -12.281  42.114 0.0000000000
71737  27.075  -12.670  41.489 0.0000000000
71719  27.308  -12.460  42.231 0.0000000000
159293  28.466  -12.679  42.079 0.0000000000
71699  29.441  -12.419  43.050 0.0000000000
71686  29.005  -12.191  43.855 0.0000000000
71698  30.246  -12.400  43.196 0.0000000000
71697  31.043  -12.366  43.324 0.0000000000
71696  31.967  -12.339  43.658 0.0000000000
71695  32.908  -12.434  44.077 0.0000000000
141294  33.561  -12.599  43.656 0.0000000000
71694  33.566  -12.763  44.393 0.0000000000
71667  33.308  -12.863  44.674 0.0000000000
69001  33.231  -13.308  44.772 0.0000000000
87752  56.187  1.229  16.433 0.0000000000
86728  55.972  0.093  15.966 0.0000000000
86710  55.753  0.473  16.815 0.0000000000
86711  55.200  -0.197  17.234 0.0000000000
87723  55.077  1.520  18.214 0.0000000000
86702  55.072  0.451  18.088 0.0000000000
147356  54.538  -0.627  17.615 0.0000000000
157353  53.671  -1.133  17.913 0.0000000000
84439  52.713  -1.697  18.077 0.0000000000
160879  45.051  0.833  21.356 0.0000000000
142527  46.296  1.852  21.621 0.0000000000
139829  47.177  1.837  22.273 0.0000000000
140867  47.153  2.131  22.004 0.0000000000
139827  48.173  2.086  21.756 0.0000000000
139835  49.187  2.205  21.276 0.0000000000
87713  49.397  1.620  20.946 0.0000000000
86674  48.398  0.365  19.868 0.0000000000
167966  47.858  -0.508  19.454 0.0000000000
85504  47.409  -1.135  19.689 0.0000000000
85520  47.813  -1.278  19.057 0.0000000000
84444  48.129  -2.247  18.897 0.0000000000
144825  39.194  -8.217  39.361 0.0000000000
77299  39.432  -7.601  38.930 0.0000000000
78483  39.703  -6.984  38.596 0.0000000000
78498  39.562  -6.831  37.713 0.0000000000
79689  40.486  -6.138  38.463 0.0000000000
78497  39.975  -6.079  37.657 0.0000000000
78515  39.794  -5.980  36.773 0.0000000000
80821  39.698  -5.130  35.282 0.0000000000
80828  39.518  -4.619  34.540 0.0000000000
80827  39.971  -4.269  35.177 0.0000000000
83069  40.280  -3.346  34.934 0.0000000000
81954  41.093  -3.632  36.250 0.0000000000
83068  41.405  -3.024  35.808 0.0000000000
83087  40.887  -2.646  34.971 0.0000000000
84220  41.304  -1.832  34.655 0.0000000000
85314  42.514  -1.472  34.592 0.0000000000
85313  43.462  -1.477  34.580 0.0000000000
85328  43.791  -1.393  33.889 0.0000000000
84217  44.017  -1.968  34.953 0.0000000000
162738  44.372  -2.770  35.017 0.0000000000
84216  44.755  -3.307  34.625 0.0000000000
83086  44.683  -3.900  34.739 0.0000000000
80826  44.908  -4.683  34.331 0.0000000000
80834  45.138  -4.722  34.023 0.0000000000
70361  26.132  -12.722  40.532 0.0000000000
71739  25.465  -12.233  41.210 0.0000000000
71738  26.278  -12.509  41.359 0.0000000000
72954  24.841  -11.046  44.051 0.0000000000
72947  25.905  -11.194  44.823 0.0000000000
72938  26.131  -11.211  45.393 0.0000000000
168769  44.999  0.727  22.645 0.0000000000
86638  45.254  -0.003  23.412 0.0000000000
85463  48.378  -2.065  23.289 0.0000000000
85450  48.915  -1.954  24.052 0.0000000000
86582  48.475  0.024  26.754 0.0000000000
87597  48.008  0.283  27.866 0.0000000000
87596  48.821  0.202  27.522 0.0000000000
86581  49.464  -0.221  26.995 0.0000000000
71780  36.291  -12.085  38.684 0.0000000000
73000  37.470  -11.009  39.723 0.0000000000
74141  37.684  -10.332  39.423 0.0000000000
74140  38.196  -9.834  40.071 0.0000000000
168269  38.890  -9.150  40.134 0.0000000000
71733  39.223  -12.071  41.851 0.0000000000
72975  39.558  -11.543  41.463 0.0000000000
71764  40.211  -11.828  40.279 0.0000000000
71732  40.055  -11.767  40.927 0.0000000000
164369  39.793  -10.377  40.884 0.0000000000
75234  39.367  -9.132  40.420 0.0000000000
76269  39.620  -8.517  40.025 0.0000000000
76268  40.301  -8.457  40.033 0.0000000000
77270  40.872  -8.587  39.764 0.0000000000
77282  41.369  -8.080  39.412 0.0000000000
76267  41.415  -9.333  39.328 0.0000000000
76266  41.897  -8.601  38.960 0.0000000000
77281  42.043  -7.986  38.930 0.0000000000
149293  42.446  -7.596  38.492 0.0000000000
77296  42.916  -7.631  37.896 0.0000000000
77313  43.118  -7.333  37.427 0.0000000000
78495  43.459  -6.894  37.087 0.0000000000
77329  43.332  -7.113  37.186 0.0000000000
76300  42.983  -7.662  36.991 0.0000000000
76302  42.087  -8.691  36.855 0.0000000000
76315  41.605  -8.511  36.097 0.0000000000
70360  27.565  -12.919  40.811 0.0000000000
70357  29.955  -13.015  40.944 0.0000000000
140977  36.549  -12.853  41.350 0.0000000000
70350  37.406  -12.648  42.287 0.0000000000
70326  37.828  -13.023  42.642 0.0000000000
69047  37.764  -13.461  42.643 0.0000000000
70314  34.329  -12.834  44.040 0.0000000000
162817  35.457  -13.106  44.030 0.0000000000
141331  35.791  -13.594  44.079 0.0000000000
69010  36.214  -13.420  43.778 0.0000000000
69027  36.876  -13.428  43.276 0.0000000000
86786  55.701  0.012  10.905 0.0000000000
158799  52.441  1.977  19.038 0.0000000000
88814  53.260  2.469  20.164 0.0000000000
87695  53.238  2.345  20.394 0.0000000000
88791  52.027  2.773  20.858 0.0000000000
87696  52.891  2.439  20.699 0.0000000000
87708  53.418  1.822  20.328 0.0000000000
167014  53.186  0.840  19.579 0.0000000000
85515  52.597  -1.205  18.359 0.0000000000
84440  51.999  -2.077  18.183 0.0000000000
86688  49.951  0.715  19.676 0.0000000000
83362  51.106  -2.972  17.851 0.0000000000
140933  42.291  -4.443  27.738 0.0000000000
76276  38.865  -8.234  38.207 0.0000000000
76288  38.481  -8.537  37.385 0.0000000000
163560  41.249  -3.946  31.029 0.0000000000
148597  42.738  -4.425  28.886 0.0000000000
167599  43.151  -4.257  28.767 0.0000000000
82083  43.510  -3.970  28.699 0.0000000000
83203  44.440  -3.279  29.331 0.0000000000
83202  44.920  -2.818  29.778 0.0000000000
83201  45.422  -2.440  30.359 0.0000000000
85361  48.154  -0.953  30.952 0.0000000000
85327  44.716  -1.435  33.648 0.0000000000
85326  45.496  -1.435  33.378 0.0000000000
84241  46.172  -1.620  33.028 0.0000000000
84227  46.400  -2.533  33.242 0.0000000000
85339  46.499  -1.389  32.384 0.0000000000
84259  47.370  -1.511  31.774 0.0000000000
84274  48.205  -1.373  31.132 0.0000000000
84273  48.602  -1.472  30.823 0.0000000000
83179  48.479  -2.034  30.810 0.0000000000
83180  48.149  -2.879  30.819 0.0000000000
80857  47.362  -4.395  31.342 0.0000000000
80878  47.278  -4.474  30.590 0.0000000000
78514  43.591  -6.714  36.946 0.0000000000
78532  43.713  -6.321  36.645 0.0000000000
164199  43.703  -5.990  35.935 0.0000000000
79730  43.081  -6.161  35.496 0.0000000000
79729  43.893  -5.664  35.442 0.0000000000
79740  43.967  -5.562  34.164 0.0000000000
68998  35.222  -13.359  44.351 0.0000000000
68999  34.804  -13.399  44.518 0.0000000000
69060  38.576  -13.568  41.405 0.0000000000
70294  33.331  -13.035  44.712 0.0000000000
70335  28.754  -12.822  41.547 0.0000000000
71656  31.464  -12.556  45.550 0.0000000000
71659  28.609  -11.906  45.880 0.0000000000
71668  32.835  -12.688  44.925 0.0000000000
71672  29.178  -12.023  45.707 0.0000000000
71674  27.871  -11.590  45.317 0.0000000000
71675  27.061  -11.465  44.881 0.0000000000
71682  32.981  -12.638  44.817 0.0000000000
71718  27.988  -12.556  42.334 0.0000000000
72929  28.014  -11.570  45.878 0.0000000000
72931  25.528  -11.264  45.770 0.0000000000
72948  24.905  -10.772  45.240 0.0000000000
72974  39.950  -11.087  40.986 0.0000000000
74133  39.294  -9.835  40.860 0.0000000000
75232  40.968  -9.627  40.007 0.0000000000
75246  41.736  -9.638  38.521 0.0000000000
76260  41.052  -9.153  39.710 0.0000000000
77283  40.583  -7.863  39.757 0.0000000000
77297  42.576  -8.115  38.418 0.0000000000
78496  43.161  -7.053  37.511 0.0000000000
79738  45.225  -4.988  33.625 0.0000000000
80813  43.924  -5.336  36.265 0.0000000000
80867  47.329  -4.442  30.871 0.0000000000
81994  47.301  -3.591  32.132 0.0000000000
82028  43.732  -4.028  30.746 0.0000000000
82029  42.887  -4.087  30.937 0.0000000000
82044  47.730  -3.769  30.758 0.0000000000
82084  42.923  -4.233  28.268 0.0000000000
83046  43.617  -3.986  36.151 0.0000000000
83138  42.571  -3.304  32.097 0.0000000000
84219  42.150  -1.756  35.018 0.0000000000
84229  41.099  -1.659  33.969 0.0000000000
84239  47.505  -2.185  32.044 0.0000000000
84318  44.116  -1.690  27.762 0.0000000000
85329  42.849  -1.378  34.021 0.0000000000
85344  42.383  -1.613  33.626 0.0000000000
85360  48.669  -1.031  30.688 0.0000000000
86537  48.846  -0.543  29.919 0.0000000000
86682  54.807  1.061  18.667 0.0000000000
87722  55.492  1.664  17.571 0.0000000000
88799  52.615  2.626  20.787 0.0000000000
139830  48.772  2.205  21.232 0.0000000000
139833  47.464  1.996  19.997 0.0000000000
140691  49.011  2.296  21.046 0.0000000000
141524  43.142  -2.102  26.832 0.0000000000
150626  49.105  -0.169  29.126 0.0000000000
158020  44.719  -2.275  34.575 0.0000000000
160847  42.105  -4.000  31.195 0.0000000000
162854  53.097  -0.148  18.785 0.0000000000
164640  40.119  -2.280  33.851 0.0000000000
166136  49.466  2.222  21.088 0.0000000000
167386  45.010  -2.316  29.438 0.0000000000
