#!ascii label  , from subject sub-v2s1x29911_ses-1 vox2ras=TkReg
901
13117  22.715  -69.025  -12.662 0.6000000238
12467  21.971  -69.210  -6.224 0.6999999881
12496  21.678  -69.803  -7.588 0.6999999881
11951  22.284  -70.572  -8.540 0.8999999762
11978  21.913  -70.442  -10.636 0.8000000119
11988  21.838  -70.377  -11.453 0.8000000119
155702  22.010  -68.687  -13.225 0.6000000238
13716  22.234  -67.741  -13.803 0.6999999881
14343  22.875  -66.963  -13.964 0.6999999881
13031  22.368  -68.390  -5.750 0.6999999881
12449  21.987  -68.640  -4.505 0.6999999881
169864  21.751  -69.472  -7.056 0.6999999881
13060  22.776  -68.814  -8.027 0.6000000238
157136  22.385  -69.253  -8.750 0.6999999881
11935  21.545  -70.461  -7.747 0.6999999881
12518  21.666  -70.394  -8.957 0.8000000119
12529  21.558  -69.986  -10.500 0.8000000119
11965  21.542  -70.292  -10.284 0.8000000119
11989  21.325  -70.228  -11.685 0.8000000119
12559  21.261  -69.334  -12.759 0.6000000238
13717  21.695  -67.544  -13.968 0.6000000238
14352  22.376  -67.075  -14.178 0.6999999881
154298  23.379  -66.208  -14.048 0.6999999881
13627  23.882  -67.686  -6.556 0.5000000000
13012  22.411  -67.970  -4.990 0.6000000238
13045  23.942  -67.902  -7.385 0.4000000060
13046  22.715  -68.594  -7.071 0.6000000238
13071  23.711  -68.236  -8.712 0.5000000000
13078  23.231  -68.580  -9.453 0.6000000238
12507  21.876  -69.968  -9.025 0.8000000119
13089  22.387  -68.695  -10.657 0.6999999881
13104  21.813  -68.779  -11.251 0.6999999881
13696  20.860  -68.326  -12.850 0.6999999881
13718  21.088  -67.245  -13.985 0.5000000000
143139  21.481  -66.090  -14.655 0.6000000238
15028  21.564  -65.386  -14.775 0.6000000238
14351  22.845  -66.334  -14.466 0.6000000238
147497  23.642  -65.035  -14.720 0.5000000000
13602  24.392  -66.703  -5.344 0.5000000000
13604  22.821  -67.314  -4.710 0.6000000238
13592  22.447  -67.001  -4.098 0.6000000238
13618  23.791  -67.356  -5.750 0.5000000000
13661  24.029  -67.531  -9.798 0.5000000000
13671  23.165  -67.460  -10.694 0.6000000238
14319  22.350  -66.769  -11.728 0.6000000238
154143  20.842  -67.622  -12.843 0.6000000238
165501  20.704  -67.726  -13.182 0.5000000000
13709  20.477  -67.242  -13.455 0.5000000000
15029  20.782  -65.768  -14.554 0.6000000238
15706  20.712  -64.885  -14.720 0.6000000238
147087  22.411  -65.048  -14.846 0.5000000000
16392  22.882  -63.809  -15.076 0.5000000000
16404  24.064  -63.229  -15.468 0.5000000000
16391  23.693  -63.912  -15.222 0.5000000000
14211  24.052  -66.372  -4.668 0.5000000000
13591  23.287  -66.685  -4.384 0.5000000000
13626  24.636  -67.181  -6.903 0.5000000000
14284  25.168  -66.375  -8.925 0.4000000060
14296  24.709  -65.920  -9.649 0.3000000119
13660  24.641  -66.963  -9.427 0.4000000060
14305  23.845  -65.728  -10.647 0.3000000119
14990  23.626  -65.181  -11.002 0.3000000119
14306  23.557  -66.528  -10.718 0.5000000000
14318  22.912  -66.061  -11.438 0.5000000000
14333  21.852  -66.157  -12.311 0.5000000000
141521  21.085  -66.579  -12.795 0.5000000000
14344  20.118  -65.910  -13.523 0.5000000000
142442  19.963  -65.261  -14.364 0.6000000238
15707  19.859  -64.507  -14.588 0.6000000238
15705  21.740  -64.554  -14.851 0.5000000000
17118  21.876  -62.999  -15.059 0.5000000000
16405  23.250  -63.174  -15.297 0.5000000000
14210  24.750  -65.996  -4.999 0.5000000000
14230  25.088  -66.185  -5.821 0.5000000000
14246  25.414  -65.860  -6.665 0.5000000000
14283  25.290  -65.672  -8.311 0.4000000060
14267  25.250  -66.589  -8.068 0.5000000000
14973  24.570  -64.938  -9.785 0.4000000060
15666  23.928  -64.484  -10.853 0.3000000119
15675  23.058  -64.507  -11.895 0.3000000119
15004  22.168  -65.244  -12.343 0.4000000060
160309  21.144  -65.451  -12.910 0.5000000000
15005  20.239  -65.501  -13.293 0.4000000060
16395  20.367  -63.710  -14.802 0.5000000000
17120  20.652  -62.845  -14.943 0.5000000000
17119  21.266  -63.286  -14.954 0.5000000000
17131  23.579  -62.457  -15.521 0.5000000000
144757  22.631  -61.200  -15.608 0.4000000060
17117  22.495  -63.100  -15.144 0.5000000000
14911  24.976  -65.293  -4.734 0.5000000000
14924  25.250  -65.570  -5.303 0.5000000000
14941  25.575  -65.108  -6.515 0.5000000000
14957  25.156  -64.744  -8.418 0.4000000060
15650  24.630  -64.126  -9.539 0.4000000060
16336  24.222  -63.764  -10.650 0.3000000119
164721  23.392  -64.186  -11.720 0.3000000119
15676  22.492  -64.482  -12.377 0.4000000060
16357  21.398  -63.909  -12.972 0.4000000060
16358  20.342  -64.067  -13.145 0.4000000060
146072  20.974  -64.562  -13.003 0.4000000060
15678  20.137  -64.811  -13.250 0.4000000060
155502  19.274  -64.105  -13.708 0.5000000000
16396  18.732  -63.728  -14.400 0.5000000000
15030  19.258  -64.467  -14.350 0.6000000238
142878  20.812  -61.390  -15.222 0.4000000060
17867  21.554  -61.807  -15.305 0.5000000000
15595  25.446  -64.922  -5.237 0.4000000060
15635  25.078  -63.978  -8.089 0.4000000060
15622  25.522  -64.518  -6.865 0.4000000060
16329  24.621  -63.449  -9.185 0.4000000060
17080  24.151  -63.158  -11.174 0.4000000060
16354  23.594  -63.527  -11.964 0.4000000060
17088  23.030  -63.370  -12.628 0.4000000060
16356  22.303  -63.729  -12.762 0.4000000060
17090  21.588  -63.001  -13.138 0.4000000060
17091  20.574  -63.299  -13.192 0.4000000060
16370  19.597  -63.602  -13.421 0.5000000000
16382  18.544  -63.322  -14.297 0.5000000000
17121  18.132  -62.562  -14.414 0.6000000238
17136  19.439  -62.170  -14.810 0.5000000000
159208  19.509  -60.839  -15.059 0.4000000060
147368  20.141  -61.044  -15.152 0.4000000060
16290  25.509  -63.651  -5.924 0.4000000060
16314  24.982  -63.410  -7.865 0.4000000060
16304  25.326  -63.297  -6.662 0.4000000060
17067  24.507  -62.881  -9.574 0.4000000060
17087  23.992  -62.718  -12.034 0.4000000060
17837  21.489  -62.282  -13.423 0.4000000060
17099  20.651  -62.463  -13.439 0.4000000060
17100  19.912  -62.912  -13.420 0.4000000060
17102  18.666  -62.708  -13.991 0.5000000000
17854  18.030  -61.954  -14.268 0.4000000060
17137  18.760  -62.028  -14.704 0.6000000238
17037  25.046  -62.590  -6.771 0.4000000060
17811  24.657  -62.176  -8.346 0.4000000060
17062  24.530  -62.156  -9.190 0.4000000060
17072  24.425  -62.539  -10.683 0.4000000060
165128  24.219  -62.034  -12.118 0.4000000060
17836  23.743  -62.179  -12.821 0.4000000060
154395  22.610  -61.134  -13.736 0.5000000000
17844  21.990  -61.784  -13.623 0.4000000060
17845  21.096  -61.762  -13.677 0.3000000119
150436  19.856  -61.150  -13.867 0.3000000119
164427  19.540  -61.721  -13.838 0.4000000060
17849  17.849  -61.316  -14.197 0.4000000060
18590  17.352  -61.030  -14.612 0.4000000060
161990  17.484  -61.230  -14.695 0.5000000000
16281  25.329  -63.247  -5.176 0.4000000060
17822  24.524  -61.765  -10.642 0.4000000060
17829  24.408  -61.507  -11.593 0.4000000060
18575  23.162  -60.440  -13.533 0.3000000119
154915  22.174  -60.214  -13.856 0.3000000119
154006  21.616  -61.076  -13.843 0.3000000119
149620  20.255  -60.403  -13.936 0.3000000119
152200  19.049  -61.234  -13.924 0.3000000119
19311  17.326  -60.015  -14.299 0.4000000060
20080  16.902  -59.581  -14.473 0.4000000060
17050  24.819  -62.329  -7.524 0.3000000119
166646  24.619  -61.650  -9.258 0.3000000119
18561  24.534  -60.887  -11.024 0.3000000119
18568  24.311  -60.726  -11.934 0.3000000119
19288  23.569  -59.799  -13.021 0.3000000119
19296  22.867  -59.602  -13.561 0.3000000119
19298  21.478  -59.526  -13.920 0.4000000060
20054  20.961  -58.845  -13.927 0.4000000060
19299  20.622  -59.620  -13.952 0.3000000119
19300  19.730  -59.731  -13.949 0.3000000119
19301  18.746  -59.895  -13.968 0.3000000119
20057  17.094  -59.161  -14.111 0.4000000060
20068  16.905  -59.462  -14.504 0.4000000060
20881  16.847  -58.310  -15.059 0.4000000060
19297  22.196  -59.376  -13.796 0.4000000060
20839  20.401  -58.221  -13.944 0.4000000060
20055  20.076  -58.950  -13.947 0.4000000060
155257  18.799  -57.885  -13.909 0.3000000119
20842  17.299  -58.532  -13.999 0.4000000060
162966  16.625  -57.243  -13.940 0.4000000060
21655  16.024  -57.515  -14.233 0.4000000060
20853  16.448  -57.932  -14.057 0.4000000060
20882  15.998  -58.128  -14.584 0.4000000060
21627  19.493  -57.440  -13.922 0.4000000060
21628  18.374  -57.280  -13.894 0.5000000000
21629  17.390  -56.887  -13.858 0.4000000060
21630  16.765  -56.585  -13.868 0.4000000060
161263  16.162  -57.514  -15.007 0.3000000119
22398  16.206  -56.040  -14.228 0.3000000119
12548  22.552  -69.794  -12.240 0.6999999881
142763  21.841  -70.496  -8.988 0.8000000119
13137  21.016  -68.554  -13.154 0.6000000238
13090  21.385  -69.776  -11.176 0.6999999881
12551  21.050  -69.355  -12.470 0.6999999881
15027  23.035  -65.448  -14.717 0.6000000238
13648  24.722  -67.367  -8.603 0.4000000060
13649  24.214  -67.724  -9.205 0.4000000060
13685  21.711  -67.993  -11.785 0.6999999881
13708  20.775  -68.032  -13.172 0.6999999881
14247  25.157  -66.572  -7.228 0.5000000000
14320  21.410  -67.218  -12.260 0.5000000000
14991  23.133  -65.417  -11.416 0.4000000060
15022  19.654  -65.012  -14.069 0.6000000238
16406  19.771  -63.160  -14.782 0.5000000000
16407  18.839  -63.346  -14.563 0.6000000238
17843  22.891  -61.924  -13.372 0.3000000119
17847  18.850  -62.064  -13.947 0.4000000060
157747  24.810  -61.873  -6.894 0.4000000060
18576  19.361  -60.509  -13.939 0.3000000119
154060  19.115  -59.090  -13.946 0.3000000119
156343  18.083  -57.963  -13.914 0.3000000119
22428  15.995  -56.792  -14.842 0.3000000119
10285  25.952  -72.661  -7.064 0.6000000238
9742  26.385  -72.790  -7.766 0.6000000238
9754  27.354  -73.423  -9.572 0.6000000238
10303  28.635  -72.396  -10.222 0.6000000238
8155  24.358  -75.539  -6.879 0.5000000000
9214  25.108  -74.280  -6.372 0.6000000238
10272  25.354  -72.074  -6.134 0.6999999881
154728  25.820  -71.923  -6.680 0.6999999881
9227  25.157  -74.485  -7.195 0.6000000238
10291  26.796  -71.917  -7.806 0.6000000238
165997  27.157  -71.876  -8.266 0.6000000238
10799  27.472  -71.364  -8.547 0.6000000238
10803  27.922  -71.730  -9.172 0.6000000238
10298  28.180  -72.260  -9.634 0.6000000238
11375  28.649  -71.020  -10.422 0.6000000238
162178  29.029  -70.985  -11.876 0.6999999881
153993  24.812  -74.818  -5.568 0.6000000238
10259  24.748  -72.905  -5.254 0.6999999881
147455  24.491  -75.397  -6.123 0.5000000000
9720  24.959  -73.490  -5.499 0.6999999881
9213  25.308  -73.503  -6.236 0.6999999881
10786  26.116  -71.076  -6.848 0.6999999881
10795  26.661  -71.090  -7.408 0.6999999881
168845  27.224  -70.880  -8.254 0.5000000000
11959  28.216  -70.642  -9.997 0.6000000238
11982  27.954  -70.097  -11.336 0.6000000238
11378  28.550  -70.539  -11.649 0.6999999881
11995  27.604  -69.368  -12.588 0.6999999881
11393  28.446  -70.062  -13.176 0.6999999881
12557  28.270  -69.045  -13.250 0.6999999881
12561  33.959  -68.602  -14.238 0.4000000060
13702  31.442  -67.415  -13.193 0.5000000000
13122  30.646  -67.504  -13.029 0.6000000238
13134  30.236  -68.294  -13.407 0.6000000238
13124  29.001  -68.163  -13.018 0.6999999881
8097  22.186  -75.863  -3.392 0.5000000000
8664  24.043  -74.814  -3.690 0.5000000000
9690  24.401  -73.479  -4.188 0.6000000238
8682  24.104  -75.315  -4.221 0.5000000000
10260  24.356  -72.472  -5.096 0.6999999881
9188  24.653  -74.124  -4.458 0.5000000000
169268  24.736  -74.627  -4.779 0.6000000238
10273  24.693  -72.193  -5.601 0.6999999881
166623  25.000  -71.516  -6.061 0.6999999881
11342  25.591  -70.514  -6.781 0.6999999881
11367  26.756  -69.977  -8.440 0.6999999881
11960  27.694  -70.123  -9.884 0.6000000238
11983  27.215  -69.696  -11.421 0.6000000238
11996  27.123  -69.373  -11.948 0.6999999881
12558  27.824  -68.952  -12.773 0.6999999881
13113  28.302  -68.337  -12.801 0.6999999881
13123  29.718  -67.671  -12.893 0.6000000238
13705  28.863  -67.469  -12.424 0.6000000238
9666  22.126  -73.507  -2.147 0.5000000000
8667  20.903  -75.215  -2.814 0.4000000060
9677  23.524  -73.419  -2.887 0.5000000000
9166  22.502  -74.139  -2.411 0.5000000000
9178  23.813  -74.153  -3.251 0.5000000000
10758  23.741  -72.048  -3.766 0.6000000238
10241  24.098  -72.820  -3.946 0.6000000238
11344  23.245  -71.485  -5.742 0.6999999881
155466  23.988  -72.393  -4.623 0.6000000238
10779  24.240  -71.375  -5.945 0.6999999881
158913  24.516  -70.044  -7.088 0.6999999881
161802  26.106  -69.792  -8.292 0.6999999881
148177  26.385  -69.800  -10.032 0.6999999881
11961  27.052  -69.871  -9.919 0.6999999881
11984  26.615  -69.454  -11.381 0.6999999881
12547  26.711  -68.976  -11.647 0.6999999881
167569  26.754  -67.504  -11.471 0.8000000119
161921  28.117  -67.650  -12.183 0.6999999881
14339  30.775  -66.028  -12.720 0.5000000000
13692  29.623  -66.288  -12.289 0.6000000238
13693  28.276  -66.928  -11.932 0.6000000238
151082  21.436  -73.617  -2.052 0.4000000060
154980  23.428  -72.013  -2.863 0.6000000238
10229  23.211  -72.717  -2.540 0.6000000238
10759  23.406  -71.441  -4.086 0.6000000238
10770  23.039  -71.226  -4.806 0.6000000238
11345  22.043  -71.058  -6.435 0.6000000238
11915  23.200  -70.616  -7.040 0.6999999881
11933  23.488  -70.253  -7.710 0.6999999881
11950  24.008  -70.006  -8.459 0.6999999881
11932  25.238  -69.842  -7.662 0.6999999881
11963  24.351  -70.027  -9.437 0.8000000119
11949  25.429  -69.717  -8.711 0.8000000119
11985  25.366  -69.676  -10.948 0.6000000238
12538  25.977  -69.227  -11.271 0.6000000238
13694  27.496  -67.361  -11.724 0.6999999881
15009  31.036  -65.317  -12.986 0.5000000000
14340  30.201  -66.003  -12.445 0.6000000238
14312  27.814  -65.597  -11.480 0.6999999881
15010  30.415  -65.381  -12.550 0.6000000238
10743  22.025  -72.010  -1.837 0.5000000000
10217  21.314  -72.312  -1.614 0.4000000060
9652  19.950  -72.993  -1.403 0.4000000060
10741  23.081  -71.353  -2.615 0.5000000000
10216  22.521  -72.761  -2.074 0.5000000000
11324  23.106  -70.813  -3.847 0.6000000238
11899  21.879  -70.597  -6.316 0.6000000238
11917  21.580  -70.704  -7.064 0.6000000238
11934  21.853  -70.628  -7.711 0.6999999881
153805  23.087  -70.465  -9.774 0.8000000119
11986  24.134  -69.995  -10.863 0.6000000238
157352  24.602  -69.008  -11.429 0.6000000238
156512  25.605  -67.846  -11.358 0.6999999881
147584  25.623  -66.608  -11.337 0.6999999881
15665  26.538  -64.783  -11.512 0.6999999881
15000  29.160  -65.050  -12.050 0.6000000238
14986  27.831  -64.821  -11.529 0.6000000238
16353  27.481  -63.643  -12.331 0.6000000238
14999  29.890  -64.826  -12.395 0.6000000238
16352  28.389  -63.781  -12.337 0.6000000238
11858  22.467  -69.955  -2.661 0.5000000000
11304  22.141  -70.481  -2.227 0.5000000000
10728  21.245  -71.706  -1.569 0.5000000000
10729  20.578  -71.609  -1.288 0.5000000000
11887  22.174  -69.234  -4.875 0.5000000000
11303  22.773  -70.678  -2.591 0.5000000000
11886  22.302  -70.130  -5.185 0.6000000238
11987  22.879  -70.285  -11.266 0.6999999881
156444  23.255  -69.181  -12.198 0.6000000238
13115  24.168  -67.935  -11.901 0.6000000238
148021  24.506  -66.619  -12.026 0.6000000238
14315  25.247  -65.992  -11.630 0.6999999881
141570  24.461  -65.797  -12.537 0.6000000238
15002  25.295  -65.175  -12.078 0.6000000238
15673  26.545  -64.214  -11.903 0.6999999881
15686  29.868  -64.170  -12.857 0.5000000000
16367  27.905  -63.316  -12.883 0.4000000060
12419  21.960  -68.888  -3.282 0.5000000000
12401  21.804  -68.864  -2.624 0.5000000000
11845  21.139  -69.572  -1.675 0.5000000000
157084  20.214  -70.118  -0.996 0.5000000000
11283  19.588  -70.339  -0.553 0.5000000000
155551  18.704  -70.173  -0.017 0.5000000000
13707  22.876  -67.636  -13.502 0.6000000238
14331  23.869  -66.639  -12.806 0.6000000238
15012  24.325  -65.343  -13.426 0.4000000060
146820  25.378  -64.592  -12.541 0.5000000000
15688  25.571  -64.270  -13.116 0.4000000060
16379  26.731  -63.365  -13.788 0.4000000060
16368  26.684  -63.714  -12.483 0.5000000000
13605  22.257  -67.610  -4.469 0.6000000238
12978  21.445  -68.235  -2.545 0.5000000000
12388  20.827  -68.842  -1.464 0.5000000000
12389  20.251  -68.863  -0.942 0.5000000000
12377  19.631  -68.855  -0.498 0.5000000000
12378  18.872  -68.718  -0.075 0.5000000000
12379  17.941  -68.547  0.111 0.4000000060
154451  17.020  -68.445  -0.060 0.5000000000
150629  16.500  -68.593  -0.655 0.4000000060
12390  16.362  -68.626  -1.607 0.4000000060
11861  15.930  -69.920  -2.161 0.4000000060
15020  23.909  -65.516  -14.064 0.6000000238
15025  24.178  -64.965  -14.575 0.4000000060
15695  25.442  -64.215  -13.980 0.4000000060
16380  25.986  -63.715  -14.364 0.4000000060
13581  21.803  -67.026  -3.533 0.5000000000
12990  21.203  -67.536  -2.428 0.4000000060
12967  20.481  -68.069  -1.188 0.4000000060
13550  19.926  -67.564  -0.735 0.5000000000
14134  18.832  -66.740  -0.510 0.4000000060
12959  17.702  -67.874  -0.151 0.5000000000
14135  17.983  -66.602  -0.649 0.4000000060
13561  16.877  -66.844  -1.289 0.5000000000
13554  16.964  -67.258  -0.794 0.5000000000
13572  16.637  -66.700  -2.045 0.3000000119
151612  16.480  -68.168  -2.151 0.3000000119
12991  16.591  -68.812  -3.241 0.3000000119
15703  24.029  -64.487  -14.986 0.4000000060
14191  22.270  -66.497  -3.608 0.5000000000
13570  21.093  -66.928  -2.258 0.5000000000
13571  20.799  -66.522  -1.813 0.4000000060
14189  23.649  -66.011  -4.103 0.4000000060
14170  22.533  -65.906  -3.340 0.4000000060
14875  21.434  -65.634  -2.535 0.4000000060
14856  20.972  -65.035  -2.100 0.4000000060
14894  23.938  -65.309  -3.848 0.4000000060
14873  22.822  -65.184  -3.130 0.4000000060
14855  21.681  -64.911  -2.466 0.4000000060
15587  24.155  -64.671  -3.648 0.4000000060
157329  21.896  -64.176  -2.378 0.4000000060
142603  20.673  -64.314  -2.071 0.4000000060
15538  19.457  -64.603  -1.639 0.4000000060
154981  23.102  -64.431  -2.946 0.4000000060
154413  25.125  -64.517  -4.566 0.3000000119
16243  22.096  -63.334  -2.344 0.4000000060
16245  20.254  -63.606  -2.092 0.4000000060
166245  19.691  -63.352  -2.080 0.4000000060
15596  25.142  -63.703  -4.497 0.4000000060
16247  18.184  -63.385  -2.201 0.4000000060
16988  17.677  -62.875  -2.611 0.4000000060
142297  24.983  -62.907  -4.456 0.3000000119
16999  23.880  -62.720  -3.230 0.4000000060
16982  22.668  -62.749  -2.485 0.4000000060
148229  21.406  -62.924  -2.231 0.4000000060
143543  20.693  -62.918  -2.172 0.4000000060
16986  19.207  -62.316  -2.338 0.4000000060
162669  19.841  -62.108  -2.299 0.3000000119
13116  23.532  -68.353  -12.274 0.6000000238
11878  22.675  -70.112  -4.082 0.5000000000
14342  23.334  -66.772  -13.495 0.6000000238
15702  24.678  -64.342  -14.964 0.4000000060
9748  27.111  -72.978  -8.914 0.6000000238
11994  27.961  -69.669  -12.762 0.6999999881
12546  27.304  -68.935  -12.169 0.6999999881
151469  32.202  -67.276  -13.464 0.5000000000
14338  31.428  -66.004  -13.098 0.5000000000
13133  31.041  -68.120  -13.406 0.5000000000
13703  31.065  -66.730  -12.950 0.4000000060
13704  30.257  -66.750  -12.617 0.6000000238
8652  22.802  -74.658  -2.700 0.5000000000
11962  25.661  -69.798  -9.708 0.6999999881
14328  29.069  -65.831  -12.014 0.6000000238
10769  23.529  -71.798  -4.746 0.6000000238
141166  26.108  -69.586  -11.016 0.6999999881
13101  26.209  -68.253  -11.422 0.8000000119
14330  27.706  -66.427  -11.536 0.6999999881
156550  20.995  -73.391  -1.871 0.4000000060
153905  24.940  -69.921  -10.382 0.6000000238
13102  25.383  -68.710  -11.342 0.6000000238
14314  26.244  -66.108  -11.303 0.6999999881
14313  27.126  -65.881  -11.324 0.6999999881
15694  30.477  -63.941  -13.573 0.5000000000
15684  31.137  -64.661  -13.422 0.5000000000
14987  27.199  -65.130  -11.403 0.6999999881
145100  28.475  -64.533  -11.901 0.6000000238
13103  23.971  -68.867  -11.796 0.6999999881
157566  24.811  -68.071  -11.497 0.6999999881
14316  25.076  -66.714  -11.484 0.6999999881
15687  26.003  -64.118  -12.434 0.6000000238
16351  29.188  -64.308  -12.318 0.6000000238
165718  28.584  -63.362  -12.972 0.6000000238
11859  21.812  -69.618  -2.256 0.5000000000
11305  21.405  -70.348  -1.824 0.5000000000
11291  20.236  -70.872  -1.063 0.4000000060
13706  23.406  -67.299  -13.030 0.6000000238
161703  24.801  -65.087  -12.789 0.6000000238
12391  16.068  -69.206  -1.265 0.3000000119
15011  24.912  -64.716  -13.484 0.5000000000
16389  25.798  -63.558  -15.171 0.4000000060
13551  19.131  -67.422  -0.399 0.5000000000
12968  16.618  -67.732  -1.157 0.4000000060
12403  16.432  -69.082  -2.546 0.4000000060
16998  24.323  -63.422  -3.467 0.4000000060
15570  23.265  -63.713  -2.819 0.4000000060
8195  27.713  -76.328  -8.889 0.3000000119
8217  28.875  -76.237  -9.912 0.3000000119
8277  34.026  -76.018  -14.164 0.4000000060
8298  35.740  -76.225  -15.271 0.4000000060
147524  35.075  -77.639  -15.655 0.4000000060
151460  35.967  -78.446  -15.493 0.4000000060
9285  33.383  -74.755  -13.114 0.4000000060
8795  32.832  -75.330  -13.577 0.4000000060
9286  32.388  -74.499  -13.186 0.4000000060
9779  31.978  -73.688  -13.077 0.5000000000
9288  30.680  -74.053  -13.851 0.5000000000
9781  30.518  -73.469  -13.283 0.5000000000
9296  35.875  -74.664  -13.928 0.4000000060
8793  34.587  -75.656  -13.854 0.5000000000
8805  33.268  -76.001  -14.238 0.5000000000
9290  29.781  -74.311  -13.225 0.5000000000
8802  36.247  -74.904  -14.534 0.5000000000
8286  35.357  -75.951  -14.694 0.5000000000
8813  36.655  -75.260  -15.289 0.5000000000
7726  35.577  -77.107  -15.455 0.4000000060
7137  36.542  -77.730  -15.429 0.4000000060
6576  35.723  -79.406  -15.539 0.4000000060
6555  36.562  -78.565  -14.817 0.4000000060
6558  35.388  -80.084  -13.964 0.3000000119
7126  33.611  -78.968  -13.743 0.4000000060
10320  34.318  -72.446  -13.153 0.4000000060
10321  33.172  -72.395  -12.982 0.4000000060
10828  32.053  -71.330  -13.289 0.4000000060
10319  35.272  -72.968  -13.290 0.4000000060
158065  34.423  -73.287  -13.033 0.4000000060
9778  33.556  -73.175  -12.911 0.4000000060
157606  32.553  -73.094  -12.894 0.4000000060
159042  31.719  -73.028  -13.004 0.5000000000
9780  30.905  -73.436  -13.246 0.5000000000
9775  35.774  -73.546  -13.482 0.4000000060
9283  35.501  -74.378  -13.429 0.4000000060
9284  34.538  -74.839  -13.241 0.4000000060
150713  30.857  -71.239  -13.742 0.5000000000
10324  30.416  -72.597  -13.157 0.5000000000
10325  30.283  -72.416  -13.174 0.5000000000
164805  30.013  -72.620  -12.899 0.6000000238
10326  29.883  -71.896  -13.212 0.6000000238
10316  29.688  -73.120  -12.214 0.6000000238
12011  28.605  -69.462  -13.691 0.6000000238
11392  29.102  -70.689  -13.586 0.6000000238
10308  29.420  -72.605  -11.421 0.5000000000
7136  36.965  -77.780  -15.069 0.4000000060
10807  28.928  -71.616  -10.593 0.5000000000
6556  36.621  -78.754  -14.019 0.4000000060
6545  36.332  -79.112  -13.551 0.4000000060
6547  34.733  -79.439  -13.535 0.4000000060
11402  31.897  -70.054  -13.795 0.4000000060
148906  31.566  -69.359  -13.856 0.5000000000
160372  31.052  -70.582  -13.849 0.5000000000
12009  29.901  -70.058  -14.179 0.5000000000
163313  30.058  -71.262  -13.835 0.5000000000
12564  29.885  -69.150  -13.902 0.5000000000
10838  29.643  -70.985  -13.910 0.6000000238
13135  29.434  -68.573  -13.453 0.6000000238
12010  29.289  -70.215  -14.106 0.6000000238
7618  26.971  -76.592  -8.153 0.3000000119
8216  29.653  -76.121  -10.080 0.3000000119
8260  33.670  -76.189  -11.666 0.3000000119
11399  34.604  -70.472  -14.036 0.4000000060
10836  34.201  -71.062  -13.667 0.4000000060
11400  33.657  -70.481  -13.771 0.4000000060
10837  33.212  -71.079  -13.351 0.4000000060
12563  32.152  -68.680  -13.745 0.4000000060
149353  30.676  -69.343  -13.964 0.5000000000
146535  31.322  -68.720  -13.714 0.4000000060
152284  30.642  -68.726  -13.705 0.5000000000
10821  29.363  -71.314  -12.765 0.6000000238
10813  29.306  -71.675  -11.491 0.5000000000
153194  32.541  -69.326  -13.839 0.4000000060
158344  32.934  -73.899  -12.940 0.4000000060
9773  29.753  -73.763  -12.661 0.5000000000
7681  33.983  -76.745  -12.086 0.3000000119
10827  33.749  -71.696  -13.243 0.4000000060
159193  31.665  -70.744  -13.624 0.5000000000
11403  30.274  -70.710  -14.059 0.5000000000
11404  29.668  -70.677  -14.106 0.6000000238
18577  18.405  -60.710  -14.000 0.3000000119
6546  35.633  -79.415  -13.406 0.4000000060
6570  36.099  -79.470  -14.943 0.4000000060
7717  34.970  -76.363  -15.135 0.4000000060
7725  36.484  -76.816  -15.440 0.4000000060
7738  37.085  -77.136  -15.495 0.4000000060
8113  23.717  -75.831  -4.261 0.5000000000
8146  24.332  -75.613  -5.413 0.6000000238
8285  35.989  -75.578  -14.981 0.5000000000
8288  33.876  -76.397  -14.680 0.4000000060
8653  22.154  -74.758  -2.584 0.5000000000
8654  21.504  -74.854  -2.563 0.4000000060
8665  23.380  -74.918  -3.138 0.5000000000
8666  21.767  -75.299  -2.919 0.5000000000
8681  24.478  -75.159  -4.795 0.6000000238
8683  23.603  -75.457  -3.775 0.5000000000
8715  24.833  -74.948  -6.587 0.5000000000
8792  35.266  -75.159  -13.755 0.5000000000
8794  33.768  -75.576  -13.586 0.5000000000
8803  35.686  -75.377  -14.272 0.5000000000
8804  35.138  -75.738  -14.159 0.5000000000
9168  20.819  -74.062  -2.147 0.4000000060
9179  23.187  -74.135  -2.733 0.5000000000
9189  24.290  -74.122  -3.859 0.6000000238
9200  24.851  -74.110  -5.116 0.6000000238
9226  25.441  -73.804  -6.960 0.6000000238
9278  29.320  -73.815  -11.962 0.6000000238
9651  20.774  -72.804  -1.574 0.4000000060
9665  22.881  -73.443  -2.401 0.6000000238
9676  24.049  -73.434  -3.512 0.6000000238
9707  24.692  -73.511  -4.843 0.6999999881
9708  24.398  -72.934  -4.653 0.6999999881
9735  25.636  -73.206  -6.820 0.6999999881
9743  25.849  -73.361  -7.414 0.6000000238
9753  28.037  -72.932  -9.824 0.6000000238
9765  29.211  -73.330  -11.405 0.5000000000
9772  30.146  -73.250  -12.982 0.5000000000
9776  34.962  -73.858  -13.140 0.4000000060
9777  33.968  -74.005  -12.953 0.4000000060
10201  20.839  -72.145  -1.433 0.4000000060
10202  20.253  -72.274  -1.260 0.5000000000
10228  23.746  -72.713  -3.195 0.6000000238
10274  23.831  -71.941  -5.331 0.6000000238
10284  26.323  -71.909  -7.232 0.6999999881
10295  26.910  -72.531  -8.327 0.6000000238
10299  27.688  -72.615  -9.279 0.6000000238
10302  29.143  -72.247  -10.829 0.5000000000
10322  32.077  -72.293  -13.028 0.4000000060
10323  31.023  -72.526  -13.169 0.5000000000
10331  35.956  -72.714  -13.742 0.4000000060
10332  35.258  -72.109  -13.591 0.4000000060
10333  30.484  -71.872  -13.542 0.5000000000
10334  30.217  -71.826  -13.416 0.5000000000
10742  22.495  -71.263  -2.191 0.5000000000
10751  23.378  -71.398  -3.307 0.6000000238
10787  25.508  -71.257  -6.442 0.6999999881
10794  27.078  -71.236  -7.995 0.5000000000
10798  27.801  -71.011  -8.979 0.6000000238
10808  28.437  -71.525  -9.873 0.6000000238
10826  34.589  -71.667  -13.515 0.4000000060
10829  31.244  -71.851  -13.299 0.5000000000
10830  29.982  -71.514  -13.603 0.5000000000
10831  29.607  -71.286  -13.602 0.6000000238
11290  20.747  -70.250  -1.382 0.4000000060
11316  23.099  -70.881  -3.033 0.5000000000
11331  23.059  -71.514  -5.460 0.6000000238
11332  22.401  -71.050  -5.679 0.6000000238
11343  25.055  -70.944  -6.321 0.6999999881
11353  26.303  -70.428  -7.202 0.6999999881
11354  24.538  -70.528  -6.590 0.6999999881
11361  26.850  -70.513  -7.902 0.6999999881
11366  27.360  -70.523  -8.631 0.5000000000
11370  28.109  -71.054  -9.419 0.6000000238
11371  27.761  -70.502  -9.335 0.6000000238
11374  28.895  -70.998  -11.086 0.5000000000
11384  28.735  -70.600  -12.639 0.6999999881
11385  28.141  -70.094  -12.333 0.6999999881
11401  32.594  -70.562  -13.579 0.4000000060
11405  29.343  -70.506  -13.973 0.6000000238
11406  28.802  -70.050  -13.811 0.6000000238
11831  19.933  -69.545  -0.723 0.5000000000
11832  19.219  -69.504  -0.244 0.5000000000
11836  16.077  -69.453  -0.584 0.3000000119
11846  20.529  -69.536  -1.195 0.5000000000
11847  15.735  -69.804  -1.180 0.3000000119
11857  22.856  -70.282  -3.181 0.5000000000
11860  16.326  -69.762  -2.713 0.4000000060
11870  22.415  -69.542  -3.399 0.5000000000
11879  22.329  -69.545  -4.316 0.5000000000
11900  22.008  -69.670  -5.851 0.6999999881
11913  25.831  -70.058  -7.180 0.6999999881
11914  25.262  -70.050  -6.999 0.6999999881
11916  21.868  -70.847  -6.968 0.6999999881
11918  21.601  -70.071  -6.730 0.6999999881
11931  26.246  -70.024  -7.715 0.6999999881
11936  21.388  -70.255  -7.297 0.6999999881
11947  27.229  -69.997  -9.181 0.6999999881
11948  26.456  -69.737  -9.120 0.6999999881
11952  21.726  -70.351  -8.520 0.6999999881
11964  21.929  -70.451  -9.638 0.8000000119
11972  28.450  -70.532  -10.780 0.6000000238
11973  27.497  -69.953  -10.642 0.6000000238
11974  26.660  -69.762  -10.764 0.6999999881
11975  25.871  -69.767  -10.550 0.6000000238
11976  23.904  -70.237  -10.234 0.8000000119
11977  22.932  -70.466  -10.424 0.8000000119
11997  22.432  -70.267  -11.834 0.6999999881
11998  21.790  -70.190  -12.021 0.8000000119
12005  28.181  -69.519  -13.233 0.6999999881
12007  34.095  -69.882  -14.082 0.4000000060
12008  33.527  -69.291  -14.051 0.4000000060
12402  21.366  -68.875  -2.058 0.5000000000
12404  16.243  -69.298  -2.060 0.4000000060
12420  16.524  -69.816  -3.352 0.4000000060
12435  22.072  -68.979  -4.018 0.5000000000
12483  21.705  -69.602  -6.840 0.6999999881
12508  21.634  -70.139  -8.400 0.6999999881
12517  22.279  -69.388  -9.961 0.6999999881
12539  24.932  -69.447  -11.177 0.6000000238
12540  23.935  -69.642  -11.377 0.6999999881
12541  23.198  -69.792  -11.816 0.6000000238
12542  21.240  -69.770  -11.821 0.6999999881
12549  21.838  -69.611  -12.556 0.6999999881
12550  21.327  -69.798  -12.161 0.6000000238
12556  28.747  -68.812  -13.408 0.6000000238
12565  29.111  -69.260  -13.860 0.6000000238
12566  21.312  -68.855  -13.142 0.6000000238
12956  19.965  -68.301  -0.712 0.5000000000
12957  19.377  -68.145  -0.393 0.5000000000
12958  18.579  -67.996  -0.134 0.5000000000
12960  16.968  -67.829  -0.512 0.5000000000
12966  21.059  -68.141  -1.852 0.4000000060
12977  21.655  -68.366  -3.147 0.5000000000
12979  16.569  -67.329  -1.781 0.4000000060
12989  21.500  -67.722  -3.263 0.5000000000
12998  21.872  -67.642  -3.993 0.6000000238
12999  16.640  -68.943  -4.060 0.3000000119
13011  23.029  -67.689  -5.353 0.6000000238
13013  22.011  -68.147  -4.509 0.6000000238
13030  23.025  -68.062  -6.156 0.5000000000
13032  22.181  -68.742  -5.251 0.6999999881
13047  22.167  -68.865  -6.506 0.6999999881
13059  24.125  -67.907  -8.075 0.4000000060
13088  23.292  -68.115  -10.154 0.6000000238
13100  26.958  -68.225  -11.775 0.8000000119
13105  21.202  -69.104  -11.863 0.6999999881
13106  20.999  -69.044  -12.429 0.6999999881
13114  27.622  -68.252  -12.251 0.6999999881
13125  23.098  -68.085  -12.884 0.6000000238
13126  20.930  -68.777  -12.776 0.6999999881
13132  31.808  -68.041  -13.524 0.4000000060
13136  21.463  -68.352  -13.602 0.6000000238
13552  18.304  -67.305  -0.317 0.5000000000
13553  17.510  -67.265  -0.482 0.5000000000
13557  20.795  -67.338  -1.654 0.4000000060
13558  20.265  -66.825  -1.172 0.4000000060
13560  17.283  -66.820  -0.806 0.4000000060
13582  21.378  -66.972  -2.897 0.5000000000
13603  23.600  -67.026  -5.005 0.6000000238
13617  24.552  -66.974  -6.118 0.5000000000
13637  24.753  -67.289  -7.697 0.4000000060
13670  23.740  -67.220  -10.312 0.5000000000
13680  26.963  -66.732  -11.356 0.6999999881
13681  26.141  -67.152  -11.311 0.8000000119
13682  25.344  -67.226  -11.377 0.6999999881
13683  24.599  -67.281  -11.697 0.6999999881
13684  22.475  -67.696  -11.211 0.6000000238
13686  21.031  -68.324  -12.405 0.6999999881
13695  23.872  -67.410  -12.328 0.6000000238
13697  20.578  -67.000  -13.213 0.5000000000
13719  20.677  -67.004  -13.843 0.5000000000
14171  21.782  -66.267  -3.080 0.4000000060
14172  21.219  -66.340  -2.472 0.5000000000
14188  24.399  -65.705  -4.344 0.5000000000
14190  22.901  -66.288  -3.863 0.4000000060
14266  25.388  -65.860  -7.537 0.5000000000
14297  24.209  -66.500  -10.193 0.4000000060
14304  24.296  -65.565  -10.202 0.3000000119
14317  23.344  -65.886  -11.088 0.3000000119
14327  29.736  -65.568  -12.250 0.6000000238
14329  28.399  -66.118  -11.782 0.6000000238
14332  22.614  -65.768  -11.851 0.5000000000
14334  20.605  -65.996  -13.137 0.5000000000
14341  23.809  -66.021  -13.432 0.6000000238
14353  21.855  -66.722  -14.458 0.6999999881
14354  20.259  -66.431  -13.670 0.5000000000
14357  22.240  -65.874  -14.732 0.6000000238
14358  21.000  -66.513  -14.316 0.6000000238
14359  20.407  -66.117  -14.113 0.6000000238
14857  20.477  -65.402  -1.715 0.4000000060
14874  22.086  -65.447  -2.899 0.4000000060
14893  24.574  -64.941  -4.136 0.3000000119
14895  23.232  -65.607  -3.600 0.4000000060
14923  25.479  -65.377  -5.908 0.5000000000
14956  25.373  -65.187  -7.817 0.5000000000
14968  25.020  -65.343  -9.061 0.4000000060
14980  24.090  -65.000  -10.476 0.3000000119
14988  26.619  -65.396  -11.361 0.6999999881
14989  25.944  -65.261  -11.510 0.6999999881
15001  28.470  -65.315  -11.751 0.6000000238
15003  22.863  -65.032  -11.871 0.4000000060
15013  19.781  -65.167  -13.639 0.6000000238
15019  24.413  -65.033  -14.071 0.4000000060
15021  20.006  -65.655  -13.886 0.6000000238
15026  23.545  -65.615  -14.473 0.5000000000
15547  22.624  -63.957  -2.546 0.4000000060
15548  21.291  -64.430  -2.245 0.4000000060
15549  20.055  -64.249  -1.918 0.4000000060
15550  19.566  -63.840  -1.980 0.4000000060
15569  23.894  -64.101  -3.245 0.4000000060
15571  22.373  -64.699  -2.710 0.4000000060
15586  24.656  -64.109  -3.858 0.4000000060
15623  25.259  -63.806  -7.298 0.4000000060
15634  25.352  -64.551  -7.623 0.5000000000
15645  24.862  -64.035  -8.808 0.4000000060
15656  24.335  -64.295  -10.234 0.4000000060
15664  27.163  -64.468  -11.592 0.6999999881
15672  27.743  -64.160  -11.854 0.6000000238
15674  25.915  -64.606  -11.881 0.6000000238
15677  21.777  -64.639  -12.791 0.4000000060
15679  19.674  -64.258  -13.360 0.4000000060
15685  30.538  -64.680  -12.882 0.6000000238
15689  19.530  -64.583  -13.528 0.5000000000
15696  24.823  -64.592  -14.399 0.4000000060
15697  19.385  -64.531  -13.923 0.6000000238
15704  23.210  -64.596  -14.923 0.6000000238
15712  19.288  -63.915  -14.562 0.6000000238
16242  22.807  -63.357  -2.550 0.4000000060
16244  21.194  -63.680  -2.209 0.4000000060
16246  19.086  -63.153  -2.122 0.4000000060
16264  23.753  -63.400  -3.081 0.4000000060
16265  23.288  -63.039  -2.774 0.4000000060
16271  24.777  -63.381  -3.990 0.4000000060
16280  25.477  -64.102  -5.188 0.4000000060
16291  25.292  -62.855  -5.992 0.4000000060
16303  25.494  -63.949  -6.557 0.4000000060
16324  24.802  -63.410  -8.470 0.4000000060
16330  24.487  -63.577  -9.944 0.4000000060
16343  23.798  -63.991  -11.276 0.4000000060
16355  22.986  -64.000  -12.203 0.3000000119
16369  26.145  -63.804  -13.282 0.5000000000
16371  18.950  -63.453  -13.925 0.5000000000
16378  27.531  -63.066  -13.568 0.4000000060
16381  18.979  -63.940  -14.187 0.5000000000
16393  22.007  -63.715  -14.970 0.5000000000
16394  21.122  -64.049  -14.851 0.5000000000
16397  18.391  -63.163  -14.426 0.6000000238
16983  21.939  -62.491  -2.320 0.4000000060
16985  19.862  -62.803  -2.160 0.4000000060
16987  18.453  -62.609  -2.423 0.4000000060
17008  24.513  -62.779  -3.821 0.4000000060
17028  24.945  -62.138  -6.151 0.4000000060
17061  24.586  -62.801  -8.803 0.4000000060
17089  22.441  -63.033  -12.969 0.4000000060
17097  23.016  -62.662  -12.982 0.3000000119
17098  22.241  -62.449  -13.271 0.4000000060
17101  19.217  -62.882  -13.774 0.4000000060
17109  18.312  -62.673  -14.265 0.4000000060
17132  22.787  -62.484  -15.388 0.5000000000
17133  22.082  -62.462  -15.233 0.5000000000
17134  21.404  -62.553  -15.075 0.5000000000
17135  20.073  -62.426  -14.884 0.5000000000
17714  20.384  -61.674  -2.378 0.3000000119
17815  24.654  -61.476  -8.707 0.3000000119
17816  24.508  -62.357  -10.015 0.4000000060
17835  24.126  -61.396  -12.512 0.4000000060
17846  20.255  -61.767  -13.744 0.3000000119
17848  18.079  -61.428  -13.794 0.4000000060
17855  17.675  -61.212  -14.398 0.4000000060
17858  17.904  -62.127  -14.569 0.5000000000
17865  23.079  -61.791  -15.572 0.4000000060
17868  20.160  -61.731  -14.987 0.4000000060
17869  19.468  -61.471  -14.914 0.4000000060
17870  18.708  -61.127  -14.977 0.6000000238
18549  24.602  -61.703  -9.769 0.3000000119
18569  23.886  -60.589  -12.831 0.3000000119
18578  18.048  -61.011  -13.823 0.4000000060
18584  17.512  -60.744  -14.367 0.4000000060
19302  18.050  -59.771  -13.913 0.4000000060
19316  17.339  -60.121  -14.490 0.4000000060
20056  17.991  -59.260  -13.987 0.4000000060
20840  19.506  -58.264  -13.933 0.3000000119
20841  18.452  -58.501  -13.934 0.3000000119
20852  16.537  -58.741  -14.269 0.4000000060
20868  16.461  -58.785  -14.465 0.4000000060
20869  16.049  -58.165  -14.382 0.4000000060
21642  16.288  -56.720  -14.072 0.4000000060
21668  15.805  -57.593  -14.544 0.4000000060
22411  15.962  -56.843  -14.428 0.4000000060
141248  20.814  -62.094  -15.043 0.4000000060
141809  24.859  -64.610  -9.127 0.4000000060
142447  27.150  -63.413  -12.985 0.4000000060
143120  22.714  -70.671  -4.751 0.6000000238
143357  25.013  -63.047  -7.367 0.4000000060
144523  23.001  -66.685  -11.163 0.5000000000
144851  24.344  -62.298  -11.374 0.4000000060
145089  22.481  -64.340  -14.935 0.5000000000
145449  22.153  -69.352  -2.789 0.5000000000
145762  20.509  -64.290  -14.761 0.5000000000
146453  20.985  -68.023  -13.640 0.5000000000
148347  15.937  -55.994  -14.632 0.3000000119
148666  29.658  -72.232  -12.344 0.6000000238
148843  22.667  -70.543  -9.134 0.8000000119
149313  24.506  -74.731  -4.241 0.5000000000
149345  22.570  -75.222  -2.979 0.5000000000
150356  20.683  -61.118  -13.840 0.3000000119
150381  22.628  -71.295  -5.967 0.6000000238
150765  24.414  -63.050  -10.332 0.4000000060
150888  21.140  -60.326  -13.941 0.3000000119
150897  29.498  -66.956  -12.432 0.6000000238
151005  23.495  -61.292  -13.270 0.4000000060
151547  16.523  -67.562  -2.618 0.3000000119
151626  31.782  -66.682  -13.231 0.5000000000
151759  24.799  -62.851  -8.069 0.4000000060
151826  18.188  -62.119  -13.853 0.5000000000
152370  22.902  -71.209  -6.283 0.6999999881
152406  19.713  -62.317  -13.697 0.4000000060
153388  30.852  -70.028  -13.978 0.5000000000
153473  17.346  -57.664  -13.913 0.4000000060
153669  23.569  -64.900  -3.339 0.4000000060
153979  29.384  -69.756  -14.059 0.6000000238
154485  23.409  -64.697  -11.410 0.3000000119
155446  25.604  -64.530  -6.007 0.4000000060
155449  21.780  -68.312  -3.855 0.6000000238
155690  36.001  -74.026  -13.730 0.4000000060
155824  25.054  -66.576  -6.535 0.5000000000
156015  28.973  -66.606  -12.104 0.6000000238
156143  25.194  -72.837  -5.828 0.6999999881
156777  25.505  -65.180  -7.175 0.5000000000
156851  36.321  -79.245  -14.282 0.4000000060
157804  21.696  -71.141  -1.872 0.5000000000
157920  22.863  -72.010  -2.269 0.5000000000
157962  21.509  -70.646  -7.442 0.6999999881
158193  21.624  -72.907  -1.837 0.4000000060
158217  20.981  -70.996  -1.476 0.5000000000
158490  34.554  -77.134  -12.341 0.3000000119
158681  33.071  -69.936  -13.831 0.4000000060
158788  32.844  -71.742  -13.116 0.4000000060
159219  25.584  -72.711  -6.438 0.6999999881
159238  20.609  -67.583  -13.593 0.5000000000
160236  18.785  -62.746  -14.652 0.6000000238
160422  30.218  -73.823  -13.154 0.5000000000
160701  24.706  -61.193  -9.401 0.3000000119
160999  28.995  -69.805  -13.940 0.6000000238
161172  22.947  -75.640  -3.472 0.5000000000
162256  21.875  -70.303  -9.651 0.8000000119
162288  27.598  -69.675  -12.141 0.6999999881
163361  21.341  -70.236  -10.996 0.8000000119
163912  23.552  -62.941  -12.556 0.3000000119
164115  20.325  -66.585  -13.461 0.5000000000
164317  35.129  -71.244  -13.896 0.4000000060
164975  20.364  -62.323  -2.228 0.3000000119
165063  16.588  -56.045  -13.902 0.4000000060
165504  21.017  -69.040  -12.826 0.6000000238
166028  19.989  -57.838  -13.937 0.4000000060
167556  20.388  -67.441  -1.147 0.4000000060
169095  22.033  -64.185  -12.758 0.4000000060
169225  25.008  -74.065  -5.756 0.6999999881
169462  27.101  -63.967  -11.952 0.6000000238
169465  26.672  -63.554  -13.099 0.4000000060
169769  28.029  -70.222  -10.479 0.6000000238
169824  19.235  -66.324  -0.782 0.4000000060
170094  21.675  -69.426  -10.860 0.6999999881
170096  19.361  -62.762  -14.766 0.6000000238
