#!ascii label  , from subject sub-v2s1x29894_ses-1 vox2ras=TkReg
1542
118858  3.777  -81.162  -7.734 0.5000000000
4639  4.591  -69.488  -18.707 0.6000000238
5693  5.597  -68.231  -18.195 0.6000000238
5152  4.335  -68.689  -19.041 0.6000000238
5694  5.002  -68.052  -17.952 0.6999999881
129128  4.309  -67.946  -18.532 0.6000000238
6243  7.515  -67.023  -17.528 0.6999999881
6245  5.955  -67.462  -16.931 0.6000000238
1130  3.533  -77.346  -21.361 0.5000000000
1350  2.917  -78.720  -14.612 0.6000000238
1360  3.236  -78.272  -15.619 0.6000000238
1128  2.485  -78.595  -19.517 0.5000000000
1605  3.151  -77.841  -13.669 0.5000000000
1111  2.634  -79.281  -15.028 0.5000000000
1126  2.291  -79.303  -18.414 0.6000000238
131706  1.487  -73.021  -22.725 0.5000000000
134222  3.960  -77.439  -7.890 0.4000000060
3250  3.396  -72.413  -23.038 0.5000000000
3253  1.995  -72.019  -23.900 0.5000000000
3639  4.160  -71.823  -22.794 0.6000000238
4156  4.110  -70.473  -21.188 0.6000000238
137786  4.487  -70.023  -19.125 0.6000000238
5140  5.837  -68.954  -18.372 0.6999999881
4668  4.320  -69.833  -20.656 0.6000000238
120292  6.232  -68.256  -18.296 0.6999999881
6899  8.827  -66.558  -19.111 0.6000000238
6258  7.715  -67.213  -18.320 0.6999999881
6915  9.420  -66.166  -19.562 0.6000000238
6242  8.193  -66.760  -17.867 0.6999999881
7574  10.044  -65.628  -19.513 0.6999999881
5677  4.386  -67.819  -17.738 0.6000000238
1636  2.736  -76.663  -18.011 0.5000000000
141358  3.310  -77.738  -17.831 0.6000000238
1635  3.319  -76.953  -18.333 0.5000000000
1618  3.146  -77.694  -14.503 0.6000000238
132327  3.119  -77.709  -15.167 0.6999999881
1122  3.177  -78.195  -17.302 0.6000000238
1579  2.964  -77.209  -12.420 0.4000000060
2897  4.006  -73.103  -21.790 0.5000000000
2899  2.748  -73.349  -22.162 0.5000000000
135234  3.863  -79.378  -8.352 0.5000000000
3247  3.888  -72.571  -22.357 0.5000000000
4149  4.676  -71.277  -19.961 0.6999999881
140018  4.350  -72.178  -22.005 0.6000000238
4655  5.226  -70.260  -19.135 0.6999999881
4150  4.459  -70.498  -20.262 0.6000000238
3627  4.108  -71.429  -20.637 0.6000000238
4638  5.360  -69.690  -18.542 0.6999999881
5139  6.731  -68.939  -18.557 0.6999999881
6271  8.524  -67.173  -19.383 0.6000000238
122427  7.437  -68.337  -18.758 0.6000000238
6933  9.259  -66.351  -20.277 0.6000000238
136441  7.398  -67.689  -18.508 0.6000000238
124714  10.115  -65.346  -20.822 0.6000000238
8291  10.573  -64.819  -20.855 0.6999999881
6865  8.624  -66.233  -16.290 0.6999999881
5657  4.393  -67.382  -17.049 0.5000000000
6898  9.371  -66.164  -18.701 0.6999999881
121603  8.763  -66.364  -17.322 0.6999999881
6229  6.428  -66.924  -16.449 0.6000000238
1945  2.937  -76.370  -16.955 0.5000000000
1634  2.758  -76.584  -17.183 0.5000000000
1948  2.502  -76.107  -17.895 0.5000000000
1629  3.099  -77.088  -16.043 0.6999999881
120269  3.318  -76.900  -14.170 0.5000000000
121927  3.192  -77.056  -15.273 0.6999999881
1900  2.941  -76.227  -12.332 0.4000000060
1911  3.013  -76.670  -13.021 0.4000000060
2893  3.995  -73.977  -20.750 0.5000000000
3243  5.240  -72.624  -20.857 0.5000000000
2896  4.690  -73.203  -21.110 0.5000000000
3244  4.512  -72.556  -21.545 0.5000000000
4144  5.300  -70.996  -19.407 0.6000000238
3634  4.647  -72.234  -21.271 0.5000000000
4636  6.867  -69.816  -18.981 0.6999999881
5724  8.715  -68.240  -20.254 0.6000000238
4635  7.409  -69.261  -19.098 0.6999999881
4637  6.182  -69.789  -18.625 0.6999999881
140191  9.163  -67.699  -20.848 0.6000000238
5151  7.995  -68.575  -19.225 0.6999999881
6952  9.541  -66.063  -22.362 0.6999999881
6286  9.357  -66.898  -21.315 0.6000000238
6282  8.844  -67.421  -20.046 0.6000000238
8339  10.174  -64.527  -23.062 0.6000000238
7623  9.538  -65.582  -21.985 0.6999999881
7606  9.597  -65.662  -21.225 0.6999999881
9164  10.940  -63.400  -23.178 0.6000000238
8338  10.790  -63.931  -22.646 0.6000000238
7605  10.086  -65.104  -21.591 0.6999999881
6852  7.461  -65.954  -15.551 0.6000000238
8305  10.608  -64.552  -21.492 0.6999999881
6867  6.916  -66.379  -15.992 0.6000000238
9988  11.341  -62.887  -22.599 0.6999999881
144166  11.092  -63.434  -22.624 0.6000000238
8304  11.033  -64.228  -21.028 0.8000000119
8290  11.077  -64.454  -20.152 0.6999999881
7573  10.320  -65.515  -18.821 0.6999999881
6897  9.946  -65.812  -18.317 0.6999999881
143917  3.656  -75.333  -15.573 0.6999999881
1942  3.301  -76.457  -15.789 0.6999999881
2233  3.264  -75.419  -14.399 0.5000000000
135945  3.477  -75.732  -15.067 0.6999999881
2210  3.447  -75.482  -11.985 0.4000000060
2218  3.185  -75.723  -12.915 0.5000000000
2579  4.251  -74.275  -19.959 0.5000000000
2575  3.534  -74.705  -19.581 0.5000000000
125767  4.927  -73.654  -20.316 0.5000000000
3621  5.194  -72.073  -19.521 0.6000000238
121791  6.221  -70.639  -18.936 0.6000000238
4143  5.780  -70.799  -19.159 0.6999999881
3626  5.102  -72.262  -20.530 0.6999999881
138333  8.342  -69.634  -20.041 0.6999999881
4142  6.669  -70.364  -19.036 0.6999999881
142610  9.167  -68.247  -21.433 0.6000000238
5164  8.659  -69.133  -20.427 0.6000000238
125719  7.933  -69.542  -19.584 0.6999999881
6962  9.603  -66.138  -24.182 0.6999999881
6290  9.616  -66.600  -22.870 0.6999999881
119203  9.339  -67.667  -21.729 0.6999999881
7500  9.489  -65.273  -14.963 0.6000000238
127637  10.128  -64.680  -24.952 0.6000000238
6958  9.697  -65.946  -23.093 0.6999999881
10761  10.770  -61.594  -25.067 0.6000000238
10022  10.630  -62.777  -24.571 0.6000000238
9190  10.189  -63.345  -25.020 0.6000000238
8352  10.131  -64.622  -24.014 0.6000000238
7630  9.927  -65.287  -23.566 0.6999999881
6851  8.446  -65.913  -15.488 0.6000000238
10021  11.077  -62.126  -24.323 0.6000000238
9165  10.410  -63.950  -23.562 0.6000000238
8264  11.418  -64.429  -18.603 0.6999999881
7549  10.773  -65.331  -17.292 0.6000000238
6864  9.503  -66.020  -16.714 0.6999999881
6866  7.768  -66.283  -16.085 0.6000000238
11498  10.927  -60.752  -24.749 0.5000000000
10730  11.428  -61.891  -23.514 0.6000000238
10729  11.797  -61.661  -22.791 0.8000000119
9972  11.710  -62.829  -21.684 0.8000000119
9141  11.823  -63.153  -20.790 0.8000000119
7572  10.946  -64.853  -19.434 0.8000000119
123477  10.927  -65.068  -18.753 0.6999999881
6879  10.119  -65.760  -17.473 0.6999999881
9154  11.214  -63.456  -22.100 0.8000000119
9142  11.346  -63.572  -21.315 0.8000000119
1944  3.616  -75.901  -16.349 0.6999999881
2250  4.027  -75.349  -16.829 0.6999999881
1947  3.268  -75.906  -17.328 0.6999999881
2560  3.840  -74.157  -14.841 0.6999999881
2254  3.776  -75.273  -17.790 0.6000000238
2550  3.855  -73.867  -13.996 0.6000000238
2258  3.835  -75.017  -18.727 0.5000000000
132862  4.751  -74.477  -19.003 0.5000000000
11318  11.386  -61.057  -13.965 0.6000000238
2571  5.774  -74.033  -19.054 0.5000000000
10551  11.082  -61.688  -14.120 0.5000000000
2891  6.389  -73.097  -19.852 0.5000000000
135751  12.201  -61.946  -15.259 0.6000000238
4135  6.237  -71.044  -18.556 0.6999999881
3238  6.281  -73.252  -19.567 0.6000000238
4652  8.061  -70.541  -19.849 0.6999999881
3613  5.815  -71.619  -18.904 0.6999999881
9006  11.380  -63.817  -15.120 0.6000000238
5172  9.329  -68.931  -21.572 0.6999999881
5173  9.076  -69.512  -21.095 0.6000000238
6968  9.332  -66.910  -24.315 0.6999999881
6299  9.400  -67.375  -23.947 0.6999999881
122184  9.356  -67.816  -22.609 0.6999999881
7510  11.120  -64.912  -15.259 0.6000000238
8208  11.514  -64.386  -15.223 0.6000000238
7635  9.938  -65.368  -24.547 0.6000000238
6295  9.330  -67.258  -23.154 0.6999999881
127283  12.090  -63.732  -17.215 0.6000000238
143287  9.755  -64.821  -14.750 0.6000000238
9201  10.076  -63.280  -25.884 0.6000000238
8359  10.070  -63.914  -25.393 0.6000000238
9053  12.192  -63.088  -17.971 0.6999999881
140571  11.294  -64.915  -17.232 0.6000000238
7511  10.435  -65.359  -15.663 0.6000000238
10774  10.375  -62.233  -25.692 0.6000000238
10706  12.145  -61.713  -21.061 0.6000000238
10686  12.203  -61.967  -20.273 0.6000000238
9097  11.953  -63.251  -19.475 0.6999999881
8249  11.879  -63.754  -18.239 0.6000000238
7530  10.317  -65.592  -16.580 0.6000000238
11478  11.691  -60.569  -22.065 0.6000000238
9945  12.087  -62.819  -19.971 0.8000000119
132931  11.790  -61.027  -22.635 0.6000000238
9987  12.070  -62.201  -21.930 0.6999999881
9098  11.542  -63.821  -19.784 0.8000000119
2248  3.892  -75.320  -16.110 0.6999999881
2566  4.146  -74.773  -16.600 0.6999999881
2869  4.106  -73.227  -14.576 0.6999999881
2568  4.606  -74.852  -17.263 0.6000000238
2253  4.837  -74.792  -17.999 0.6000000238
123868  12.227  -59.627  -14.283 0.6000000238
12097  11.209  -59.809  -13.563 0.6000000238
12096  12.188  -60.219  -14.241 0.6000000238
12098  10.863  -60.332  -13.805 0.6000000238
2572  5.581  -74.192  -18.294 0.6000000238
11336  12.632  -60.797  -14.687 0.5000000000
124976  6.090  -71.481  -17.867 0.6999999881
144184  6.566  -73.023  -18.819 0.6999999881
11351  13.081  -60.721  -15.919 0.4000000060
10566  12.306  -61.447  -14.673 0.5000000000
4140  7.936  -71.086  -19.475 0.6999999881
136924  12.892  -61.318  -16.091 0.5000000000
4667  8.696  -70.278  -20.541 0.6000000238
4141  7.382  -70.582  -19.029 0.6999999881
10604  12.774  -61.723  -16.758 0.6000000238
120154  9.725  -68.491  -22.776 0.6999999881
4671  9.546  -69.871  -21.880 0.6999999881
9876  12.632  -62.270  -17.323 0.6999999881
9855  12.546  -62.509  -16.536 0.6000000238
6974  9.734  -66.786  -25.844 0.6999999881
6304  9.610  -67.487  -24.696 0.6999999881
10646  12.466  -61.692  -18.616 0.5000000000
8229  12.142  -64.024  -16.241 0.6000000238
8365  10.844  -64.456  -26.532 0.6000000238
7641  9.882  -65.417  -25.496 0.6000000238
129680  9.590  -66.083  -25.204 0.6999999881
143403  12.418  -62.555  -17.820 0.6999999881
9211  10.283  -63.595  -26.213 0.6000000238
124008  12.142  -61.134  -19.939 0.5000000000
135646  12.310  -62.016  -19.054 0.6000000238
10041  10.106  -62.778  -26.075 0.6000000238
12195  11.689  -60.135  -21.587 0.6000000238
131003  12.036  -61.155  -20.561 0.5000000000
9921  12.164  -62.600  -19.227 0.6999999881
12201  10.875  -59.579  -22.779 0.6000000238
2879  4.684  -73.172  -16.145 0.6999999881
131938  4.470  -73.620  -16.941 0.6999999881
2881  5.057  -73.850  -17.535 0.6000000238
2567  5.175  -74.381  -17.716 0.6000000238
12811  12.200  -59.093  -13.998 0.4000000060
138783  11.169  -59.168  -13.220 0.5000000000
3233  5.345  -73.196  -17.840 0.6000000238
12824  12.459  -59.226  -14.753 0.5000000000
123870  9.840  -59.753  -12.923 0.6000000238
3600  5.903  -71.743  -17.139 0.6999999881
4125  6.397  -70.822  -17.813 0.6999999881
2884  6.304  -73.738  -18.620 0.6000000238
11335  13.002  -60.495  -15.252 0.5000000000
3620  8.412  -71.820  -19.776 0.6999999881
11369  13.137  -60.139  -16.524 0.4000000060
4683  10.990  -69.710  -23.012 0.6999999881
4678  10.302  -70.129  -22.540 0.6999999881
140028  9.457  -71.467  -21.593 0.6999999881
11385  13.022  -60.458  -17.398 0.6000000238
5753  10.488  -67.956  -25.546 0.6999999881
5189  10.885  -68.530  -24.578 0.6999999881
5176  9.757  -69.164  -22.276 0.6999999881
4672  9.230  -70.586  -21.388 0.6999999881
11404  12.805  -60.537  -18.216 0.5000000000
10625  12.745  -61.730  -17.493 0.5000000000
6980  10.086  -66.476  -26.643 0.6000000238
6303  9.845  -67.548  -25.480 0.6999999881
5743  10.332  -68.401  -24.092 0.6999999881
5739  9.587  -68.020  -23.502 0.6999999881
11405  12.544  -60.979  -18.746 0.5000000000
9210  10.536  -63.254  -26.668 0.5000000000
7652  10.603  -65.510  -26.615 0.6000000238
7647  10.145  -65.602  -26.238 0.6000000238
3594  5.060  -71.693  -16.057 0.6999999881
119731  4.965  -73.101  -17.064 0.6999999881
13487  12.273  -58.447  -13.698 0.4000000060
4111  5.401  -71.135  -16.586 0.6999999881
3229  5.488  -72.472  -17.295 0.6999999881
13469  11.473  -58.393  -13.332 0.4000000060
136764  5.582  -71.966  -16.653 0.6999999881
12796  10.301  -59.131  -12.905 0.6000000238
4133  8.285  -71.307  -19.088 0.8000000119
126782  5.906  -70.853  -17.167 0.6999999881
3624  9.728  -72.372  -20.637 0.6000000238
12789  7.624  -59.041  -11.917 0.6000000238
4160  10.491  -70.998  -22.333 0.6999999881
4154  9.895  -71.839  -22.011 0.6999999881
3625  8.949  -71.999  -20.459 0.6000000238
4685  11.503  -69.166  -23.621 0.6000000238
5751  11.492  -67.617  -26.216 0.6000000238
12792  5.329  -58.398  -12.455 0.5000000000
6979  10.747  -66.235  -27.187 0.6000000238
6310  10.312  -67.432  -26.231 0.6999999881
8371  12.297  -64.645  -27.593 0.5000000000
4617  6.050  -70.036  -17.150 0.6999999881
119190  10.994  -57.585  -13.179 0.4000000060
4122  8.264  -70.709  -18.267 0.8000000119
12797  9.842  -58.337  -12.733 0.5000000000
3611  9.928  -71.789  -19.183 0.8000000119
121745  9.057  -57.806  -11.706 0.4000000060
13454  10.286  -57.610  -12.660 0.4000000060
3612  8.981  -71.635  -19.220 0.6999999881
13442  7.822  -57.763  -11.107 0.4000000060
120926  9.090  -58.450  -12.244 0.5000000000
129220  11.766  -68.501  -24.648 0.6000000238
4677  11.204  -70.381  -22.723 0.6000000238
4153  10.763  -71.530  -21.869 0.6999999881
14119  7.275  -56.985  -10.940 0.4000000060
5746  11.893  -68.116  -25.530 0.6000000238
5747  11.263  -68.426  -25.118 0.6000000238
13459  5.709  -57.839  -11.721 0.4000000060
12791  6.062  -58.727  -12.139 0.6000000238
6978  11.761  -66.659  -27.314 0.6000000238
7657  11.926  -65.587  -27.702 0.5000000000
8370  13.316  -64.873  -28.068 0.5000000000
14142  11.465  -56.839  -13.269 0.4000000060
4616  7.820  -70.000  -17.600 0.8000000119
13455  9.610  -57.714  -12.122 0.4000000060
123470  8.985  -70.990  -18.479 0.6999999881
13441  8.604  -57.401  -11.295 0.4000000060
3630  11.181  -71.677  -21.054 0.6000000238
3623  10.655  -72.108  -20.452 0.6999999881
5180  11.693  -69.296  -23.625 0.6000000238
4152  11.769  -71.142  -21.589 0.6000000238
14839  7.503  -56.302  -11.074 0.4000000060
14120  6.558  -56.991  -11.064 0.4000000060
6313  12.109  -67.161  -26.612 0.6000000238
14131  5.246  -56.973  -11.759 0.4000000060
6981  12.456  -66.182  -27.511 0.4000000060
14143  10.676  -56.876  -12.751 0.4000000060
4132  9.773  -71.071  -18.581 0.6999999881
14130  9.986  -56.851  -12.038 0.4000000060
3616  11.747  -71.585  -20.120 0.6999999881
3617  11.104  -71.921  -19.710 0.6000000238
14117  8.755  -56.631  -11.199 0.4000000060
5184  11.789  -68.754  -23.946 0.6000000238
4681  11.854  -69.707  -22.968 0.6000000238
14841  6.244  -56.432  -11.281 0.4000000060
6309  12.506  -67.644  -25.960 0.6000000238
14851  4.894  -56.256  -12.057 0.3000000119
6977  12.930  -66.787  -26.967 0.4000000060
6976  13.698  -66.141  -27.334 0.4000000060
7650  13.643  -66.258  -26.728 0.4000000060
14837  8.874  -55.932  -11.298 0.4000000060
15628  7.631  -55.667  -11.313 0.4000000060
5742  11.997  -67.991  -23.977 0.6000000238
6302  12.469  -67.328  -25.010 0.6000000238
6298  12.263  -67.198  -24.069 0.6000000238
7646  13.228  -65.735  -25.874 0.4000000060
7639  12.901  -65.532  -24.954 0.5000000000
7645  14.022  -65.637  -26.496 0.4000000060
127047  3.603  -54.061  -15.416 0.3000000119
8361  13.402  -64.948  -25.863 0.4000000060
16463  11.183  -54.209  -12.372 0.4000000060
15666  5.484  -54.236  -14.649 0.3000000119
127596  2.200  -54.371  -17.777 0.4000000060
17462  12.667  -53.676  -12.713 0.4000000060
17445  9.906  -53.458  -12.101 0.4000000060
17482  6.432  -53.505  -13.976 0.3000000119
17465  7.378  -53.418  -12.479 0.3000000119
143542  4.061  -54.443  -16.246 0.3000000119
15684  4.879  -54.257  -15.060 0.3000000119
15719  3.322  -54.608  -16.960 0.3000000119
17443  11.150  -52.955  -12.386 0.4000000060
18475  9.579  -52.767  -12.223 0.4000000060
17446  8.958  -53.326  -11.956 0.4000000060
16504  5.913  -54.099  -15.179 0.3000000119
15698  5.189  -54.405  -15.839 0.3000000119
17628  1.151  -53.966  -22.098 0.4000000060
18665  1.016  -53.147  -23.137 0.3000000119
19623  1.406  -52.507  -22.749 0.3000000119
16530  4.457  -54.999  -17.194 0.3000000119
16553  3.464  -55.028  -18.012 0.3000000119
18500  10.121  -52.226  -12.573 0.4000000060
18476  8.861  -52.693  -12.385 0.4000000060
18503  7.578  -52.817  -12.948 0.3000000119
18520  6.728  -52.900  -14.216 0.3000000119
16513  6.272  -53.881  -15.408 0.3000000119
16606  2.403  -54.228  -20.119 0.3000000119
16515  5.527  -54.451  -16.546 0.3000000119
17647  2.181  -53.025  -22.522 0.3000000119
16551  5.129  -54.431  -17.893 0.3000000119
141878  3.017  -52.860  -21.416 0.4000000060
18664  2.081  -52.515  -22.515 0.3000000119
19587  2.838  -51.519  -20.424 0.3000000119
19588  2.343  -51.379  -20.829 0.3000000119
18502  8.371  -52.359  -13.216 0.4000000060
18519  7.383  -52.564  -13.718 0.4000000060
18535  6.737  -52.801  -15.110 0.3000000119
17604  2.654  -53.731  -21.113 0.4000000060
17507  6.619  -53.454  -15.736 0.3000000119
16605  3.238  -54.279  -19.771 0.3000000119
17603  3.348  -53.257  -20.939 0.4000000060
17602  4.018  -53.184  -20.337 0.4000000060
20568  2.989  -50.476  -20.999 0.3000000119
138230  8.650  -51.822  -13.994 0.4000000060
19476  8.035  -52.075  -14.259 0.4000000060
19491  7.152  -52.170  -15.482 0.4000000060
18556  6.860  -52.507  -16.732 0.4000000060
16550  5.842  -54.190  -17.368 0.3000000119
17559  5.743  -53.241  -18.714 0.3000000119
17583  5.059  -53.420  -19.273 0.3000000119
18607  4.541  -53.145  -19.738 0.3000000119
19558  4.266  -52.015  -18.644 0.5000000000
18608  3.840  -52.682  -20.119 0.4000000060
19573  3.278  -51.791  -19.944 0.4000000060
119872  3.725  -49.390  -21.910 0.3000000119
19490  7.930  -51.669  -15.247 0.4000000060
139262  7.495  -51.558  -15.846 0.4000000060
19517  6.796  -51.656  -16.657 0.3000000119
19538  5.410  -51.966  -17.729 0.3000000119
20522  5.305  -50.985  -17.475 0.3000000119
21478  5.056  -50.161  -17.544 0.3000000119
18557  6.727  -52.950  -17.437 0.3000000119
19537  6.226  -52.502  -17.644 0.3000000119
19557  5.096  -52.431  -18.350 0.3000000119
19539  4.597  -51.360  -18.016 0.3000000119
20537  4.604  -50.366  -18.654 0.3000000119
128499  4.123  -51.134  -18.698 0.3000000119
20552  3.375  -50.923  -20.048 0.3000000119
21541  3.752  -48.833  -22.187 0.3000000119
21416  10.980  -49.953  -13.362 0.3000000119
139058  10.347  -50.384  -13.740 0.3000000119
130650  9.165  -50.296  -14.504 0.3000000119
138006  8.081  -50.316  -15.520 0.3000000119
21447  6.405  -49.619  -15.913 0.3000000119
21448  5.685  -49.103  -16.341 0.3000000119
20489  8.456  -50.866  -15.322 0.3000000119
21446  7.316  -50.127  -15.789 0.3000000119
20506  5.901  -50.875  -17.007 0.3000000119
21463  5.953  -50.062  -16.616 0.3000000119
132134  4.682  -49.307  -17.804 0.3000000119
21479  5.071  -49.617  -18.755 0.3000000119
20551  4.234  -50.401  -19.605 0.3000000119
21493  5.567  -49.363  -19.858 0.3000000119
20567  3.941  -50.007  -20.818 0.3000000119
21519  4.676  -49.182  -21.765 0.3000000119
127906  12.279  -49.329  -13.051 0.3000000119
126070  9.668  -49.980  -13.962 0.3000000119
21428  8.884  -49.581  -14.227 0.3000000119
22359  7.641  -49.016  -15.086 0.3000000119
22374  6.314  -48.997  -15.852 0.3000000119
23305  5.062  -48.401  -17.397 0.3000000119
23326  5.227  -48.108  -18.388 0.3000000119
21492  6.431  -48.719  -21.207 0.3000000119
23374  4.587  -47.967  -22.351 0.3000000119
23302  7.121  -47.918  -16.122 0.3000000119
23304  5.605  -48.344  -16.765 0.3000000119
23344  5.357  -47.551  -18.831 0.3000000119
23345  5.506  -47.440  -19.585 0.3000000119
23358  6.049  -48.446  -22.071 0.3000000119
23359  5.511  -47.702  -21.583 0.3000000119
24261  7.592  -47.409  -16.646 0.3000000119
23324  6.145  -47.806  -17.182 0.3000000119
23325  5.480  -47.943  -17.761 0.3000000119
24260  8.270  -47.210  -16.467 0.3000000119
24273  8.049  -46.968  -17.154 0.3000000119
24287  7.107  -46.931  -18.142 0.3000000119
144050  6.493  -47.083  -18.414 0.3000000119
24288  6.111  -46.934  -19.035 0.3000000119
24290  5.158  -47.026  -19.966 0.3000000119
24291  4.850  -47.102  -20.140 0.3000000119
133275  3.667  -79.972  -8.000 0.5000000000
117073  3.431  -78.185  -7.326 0.5000000000
1288  3.229  -77.778  -7.590 0.4000000060
5674  6.359  -67.773  -17.765 0.6999999881
6881  8.021  -66.583  -16.944 0.6999999881
1569  2.676  -76.612  -11.784 0.4000000060
134887  3.995  -78.414  -7.808 0.5000000000
6281  9.068  -66.825  -20.560 0.6000000238
3240  5.900  -72.892  -20.303 0.5000000000
6953  9.451  -66.189  -21.673 0.6000000238
122984  7.805  -70.955  -18.903 0.8000000119
3606  5.733  -72.089  -18.020 0.6999999881
3633  8.937  -71.443  -20.938 0.6000000238
9216  11.438  -63.890  -26.900 0.5000000000
5182  10.353  -69.133  -22.869 0.6999999881
13458  6.492  -58.274  -11.516 0.4000000060
126153  12.801  -63.989  -27.671 0.5000000000
129598  12.095  -68.047  -24.784 0.6000000238
7656  12.954  -65.598  -27.843 0.4000000060
136557  12.220  -70.872  -20.913 0.6000000238
5175  12.012  -68.731  -22.275 0.6000000238
140717  5.834  -55.486  -11.995 0.3000000119
6973  12.793  -67.065  -25.779 0.4000000060
6966  12.712  -66.311  -24.910 0.4000000060
135521  11.357  -53.619  -12.464 0.4000000060
20479  9.111  -51.347  -14.230 0.3000000119
22330  11.260  -49.182  -13.213 0.3000000119
4633  12.016  -70.041  -18.545 0.5000000000
4119  11.109  -70.701  -18.293 0.5000000000
4120  10.529  -70.699  -18.021 0.6999999881
4614  9.618  -70.163  -17.327 0.6999999881
4594  6.107  -69.912  -16.441 0.6000000238
4129  12.074  -70.895  -19.054 0.5000000000
4130  11.457  -71.136  -18.794 0.6000000238
4615  8.743  -70.003  -17.447 0.6000000238
3587  4.656  -71.471  -15.121 0.6000000238
3223  4.415  -72.958  -15.353 0.6000000238
4567  8.967  -69.230  -16.121 0.6999999881
4553  6.153  -69.861  -15.010 0.6000000238
4099  5.564  -70.291  -15.351 0.6000000238
4568  7.972  -69.202  -16.020 0.6999999881
4571  5.967  -69.982  -15.821 0.6000000238
3222  4.708  -72.334  -15.663 0.6000000238
4651  12.237  -70.156  -19.348 0.5000000000
4551  7.485  -69.447  -14.549 0.6999999881
4534  6.379  -69.777  -14.225 0.6999999881
4076  5.161  -70.613  -13.931 0.6000000238
3588  4.472  -71.616  -14.060 0.6000000238
125992  8.616  -69.179  -15.234 0.6000000238
4552  6.811  -69.603  -14.809 0.6999999881
128184  4.753  -71.033  -14.243 0.6000000238
123185  9.499  -69.110  -15.347 0.6000000238
5163  12.300  -69.020  -20.268 0.5000000000
128705  12.475  -70.495  -20.548 0.5000000000
4550  8.222  -69.357  -14.396 0.6999999881
4075  6.368  -69.954  -13.515 0.6000000238
3213  4.251  -72.422  -13.839 0.6000000238
5723  12.366  -68.121  -20.485 0.5000000000
129044  12.359  -69.813  -20.895 0.5000000000
6945  12.181  -66.395  -21.174 0.5000000000
5729  12.221  -67.958  -21.343 0.5000000000
6951  12.130  -66.026  -21.994 0.4000000060
5165  3.999  -68.656  -19.881 0.4000000060
132638  3.967  -69.472  -19.976 0.4000000060
5174  4.032  -69.052  -20.742 0.4000000060
4673  4.340  -69.491  -21.507 0.5000000000
4679  3.959  -70.207  -22.176 0.5000000000
5733  12.199  -67.665  -22.083 0.5000000000
4168  2.800  -70.419  -25.141 0.6000000238
6289  12.247  -66.852  -21.965 0.4000000060
4161  3.937  -71.007  -22.049 0.5000000000
4163  4.199  -70.955  -23.087 0.5000000000
3645  3.436  -71.156  -24.538 0.5000000000
5177  3.943  -68.497  -21.602 0.5000000000
119382  4.343  -69.232  -22.390 0.5000000000
126920  4.057  -69.127  -23.501 0.5000000000
5187  3.979  -69.004  -24.726 0.5000000000
123941  3.945  -70.004  -23.171 0.5000000000
4686  4.052  -70.037  -24.433 0.5000000000
4688  3.557  -70.083  -25.449 0.5000000000
6957  12.460  -66.405  -23.367 0.5000000000
4165  3.925  -70.740  -24.486 0.5000000000
7620  12.357  -64.989  -22.562 0.4000000060
7634  12.286  -65.568  -23.514 0.4000000060
8337  12.207  -65.130  -23.165 0.4000000060
6218  5.450  -66.603  -15.990 0.5000000000
120817  4.105  -68.118  -23.904 0.5000000000
6294  12.207  -67.212  -23.267 0.5000000000
7640  12.657  -65.533  -24.221 0.4000000060
6841  7.980  -65.531  -15.271 0.5000000000
7515  6.366  -65.409  -15.711 0.5000000000
131217  5.379  -64.690  -16.574 0.5000000000
6854  5.964  -66.070  -15.862 0.5000000000
8358  12.500  -64.738  -24.470 0.4000000060
7501  8.795  -65.489  -15.073 0.5000000000
8209  7.616  -64.755  -15.502 0.5000000000
8192  9.127  -64.841  -14.940 0.5000000000
9010  8.010  -63.965  -15.407 0.5000000000
7532  6.046  -64.478  -16.062 0.5000000000
8231  5.224  -64.099  -17.105 0.4000000060
128866  8.723  -64.093  -15.144 0.5000000000
8210  7.190  -63.803  -15.634 0.6000000238
8230  5.719  -63.768  -16.757 0.6000000238
8191  10.184  -64.326  -14.853 0.5000000000
9008  9.686  -63.415  -14.898 0.5000000000
129566  8.325  -63.279  -14.979 0.5000000000
9841  7.081  -62.859  -15.420 0.6000000238
8211  6.220  -63.476  -16.324 0.6000000238
9055  5.662  -63.461  -17.539 0.6000000238
8278  5.299  -63.536  -19.103 0.5000000000
9122  5.326  -62.944  -20.400 0.5000000000
9007  10.593  -63.624  -14.977 0.5000000000
123054  11.007  -62.885  -14.992 0.5000000000
9825  9.550  -62.551  -14.604 0.5000000000
123231  8.908  -62.884  -14.731 0.5000000000
127501  8.961  -62.141  -14.586 0.6000000238
9023  6.371  -62.616  -16.416 0.6000000238
9037  6.169  -62.882  -17.153 0.6000000238
143564  5.797  -63.076  -19.044 0.6000000238
9099  5.639  -62.876  -19.540 0.5000000000
11408  2.975  -60.699  -18.589 0.5000000000
132047  4.935  -61.948  -21.114 0.5000000000
9823  11.677  -62.501  -15.072 0.5000000000
10567  11.328  -62.142  -14.540 0.5000000000
9812  10.102  -62.263  -14.393 0.6000000238
9813  9.543  -61.689  -14.358 0.6000000238
11338  8.114  -61.005  -15.216 0.6000000238
9856  6.728  -61.696  -16.649 0.6000000238
11352  7.522  -60.856  -15.826 0.6000000238
138192  6.321  -62.137  -17.002 0.6000000238
10606  6.569  -61.297  -17.295 0.6000000238
9054  6.153  -62.711  -18.100 0.6000000238
9902  5.811  -62.198  -19.254 0.5000000000
9922  5.534  -62.334  -20.053 0.5000000000
10687  5.177  -61.893  -20.451 0.5000000000
10666  5.169  -61.712  -19.579 0.5000000000
10688  4.461  -61.487  -20.699 0.5000000000
10667  4.052  -61.287  -19.516 0.5000000000
10552  10.346  -61.712  -14.130 0.6000000238
11321  9.134  -61.039  -14.372 0.6000000238
11337  8.563  -60.995  -14.691 0.6000000238
123544  7.502  -60.739  -15.295 0.6000000238
11353  7.140  -60.504  -16.629 0.6000000238
11339  7.089  -60.552  -16.003 0.6000000238
10626  6.794  -60.303  -17.421 0.5000000000
11371  6.594  -60.215  -17.293 0.5000000000
10647  5.390  -61.423  -18.788 0.5000000000
11388  5.447  -60.202  -17.992 0.5000000000
129977  4.777  -60.514  -16.511 0.6000000238
11406  5.041  -60.469  -18.449 0.5000000000
11389  4.460  -60.403  -17.999 0.5000000000
141007  4.038  -60.694  -16.593 0.5000000000
11374  3.197  -60.898  -16.261 0.5000000000
128411  8.658  -60.798  -14.088 0.6000000238
11323  7.082  -60.633  -14.297 0.6000000238
124580  6.664  -60.588  -14.954 0.6000000238
11355  5.732  -60.375  -16.346 0.6000000238
137871  4.661  -60.616  -15.730 0.6000000238
11356  3.933  -60.786  -15.859 0.5000000000
132804  8.037  -60.617  -13.531 0.6000000238
11340  6.202  -60.491  -15.593 0.6000000238
11342  3.991  -60.752  -15.025 0.6000000238
11357  3.205  -60.990  -15.355 0.5000000000
12073  8.043  -59.398  -12.474 0.6000000238
12083  7.779  -60.204  -12.886 0.6000000238
12084  6.879  -60.030  -13.026 0.6000000238
12099  5.776  -60.329  -13.759 0.6000000238
11324  5.605  -60.558  -14.483 0.6000000238
12101  4.192  -60.162  -14.150 0.5000000000
12798  6.459  -59.381  -12.620 0.6000000238
12085  6.102  -59.804  -13.241 0.6000000238
12799  5.700  -59.117  -12.863 0.6000000238
12100  4.967  -60.256  -13.949 0.6000000238
12800  4.926  -58.880  -13.063 0.6000000238
12801  3.763  -58.928  -13.691 0.5000000000
13471  4.573  -58.164  -12.652 0.4000000060
4100  5.129  -70.911  -15.803 0.6000000238
4592  7.443  -69.485  -16.876 0.6999999881
4675  12.126  -69.871  -21.999 0.5000000000
5171  12.156  -68.871  -21.184 0.5000000000
6285  12.399  -67.255  -20.753 0.5000000000
142099  12.299  -67.222  -21.444 0.5000000000
127696  3.824  -69.694  -25.389 0.6000000238
10587  7.545  -61.794  -15.459 0.6000000238
10569  8.169  -61.196  -15.361 0.6000000238
9901  6.013  -61.849  -18.416 0.6000000238
10628  5.793  -60.538  -18.287 0.5000000000
11308  6.540  -60.443  -13.589 0.6000000238
130933  6.293  -60.552  -14.130 0.6000000238
12086  5.350  -59.552  -13.514 0.6000000238
12813  3.858  -59.463  -14.006 0.6000000238
115298  2.848  -82.004  -9.122 0.4000000060
115271  6.254  -83.384  -12.772 0.5000000000
117877  5.203  -83.101  -12.900 0.5000000000
133785  4.472  -82.676  -12.338 0.4000000060
115300  4.496  -81.162  -9.455 0.4000000060
133900  5.443  -80.441  -9.532 0.4000000060
133672  4.455  -80.496  -8.348 0.4000000060
115290  7.022  -80.876  -13.554 0.5000000000
118898  6.635  -82.205  -12.905 0.5000000000
134587  5.794  -80.710  -10.730 0.5000000000
117147  5.073  -80.212  -8.851 0.4000000060
133940  6.520  -80.149  -11.081 0.5000000000
117456  5.728  -79.508  -9.725 0.5000000000
133155  4.402  -79.126  -8.791 0.4000000060
117317  4.915  -78.557  -9.094 0.4000000060
115291  7.103  -80.003  -12.265 0.5000000000
115296  7.039  -79.056  -11.496 0.5000000000
1316  7.111  -78.248  -11.349 0.5000000000
133673  6.060  -78.756  -10.197 0.5000000000
133339  5.402  -78.132  -9.467 0.5000000000
117118  4.028  -77.839  -7.735 0.4000000060
141718  3.806  -73.603  -13.256 0.5000000000
2232  3.324  -75.149  -13.574 0.4000000060
2217  3.518  -74.737  -12.516 0.4000000060
2827  4.477  -73.677  -11.133 0.4000000060
2201  3.853  -74.897  -10.627 0.4000000060
1887  3.773  -75.871  -10.728 0.4000000060
124983  6.519  -78.350  -10.637 0.5000000000
1875  4.454  -75.607  -10.465 0.4000000060
1858  4.546  -76.332  -9.641 0.4000000060
115304  3.977  -77.027  -8.549 0.4000000060
1568  7.230  -77.057  -10.987 0.4000000060
1298  6.127  -77.589  -9.652 0.5000000000
117639  5.270  -77.136  -8.608 0.4000000060
134820  5.667  -77.222  -8.769 0.4000000060
127050  3.615  -73.736  -12.582 0.4000000060
138522  4.526  -74.145  -10.566 0.4000000060
2194  4.287  -74.598  -10.275 0.4000000060
1590  7.823  -76.984  -12.917 0.4000000060
1874  5.005  -75.988  -9.999 0.4000000060
1857  5.246  -76.668  -9.245 0.4000000060
1578  7.625  -76.987  -11.940 0.4000000060
1556  6.972  -76.588  -10.011 0.4000000060
1855  6.458  -76.469  -9.681 0.4000000060
118834  5.896  -76.892  -9.232 0.4000000060
2863  4.038  -73.134  -13.578 0.5000000000
2850  4.112  -73.231  -12.808 0.4000000060
3186  5.245  -72.574  -12.347 0.4000000060
2837  5.772  -73.049  -11.601 0.4000000060
2520  5.712  -74.064  -10.560 0.4000000060
2192  5.478  -74.813  -10.294 0.4000000060
2200  6.186  -74.912  -10.848 0.4000000060
1873  5.444  -75.719  -10.312 0.4000000060
1899  7.875  -76.008  -12.129 0.4000000060
2198  7.424  -75.378  -11.534 0.4000000060
138717  6.147  -76.102  -10.079 0.4000000060
3583  4.882  -70.976  -13.298 0.5000000000
3204  4.827  -71.840  -13.035 0.5000000000
4058  5.681  -70.535  -13.182 0.6000000238
120126  5.673  -71.923  -12.616 0.5000000000
2825  6.212  -73.469  -11.013 0.4000000060
2527  7.429  -73.519  -12.057 0.4000000060
2208  7.806  -74.317  -12.497 0.4000000060
139850  8.220  -74.841  -12.696 0.4000000060
3203  6.330  -72.084  -12.573 0.4000000060
4057  6.597  -70.510  -13.065 0.5000000000
3201  7.635  -71.960  -12.881 0.4000000060
2834  7.797  -72.872  -12.288 0.4000000060
3570  7.951  -71.348  -13.134 0.5000000000
3200  8.349  -71.977  -12.941 0.4000000060
3182  8.061  -72.446  -12.759 0.4000000060
2849  8.409  -72.937  -12.913 0.4000000060
4514  7.999  -70.038  -13.272 0.6000000238
4532  7.715  -69.696  -13.742 0.6000000238
4054  9.219  -70.750  -13.074 0.5000000000
3568  9.558  -71.540  -12.970 0.4000000060
4613  10.556  -70.301  -17.247 0.5000000000
11319  10.641  -61.076  -13.895 0.5000000000
11305  9.259  -60.183  -13.040 0.5000000000
12072  8.779  -59.201  -12.465 0.5000000000
11304  10.056  -60.383  -13.533 0.5000000000
130509  9.200  -59.657  -12.725 0.5000000000
139780  9.303  -60.674  -13.729 0.5000000000
118042  5.611  -81.804  -12.773 0.5000000000
134675  4.740  -81.786  -11.423 0.5000000000
2838  4.960  -73.201  -11.734 0.4000000060
2826  5.376  -73.460  -10.963 0.4000000060
1555  7.204  -76.289  -10.500 0.4000000060
3185  6.105  -72.496  -12.077 0.4000000060
2836  6.574  -72.999  -11.588 0.4000000060
2518  7.178  -74.415  -11.769 0.4000000060
128115  7.810  -75.076  -12.205 0.4000000060
3572  6.072  -71.164  -12.583 0.5000000000
2526  7.960  -73.607  -12.872 0.4000000060
4056  7.501  -70.583  -13.157 0.5000000000
4055  8.374  -70.667  -13.162 0.6000000238
3199  9.027  -72.088  -12.947 0.5000000000
4530  9.309  -69.640  -13.391 0.5000000000
8248  14.115  -64.450  -17.632 0.3000000119
6877  13.556  -65.756  -17.628 0.3000000119
7560  13.361  -65.756  -18.477 0.3000000119
7559  13.739  -65.090  -18.109 0.3000000119
8263  13.890  -64.394  -18.457 0.3000000119
9052  14.878  -63.289  -17.382 0.3000000119
143621  14.196  -63.452  -18.334 0.3000000119
6862  13.825  -65.770  -16.641 0.3000000119
6863  13.449  -66.394  -16.416 0.4000000060
6241  13.018  -67.027  -17.508 0.4000000060
7528  14.228  -64.966  -16.250 0.3000000119
6256  12.890  -67.051  -18.273 0.4000000060
6896  13.170  -66.393  -17.977 0.4000000060
5708  12.644  -68.374  -19.642 0.4000000060
5138  12.506  -69.428  -18.611 0.4000000060
8228  14.339  -64.418  -16.715 0.3000000119
6912  13.123  -65.797  -19.235 0.3000000119
6932  12.351  -66.442  -20.251 0.4000000060
9119  13.381  -63.766  -20.234 0.3000000119
7587  13.086  -65.110  -20.304 0.3000000119
124905  12.636  -67.521  -15.342 0.4000000060
127164  11.713  -68.452  -14.548 0.4000000060
136388  10.820  -68.862  -15.500 0.4000000060
5122  10.718  -69.051  -16.172 0.4000000060
6215  13.755  -66.676  -15.214 0.4000000060
5638  12.747  -67.498  -16.144 0.4000000060
5639  12.141  -68.044  -15.803 0.4000000060
5120  11.845  -68.955  -16.967 0.4000000060
139795  12.262  -69.280  -17.466 0.4000000060
7509  14.295  -65.527  -15.873 0.3000000119
5654  12.751  -67.656  -17.049 0.4000000060
5673  12.290  -68.363  -17.433 0.4000000060
4612  11.327  -70.380  -17.612 0.4000000060
7508  14.854  -64.982  -15.508 0.3000000119
122603  12.769  -68.607  -18.752 0.4000000060
5129  12.296  -69.631  -17.884 0.4000000060
8206  15.328  -64.333  -15.701 0.3000000119
138872  12.704  -67.827  -19.142 0.4000000060
5062  12.172  -68.946  -13.158 0.4000000060
4529  10.157  -69.495  -13.259 0.4000000060
5601  12.706  -68.315  -13.382 0.4000000060
5609  12.395  -68.088  -14.118 0.4000000060
5081  11.145  -68.817  -14.026 0.4000000060
139724  9.747  -69.269  -13.806 0.4000000060
129112  15.360  -66.974  -14.375 0.3000000119
6204  13.972  -66.963  -14.639 0.4000000060
6846  16.304  -65.752  -15.575 0.3000000119
7507  15.804  -65.078  -15.632 0.3000000119
4588  11.258  -69.997  -17.047 0.4000000060
7527  16.233  -64.568  -16.009 0.3000000119
4512  9.639  -70.019  -13.045 0.4000000060
4511  10.989  -69.589  -13.036 0.4000000060
7604  12.307  -65.567  -21.454 0.3000000119
129371  12.700  -64.921  -21.822 0.3000000119
128582  12.913  -65.003  -21.061 0.3000000119
4566  9.968  -69.200  -16.299 0.4000000060
5113  10.278  -68.993  -15.466 0.4000000060
4531  8.513  -69.656  -13.565 0.4000000060
138986  10.145  -70.813  -12.940 0.4000000060
6878  13.319  -66.374  -17.160 0.3000000119
8276  13.718  -64.230  -19.091 0.3000000119
8289  13.608  -63.550  -19.387 0.3000000119
6205  13.265  -67.127  -15.031 0.4000000060
6913  12.649  -66.462  -19.473 0.4000000060
5672  12.758  -67.689  -17.835 0.4000000060
5690  12.730  -67.723  -18.518 0.4000000060
125249  12.642  -69.026  -17.987 0.4000000060
6931  12.849  -65.818  -19.940 0.4000000060
5608  13.063  -67.869  -13.902 0.4000000060
5099  11.169  -68.689  -15.050 0.4000000060
5098  11.605  -68.430  -15.430 0.4000000060
6840  14.387  -66.440  -14.971 0.3000000119
5655  12.162  -68.185  -16.637 0.4000000060
6839  15.260  -66.359  -14.807 0.3000000119
5607  13.708  -67.884  -13.665 0.4000000060
6197  14.215  -67.377  -14.059 0.3000000119
6838  16.108  -66.309  -15.178 0.3000000119
118080  8.161  -82.938  -6.888 0.3000000119
115232  7.079  -83.168  -6.734 0.3000000119
117362  8.810  -82.629  -7.710 0.3000000119
120485  7.799  -83.224  -5.965 0.3000000119
133454  8.057  -82.819  -7.863 0.3000000119
134837  7.262  -82.974  -7.602 0.3000000119
117954  9.931  -82.034  -7.994 0.3000000119
142898  9.549  -82.318  -7.493 0.3000000119
115258  9.327  -82.637  -6.615 0.3000000119
115266  9.907  -82.180  -9.533 0.3000000119
118572  9.364  -82.432  -8.655 0.3000000119
134935  7.588  -82.900  -8.492 0.3000000119
117188  4.254  -83.264  -11.946 0.3000000119
694  9.747  -80.289  -6.786 0.3000000119
141518  10.288  -81.567  -7.021 0.3000000119
134639  10.009  -81.737  -8.523 0.3000000119
134524  10.325  -82.053  -6.374 0.3000000119
134835  8.178  -82.849  -9.497 0.3000000119
115253  7.783  -82.654  -12.378 0.3000000119
118259  6.666  -83.332  -12.242 0.3000000119
141169  10.030  -81.717  -9.394 0.3000000119
133453  9.085  -82.656  -10.060 0.3000000119
119674  10.202  -81.932  -10.248 0.3000000119
115260  9.890  -81.807  -11.596 0.3000000119
137100  9.235  -82.228  -11.983 0.3000000119
135010  7.932  -82.822  -11.051 0.3000000119
119609  8.589  -81.558  -12.871 0.3000000119
1079  7.903  -79.012  -13.020 0.4000000060
115297  7.464  -80.251  -12.660 0.4000000060
133325  6.884  -82.520  -4.011 0.3000000119
134938  5.592  -82.936  -3.662 0.3000000119
118221  8.972  -83.057  -5.693 0.3000000119
115233  8.456  -83.236  -4.938 0.3000000119
115247  11.108  -80.225  -4.456 0.3000000119
119881  11.139  -80.887  -3.577 0.3000000119
134485  9.270  -81.797  -3.246 0.3000000119
133231  8.076  -82.293  -3.454 0.3000000119
134982  6.183  -82.792  -3.699 0.3000000119
115252  10.803  -79.866  -5.199 0.3000000119
115235  11.373  -81.561  -4.008 0.3000000119
117851  9.940  -82.567  -2.747 0.3000000119
115234  8.136  -82.843  -3.201 0.3000000119
117085  6.659  -82.858  -3.586 0.3000000119
134122  11.128  -81.428  -5.462 0.3000000119
117145  10.975  -82.053  -4.888 0.3000000119
138997  9.856  -82.965  -3.283 0.3000000119
117038  8.199  -83.132  -3.810 0.3000000119
133256  9.664  -83.071  -4.333 0.3000000119
134955  7.849  -83.371  -4.440 0.3000000119
133297  7.094  -82.974  -8.886 0.3000000119
117321  11.207  -80.726  -5.496 0.3000000119
135136  8.912  -82.535  -11.401 0.3000000119
134087  7.718  -81.046  -5.627 0.3000000119
133239  7.283  -83.606  -4.748 0.3000000119
133680  11.688  -80.945  -4.496 0.3000000119
141045  10.442  -81.297  -3.243 0.3000000119
135174  10.584  -82.461  -3.671 0.3000000119
134525  9.173  -82.885  -3.030 0.3000000119
133257  6.982  -83.633  -4.135 0.3000000119
2240  12.842  -75.410  -16.077 0.3000000119
2247  12.110  -75.553  -16.510 0.3000000119
132486  10.881  -76.486  -16.523 0.3000000119
1627  8.900  -76.930  -16.403 0.4000000060
1617  7.913  -77.419  -15.550 0.4000000060
138194  7.665  -77.751  -13.877 0.3000000119
125809  7.424  -77.925  -12.032 0.3000000119
2228  12.562  -75.149  -14.977 0.3000000119
2242  10.362  -75.703  -15.319 0.4000000060
1935  8.853  -76.346  -15.750 0.4000000060
2243  9.160  -75.418  -14.696 0.4000000060
1589  8.031  -76.934  -13.826 0.3000000119
2549  8.856  -74.453  -13.615 0.4000000060
2231  8.749  -75.020  -14.233 0.4000000060
2216  8.117  -75.446  -12.825 0.3000000119
138489  8.396  -74.322  -13.042 0.3000000119
1929  14.379  -75.631  -15.099 0.3000000119
1930  13.840  -75.761  -15.561 0.3000000119
1624  11.622  -76.269  -16.294 0.4000000060
1357  10.044  -77.197  -16.020 0.4000000060
1358  9.025  -77.433  -16.218 0.3000000119
1349  8.002  -77.778  -15.113 0.3000000119
1098  7.951  -78.601  -14.104 0.3000000119
2558  14.558  -74.957  -15.298 0.3000000119
143139  14.125  -74.976  -15.132 0.3000000119
127454  13.720  -74.571  -14.280 0.3000000119
2544  12.908  -74.779  -13.982 0.3000000119
2229  11.210  -75.365  -15.144 0.3000000119
2230  10.301  -74.860  -14.757 0.4000000060
2860  13.104  -73.720  -13.700 0.3000000119
2845  12.590  -73.274  -12.879 0.3000000119
2861  12.268  -73.782  -13.633 0.3000000119
2546  10.990  -74.536  -14.349 0.4000000060
2548  9.152  -74.555  -14.410 0.4000000060
124772  11.776  -73.404  -12.928 0.3000000119
2846  10.859  -73.459  -13.164 0.4000000060
2533  10.068  -73.901  -13.393 0.4000000060
130796  11.727  -71.034  -12.786 0.3000000119
129873  11.341  -72.047  -12.753 0.4000000060
2847  9.941  -73.107  -13.271 0.4000000060
143323  9.465  -73.661  -13.342 0.4000000060
4052  12.300  -70.452  -12.836 0.3000000119
129525  10.386  -71.764  -12.828 0.4000000060
130896  10.909  -71.220  -12.816 0.3000000119
1870  15.703  -76.325  -10.491 0.3000000119
1885  14.812  -76.473  -11.418 0.3000000119
1564  13.767  -76.954  -11.299 0.3000000119
125377  13.607  -76.850  -11.979 0.3000000119
1906  15.161  -75.571  -13.931 0.3000000119
1907  14.957  -75.914  -13.056 0.3000000119
1585  13.594  -76.537  -13.432 0.3000000119
1587  12.299  -77.001  -13.038 0.3000000119
2555  16.385  -74.464  -15.396 0.3000000119
2238  15.956  -74.890  -14.992 0.3000000119
1920  14.016  -76.140  -14.544 0.3000000119
1600  13.291  -76.462  -14.329 0.3000000119
125102  11.784  -77.022  -14.506 0.3000000119
1602  11.095  -77.281  -14.180 0.3000000119
1337  9.389  -77.923  -14.513 0.3000000119
144047  8.905  -78.173  -14.039 0.3000000119
125390  8.343  -78.797  -12.900 0.3000000119
128016  8.566  -78.774  -11.872 0.3000000119
2557  15.101  -74.755  -15.373 0.3000000119
3566  13.133  -71.837  -12.710 0.3000000119
125196  11.350  -72.906  -12.824 0.3000000119
130282  13.421  -71.055  -12.859 0.3000000119
131806  12.299  -71.921  -12.725 0.3000000119
4508  13.343  -69.680  -12.965 0.3000000119
4509  12.448  -69.689  -12.949 0.3000000119
130984  11.672  -70.072  -12.861 0.3000000119
1869  16.399  -76.199  -9.942 0.3000000119
1884  15.432  -76.057  -11.331 0.3000000119
1897  14.888  -76.172  -12.047 0.3000000119
1898  14.271  -76.624  -11.844 0.3000000119
2214  15.615  -75.297  -13.191 0.3000000119
128429  14.443  -76.309  -12.550 0.3000000119
809  8.379  -79.263  -11.566 0.3000000119
133655  16.709  -76.501  -9.205 0.3000000119
2190  16.840  -75.423  -10.217 0.3000000119
2197  16.567  -75.054  -11.114 0.3000000119
2207  15.961  -75.355  -11.576 0.3000000119
1896  15.476  -75.679  -12.234 0.3000000119
2542  16.522  -74.571  -14.541 0.3000000119
1868  17.247  -75.860  -9.343 0.3000000119
2196  17.253  -74.830  -10.810 0.3000000119
2525  16.718  -74.300  -12.359 0.3000000119
2213  16.264  -74.840  -12.804 0.3000000119
118677  7.735  -79.706  -12.987 0.3000000119
1073  7.478  -78.766  -12.387 0.3000000119
138131  7.596  -78.362  -13.723 0.3000000119
1603  8.270  -76.888  -14.668 0.3000000119
1909  8.370  -75.850  -13.837 0.4000000060
3198  9.769  -72.310  -12.982 0.4000000060
5600  13.386  -68.391  -13.242 0.3000000119
135669  13.396  -75.554  -15.943 0.3000000119
1933  11.334  -75.520  -16.325 0.3000000119
1932  12.621  -75.912  -16.231 0.3000000119
142509  9.705  -76.398  -16.634 0.4000000060
1628  8.533  -76.997  -16.101 0.4000000060
1922  8.781  -76.134  -14.690 0.4000000060
2532  10.686  -74.032  -13.667 0.4000000060
136524  14.656  -75.098  -15.229 0.3000000119
1921  13.584  -76.105  -15.274 0.3000000119
1616  11.199  -76.995  -15.433 0.3000000119
1615  12.180  -76.540  -15.451 0.3000000119
1336  10.286  -77.512  -14.917 0.4000000060
1096  8.370  -78.226  -14.671 0.3000000119
139168  14.885  -74.657  -15.357 0.3000000119
2543  14.879  -74.088  -14.505 0.3000000119
2859  14.060  -73.740  -13.779 0.3000000119
2862  11.427  -73.973  -13.542 0.4000000060
3567  12.644  -71.114  -12.775 0.3000000119
1575  13.086  -76.886  -12.584 0.3000000119
1586  12.982  -76.808  -13.463 0.3000000119
125144  11.690  -77.140  -13.548 0.3000000119
4051  13.753  -70.335  -12.930 0.3000000119
3642  3.972  -71.329  -23.833 0.4000000060
633  9.850  -81.270  -8.035 0.3000000119
696  9.132  -80.771  -8.982 0.3000000119
700  8.269  -79.845  -12.498 0.3000000119
793  10.747  -79.176  -5.480 0.3000000119
810  7.720  -79.429  -12.685 0.5000000000
817  7.919  -79.294  -12.732 0.3000000119
818  8.034  -79.610  -13.199 0.3000000119
837  1.332  -79.762  -18.991 0.6000000238
841  1.540  -79.041  -20.064 0.5000000000
844  1.688  -78.371  -21.233 0.5000000000
1074  7.169  -78.973  -11.840 0.3000000119
1078  8.952  -78.241  -12.988 0.3000000119
1086  8.306  -78.669  -13.736 0.4000000060
1087  7.862  -78.798  -13.453 0.3000000119
1097  8.171  -78.615  -14.268 0.3000000119
1105  8.014  -78.419  -14.533 0.3000000119
1118  3.023  -78.710  -16.167 0.6000000238
1119  2.546  -79.246  -16.730 0.6000000238
1123  2.921  -78.608  -17.842 0.6000000238
1125  3.459  -77.905  -19.071 0.5000000000
1127  3.864  -77.430  -20.481 0.5000000000
1323  7.550  -78.507  -13.018 0.3000000119
1338  7.789  -78.089  -14.501 0.3000000119
1347  9.392  -77.715  -15.662 0.4000000060
1348  8.709  -77.892  -15.427 0.3000000119
1359  8.382  -77.291  -15.904 0.4000000060
1366  3.156  -77.707  -16.837 0.6000000238
1369  3.760  -77.462  -18.670 0.6000000238
1541  6.450  -76.851  -9.704 0.4000000060
1542  4.730  -76.911  -8.786 0.4000000060
1574  13.887  -76.613  -12.603 0.3000000119
1601  12.499  -76.821  -14.187 0.3000000119
1604  7.731  -77.644  -14.761 0.3000000119
1614  12.976  -76.278  -15.333 0.3000000119
1625  10.183  -76.750  -16.533 0.3000000119
1626  9.455  -77.062  -16.399 0.4000000060
1632  10.295  -76.390  -16.614 0.3000000119
1633  9.475  -76.621  -16.634 0.4000000060
1856  5.768  -76.340  -9.686 0.4000000060
1872  6.752  -76.210  -10.220 0.4000000060
1883  16.161  -75.726  -10.787 0.3000000119
1886  7.532  -76.177  -11.180 0.4000000060
1888  3.272  -75.961  -11.535 0.4000000060
1908  14.270  -76.244  -13.363 0.3000000119
1910  8.129  -76.224  -13.050 0.3000000119
1923  3.204  -76.151  -13.768 0.5000000000
1931  13.298  -75.766  -15.946 0.3000000119
1934  9.624  -76.067  -15.880 0.4000000060
1936  3.604  -75.825  -15.609 0.6999999881
1938  12.851  -75.578  -16.341 0.3000000119
1939  11.163  -76.008  -16.529 0.3000000119
1940  10.296  -75.974  -16.243 0.4000000060
1941  9.020  -76.594  -16.600 0.4000000060
2191  6.070  -75.606  -10.588 0.4000000060
2193  4.857  -75.012  -10.229 0.4000000060
2199  6.888  -75.662  -10.907 0.4000000060
2202  3.746  -75.473  -11.247 0.4000000060
2206  16.405  -74.848  -11.912 0.3000000119
2209  3.519  -74.684  -11.285 0.4000000060
2215  8.504  -74.959  -13.305 0.4000000060
2223  16.115  -74.934  -13.934 0.3000000119
2224  15.542  -75.217  -14.434 0.3000000119
2225  14.960  -75.394  -14.789 0.3000000119
2226  14.061  -75.335  -15.436 0.3000000119
2227  13.439  -75.158  -15.271 0.3000000119
2239  15.345  -74.970  -15.210 0.3000000119
2241  12.119  -75.376  -16.098 0.3000000119
2244  3.408  -74.911  -15.026 0.6999999881
2510  4.966  -74.378  -10.312 0.4000000060
2519  6.536  -74.095  -10.982 0.4000000060
2521  3.998  -74.308  -10.881 0.4000000060
2528  3.748  -74.015  -11.697 0.4000000060
2534  9.350  -74.128  -13.631 0.4000000060
2535  8.747  -73.722  -13.299 0.4000000060
2536  3.624  -74.297  -13.394 0.5000000000
2545  12.021  -74.700  -13.982 0.3000000119
2547  9.966  -74.313  -14.195 0.4000000060
2551  3.512  -74.633  -14.232 0.6000000238
2556  15.807  -74.540  -15.397 0.3000000119
2559  9.600  -74.850  -14.809 0.4000000060
2564  3.732  -74.517  -15.773 0.6999999881
2578  5.100  -74.056  -19.652 0.5000000000
2818  5.026  -73.889  -10.605 0.4000000060
2824  6.871  -73.479  -11.404 0.4000000060
2835  7.236  -72.930  -11.797 0.4000000060
2839  4.179  -73.423  -12.055 0.4000000060
2844  13.392  -73.157  -12.959 0.3000000119
2848  9.102  -72.867  -13.285 0.4000000060
2868  15.394  -74.486  -15.350 0.3000000119
2875  4.158  -73.679  -15.507 0.6000000238
2882  4.702  -74.429  -17.133 0.6000000238
2885  5.892  -73.948  -18.101 0.6000000238
2887  6.236  -73.545  -19.322 0.5000000000
2888  5.729  -73.543  -19.827 0.5000000000
2892  5.690  -73.029  -20.464 0.5000000000
3183  7.469  -72.547  -12.356 0.4000000060
3184  6.852  -72.561  -12.088 0.4000000060
3187  4.646  -73.016  -12.385 0.4000000060
3196  12.887  -72.672  -12.594 0.3000000119
3197  12.066  -72.798  -12.642 0.3000000119
3202  6.884  -72.002  -12.742 0.4000000060
3205  4.485  -72.635  -12.937 0.4000000060
3217  4.317  -72.296  -14.809 0.6000000238
3235  6.539  -73.327  -19.195 0.5000000000
3236  6.339  -73.407  -18.560 0.6000000238
3248  2.785  -72.863  -22.779 0.5000000000
3251  2.046  -72.494  -23.364 0.5000000000
3569  8.754  -71.418  -13.085 0.4000000060
3571  7.071  -71.251  -12.950 0.5000000000
3573  5.270  -71.076  -12.631 0.6000000238
3607  5.656  -72.692  -18.220 0.6999999881
3614  5.652  -72.359  -18.852 0.6999999881
3618  10.241  -72.181  -19.814 0.8000000119
3619  9.282  -72.101  -19.885 0.6000000238
3629  11.948  -71.286  -20.799 0.6000000238
3631  10.145  -72.206  -21.382 0.6999999881
3632  9.508  -72.114  -21.268 0.6000000238
3637  4.021  -71.498  -21.543 0.6000000238
3640  3.229  -72.046  -23.607 0.4000000060
3643  2.812  -71.574  -24.141 0.5000000000
3646  2.559  -71.027  -24.652 0.5000000000
4053  10.951  -70.424  -12.840 0.3000000119
4089  5.734  -70.123  -14.195 0.6999999881
4090  5.097  -70.713  -14.805 0.6000000238
4110  5.612  -70.335  -16.441 0.6000000238
4121  9.759  -70.636  -17.876 0.6000000238
4123  7.392  -70.644  -18.420 0.8000000119
4124  6.741  -70.702  -18.333 0.8000000119
4131  10.600  -71.098  -18.677 0.6000000238
4134  6.778  -70.657  -18.784 0.6999999881
4137  12.392  -71.122  -19.614 0.5000000000
4138  11.800  -71.529  -19.334 0.6000000238
4139  10.916  -71.774  -19.182 0.6000000238
4145  4.830  -70.516  -19.614 0.6000000238
4147  12.356  -71.022  -20.278 0.6999999881
4148  8.360  -71.416  -20.159 0.6999999881
4155  9.770  -70.961  -22.099 0.6999999881
4158  11.975  -70.604  -22.073 0.6000000238
4159  11.387  -70.875  -22.329 0.6000000238
4167  3.404  -70.627  -24.927 0.5000000000
4507  14.100  -69.680  -13.071 0.3000000119
4510  11.721  -69.414  -12.994 0.3000000119
4513  8.831  -70.034  -13.165 0.6000000238
4515  7.152  -70.023  -13.365 0.5000000000
4533  6.969  -69.726  -13.964 0.6999999881
4548  9.941  -69.090  -14.609 0.4000000060
4549  9.114  -69.278  -14.309 0.4000000060
4569  7.332  -69.384  -15.415 0.6999999881
4570  6.599  -69.676  -15.766 0.6000000238
4589  10.705  -69.559  -16.800 0.4000000060
4590  9.309  -69.533  -16.841 0.6999999881
4591  8.368  -69.413  -16.857 0.6999999881
4593  6.629  -69.714  -16.738 0.6000000238
4634  11.618  -70.470  -18.366 0.5000000000
4653  7.433  -70.276  -19.283 0.6000000238
4654  5.910  -70.392  -19.031 0.6000000238
4656  4.112  -69.503  -19.282 0.4000000060
4666  12.439  -69.966  -20.095 0.5000000000
4670  12.271  -70.478  -21.364 0.6000000238
4676  11.775  -70.321  -22.674 0.6000000238
4682  11.626  -69.806  -23.097 0.6000000238
5060  13.727  -69.027  -13.116 0.3000000119
5061  12.959  -68.986  -13.095 0.3000000119
5063  11.427  -69.006  -13.245 0.4000000060
5064  10.795  -69.109  -13.336 0.4000000060
5080  11.897  -68.525  -13.612 0.4000000060
5082  10.379  -69.063  -13.875 0.4000000060
5100  10.633  -68.921  -14.763 0.4000000060
5111  11.633  -68.634  -16.266 0.4000000060
5112  11.179  -68.783  -15.903 0.4000000060
5121  11.274  -69.209  -16.737 0.4000000060
5130  11.835  -69.800  -17.267 0.4000000060
5141  5.106  -68.728  -18.437 0.6000000238
5142  4.671  -68.576  -18.658 0.6000000238
5149  12.439  -69.242  -19.453 0.5000000000
5150  8.344  -68.807  -19.791 0.6000000238
5179  11.881  -68.924  -23.264 0.6000000238
5181  10.801  -68.902  -23.510 0.6999999881
5185  11.511  -68.687  -24.240 0.6000000238
5186  11.078  -68.678  -24.052 0.6999999881
5624  12.827  -67.636  -14.591 0.4000000060
5625  12.169  -68.012  -14.962 0.4000000060
5656  5.093  -67.529  -16.775 0.6000000238
5675  5.527  -67.872  -17.525 0.6999999881
5676  4.791  -67.763  -17.335 0.6000000238
5691  7.917  -67.621  -18.978 0.6000000238
5692  6.865  -68.025  -18.370 0.6999999881
5709  8.423  -67.951  -19.570 0.6000000238
5730  8.933  -68.592  -20.956 0.6000000238
5734  9.362  -68.396  -22.073 0.6999999881
5737  11.982  -68.071  -23.049 0.5000000000
5738  10.163  -68.533  -23.352 0.6999999881
5744  9.770  -67.932  -24.281 0.6999999881
5748  10.257  -68.143  -24.919 0.6999999881
5752  11.063  -67.984  -25.785 0.6000000238
6198  13.491  -67.389  -14.251 0.4000000060
6203  14.713  -66.916  -14.440 0.3000000119
6216  13.306  -66.843  -15.821 0.4000000060
6217  6.114  -66.518  -15.912 0.6000000238
6227  13.110  -66.970  -16.690 0.4000000060
6228  7.246  -66.765  -16.674 0.6999999881
6230  5.587  -67.036  -16.288 0.5000000000
6231  4.949  -67.042  -16.452 0.5000000000
6244  6.776  -67.255  -17.226 0.6999999881
6257  8.322  -66.958  -18.682 0.6999999881
6259  7.086  -67.464  -18.011 0.6999999881
6268  12.945  -66.420  -18.740 0.4000000060
6269  12.683  -67.103  -18.985 0.4000000060
6270  8.897  -66.691  -19.859 0.6000000238
6280  12.579  -67.376  -19.825 0.4000000060
6291  9.490  -66.934  -22.231 0.6999999881
6308  12.815  -67.149  -26.316 0.4000000060
6314  10.949  -66.996  -26.875 0.6999999881
6847  15.491  -65.679  -15.299 0.3000000119
6848  14.720  -65.831  -15.321 0.3000000119
6849  13.927  -66.163  -15.718 0.4000000060
6850  9.225  -65.931  -15.728 0.6000000238
6853  6.641  -66.010  -15.643 0.5000000000
6855  5.462  -66.072  -16.136 0.5000000000
6880  9.438  -66.113  -17.811 0.6999999881
6914  9.808  -65.846  -18.991 0.6999999881
6944  12.549  -65.724  -20.678 0.3000000119
6946  9.367  -66.277  -20.917 0.6999999881
6959  9.444  -66.722  -23.604 0.6999999881
6961  12.568  -66.347  -24.132 0.6000000238
6965  12.923  -66.254  -25.530 0.4000000060
6967  9.475  -66.836  -24.999 0.6999999881
6972  13.109  -66.680  -26.269 0.4000000060
6982  11.548  -66.076  -27.499 0.6000000238
7498  10.980  -64.501  -14.921 0.5000000000
7499  10.334  -65.056  -14.893 0.6000000238
7506  16.627  -65.302  -15.965 0.3000000119
7512  9.738  -65.531  -15.330 0.6000000238
7513  9.145  -65.723  -15.209 0.6000000238
7514  7.127  -65.494  -15.453 0.5000000000
7529  11.112  -65.099  -16.337 0.6000000238
7531  9.855  -65.738  -15.965 0.6000000238
7548  13.925  -65.065  -17.182 0.3000000119
7561  11.129  -64.975  -17.964 0.6999999881
7562  10.546  -65.423  -18.101 0.6999999881
7571  13.215  -65.234  -19.664 0.3000000119
7588  10.464  -65.191  -20.060 0.6999999881
7589  9.734  -65.807  -20.345 0.6000000238
7621  12.203  -65.434  -22.117 0.3000000119
7622  9.783  -65.169  -22.549 0.6999999881
7629  12.055  -65.656  -22.747 0.4000000060
7648  14.925  -65.434  -26.896 0.4000000060
7651  11.166  -65.567  -27.198 0.6000000238
8193  8.408  -64.835  -15.226 0.5000000000
8207  11.705  -64.512  -15.808 0.6000000238
8250  11.721  -64.498  -16.774 0.6000000238
8277  11.327  -64.337  -19.351 0.8000000119
8321  10.936  -64.067  -21.801 0.6000000238
8322  10.376  -64.534  -22.185 0.6000000238
8351  12.241  -64.867  -23.756 0.4000000060
8357  12.988  -64.768  -25.174 0.5000000000
8360  13.988  -64.702  -26.359 0.4000000060
8362  10.195  -64.679  -25.699 0.6000000238
8366  10.372  -64.623  -26.121 0.6000000238
8372  11.529  -64.826  -27.128 0.5000000000
9009  8.998  -63.567  -14.978 0.5000000000
9020  12.068  -63.803  -15.539 0.6000000238
9021  11.593  -63.105  -15.329 0.6000000238
9022  6.663  -63.194  -15.879 0.6000000238
9036  12.367  -63.349  -16.343 0.6000000238
9071  14.542  -63.112  -18.041 0.3000000119
9073  12.054  -63.149  -18.756 0.6999999881
9074  11.733  -63.779  -19.045 0.6999999881
9075  5.978  -62.637  -18.863 0.5000000000
9076  5.642  -63.347  -18.459 0.5000000000
9096  13.951  -63.767  -18.665 0.3000000119
9120  11.790  -63.362  -20.116 0.8000000119
9121  11.409  -63.753  -20.526 0.8000000119
9176  11.119  -62.685  -23.593 0.6000000238
9177  10.597  -63.370  -24.075 0.6000000238
9811  10.706  -62.285  -14.413 0.5000000000
9824  10.244  -62.847  -14.783 0.5000000000
9826  8.261  -62.231  -14.826 0.6000000238
9827  7.582  -63.002  -15.069 0.6000000238
9840  12.125  -62.725  -15.731 0.6000000238
9842  6.813  -62.232  -15.868 0.6000000238
9877  6.319  -62.045  -17.700 0.6000000238
9899  14.050  -63.011  -18.689 0.3000000119
9900  12.305  -62.445  -18.507 0.6000000238
9946  5.304  -62.398  -20.818 0.5000000000
9971  12.064  -62.557  -21.097 0.6999999881
10005  11.548  -62.276  -22.944 0.8000000119
10031  10.192  -62.785  -25.447 0.6000000238
10053  10.152  -62.948  -26.436 0.6000000238
10550  11.731  -61.576  -14.264 0.5000000000
10565  12.833  -61.290  -15.329 0.4000000060
10568  8.724  -61.301  -14.806 0.6000000238
10586  12.516  -61.914  -15.952 0.5000000000
10588  7.255  -61.061  -16.354 0.6000000238
10603  13.012  -60.918  -16.647 0.6000000238
10605  7.046  -60.560  -16.958 0.6000000238
10624  12.878  -61.217  -17.253 0.6000000238
10627  6.213  -61.069  -17.786 0.5000000000
10648  4.497  -61.120  -18.939 0.5000000000
10665  12.215  -61.969  -19.621 0.5000000000
10707  4.624  -61.934  -21.732 0.5000000000
10718  11.765  -61.303  -21.884 0.6999999881
10745  11.214  -61.383  -24.149 0.6000000238
11306  8.580  -60.475  -13.213 0.5000000000
11307  7.346  -60.553  -13.531 0.6000000238
11317  12.055  -60.958  -14.205 0.5000000000
11320  9.862  -61.027  -14.068 0.6000000238
11322  7.999  -60.773  -14.468 0.6000000238
11325  4.552  -60.598  -14.455 0.6000000238
11326  3.719  -60.554  -14.518 0.5000000000
11341  5.077  -60.601  -15.185 0.6000000238
11343  3.264  -60.830  -14.807 0.5000000000
11354  6.827  -60.278  -16.638 0.6000000238
11370  7.028  -60.260  -17.081 0.6000000238
11372  5.688  -60.204  -17.337 0.5000000000
11373  4.709  -60.393  -17.308 0.6000000238
11386  12.741  -61.258  -17.992 0.5000000000
11387  6.198  -60.196  -17.778 0.5000000000
11407  4.009  -60.653  -18.503 0.5000000000
11471  11.902  -60.772  -21.226 0.5000000000
11479  11.362  -59.876  -22.157 0.6000000238
12074  7.259  -59.458  -12.559 0.6000000238
12080  10.605  -59.773  -13.236 0.6000000238
12081  9.493  -59.099  -12.670 0.5000000000
12082  8.586  -59.887  -12.742 0.5000000000
12087  4.468  -59.375  -13.698 0.6000000238
12135  12.957  -59.490  -17.152 0.4000000060
12788  8.367  -58.856  -12.002 0.5000000000
12790  6.840  -58.985  -11.944 0.6000000238
12812  11.802  -58.947  -13.534 0.5000000000
12915  10.729  -58.992  -22.714 0.6000000238
13440  9.274  -57.139  -11.557 0.4000000060
13443  6.927  -57.710  -11.029 0.4000000060
13444  6.262  -57.590  -11.169 0.4000000060
13456  8.534  -58.197  -11.553 0.4000000060
13457  7.265  -58.475  -11.389 0.4000000060
13460  4.919  -57.661  -12.084 0.4000000060
13470  10.665  -58.359  -13.034 0.4000000060
13512  12.503  -58.449  -15.762 0.5000000000
14118  8.037  -56.859  -11.020 0.4000000060
14121  5.902  -56.989  -11.350 0.4000000060
14155  11.693  -57.653  -13.626 0.4000000060
14838  8.192  -56.142  -11.156 0.4000000060
14840  6.821  -56.363  -11.115 0.4000000060
14848  9.429  -56.352  -11.471 0.4000000060
14849  6.393  -55.759  -11.524 0.3000000119
14850  5.657  -56.186  -11.694 0.3000000119
14863  10.523  -56.291  -12.161 0.4000000060
15629  7.062  -55.857  -11.274 0.4000000060
15683  5.525  -54.263  -15.341 0.3000000119
15699  4.414  -54.313  -15.641 0.3000000119
15717  4.675  -54.684  -16.516 0.3000000119
15718  3.971  -54.797  -16.821 0.3000000119
15735  3.735  -55.032  -17.355 0.3000000119
15736  3.098  -54.835  -17.452 0.3000000119
16462  11.894  -54.036  -12.518 0.4000000060
16464  10.405  -54.270  -12.195 0.4000000060
16503  6.073  -53.879  -14.593 0.3000000119
16514  5.945  -54.217  -15.892 0.3000000119
16527  6.485  -53.899  -16.120 0.3000000119
16528  6.319  -54.030  -16.746 0.3000000119
16529  5.082  -54.689  -17.046 0.3000000119
17444  10.718  -53.575  -12.356 0.4000000060
17463  11.856  -53.261  -12.591 0.4000000060
17464  8.171  -52.945  -12.327 0.4000000060
17481  6.884  -53.063  -13.335 0.3000000119
17494  6.433  -53.450  -14.846 0.3000000119
17520  6.737  -53.370  -16.704 0.4000000060
17521  6.513  -53.515  -17.577 0.3000000119
17560  5.390  -53.794  -18.801 0.3000000119
17584  4.439  -53.542  -19.738 0.3000000119
17585  3.822  -53.700  -20.203 0.4000000060
17626  2.711  -53.133  -21.765 0.4000000060
17627  2.033  -53.573  -21.970 0.4000000060
17648  1.426  -53.349  -22.777 0.3000000119
18474  10.392  -52.813  -12.290 0.4000000060
18501  9.314  -52.266  -12.805 0.4000000060
18534  7.292  -52.378  -14.669 0.3000000119
18545  6.873  -52.744  -16.005 0.4000000060
18575  6.409  -53.174  -18.121 0.3000000119
18576  5.949  -52.796  -18.203 0.3000000119
18591  4.989  -52.943  -19.143 0.3000000119
18623  3.453  -52.854  -20.856 0.4000000060
18643  2.907  -52.308  -21.262 0.3000000119
18644  2.580  -52.663  -21.995 0.3000000119
19474  9.581  -51.354  -13.841 0.4000000060
19475  9.148  -51.820  -13.548 0.4000000060
19489  8.589  -51.430  -14.719 0.3000000119
19504  7.832  -50.912  -15.768 0.3000000119
19505  7.142  -51.943  -16.204 0.4000000060
19518  6.609  -52.180  -17.135 0.3000000119
19572  3.650  -51.612  -19.272 0.4000000060
19606  2.366  -52.005  -21.836 0.3000000119
19607  1.738  -51.877  -22.074 0.3000000119
20478  9.515  -50.763  -14.178 0.3000000119
20488  8.956  -50.792  -14.747 0.3000000119
20507  5.434  -50.299  -17.092 0.3000000119
20521  5.925  -51.660  -17.269 0.3000000119
20523  4.890  -50.483  -17.928 0.3000000119
21415  11.729  -49.672  -13.134 0.3000000119
21427  10.301  -49.738  -13.579 0.3000000119
21436  7.695  -49.610  -15.084 0.3000000119
21437  6.989  -49.206  -15.449 0.3000000119
21462  6.785  -50.329  -16.350 0.3000000119
21464  4.971  -49.452  -16.986 0.3000000119
21503  5.829  -48.692  -22.157 0.3000000119
21504  5.217  -49.311  -20.873 0.3000000119
21540  4.744  -48.717  -22.480 0.3000000119
22389  5.082  -48.790  -16.912 0.3000000119
22405  4.804  -48.785  -17.569 0.3000000119
22406  5.013  -48.727  -18.689 0.3000000119
22421  6.271  -48.719  -20.195 0.3000000119
22441  6.602  -48.294  -21.072 0.3000000119
22463  3.591  -48.465  -22.120 0.3000000119
23286  6.645  -48.498  -15.770 0.3000000119
23287  6.036  -48.561  -16.080 0.3000000119
23303  6.401  -48.120  -16.407 0.3000000119
23327  6.206  -48.175  -20.047 0.3000000119
23346  6.038  -47.601  -20.583 0.3000000119
23372  5.509  -48.378  -22.584 0.3000000119
23373  5.459  -48.091  -22.661 0.3000000119
23386  4.636  -48.308  -22.578 0.3000000119
24262  6.867  -47.600  -16.881 0.3000000119
24274  7.355  -47.183  -17.403 0.3000000119
24275  6.546  -47.369  -17.710 0.3000000119
24276  5.841  -47.425  -18.368 0.3000000119
24289  5.532  -47.170  -19.379 0.3000000119
24302  4.367  -46.704  -19.881 0.3000000119
25243  7.808  -46.710  -17.880 0.3000000119
115267  5.954  -83.360  -10.690 0.3000000119
117102  7.018  -84.260  -3.651 0.3000000119
117164  4.654  -77.341  -8.106 0.4000000060
117209  8.522  -82.727  -8.736 0.3000000119
117583  10.463  -81.330  -6.811 0.3000000119
117761  4.776  -76.824  -19.980 0.5000000000
117906  6.775  -79.259  -10.856 0.5000000000
117929  7.549  -79.955  -12.892 0.3000000119
118630  4.455  -76.556  -21.672 0.5000000000
118708  7.075  -79.989  -11.967 0.5000000000
118763  5.342  -83.894  -12.638 0.3000000119
118855  7.400  -80.304  -13.223 0.5000000000
118859  9.814  -82.267  -10.927 0.3000000119
119191  2.635  -78.078  -20.769 0.5000000000
120516  10.951  -60.950  -25.392 0.6000000238
120556  7.576  -77.813  -12.902 0.3000000119
120562  8.804  -66.468  -18.273 0.6999999881
120693  4.633  -47.222  -20.292 0.3000000119
121057  10.152  -63.956  -24.517 0.6000000238
121248  14.391  -74.485  -14.818 0.3000000119
121285  3.402  -76.178  -14.532 0.5000000000
121389  3.452  -76.517  -14.958 0.6999999881
121640  2.810  -60.746  -17.089 0.5000000000
121839  11.597  -64.379  -17.701 0.6000000238
122597  3.010  -76.431  -10.996 0.4000000060
124038  4.139  -52.486  -19.255 0.5000000000
124656  10.077  -69.684  -16.925 0.5000000000
124693  9.074  -70.530  -17.849 0.6000000238
124832  3.164  -77.203  -8.339 0.4000000060
124865  3.738  -60.707  -17.169 0.5000000000
125116  13.036  -63.106  -20.517 0.3000000119
125345  3.969  -68.147  -25.122 0.5000000000
125460  8.548  -50.095  -14.925 0.3000000119
125474  4.665  -76.377  -19.458 0.5000000000
125795  6.823  -64.700  -15.734 0.5000000000
126095  5.194  -72.479  -16.434 0.6999999881
126728  4.507  -61.538  -20.007 0.5000000000
126779  14.682  -75.892  -14.216 0.3000000119
127085  12.381  -66.579  -22.647 0.4000000060
127105  12.900  -49.429  -13.009 0.3000000119
127250  10.596  -72.595  -12.966 0.4000000060
127268  7.921  -69.244  -15.137 0.6999999881
127620  3.924  -76.626  -9.428 0.4000000060
128197  4.327  -61.588  -21.261 0.5000000000
128372  5.956  -47.622  -17.726 0.3000000119
128507  3.265  -52.330  -20.543 0.4000000060
128638  12.488  -62.959  -17.184 0.6000000238
128642  10.979  -76.917  -16.078 0.4000000060
128780  9.411  -64.150  -14.981 0.5000000000
129160  6.835  -70.102  -17.638 0.8000000119
129283  12.682  -68.258  -18.093 0.4000000060
129513  11.769  -59.585  -13.761 0.6000000238
129536  12.991  -70.380  -12.864 0.3000000119
129616  4.169  -58.623  -13.214 0.5000000000
130573  12.602  -62.022  -17.998 0.6999999881
130610  11.814  -75.196  -14.734 0.3000000119
130985  15.922  -75.146  -12.287 0.3000000119
130991  10.347  -69.992  -12.972 0.4000000060
131899  6.761  -74.926  -11.323 0.4000000060
132027  6.714  -77.408  -10.329 0.4000000060
132156  4.095  -70.679  -23.843 0.5000000000
132211  9.796  -66.079  -25.973 0.6000000238
132526  4.121  -73.973  -16.413 0.6999999881
132686  7.200  -69.429  -16.168 0.6999999881
132994  10.188  -63.912  -25.870 0.6000000238
133161  10.098  -82.612  -5.251 0.3000000119
133172  4.467  -77.860  -8.162 0.5000000000
133184  6.454  -83.056  -8.463 0.3000000119
133214  5.176  -77.338  -8.349 0.4000000060
133282  6.293  -83.081  -9.249 0.3000000119
133283  5.873  -82.558  -4.296 0.3000000119
133287  2.635  -78.178  -7.073 0.5000000000
133362  6.930  -83.076  -3.626 0.3000000119
133444  7.679  -82.830  -3.366 0.3000000119
134082  10.726  -81.726  -3.029 0.3000000119
134114  2.618  -77.194  -22.206 0.5000000000
134472  8.984  -83.136  -3.893 0.3000000119
134487  8.849  -82.655  -2.985 0.3000000119
134817  3.330  -79.045  -7.889 0.5000000000
134984  7.436  -81.822  -4.558 0.3000000119
135175  7.290  -83.148  -3.771 0.3000000119
135433  12.476  -70.668  -19.974 0.5000000000
135457  11.640  -52.563  -12.510 0.4000000060
135490  4.423  -70.049  -19.879 0.6000000238
135511  14.654  -64.437  -15.976 0.3000000119
136353  10.538  -62.288  -25.022 0.6000000238
136466  13.071  -60.075  -15.831 0.5000000000
136794  4.012  -76.124  -10.050 0.4000000060
136891  8.440  -76.833  -15.579 0.4000000060
136906  12.224  -67.256  -22.579 0.5000000000
136937  6.568  -63.957  -15.913 0.6000000238
137272  8.599  -72.447  -12.973 0.5000000000
137497  2.615  -54.530  -17.483 0.4000000060
137549  3.882  -70.304  -25.087 0.5000000000
137558  5.124  -79.526  -9.217 0.4000000060
137953  4.725  -68.191  -18.326 0.6999999881
138053  3.166  -53.892  -20.476 0.4000000060
138290  11.890  -70.095  -17.857 0.4000000060
138899  11.559  -60.284  -13.961 0.6000000238
139422  10.560  -65.262  -19.302 0.6999999881
139503  1.679  -52.949  -22.907 0.3000000119
139558  11.917  -62.225  -22.308 0.8000000119
139697  9.568  -75.864  -15.158 0.4000000060
140544  16.898  -65.891  -15.912 0.3000000119
140547  10.960  -77.133  -13.290 0.3000000119
140599  5.952  -68.011  -17.991 0.6999999881
140791  13.223  -68.090  -13.485 0.4000000060
140819  3.284  -77.115  -13.515 0.4000000060
140831  12.527  -75.494  -16.401 0.3000000119
141321  9.927  -50.564  -13.941 0.3000000119
141392  10.470  -80.269  -5.977 0.3000000119
141415  12.981  -67.222  -15.581 0.4000000060
142049  11.185  -64.684  -19.041 0.6999999881
142389  11.856  -61.935  -14.715 0.6000000238
143100  7.826  -77.668  -15.025 0.3000000119
143107  10.323  -66.063  -26.753 0.6000000238
143388  7.438  -83.349  -4.183 0.3000000119
143426  11.792  -68.427  -25.103 0.6000000238
143738  9.514  -65.624  -22.471 0.6999999881
144037  7.961  -58.583  -11.446 0.6000000238
