#!ascii label  , from subject sub-v2s1x29894_ses-1 vox2ras=TkReg
311
15598  27.225  -54.406  -8.321 0.0000000000
9765  26.514  -62.368  -12.227 0.0000000000
12734  33.026  -58.321  -8.129 0.0000000000
12752  27.571  -58.608  -11.039 0.0000000000
8155  32.870  -64.537  -10.745 0.0000000000
10513  34.538  -61.708  -11.068 0.0000000000
8127  33.916  -64.484  -8.535 0.0000000000
11293  27.509  -60.821  -11.836 0.0000000000
13468  23.157  -57.947  -12.836 0.0000000000
14087  28.820  -56.963  -8.614 0.0000000000
138180  30.377  -58.491  -10.941 0.0000000000
140286  31.781  -61.525  -11.739 0.0000000000
8948  29.484  -63.387  -10.088 0.0000000000
129997  28.507  -66.581  -9.526 0.0000000000
15587  25.997  -55.076  -6.177 0.0000000000
13388  27.862  -57.915  -6.822 0.0000000000
12729  30.465  -58.479  -6.073 0.0000000000
119563  23.133  -56.642  -10.718 0.0000000000
126365  34.452  -62.698  -8.351 0.0000000000
140853  26.983  -61.349  -12.284 0.0000000000
12094  24.495  -60.220  -13.460 0.0000000000
14084  31.404  -57.419  -8.770 0.0000000000
120408  32.329  -58.331  -9.973 0.0000000000
9743  34.851  -62.824  -12.019 0.0000000000
10515  33.079  -61.382  -11.624 0.0000000000
9735  32.092  -62.615  -10.349 0.0000000000
9736  30.823  -62.740  -10.359 0.0000000000
8143  30.618  -64.175  -9.553 0.0000000000
7447  27.294  -65.744  -9.524 0.0000000000
12717  28.557  -58.518  -5.471 0.0000000000
13387  28.746  -58.081  -6.892 0.0000000000
124399  29.627  -58.280  -5.116 0.0000000000
132216  27.094  -57.947  -10.331 0.0000000000
13422  24.638  -58.101  -10.254 0.0000000000
14883  24.290  -56.636  -14.507 0.0000000000
15661  24.076  -55.598  -13.818 0.0000000000
144044  33.122  -59.805  -8.841 0.0000000000
12032  33.384  -59.815  -9.629 0.0000000000
10510  33.992  -61.323  -9.084 0.0000000000
8926  36.179  -62.805  -8.400 0.0000000000
7457  33.792  -64.951  -9.979 0.0000000000
132727  27.327  -59.823  -11.448 0.0000000000
12777  24.641  -59.088  -11.252 0.0000000000
12071  24.336  -59.754  -12.338 0.0000000000
12810  23.683  -58.719  -13.798 0.0000000000
9766  25.820  -62.711  -12.414 0.0000000000
14088  28.047  -56.585  -8.454 0.0000000000
13418  28.453  -57.619  -10.682 0.0000000000
12772  29.387  -58.924  -11.354 0.0000000000
12036  32.552  -59.770  -10.944 0.0000000000
12050  31.312  -59.702  -11.274 0.0000000000
11274  29.980  -59.881  -11.558 0.0000000000
10521  30.010  -61.361  -11.074 0.0000000000
9748  28.630  -61.932  -10.894 0.0000000000
9739  27.685  -62.635  -10.746 0.0000000000
7443  31.045  -65.985  -9.845 0.0000000000
7445  29.401  -65.521  -9.467 0.0000000000
8146  27.839  -64.451  -9.703 0.0000000000
8951  26.342  -63.304  -10.547 0.0000000000
17391  25.812  -53.502  -7.028 0.0000000000
15594  27.177  -54.602  -7.571 0.0000000000
14076  26.398  -56.374  -6.711 0.0000000000
14803  27.637  -55.958  -7.845 0.0000000000
14081  28.695  -56.970  -8.057 0.0000000000
13397  29.993  -57.788  -7.595 0.0000000000
13384  31.450  -58.358  -7.371 0.0000000000
12728  31.177  -59.023  -6.336 0.0000000000
12021  32.686  -58.897  -7.791 0.0000000000
14129  22.979  -57.012  -12.027 0.0000000000
15601  26.393  -54.504  -8.546 0.0000000000
15602  25.150  -54.887  -8.565 0.0000000000
10537  26.500  -61.689  -12.467 0.0000000000
11302  25.759  -61.124  -13.171 0.0000000000
13401  32.174  -57.817  -8.597 0.0000000000
14090  31.651  -57.564  -9.161 0.0000000000
13404  32.542  -58.004  -9.107 0.0000000000
8154  33.785  -64.167  -11.319 0.0000000000
8944  33.348  -63.298  -11.324 0.0000000000
8945  32.183  -63.535  -10.166 0.0000000000
8156  31.674  -64.646  -10.117 0.0000000000
6144  26.187  -67.140  -9.843 0.0000000000
12753  26.842  -58.462  -10.792 0.0000000000
13421  25.454  -58.116  -10.190 0.0000000000
12754  25.886  -58.587  -10.675 0.0000000000
15678  25.087  -55.634  -14.820 0.0000000000
11250  33.691  -60.263  -8.872 0.0000000000
9718  33.917  -61.959  -8.878 0.0000000000
8928  34.735  -63.524  -8.238 0.0000000000
9717  35.765  -62.694  -8.042 0.0000000000
8126  34.838  -63.946  -8.501 0.0000000000
8141  35.354  -63.575  -9.972 0.0000000000
7429  34.027  -64.875  -8.957 0.0000000000
12068  26.947  -60.513  -11.721 0.0000000000
132971  26.160  -60.252  -11.645 0.0000000000
12069  25.457  -60.282  -11.824 0.0000000000
12095  24.000  -59.520  -13.576 0.0000000000
12823  23.999  -58.575  -14.495 0.0000000000
13494  24.460  -58.075  -14.824 0.0000000000
14813  27.706  -55.878  -8.718 0.0000000000
13435  29.732  -58.342  -10.965 0.0000000000
11258  33.794  -61.139  -10.228 0.0000000000
12035  33.324  -60.009  -10.725 0.0000000000
11261  33.387  -60.514  -11.211 0.0000000000
10519  32.418  -61.052  -12.103 0.0000000000
11272  32.507  -60.609  -12.094 0.0000000000
10520  31.883  -61.067  -11.905 0.0000000000
130640  30.850  -59.960  -11.370 0.0000000000
129898  30.786  -60.685  -11.294 0.0000000000
141067  29.986  -60.628  -11.294 0.0000000000
124052  31.085  -61.598  -11.438 0.0000000000
8947  30.251  -63.409  -9.931 0.0000000000
9737  29.725  -62.832  -10.580 0.0000000000
131106  29.049  -63.136  -10.413 0.0000000000
142617  28.288  -62.452  -10.736 0.0000000000
8949  28.326  -63.042  -10.414 0.0000000000
4995  27.556  -69.092  -8.909 0.0000000000
6142  28.540  -67.390  -9.692 0.0000000000
5541  29.021  -67.917  -9.477 0.0000000000
6141  29.169  -67.306  -9.584 0.0000000000
6775  29.976  -66.278  -9.585 0.0000000000
7444  30.335  -65.768  -9.666 0.0000000000
7448  26.516  -65.564  -9.719 0.0000000000
132946  27.839  -65.267  -9.509 0.0000000000
8147  27.007  -64.759  -9.737 0.0000000000
8159  27.267  -63.881  -9.992 0.0000000000
8160  26.348  -63.880  -9.994 0.0000000000
17381  25.814  -53.612  -6.447 0.0000000000
16414  26.303  -53.789  -6.925 0.0000000000
16413  26.772  -54.018  -7.625 0.0000000000
15595  26.567  -54.403  -6.864 0.0000000000
13389  26.972  -57.737  -6.592 0.0000000000
137824  26.361  -57.185  -6.533 0.0000000000
14798  27.010  -56.674  -7.096 0.0000000000
14799  27.242  -55.506  -7.372 0.0000000000
14075  27.596  -57.097  -7.348 0.0000000000
14082  28.061  -56.550  -8.005 0.0000000000
14074  28.299  -57.418  -7.486 0.0000000000
13386  29.726  -58.180  -6.870 0.0000000000
13396  30.872  -57.913  -7.763 0.0000000000
13385  30.724  -58.441  -6.997 0.0000000000
12015  31.146  -59.850  -6.537 0.0000000000
12014  31.632  -59.308  -6.732 0.0000000000
12013  32.306  -58.856  -7.258 0.0000000000
12787  23.412  -58.586  -12.517 0.0000000000
13453  23.164  -57.842  -12.066 0.0000000000
143601  22.998  -57.348  -12.580 0.0000000000
15648  23.713  -55.286  -13.197 0.0000000000
10536  27.446  -61.132  -11.911 0.0000000000
126936  26.120  -60.873  -12.002 0.0000000000
14086  29.655  -57.017  -8.841 0.0000000000
14085  30.631  -57.104  -8.900 0.0000000000
12751  31.693  -58.583  -10.675 0.0000000000
9732  35.174  -62.248  -11.647 0.0000000000
10514  33.388  -61.430  -11.279 0.0000000000
143517  34.637  -62.617  -12.187 0.0000000000
9734  33.175  -62.087  -11.127 0.0000000000
9744  32.271  -61.704  -11.477 0.0000000000
9745  31.320  -62.110  -11.217 0.0000000000
8946  31.250  -63.456  -9.916 0.0000000000
136194  27.959  -66.009  -9.463 0.0000000000
6143  27.114  -67.239  -9.729 0.0000000000
6778  26.242  -66.382  -9.710 0.0000000000
13375  28.396  -58.383  -6.308 0.0000000000
13374  29.445  -58.325  -5.982 0.0000000000
13409  24.355  -57.672  -9.839 0.0000000000
14103  23.461  -57.245  -10.521 0.0000000000
14150  23.431  -57.185  -13.884 0.0000000000
14868  23.297  -56.660  -13.471 0.0000000000
15679  24.462  -55.983  -14.419 0.0000000000
15660  24.645  -55.208  -14.262 0.0000000000
12740  33.143  -58.575  -8.325 0.0000000000
12742  33.105  -58.941  -9.023 0.0000000000
123345  33.087  -59.579  -9.085 0.0000000000
139950  33.923  -61.225  -9.397 0.0000000000
10509  34.448  -61.456  -9.725 0.0000000000
9729  35.121  -61.781  -8.692 0.0000000000
9731  35.940  -62.270  -10.284 0.0000000000
8943  35.784  -62.854  -10.223 0.0000000000
8153  34.355  -64.169  -10.825 0.0000000000
12774  27.103  -59.138  -11.204 0.0000000000
12775  26.265  -59.108  -11.099 0.0000000000
12056  25.773  -59.735  -11.401 0.0000000000
12785  24.397  -59.515  -11.805 0.0000000000
13467  23.415  -58.513  -13.136 0.0000000000
12079  24.143  -59.698  -12.870 0.0000000000
12795  23.744  -59.076  -13.018 0.0000000000
13483  23.336  -57.937  -13.565 0.0000000000
14165  24.348  -57.279  -14.749 0.0000000000
14882  24.897  -56.552  -14.966 0.0000000000
124781  26.238  -62.247  -12.898 0.0000000000
14808  27.521  -55.071  -8.618 0.0000000000
14809  27.007  -54.946  -8.952 0.0000000000
13419  27.664  -58.008  -10.757 0.0000000000
12773  28.730  -58.866  -11.255 0.0000000000
12769  31.750  -59.448  -11.034 0.0000000000
10518  32.838  -60.720  -11.935 0.0000000000
12049  32.322  -60.139  -11.719 0.0000000000
12770  30.935  -58.991  -11.266 0.0000000000
12771  30.113  -59.023  -11.451 0.0000000000
12052  29.725  -59.436  -11.760 0.0000000000
12053  29.000  -59.490  -11.580 0.0000000000
12066  28.511  -59.953  -11.634 0.0000000000
11275  29.247  -60.660  -11.373 0.0000000000
11292  28.242  -60.489  -11.665 0.0000000000
9746  30.370  -62.256  -11.079 0.0000000000
10522  29.146  -61.486  -11.068 0.0000000000
10523  28.406  -61.197  -11.333 0.0000000000
129179  27.835  -61.894  -11.159 0.0000000000
9740  26.962  -62.857  -10.709 0.0000000000
7458  33.000  -65.438  -10.231 0.0000000000
5003  28.446  -68.451  -10.051 0.0000000000
7460  31.661  -65.718  -10.165 0.0000000000
129487  30.866  -65.183  -9.751 0.0000000000
8144  30.008  -64.788  -9.429 0.0000000000
8145  29.133  -64.496  -9.497 0.0000000000
7446  28.574  -65.808  -9.443 0.0000000000
123689  28.513  -64.947  -9.473 0.0000000000
130676  28.454  -64.247  -9.703 0.0000000000
8158  28.040  -63.750  -10.080 0.0000000000
122297  26.878  -63.417  -10.278 0.0000000000
8957  26.440  -62.951  -11.076 0.0000000000
8958  25.860  -63.194  -11.037 0.0000000000
17402  24.096  -53.346  -7.307 0.0000000000
131082  24.843  -53.036  -6.898 0.0000000000
17401  25.171  -53.385  -7.335 0.0000000000
16420  26.023  -53.723  -7.620 0.0000000000
16424  26.581  -54.002  -8.132 0.0000000000
13377  26.133  -57.920  -5.963 0.0000000000
14800  26.585  -55.322  -6.783 0.0000000000
14804  27.653  -54.971  -8.088 0.0000000000
14807  27.804  -55.633  -8.360 0.0000000000
13398  29.120  -57.654  -7.535 0.0000000000
14080  29.474  -57.207  -8.133 0.0000000000
14079  30.303  -57.350  -8.296 0.0000000000
13395  31.728  -58.025  -7.868 0.0000000000
13394  32.581  -58.138  -7.986 0.0000000000
12727  31.573  -58.912  -7.050 0.0000000000
12726  32.283  -58.430  -7.420 0.0000000000
12735  32.844  -58.432  -7.755 0.0000000000
12756  24.281  -58.506  -10.857 0.0000000000
13424  23.479  -57.745  -10.954 0.0000000000
128310  22.968  -56.530  -11.453 0.0000000000
14858  23.503  -56.019  -13.314 0.0000000000
15649  23.100  -55.731  -12.544 0.0000000000
6773  31.530  -66.328  -9.773 0.0000000000
6776  27.729  -66.682  -9.557 0.0000000000
6777  26.929  -66.296  -9.573 0.0000000000
8125  35.610  -63.492  -8.751 0.0000000000
8142  34.688  -64.233  -9.438 0.0000000000
8152  35.045  -63.248  -11.192 0.0000000000
8157  28.859  -63.691  -9.961 0.0000000000
8166  34.460  -63.460  -11.717 0.0000000000
8927  35.659  -63.233  -8.091 0.0000000000
8938  36.247  -62.577  -9.283 0.0000000000
8939  36.071  -63.057  -9.198 0.0000000000
8940  29.711  -63.963  -9.634 0.0000000000
8950  27.499  -63.185  -10.300 0.0000000000
8956  34.370  -63.123  -12.087 0.0000000000
9728  36.182  -62.187  -8.873 0.0000000000
9733  34.176  -62.043  -11.948 0.0000000000
9738  28.925  -62.625  -10.684 0.0000000000
9742  35.396  -62.615  -11.262 0.0000000000
9747  29.482  -62.190  -10.935 0.0000000000
9749  27.303  -62.389  -11.204 0.0000000000
9750  26.787  -62.562  -11.477 0.0000000000
9751  26.202  -62.891  -11.719 0.0000000000
9789  25.821  -62.535  -13.090 0.0000000000
10508  35.586  -61.759  -10.123 0.0000000000
10524  27.086  -61.874  -11.903 0.0000000000
11259  33.844  -60.392  -9.157 0.0000000000
11271  32.921  -60.285  -11.803 0.0000000000
11273  31.668  -60.355  -11.414 0.0000000000
11291  29.136  -59.870  -11.615 0.0000000000
11294  26.972  -61.163  -12.337 0.0000000000
11295  25.351  -60.664  -12.467 0.0000000000
11296  24.622  -60.177  -12.687 0.0000000000
12031  33.666  -60.287  -10.165 0.0000000000
12051  30.433  -59.396  -11.695 0.0000000000
12054  28.050  -59.347  -11.331 0.0000000000
12055  26.594  -59.747  -11.396 0.0000000000
12057  24.977  -59.723  -11.534 0.0000000000
12067  27.839  -60.241  -11.751 0.0000000000
12070  24.790  -60.042  -12.097 0.0000000000
12739  33.096  -58.349  -8.540 0.0000000000
12755  25.025  -58.604  -10.701 0.0000000000
12776  25.395  -59.152  -11.095 0.0000000000
12778  24.036  -58.907  -11.499 0.0000000000
12786  23.916  -59.194  -12.258 0.0000000000
13414  31.698  -57.998  -9.909 0.0000000000
13415  30.967  -58.227  -10.554 0.0000000000
13420  26.344  -58.041  -10.230 0.0000000000
13423  23.936  -57.859  -10.446 0.0000000000
13436  28.979  -58.188  -11.021 0.0000000000
13437  28.231  -58.355  -11.053 0.0000000000
13438  23.740  -58.263  -11.161 0.0000000000
13439  23.356  -57.949  -11.449 0.0000000000
13452  23.538  -58.511  -11.818 0.0000000000
13484  23.115  -57.279  -13.204 0.0000000000
13495  23.727  -57.856  -14.360 0.0000000000
14078  31.140  -57.557  -8.404 0.0000000000
14166  23.843  -57.052  -14.387 0.0000000000
14845  22.951  -56.344  -12.100 0.0000000000
14859  23.021  -56.624  -12.767 0.0000000000
14867  23.808  -56.393  -14.014 0.0000000000
123030  31.018  -57.259  -9.136 0.0000000000
125468  23.161  -57.301  -11.298 0.0000000000
129990  29.323  -66.499  -9.536 0.0000000000
135452  28.853  -68.403  -9.280 0.0000000000
137124  31.822  -57.795  -8.362 0.0000000000
139285  34.153  -62.613  -12.126 0.0000000000
140284  32.852  -58.146  -8.357 0.0000000000
