#!ascii label  , from subject sub-v2s1x29905_ses-1 vox2ras=TkReg
1144
84902  9.659  -3.548  52.176 0.0000000000
68026  6.141  -17.329  36.802 0.0000000000
74534  6.460  -11.867  54.687 0.0000000000
80454  6.374  -6.355  47.137 0.0000000000
83914  6.219  -4.290  37.801 0.0000000000
173247  8.064  -7.464  53.794 0.0000000000
161543  4.942  -5.908  51.846 0.0000000000
83761  12.192  -3.821  49.939 0.0000000000
78192  11.329  -8.615  50.814 0.0000000000
73323  10.058  -12.713  52.248 0.0000000000
83805  3.998  -3.759  45.992 0.0000000000
80555  5.158  -6.762  41.825 0.0000000000
172921  6.043  -3.264  41.237 0.0000000000
72167  4.324  -13.436  49.347 0.0000000000
73368  7.341  -12.049  46.008 0.0000000000
78194  7.238  -8.665  50.864 0.0000000000
82645  3.381  -4.984  49.160 0.0000000000
74635  9.344  -11.112  41.502 0.0000000000
77143  9.052  -9.652  36.573 0.0000000000
169581  4.618  -8.055  34.404 0.0000000000
86230  4.119  -2.317  34.279 0.0000000000
81551  8.437  -5.898  51.489 0.0000000000
82620  7.300  -4.566  50.706 0.0000000000
84915  10.778  -3.488  51.332 0.0000000000
81566  10.760  -6.298  49.242 0.0000000000
81559  9.588  -5.725  50.655 0.0000000000
79342  9.838  -8.053  52.386 0.0000000000
84994  5.317  -3.757  44.216 0.0000000000
73324  5.735  -13.051  51.771 0.0000000000
74546  6.781  -11.345  49.966 0.0000000000
75740  6.824  -10.214  52.647 0.0000000000
84904  5.676  -1.961  51.455 0.0000000000
82632  4.029  -5.628  50.630 0.0000000000
73316  8.397  -12.979  54.606 0.0000000000
71006  7.885  -14.672  51.364 0.0000000000
70994  5.521  -14.286  53.210 0.0000000000
69929  3.861  -14.485  50.752 0.0000000000
160270  8.644  -9.034  47.127 0.0000000000
74611  8.471  -11.611  43.886 0.0000000000
78247  9.559  -8.397  44.716 0.0000000000
81694  6.162  -5.827  39.962 0.0000000000
79465  9.191  -7.039  39.805 0.0000000000
80654  9.093  -6.469  37.408 0.0000000000
77155  7.027  -9.266  35.650 0.0000000000
82810  7.633  -4.798  35.428 0.0000000000
76966  7.046  -9.854  56.007 0.0000000000
78177  4.362  -8.805  54.859 0.0000000000
80400  5.835  -6.681  54.150 0.0000000000
84893  5.990  -2.837  52.074 0.0000000000
83783  13.503  -4.095  48.283 0.0000000000
81591  13.343  -5.834  46.268 0.0000000000
81578  11.597  -6.014  47.897 0.0000000000
79360  11.866  -8.364  48.941 0.0000000000
75745  11.274  -10.538  51.584 0.0000000000
76975  9.677  -9.862  53.810 0.0000000000
80471  2.481  -7.144  46.144 0.0000000000
80525  6.253  -6.676  44.108 0.0000000000
81624  2.550  -6.527  43.652 0.0000000000
82744  2.532  -5.588  41.479 0.0000000000
83893  3.089  -3.967  40.074 0.0000000000
84863  10.842  -2.466  53.870 0.0000000000
177801  16.472  -3.597  47.858 0.0000000000
84921  17.323  -3.241  50.102 0.0000000000
84911  13.932  -3.260  50.867 0.0000000000
84886  12.306  -2.759  52.367 0.0000000000
69976  3.228  -14.462  46.555 0.0000000000
71085  3.993  -14.462  44.296 0.0000000000
73357  5.961  -12.698  47.320 0.0000000000
181408  7.444  -10.274  48.935 0.0000000000
79363  6.867  -7.267  49.268 0.0000000000
165995  4.453  -7.311  52.102 0.0000000000
80424  3.849  -6.925  50.111 0.0000000000
80447  2.767  -6.882  47.908 0.0000000000
83785  3.242  -4.096  47.609 0.0000000000
71110  5.047  -14.215  42.560 0.0000000000
71142  7.151  -14.044  40.837 0.0000000000
71180  8.802  -14.246  38.820 0.0000000000
79431  9.935  -7.819  42.136 0.0000000000
172200  10.420  -10.834  38.791 0.0000000000
71206  7.942  -14.225  36.477 0.0000000000
166225  5.746  -12.423  36.262 0.0000000000
74728  3.470  -11.359  35.022 0.0000000000
86176  5.272  -1.972  39.686 0.0000000000
186434  3.263  -2.669  38.179 0.0000000000
157363  3.552  -0.940  36.966 0.0000000000
85061  5.576  -3.425  35.695 0.0000000000
81775  4.851  -5.265  34.024 0.0000000000
83750  8.761  -4.150  50.873 0.0000000000
83734  8.017  -3.514  51.809 0.0000000000
155671  8.870  -3.133  53.458 0.0000000000
83737  9.993  -3.742  51.455 0.0000000000
82627  10.009  -4.434  50.271 0.0000000000
83749  9.465  -4.167  50.774 0.0000000000
81550  9.221  -6.242  51.295 0.0000000000
177782  3.999  -17.800  36.384 0.0000000000
68035  4.979  -16.747  36.326 0.0000000000
73321  6.266  -12.503  52.902 0.0000000000
74540  6.322  -11.543  52.255 0.0000000000
74533  6.634  -11.005  53.616 0.0000000000
83813  14.445  -4.604  45.899 0.0000000000
73314  6.799  -12.309  55.013 0.0000000000
70990  6.740  -14.174  53.975 0.0000000000
72143  5.876  -13.267  53.447 0.0000000000
72147  5.263  -13.677  52.448 0.0000000000
183117  7.585  -6.733  47.158 0.0000000000
79385  9.098  -8.092  45.917 0.0000000000
80465  8.432  -6.813  45.996 0.0000000000
82773  5.433  -4.953  38.965 0.0000000000
81716  7.663  -5.899  39.254 0.0000000000
81732  7.923  -5.163  37.782 0.0000000000
81749  8.348  -5.603  36.536 0.0000000000
82798  7.567  -4.546  36.409 0.0000000000
78175  7.983  -8.514  54.877 0.0000000000
79330  6.504  -7.347  54.926 0.0000000000
80399  6.813  -6.830  53.956 0.0000000000
83736  6.431  -3.488  51.439 0.0000000000
185481  5.278  -2.105  53.526 0.0000000000
83773  13.206  -3.928  49.068 0.0000000000
83784  12.664  -4.397  48.501 0.0000000000
82643  11.922  -4.699  48.736 0.0000000000
80421  10.934  -7.171  49.626 0.0000000000
80431  11.282  -7.038  49.003 0.0000000000
79349  11.835  -8.771  49.565 0.0000000000
76985  11.545  -9.561  51.365 0.0000000000
79338  9.138  -8.044  52.932 0.0000000000
78184  9.864  -8.745  52.828 0.0000000000
76976  8.752  -8.659  54.129 0.0000000000
75735  8.316  -10.276  55.220 0.0000000000
82665  2.887  -5.394  45.721 0.0000000000
81615  2.602  -6.733  44.799 0.0000000000
82675  3.163  -5.451  45.022 0.0000000000
84999  6.091  -3.253  42.979 0.0000000000
82707  4.124  -4.832  42.988 0.0000000000
83871  3.773  -4.464  41.685 0.0000000000
82755  2.560  -5.269  40.521 0.0000000000
83892  3.479  -3.864  40.625 0.0000000000
84924  14.926  -3.489  50.069 0.0000000000
71046  3.410  -14.021  47.617 0.0000000000
171101  4.025  -13.917  46.572 0.0000000000
72175  4.692  -13.228  47.995 0.0000000000
75750  7.179  -10.451  50.170 0.0000000000
75754  7.134  -10.724  49.343 0.0000000000
156800  7.712  -9.281  49.575 0.0000000000
78205  7.930  -8.487  48.799 0.0000000000
155320  7.324  -7.776  49.631 0.0000000000
80408  4.165  -6.959  53.653 0.0000000000
78186  4.360  -8.072  53.454 0.0000000000
79345  4.122  -6.913  52.701 0.0000000000
82638  3.454  -5.539  49.947 0.0000000000
81569  3.529  -6.160  50.473 0.0000000000
81570  2.997  -6.245  49.791 0.0000000000
80435  4.038  -6.995  49.195 0.0000000000
178579  2.576  -6.185  48.810 0.0000000000
82653  2.481  -6.116  48.157 0.0000000000
82652  3.373  -4.491  48.396 0.0000000000
80464  13.159  -7.331  46.262 0.0000000000
80476  13.928  -6.820  45.231 0.0000000000
72150  10.158  -12.735  50.441 0.0000000000
72165  9.690  -13.225  49.197 0.0000000000
71014  9.175  -13.796  50.451 0.0000000000
69926  6.588  -15.329  51.439 0.0000000000
69937  7.571  -15.234  50.130 0.0000000000
72161  3.731  -13.926  49.673 0.0000000000
71032  3.059  -13.988  48.695 0.0000000000
72213  5.728  -13.025  45.814 0.0000000000
72240  4.857  -13.832  43.789 0.0000000000
72238  6.139  -13.083  44.224 0.0000000000
74624  8.891  -11.442  42.714 0.0000000000
73434  7.519  -12.895  41.917 0.0000000000
72298  8.160  -12.966  40.828 0.0000000000
176411  7.523  -14.858  39.719 0.0000000000
73456  8.802  -12.533  40.468 0.0000000000
157601  5.297  -6.905  43.233 0.0000000000
80523  7.738  -6.585  43.652 0.0000000000
80554  7.755  -6.712  41.969 0.0000000000
78329  10.341  -8.323  38.203 0.0000000000
78317  10.474  -8.742  39.464 0.0000000000
75893  10.240  -10.388  37.254 0.0000000000
163640  10.078  -12.489  37.626 0.0000000000
73518  8.851  -11.855  36.470 0.0000000000
72380  6.586  -13.051  36.321 0.0000000000
74707  7.413  -10.950  36.290 0.0000000000
78374  5.937  -8.592  35.011 0.0000000000
165557  4.593  -10.441  35.348 0.0000000000
77160  4.205  -9.369  34.566 0.0000000000
88613  5.982  -0.797  38.796 0.0000000000
185451  4.031  -1.672  39.396 0.0000000000
88615  3.861  -0.818  38.659 0.0000000000
87412  4.109  -1.306  34.630 0.0000000000
172188  3.850  -1.717  35.488 0.0000000000
86212  3.601  -2.173  36.660 0.0000000000
86221  4.188  -2.086  35.157 0.0000000000
83965  5.577  -3.861  34.782 0.0000000000
83966  4.299  -3.629  34.223 0.0000000000
80404  8.150  -6.864  52.772 0.0000000000
81546  7.472  -6.569  52.368 0.0000000000
81552  7.500  -5.668  51.791 0.0000000000
83762  11.454  -3.971  50.076 0.0000000000
82644  11.205  -4.957  48.957 0.0000000000
83763  10.724  -4.183  50.181 0.0000000000
81567  10.228  -5.816  49.695 0.0000000000
80413  10.398  -7.131  50.699 0.0000000000
78193  11.047  -8.497  51.426 0.0000000000
80409  10.114  -7.441  51.332 0.0000000000
80411  8.710  -6.712  51.906 0.0000000000
86098  5.156  -2.424  45.723 0.0000000000
84989  4.968  -3.459  44.919 0.0000000000
86103  5.890  -2.292  44.954 0.0000000000
86113  6.735  -1.945  44.171 0.0000000000
171779  7.363  -1.977  42.671 0.0000000000
72159  4.986  -13.394  50.695 0.0000000000
73335  5.780  -12.762  50.065 0.0000000000
73327  6.358  -12.172  50.497 0.0000000000
75743  6.788  -10.803  51.630 0.0000000000
78190  7.269  -9.188  51.464 0.0000000000
83743  5.677  -4.026  50.650 0.0000000000
82624  4.490  -5.769  51.186 0.0000000000
185025  5.395  -3.904  50.249 0.0000000000
175204  4.874  -4.225  49.875 0.0000000000
83764  4.549  -3.624  49.342 0.0000000000
86068  3.873  -2.466  48.788 0.0000000000
73320  9.090  -13.217  53.722 0.0000000000
72145  9.026  -13.891  52.296 0.0000000000
70997  8.208  -14.297  52.798 0.0000000000
69908  6.719  -14.860  52.755 0.0000000000
69918  5.308  -14.823  52.390 0.0000000000
69928  4.316  -14.826  51.076 0.0000000000
69919  4.740  -14.474  52.249 0.0000000000
72153  4.437  -14.115  51.319 0.0000000000
169192  8.150  -10.465  46.876 0.0000000000
74589  7.966  -11.703  45.442 0.0000000000
75787  8.568  -10.293  45.472 0.0000000000
75798  8.881  -10.119  44.714 0.0000000000
77054  9.843  -9.267  43.460 0.0000000000
80575  5.289  -6.493  41.082 0.0000000000
80573  7.639  -6.647  40.647 0.0000000000
80614  8.022  -6.453  39.682 0.0000000000
80633  9.080  -6.560  38.266 0.0000000000
79511  9.287  -7.985  36.796 0.0000000000
77144  8.367  -9.408  36.273 0.0000000000
79512  8.758  -7.379  36.452 0.0000000000
80677  7.652  -7.010  35.595 0.0000000000
79536  6.016  -7.140  34.714 0.0000000000
174257  4.563  -1.954  33.803 0.0000000000
85094  4.052  -3.258  33.540 0.0000000000
86249  5.369  -2.970  33.012 0.0000000000
75736  6.439  -10.748  55.491 0.0000000000
76973  5.887  -10.055  55.230 0.0000000000
76968  5.487  -9.359  55.683 0.0000000000
80397  4.478  -7.187  54.610 0.0000000000
81549  4.614  -6.505  52.793 0.0000000000
81553  6.469  -5.434  51.953 0.0000000000
81554  5.528  -5.685  51.895 0.0000000000
82622  5.616  -4.884  51.195 0.0000000000
84903  5.665  -2.864  51.397 0.0000000000
185586  14.010  -4.049  47.835 0.0000000000
83804  14.232  -4.388  46.591 0.0000000000
83795  13.509  -4.385  47.524 0.0000000000
81579  11.270  -6.227  48.606 0.0000000000
80441  11.631  -6.895  48.317 0.0000000000
185173  12.477  -8.513  47.752 0.0000000000
74545  11.072  -11.448  50.387 0.0000000000
73322  10.461  -11.973  51.733 0.0000000000
78183  10.689  -9.157  52.361 0.0000000000
186419  10.576  -10.261  52.768 0.0000000000
74536  9.975  -11.808  53.526 0.0000000000
74531  9.343  -11.591  54.472 0.0000000000
74529  8.097  -11.751  55.371 0.0000000000
80469  4.335  -7.203  46.737 0.0000000000
158010  5.765  -6.521  45.827 0.0000000000
164581  3.825  -7.416  45.086 0.0000000000
80504  3.578  -7.330  44.363 0.0000000000
80542  3.356  -6.920  42.720 0.0000000000
83843  3.938  -5.011  43.867 0.0000000000
81637  2.322  -6.312  42.389 0.0000000000
184229  3.275  -6.608  41.628 0.0000000000
81671  3.480  -6.109  40.715 0.0000000000
185400  3.496  -5.412  39.495 0.0000000000
82781  4.499  -4.620  38.575 0.0000000000
84888  10.087  -3.207  52.785 0.0000000000
83792  15.940  -3.718  47.222 0.0000000000
163659  18.496  -2.963  49.130 0.0000000000
186867  18.286  -2.748  50.892 0.0000000000
84934  17.491  -3.297  49.360 0.0000000000
84935  16.764  -3.475  49.253 0.0000000000
171655  16.275  -3.629  48.622 0.0000000000
83781  15.002  -3.753  48.196 0.0000000000
83759  13.679  -3.619  49.624 0.0000000000
84926  13.396  -3.425  50.303 0.0000000000
84912  13.111  -3.177  51.000 0.0000000000
84913  12.312  -3.169  51.098 0.0000000000
84914  11.546  -3.282  51.209 0.0000000000
84887  11.006  -2.984  52.654 0.0000000000
72201  5.066  -13.308  45.954 0.0000000000
73370  6.252  -12.667  46.471 0.0000000000
73341  6.441  -12.070  48.654 0.0000000000
74557  6.990  -11.542  48.247 0.0000000000
74556  7.435  -10.949  47.853 0.0000000000
77008  8.071  -9.767  47.819 0.0000000000
79368  7.987  -8.008  48.352 0.0000000000
80443  6.564  -6.630  47.936 0.0000000000
78180  5.616  -9.038  53.674 0.0000000000
78185  5.981  -8.713  52.657 0.0000000000
79343  5.538  -7.819  51.464 0.0000000000
80412  4.146  -6.620  51.721 0.0000000000
79347  4.877  -7.423  51.183 0.0000000000
185353  5.813  -7.623  50.777 0.0000000000
80422  5.932  -7.088  49.581 0.0000000000
80445  4.905  -6.821  48.375 0.0000000000
156761  4.562  -6.966  47.569 0.0000000000
80457  2.566  -7.038  46.981 0.0000000000
82666  2.662  -5.572  46.434 0.0000000000
84970  3.921  -3.222  46.638 0.0000000000
86080  3.957  -2.536  47.903 0.0000000000
86086  4.187  -2.585  47.037 0.0000000000
86092  4.530  -2.738  46.223 0.0000000000
71031  8.811  -14.309  48.362 0.0000000000
167460  8.533  -14.221  50.890 0.0000000000
167468  6.717  -12.989  43.098 0.0000000000
71123  5.917  -14.113  41.634 0.0000000000
68024  7.644  -16.568  37.474 0.0000000000
80500  7.810  -6.359  44.925 0.0000000000
79421  9.622  -7.627  43.430 0.0000000000
77068  10.274  -9.080  42.314 0.0000000000
79452  9.648  -7.463  40.925 0.0000000000
77093  10.350  -9.194  40.745 0.0000000000
75861  9.841  -10.809  40.338 0.0000000000
72333  9.605  -12.932  38.932 0.0000000000
70139  8.817  -14.711  37.474 0.0000000000
70145  7.187  -15.313  36.475 0.0000000000
70146  6.269  -15.092  36.354 0.0000000000
75902  6.217  -10.464  35.908 0.0000000000
73530  4.001  -11.632  35.598 0.0000000000
86133  7.783  -1.686  41.379 0.0000000000
87340  7.343  -1.435  39.824 0.0000000000
85015  5.512  -2.949  40.633 0.0000000000
85024  4.715  -2.557  40.135 0.0000000000
85035  3.182  -3.119  39.176 0.0000000000
83930  3.509  -3.822  37.717 0.0000000000
183541  3.393  -1.737  37.868 0.0000000000
85054  4.049  -3.260  36.970 0.0000000000
83928  5.538  -4.020  37.163 0.0000000000
83955  6.979  -4.085  35.476 0.0000000000
81773  6.234  -5.687  34.627 0.0000000000
80694  4.567  -6.253  33.948 0.0000000000
80710  4.052  -6.374  33.424 0.0000000000
83738  9.194  -3.829  51.437 0.0000000000
83733  8.837  -3.559  52.089 0.0000000000
84889  9.264  -3.319  52.843 0.0000000000
82629  8.761  -4.477  50.500 0.0000000000
66798  5.611  -18.086  37.037 0.0000000000
66799  4.669  -17.919  36.641 0.0000000000
159880  4.474  -17.315  36.320 0.0000000000
68034  5.678  -16.851  36.494 0.0000000000
168894  6.492  -11.908  53.537 0.0000000000
83803  14.935  -4.099  46.432 0.0000000000
83812  15.133  -4.135  45.742 0.0000000000
73318  6.534  -12.723  54.481 0.0000000000
72140  6.341  -13.583  54.228 0.0000000000
163223  6.273  -12.873  53.842 0.0000000000
174817  7.046  -6.516  47.303 0.0000000000
80453  8.139  -6.919  46.727 0.0000000000
80466  7.207  -6.241  46.548 0.0000000000
82780  5.573  -4.556  38.351 0.0000000000
82772  6.358  -4.782  38.529 0.0000000000
180472  7.059  -4.709  37.935 0.0000000000
82779  7.387  -4.699  37.201 0.0000000000
186137  6.852  -4.458  37.453 0.0000000000
79334  8.069  -7.880  54.254 0.0000000000
79335  7.331  -7.209  54.278 0.0000000000
83774  12.449  -4.134  49.252 0.0000000000
79351  10.928  -7.740  50.267 0.0000000000
79350  11.451  -8.466  50.092 0.0000000000
78197  11.751  -9.027  50.281 0.0000000000
167794  11.620  -9.253  50.905 0.0000000000
79339  8.485  -7.403  53.221 0.0000000000
78179  9.165  -8.544  53.393 0.0000000000
79333  8.611  -7.994  53.603 0.0000000000
83815  3.608  -4.671  45.499 0.0000000000
85006  6.192  -3.335  42.051 0.0000000000
83870  4.815  -4.180  41.967 0.0000000000
83880  5.497  -3.787  41.582 0.0000000000
83881  4.478  -3.941  41.232 0.0000000000
184770  5.283  -3.488  41.055 0.0000000000
72176  3.851  -13.565  48.236 0.0000000000
175546  4.316  -13.343  48.649 0.0000000000
169537  7.486  -9.244  50.825 0.0000000000
75749  7.493  -9.638  50.382 0.0000000000
76988  7.663  -8.858  50.142 0.0000000000
79352  7.331  -8.149  50.223 0.0000000000
81555  4.392  -6.437  52.159 0.0000000000
82639  2.901  -5.882  49.301 0.0000000000
81575  2.698  -6.352  49.191 0.0000000000
171279  2.969  -5.478  48.599 0.0000000000
73326  10.035  -12.656  51.311 0.0000000000
72151  9.645  -13.284  50.883 0.0000000000
72144  9.599  -13.307  51.801 0.0000000000
69927  5.907  -15.522  51.111 0.0000000000
186392  6.262  -15.763  50.569 0.0000000000
71024  3.251  -14.143  49.418 0.0000000000
72168  3.692  -13.701  49.011 0.0000000000
73382  6.604  -12.597  45.716 0.0000000000
172608  5.937  -13.083  45.037 0.0000000000
73394  6.794  -12.724  44.851 0.0000000000
74636  9.039  -11.633  41.962 0.0000000000
178298  8.653  -12.068  41.679 0.0000000000
74654  9.028  -11.765  41.334 0.0000000000
73448  9.132  -11.953  40.778 0.0000000000
80540  5.604  -6.832  42.546 0.0000000000
80539  6.302  -6.773  42.976 0.0000000000
155987  6.496  -6.736  42.124 0.0000000000
78342  10.360  -8.920  37.423 0.0000000000
78341  10.692  -9.041  37.976 0.0000000000
77138  9.953  -9.631  37.041 0.0000000000
74694  9.978  -11.110  36.902 0.0000000000
74705  9.239  -11.114  36.593 0.0000000000
73519  7.882  -11.799  36.335 0.0000000000
75899  8.736  -10.455  36.480 0.0000000000
78378  5.310  -8.214  34.667 0.0000000000
78375  5.188  -8.990  34.804 0.0000000000
78379  4.466  -8.520  34.381 0.0000000000
88631  6.422  -0.150  38.461 0.0000000000
88632  5.351  -0.192  38.489 0.0000000000
88614  4.785  -0.871  38.901 0.0000000000
88633  4.262  -0.268  38.423 0.0000000000
87403  3.984  -1.140  35.382 0.0000000000
161994  4.031  -1.693  34.821 0.0000000000
85083  4.217  -2.831  34.444 0.0000000000
85084  4.101  -2.950  33.842 0.0000000000
81545  8.006  -6.468  52.001 0.0000000000
82619  8.187  -4.891  50.868 0.0000000000
83747  11.127  -3.690  50.702 0.0000000000
81568  9.832  -5.257  50.012 0.0000000000
81558  10.207  -6.197  50.483 0.0000000000
80414  9.911  -6.614  51.052 0.0000000000
81560  8.932  -5.354  50.843 0.0000000000
86097  5.689  -2.007  45.425 0.0000000000
87304  7.139  -1.107  43.902 0.0000000000
86124  7.109  -1.975  43.387 0.0000000000
87316  7.489  -1.289  43.070 0.0000000000
73328  5.740  -12.955  50.991 0.0000000000
183905  6.173  -12.491  51.252 0.0000000000
74537  6.705  -10.810  52.565 0.0000000000
75742  7.091  -10.178  51.826 0.0000000000
76983  7.114  -9.680  51.980 0.0000000000
84916  5.376  -2.976  50.836 0.0000000000
84928  4.953  -3.104  50.131 0.0000000000
84929  4.165  -2.686  49.809 0.0000000000
177460  3.915  -2.361  49.454 0.0000000000
72142  8.705  -13.831  53.263 0.0000000000
72138  8.076  -13.646  54.237 0.0000000000
70993  6.166  -14.479  53.569 0.0000000000
70992  7.226  -14.570  53.302 0.0000000000
69909  5.764  -14.703  52.913 0.0000000000
69917  6.207  -15.137  52.269 0.0000000000
69910  5.097  -14.384  52.731 0.0000000000
72152  5.103  -13.626  51.637 0.0000000000
75769  8.348  -9.727  47.122 0.0000000000
75779  8.435  -10.129  46.239 0.0000000000
77018  8.767  -9.276  46.480 0.0000000000
79395  9.357  -7.845  45.240 0.0000000000
78239  9.264  -8.647  45.401 0.0000000000
184547  9.352  -9.200  44.789 0.0000000000
75797  9.418  -9.635  44.048 0.0000000000
156175  9.708  -8.864  44.104 0.0000000000
80594  5.631  -6.191  40.552 0.0000000000
80593  6.572  -6.267  40.429 0.0000000000
81693  7.155  -6.081  39.912 0.0000000000
81731  8.572  -5.921  37.894 0.0000000000
81715  8.396  -6.245  38.837 0.0000000000
80653  9.606  -6.956  37.717 0.0000000000
79498  9.321  -7.065  37.031 0.0000000000
80667  8.727  -6.503  36.671 0.0000000000
81758  7.951  -5.501  35.800 0.0000000000
158971  8.127  -6.287  36.072 0.0000000000
170869  7.616  -6.237  35.562 0.0000000000
163915  6.866  -7.310  35.191 0.0000000000
80678  6.992  -6.643  35.168 0.0000000000
87428  4.607  -1.266  33.990 0.0000000000
86239  4.807  -2.440  33.416 0.0000000000
75733  6.570  -10.453  55.930 0.0000000000
75734  5.979  -9.962  55.637 0.0000000000
76967  6.241  -9.744  55.958 0.0000000000
80396  5.554  -6.873  54.566 0.0000000000
79331  5.307  -7.473  55.037 0.0000000000
80401  4.747  -6.844  54.206 0.0000000000
80407  5.103  -6.655  53.624 0.0000000000
81547  6.678  -6.504  52.472 0.0000000000
82621  6.336  -4.635  50.960 0.0000000000
169513  6.204  -4.072  50.878 0.0000000000
83742  5.963  -3.596  51.099 0.0000000000
158253  5.816  -4.353  50.773 0.0000000000
82650  12.047  -5.079  47.901 0.0000000000
82658  12.562  -5.181  47.380 0.0000000000
81584  12.164  -5.808  47.362 0.0000000000
81574  10.503  -5.292  49.125 0.0000000000
163807  10.827  -5.599  48.691 0.0000000000
80430  11.717  -7.675  48.681 0.0000000000
162706  11.987  -7.527  48.072 0.0000000000
79367  12.157  -8.305  48.233 0.0000000000
78204  12.153  -9.012  48.747 0.0000000000
76992  12.082  -9.561  48.801 0.0000000000
75744  11.546  -10.009  51.219 0.0000000000
74542  10.974  -11.311  51.248 0.0000000000
74538  10.809  -11.198  52.071 0.0000000000
79341  10.475  -8.116  51.782 0.0000000000
78188  10.952  -8.786  51.869 0.0000000000
78189  10.433  -8.555  52.267 0.0000000000
76981  10.192  -9.642  52.970 0.0000000000
75739  10.145  -10.399  53.428 0.0000000000
74535  10.427  -11.019  52.898 0.0000000000
171596  10.028  -11.069  53.766 0.0000000000
75737  9.660  -10.626  54.218 0.0000000000
76965  7.796  -9.804  55.614 0.0000000000
183489  7.948  -11.028  55.546 0.0000000000
74525  7.465  -10.505  55.849 0.0000000000
74526  7.048  -11.310  55.801 0.0000000000
80470  3.217  -7.372  46.460 0.0000000000
80482  4.247  -7.378  45.856 0.0000000000
80483  3.091  -7.382  45.656 0.0000000000
82690  2.773  -6.120  44.448 0.0000000000
80505  2.853  -6.941  44.081 0.0000000000
80527  3.411  -7.180  43.589 0.0000000000
80528  2.702  -6.776  43.223 0.0000000000
83830  4.599  -4.287  44.465 0.0000000000
83842  4.814  -4.384  43.611 0.0000000000
82730  3.190  -5.095  42.188 0.0000000000
82708  3.083  -5.544  43.112 0.0000000000
82731  2.464  -5.932  42.252 0.0000000000
80558  2.457  -6.376  42.025 0.0000000000
80577  2.796  -6.281  41.373 0.0000000000
81673  2.597  -5.617  41.022 0.0000000000
82765  2.854  -4.859  39.985 0.0000000000
81698  2.634  -5.381  40.332 0.0000000000
82764  2.987  -5.150  39.736 0.0000000000
82782  3.645  -4.953  39.071 0.0000000000
83903  3.162  -4.541  39.310 0.0000000000
84874  10.482  -2.872  53.363 0.0000000000
84864  10.006  -2.604  53.962 0.0000000000
86020  10.442  -2.178  54.374 0.0000000000
83779  16.612  -3.519  47.216 0.0000000000
83791  16.452  -3.556  46.613 0.0000000000
84908  16.943  -3.165  50.788 0.0000000000
84907  17.686  -2.961  50.819 0.0000000000
155290  18.139  -2.991  49.985 0.0000000000
183061  17.044  -3.371  49.678 0.0000000000
83770  15.475  -3.638  48.737 0.0000000000
84925  14.169  -3.458  50.176 0.0000000000
182986  13.374  -2.735  52.158 0.0000000000
84900  12.821  -2.889  51.779 0.0000000000
157452  11.969  -3.008  51.738 0.0000000000
84873  11.324  -2.660  53.390 0.0000000000
156739  10.463  -3.346  52.062 0.0000000000
70005  3.032  -15.120  45.316 0.0000000000
69989  3.265  -14.737  45.462 0.0000000000
72188  5.105  -13.115  47.267 0.0000000000
168367  4.727  -13.378  46.553 0.0000000000
72200  5.490  -13.029  46.549 0.0000000000
73334  6.407  -12.118  49.537 0.0000000000
73342  5.812  -12.622  49.123 0.0000000000
74550  6.849  -11.441  49.038 0.0000000000
74549  7.233  -10.847  48.601 0.0000000000
74569  7.196  -11.686  47.476 0.0000000000
75770  7.885  -10.377  47.491 0.0000000000
75761  7.687  -10.184  48.289 0.0000000000
79362  7.640  -7.717  48.922 0.0000000000
80432  7.176  -7.057  48.496 0.0000000000
80442  7.431  -6.895  47.779 0.0000000000
76979  5.151  -9.348  54.726 0.0000000000
76978  6.242  -9.882  54.160 0.0000000000
78181  4.574  -8.610  54.264 0.0000000000
176169  4.041  -7.470  52.924 0.0000000000
79344  5.075  -7.943  52.374 0.0000000000
78191  6.455  -8.500  51.659 0.0000000000
81556  4.242  -6.273  51.587 0.0000000000
81561  3.995  -5.893  50.864 0.0000000000
80425  3.396  -6.557  50.180 0.0000000000
80416  3.952  -6.773  50.900 0.0000000000
80415  4.356  -7.158  50.707 0.0000000000
79354  5.431  -7.309  50.396 0.0000000000
80423  4.786  -7.116  49.878 0.0000000000
168431  3.070  -6.794  48.837 0.0000000000
80446  3.671  -7.054  48.225 0.0000000000
80456  3.373  -7.234  47.321 0.0000000000
83786  2.938  -5.140  47.817 0.0000000000
82659  2.534  -5.904  47.269 0.0000000000
83797  3.012  -4.836  46.994 0.0000000000
83806  3.250  -4.629  46.203 0.0000000000
83796  3.454  -3.911  46.779 0.0000000000
84948  3.479  -3.327  48.368 0.0000000000
82663  13.776  -5.104  46.153 0.0000000000
81601  13.774  -5.962  45.625 0.0000000000
71022  9.151  -13.717  49.591 0.0000000000
71030  9.289  -13.810  48.773 0.0000000000
71005  8.434  -14.267  51.813 0.0000000000
69990  2.712  -14.947  45.996 0.0000000000
72260  4.864  -14.003  43.159 0.0000000000
70045  4.409  -14.821  42.960 0.0000000000
71124  4.866  -14.623  42.512 0.0000000000
177935  5.240  -14.783  42.029 0.0000000000
74598  8.302  -11.667  44.583 0.0000000000
73406  7.039  -12.758  43.949 0.0000000000
73405  7.914  -12.164  43.917 0.0000000000
72277  7.123  -13.306  41.604 0.0000000000
180779  6.885  -13.208  42.019 0.0000000000
70087  6.289  -14.354  41.131 0.0000000000
70111  6.144  -14.974  41.169 0.0000000000
70110  6.938  -14.795  40.522 0.0000000000
70126  8.075  -14.539  39.318 0.0000000000
158121  7.992  -15.294  39.139 0.0000000000
69101  8.356  -15.499  38.394 0.0000000000
68016  7.768  -16.838  38.201 0.0000000000
69107  8.166  -16.118  37.917 0.0000000000
80501  6.398  -6.515  44.811 0.0000000000
80479  7.181  -6.273  45.071 0.0000000000
165323  7.215  -6.440  44.353 0.0000000000
80537  8.229  -6.703  42.958 0.0000000000
80522  8.576  -6.802  43.759 0.0000000000
78271  9.904  -7.895  42.842 0.0000000000
78270  10.160  -8.413  42.578 0.0000000000
78283  10.287  -8.408  41.818 0.0000000000
80591  8.778  -6.911  40.327 0.0000000000
80572  8.248  -6.783  40.857 0.0000000000
79466  9.458  -7.265  40.347 0.0000000000
77116  10.513  -9.465  39.211 0.0000000000
78306  10.411  -8.563  40.215 0.0000000000
75860  10.296  -10.106  39.780 0.0000000000
75848  10.043  -9.961  40.529 0.0000000000
74668  10.257  -10.837  39.522 0.0000000000
74680  9.817  -11.444  39.837 0.0000000000
74679  10.169  -11.390  39.097 0.0000000000
72371  9.155  -13.298  36.711 0.0000000000
71201  9.157  -13.948  37.201 0.0000000000
70143  8.599  -14.511  36.894 0.0000000000
70144  8.010  -14.963  36.706 0.0000000000
170367  7.405  -14.620  36.424 0.0000000000
166434  6.620  -14.538  36.339 0.0000000000
73521  6.493  -12.226  36.309 0.0000000000
184882  4.259  -12.823  36.066 0.0000000000
77145  7.692  -9.666  36.034 0.0000000000
75901  7.520  -10.292  36.168 0.0000000000
77146  6.923  -10.049  35.899 0.0000000000
169069  3.904  -10.576  35.078 0.0000000000
74725  4.940  -10.803  35.602 0.0000000000
74727  3.678  -11.175  35.199 0.0000000000
73532  3.270  -12.149  35.048 0.0000000000
87349  7.360  -1.008  39.280 0.0000000000
87341  6.413  -1.891  39.780 0.0000000000
183477  6.559  -2.266  40.291 0.0000000000
86160  5.843  -2.387  40.181 0.0000000000
87353  3.229  -1.797  38.996 0.0000000000
86179  3.271  -2.357  39.241 0.0000000000
85046  3.176  -3.274  38.400 0.0000000000
85045  3.264  -3.773  38.107 0.0000000000
88670  3.916  -0.634  36.327 0.0000000000
166510  3.670  -0.241  37.155 0.0000000000
88652  3.457  -0.714  37.631 0.0000000000
87366  3.395  -1.244  38.068 0.0000000000
87380  3.488  -1.529  37.304 0.0000000000
85063  4.044  -2.593  36.117 0.0000000000
175259  3.621  -2.765  36.995 0.0000000000
85062  4.740  -3.113  36.098 0.0000000000
83944  5.008  -3.650  36.616 0.0000000000
160663  6.491  -3.852  35.901 0.0000000000
82822  4.653  -4.478  34.099 0.0000000000
178153  5.941  -4.434  34.692 0.0000000000
82821  5.648  -5.077  34.438 0.0000000000
81774  5.312  -5.757  34.309 0.0000000000
83976  3.972  -3.729  33.378 0.0000000000
82630  8.157  -4.272  50.694 0.0000000000
83739  8.403  -3.882  51.225 0.0000000000
84890  8.458  -3.317  52.851 0.0000000000
84876  8.102  -3.039  53.812 0.0000000000
83748  10.345  -3.939  50.764 0.0000000000
82628  9.375  -4.799  50.377 0.0000000000
68036  4.123  -16.684  36.126 0.0000000000
69117  4.660  -16.020  36.236 0.0000000000
160735  6.153  -12.379  51.925 0.0000000000
73313  7.625  -12.481  55.140 0.0000000000
72139  7.149  -13.799  54.329 0.0000000000
73317  7.128  -13.169  54.769 0.0000000000
70991  5.757  -13.924  53.544 0.0000000000
70999  5.283  -14.054  52.911 0.0000000000
161794  5.436  -13.624  53.081 0.0000000000
72146  5.793  -13.065  52.584 0.0000000000
79375  8.510  -7.756  47.108 0.0000000000
78230  8.815  -8.444  46.656 0.0000000000
79386  8.776  -7.542  46.389 0.0000000000
79396  9.013  -7.299  45.665 0.0000000000
81718  5.274  -5.464  39.587 0.0000000000
81717  6.941  -5.643  39.482 0.0000000000
172733  6.286  -5.254  39.278 0.0000000000
81733  7.255  -5.220  38.722 0.0000000000
81741  8.411  -5.481  37.216 0.0000000000
81740  8.695  -5.988  37.124 0.0000000000
82789  8.028  -5.051  36.843 0.0000000000
158322  7.955  -4.907  36.069 0.0000000000
76972  7.553  -9.218  55.649 0.0000000000
78172  6.009  -9.032  55.890 0.0000000000
78176  6.952  -8.466  55.388 0.0000000000
79336  6.441  -6.811  54.424 0.0000000000
80406  6.229  -6.633  53.455 0.0000000000
83741  6.846  -3.950  50.897 0.0000000000
84892  6.516  -3.099  52.351 0.0000000000
169339  6.085  -2.807  53.063 0.0000000000
84880  5.642  -2.378  53.163 0.0000000000
79361  11.398  -7.918  49.453 0.0000000000
175263  11.369  -9.970  51.766 0.0000000000
167360  9.480  -9.150  53.543 0.0000000000
163719  9.112  -9.393  54.145 0.0000000000
76970  9.069  -10.042  54.504 0.0000000000
76971  8.425  -9.370  54.887 0.0000000000
172211  2.428  -6.108  45.924 0.0000000000
81603  2.389  -6.750  45.719 0.0000000000
82676  2.624  -6.108  45.286 0.0000000000
83857  5.502  -3.851  43.334 0.0000000000
83858  4.919  -4.328  42.754 0.0000000000
82729  4.248  -4.602  42.321 0.0000000000
83872  2.790  -4.991  41.217 0.0000000000
179822  2.536  -5.322  40.885 0.0000000000
83882  3.328  -4.326  41.076 0.0000000000
83883  2.735  -4.765  40.518 0.0000000000
83769  17.147  -3.465  48.477 0.0000000000
84910  14.736  -3.344  50.729 0.0000000000
84898  14.560  -3.108  51.416 0.0000000000
71045  4.280  -13.481  47.354 0.0000000000
178766  5.381  -12.923  47.891 0.0000000000
163073  7.403  -9.969  49.538 0.0000000000
75753  7.689  -9.689  48.933 0.0000000000
76993  7.898  -9.091  48.915 0.0000000000
182381  7.822  -8.784  49.416 0.0000000000
78198  7.721  -8.290  49.548 0.0000000000
78182  4.005  -7.976  54.308 0.0000000000
79340  3.976  -7.409  53.633 0.0000000000
83751  4.238  -4.983  50.157 0.0000000000
80436  3.316  -6.799  49.576 0.0000000000
80437  2.900  -6.532  49.372 0.0000000000
81580  2.592  -6.540  48.575 0.0000000000
81585  2.448  -6.649  47.598 0.0000000000
161390  12.970  -6.484  46.511 0.0000000000
81602  13.508  -6.650  45.899 0.0000000000
72158  9.670  -13.256  50.027 0.0000000000
69925  7.389  -15.131  50.966 0.0000000000
71018  3.536  -14.330  50.173 0.0000000000
69941  3.099  -14.503  49.611 0.0000000000
69962  2.692  -14.275  48.298 0.0000000000
72214  5.015  -13.492  45.180 0.0000000000
72226  4.586  -13.969  44.369 0.0000000000
72225  5.313  -13.449  44.354 0.0000000000
72239  5.508  -13.415  43.534 0.0000000000
74610  8.716  -11.123  43.453 0.0000000000
73421  8.318  -11.951  43.133 0.0000000000
73433  8.553  -12.071  42.289 0.0000000000
73450  7.810  -12.874  41.386 0.0000000000
72299  7.480  -13.419  41.146 0.0000000000
70109  7.583  -14.249  40.065 0.0000000000
72317  7.879  -13.610  40.527 0.0000000000
71161  8.179  -13.757  39.628 0.0000000000
72334  8.976  -13.395  39.283 0.0000000000
176880  5.534  -6.877  43.857 0.0000000000
80524  6.835  -6.642  43.580 0.0000000000
80538  7.266  -6.659  42.880 0.0000000000
80553  8.770  -6.919  42.298 0.0000000000
79476  10.007  -7.666  38.943 0.0000000000
177999  9.784  -7.488  39.751 0.0000000000
78318  10.330  -8.326  39.006 0.0000000000
77126  10.630  -9.593  38.369 0.0000000000
75886  10.552  -10.433  38.045 0.0000000000
73498  10.326  -11.851  37.937 0.0000000000
74693  10.361  -11.141  37.518 0.0000000000
72377  9.334  -12.578  36.679 0.0000000000
72378  8.443  -12.756  36.397 0.0000000000
72379  7.681  -13.378  36.322 0.0000000000
73520  7.330  -12.473  36.320 0.0000000000
162046  6.891  -11.614  36.296 0.0000000000
78373  6.687  -8.550  35.337 0.0000000000
75912  6.107  -9.888  35.618 0.0000000000
167959  6.039  -9.191  35.280 0.0000000000
177642  4.197  -10.046  35.023 0.0000000000
77156  3.610  -10.071  34.625 0.0000000000
87351  5.640  -1.406  39.257 0.0000000000
169836  4.637  -1.525  39.338 0.0000000000
87352  3.829  -1.347  39.087 0.0000000000
87367  3.163  -1.850  38.406 0.0000000000
87394  3.700  -1.502  36.283 0.0000000000
172502  3.820  -2.028  35.923 0.0000000000
85074  4.765  -2.798  35.338 0.0000000000
83956  6.219  -3.696  35.189 0.0000000000
85073  5.225  -3.274  34.925 0.0000000000
80398  7.705  -7.039  53.598 0.0000000000
83735  7.180  -3.392  51.679 0.0000000000
83775  11.722  -4.328  49.429 0.0000000000
82636  11.024  -4.565  49.585 0.0000000000
82637  10.366  -4.865  49.745 0.0000000000
180978  10.571  -6.741  50.079 0.0000000000
79346  10.720  -7.941  51.047 0.0000000000
161391  9.790  -7.622  51.897 0.0000000000
80410  9.472  -7.031  51.647 0.0000000000
80403  9.093  -7.371  52.430 0.0000000000
180420  4.731  -3.180  45.543 0.0000000000
83814  4.326  -4.038  45.228 0.0000000000
86104  5.354  -2.726  45.237 0.0000000000
84988  5.609  -2.985  44.651 0.0000000000
86102  6.371  -1.953  44.702 0.0000000000
86114  6.170  -2.494  44.382 0.0000000000
84993  5.896  -3.187  43.898 0.0000000000
86125  6.492  -2.600  43.604 0.0000000000
84998  6.826  -2.648  42.617 0.0000000000
72166  5.033  -13.124  49.699 0.0000000000
74543  6.362  -11.619  51.263 0.0000000000
75747  6.826  -10.979  50.783 0.0000000000
75746  7.260  -10.255  51.051 0.0000000000
76986  7.456  -9.719  51.283 0.0000000000
82623  5.149  -5.213  51.179 0.0000000000
171167  4.598  -5.997  51.699 0.0000000000
82631  4.881  -4.916  50.579 0.0000000000
83765  4.089  -4.515  49.538 0.0000000000
83776  3.667  -3.951  48.984 0.0000000000
84936  3.814  -3.021  49.153 0.0000000000
72141  9.473  -13.323  52.741 0.0000000000
70998  7.660  -14.671  52.317 0.0000000000
70989  7.732  -14.125  53.716 0.0000000000
162956  5.799  -15.241  51.817 0.0000000000
68913  5.041  -15.362  51.002 0.0000000000
155641  4.949  -14.962  51.695 0.0000000000
71007  4.351  -14.443  51.547 0.0000000000
71000  4.790  -14.229  52.231 0.0000000000
71017  3.959  -14.343  50.891 0.0000000000
72160  4.171  -13.844  50.329 0.0000000000
74578  7.813  -11.408  46.269 0.0000000000
73381  7.285  -12.291  45.363 0.0000000000
75788  8.233  -10.858  45.812 0.0000000000
74588  8.406  -10.880  45.041 0.0000000000
77028  8.931  -9.494  45.600 0.0000000000
74597  8.633  -10.942  44.249 0.0000000000
75810  9.011  -10.414  43.793 0.0000000000
75826  9.125  -10.681  43.020 0.0000000000
75825  9.679  -10.307  42.543 0.0000000000
156701  6.164  -6.644  41.335 0.0000000000
179153  6.985  -6.691  41.444 0.0000000000
80574  6.911  -6.551  40.859 0.0000000000
80592  7.400  -6.463  40.313 0.0000000000
165717  8.592  -6.763  39.850 0.0000000000
80613  8.937  -6.748  39.199 0.0000000000
79487  9.992  -7.526  38.012 0.0000000000
165908  9.939  -8.168  37.394 0.0000000000
78358  9.643  -8.851  36.870 0.0000000000
78359  8.851  -8.821  36.435 0.0000000000
168083  8.595  -8.176  36.308 0.0000000000
79513  8.049  -7.796  35.891 0.0000000000
80668  8.291  -6.981  36.125 0.0000000000
185772  7.446  -8.465  35.625 0.0000000000
79524  7.206  -7.828  35.431 0.0000000000
79525  6.276  -7.924  34.996 0.0000000000
183016  5.666  -7.737  34.706 0.0000000000
87429  4.273  -1.129  34.296 0.0000000000
162155  4.172  -1.775  34.183 0.0000000000
86240  4.192  -2.637  33.731 0.0000000000
74527  6.652  -11.590  55.252 0.0000000000
75738  6.316  -10.931  54.802 0.0000000000
76974  5.232  -9.340  55.288 0.0000000000
76969  4.678  -8.923  55.268 0.0000000000
79327  5.819  -8.153  55.491 0.0000000000
78174  4.530  -8.420  55.288 0.0000000000
79337  3.983  -7.670  54.546 0.0000000000
80402  3.940  -7.324  54.181 0.0000000000
80405  7.213  -6.703  53.186 0.0000000000
81548  5.680  -6.431  52.688 0.0000000000
84894  5.703  -2.116  52.241 0.0000000000
83794  14.570  -3.908  47.714 0.0000000000
181578  14.119  -4.183  47.279 0.0000000000
82656  13.637  -4.670  46.877 0.0000000000
82664  13.320  -5.235  46.661 0.0000000000
82649  12.880  -4.649  47.785 0.0000000000
82657  13.088  -4.933  47.160 0.0000000000
81583  12.805  -5.656  46.866 0.0000000000
79374  12.935  -8.023  46.846 0.0000000000
82651  11.221  -5.314  48.231 0.0000000000
80452  12.083  -6.819  47.571 0.0000000000
180193  12.436  -7.890  47.541 0.0000000000
162509  12.690  -8.616  47.374 0.0000000000
185502  12.300  -9.699  48.187 0.0000000000
73325  10.564  -12.055  50.848 0.0000000000
78187  11.430  -9.022  51.426 0.0000000000
168100  11.234  -9.408  51.840 0.0000000000
76980  10.970  -9.817  52.341 0.0000000000
75741  11.009  -10.450  52.233 0.0000000000
74539  10.298  -11.915  52.608 0.0000000000
73319  9.814  -12.627  53.171 0.0000000000
73315  9.341  -12.481  54.117 0.0000000000
74532  8.620  -12.319  54.871 0.0000000000
74528  8.833  -10.911  54.972 0.0000000000
74530  7.144  -11.953  55.404 0.0000000000
80468  5.216  -6.816  46.241 0.0000000000
80467  6.131  -6.266  46.401 0.0000000000
165232  4.789  -7.166  45.142 0.0000000000
80502  5.371  -6.919  44.522 0.0000000000
161112  2.905  -7.206  44.920 0.0000000000
80503  4.434  -7.303  44.602 0.0000000000
80526  4.549  -7.180  43.910 0.0000000000
160265  4.226  -7.069  43.211 0.0000000000
80541  4.594  -6.906  42.575 0.0000000000
83831  3.852  -4.837  44.752 0.0000000000
82689  3.292  -5.513  44.283 0.0000000000
82709  2.797  -5.999  43.678 0.0000000000
169242  2.430  -6.179  43.122 0.0000000000
80543  2.536  -6.572  42.527 0.0000000000
80556  3.839  -6.779  41.974 0.0000000000
80576  4.007  -6.574  41.277 0.0000000000
80595  4.596  -6.218  40.686 0.0000000000
81696  4.074  -5.947  40.271 0.0000000000
81672  2.812  -5.731  40.735 0.0000000000
81697  3.209  -5.647  40.100 0.0000000000
81719  4.188  -5.657  39.770 0.0000000000
82774  4.389  -5.178  39.241 0.0000000000
84875  9.630  -3.018  53.447 0.0000000000
86021  9.618  -2.150  54.606 0.0000000000
83793  15.230  -3.836  47.539 0.0000000000
83780  15.729  -3.703  48.027 0.0000000000
83758  14.433  -3.593  49.508 0.0000000000
83772  13.973  -3.754  48.942 0.0000000000
83760  12.937  -3.720  49.784 0.0000000000
84927  12.626  -3.404  50.429 0.0000000000
159577  14.424  -2.873  52.041 0.0000000000
84899  13.712  -2.962  51.656 0.0000000000
83746  11.880  -3.506  50.578 0.0000000000
155855  11.658  -2.900  52.270 0.0000000000
84901  11.235  -3.142  51.866 0.0000000000
71059  3.760  -14.190  45.661 0.0000000000
71058  4.470  -13.722  45.796 0.0000000000
71073  4.289  -14.157  45.022 0.0000000000
73369  6.853  -12.270  46.395 0.0000000000
72174  5.080  -13.000  48.687 0.0000000000
73349  5.897  -12.576  48.238 0.0000000000
73348  6.579  -12.159  47.828 0.0000000000
73356  6.719  -12.227  47.035 0.0000000000
74579  7.310  -11.819  46.723 0.0000000000
74568  7.708  -11.096  47.033 0.0000000000
77007  8.348  -9.148  47.789 0.0000000000
76999  8.074  -8.949  48.384 0.0000000000
78211  8.178  -8.520  48.081 0.0000000000
78220  8.497  -8.506  47.431 0.0000000000
79376  8.013  -7.225  47.465 0.0000000000
76977  6.592  -10.298  53.553 0.0000000000
76982  6.623  -9.569  52.894 0.0000000000
76984  6.870  -9.118  52.125 0.0000000000
78195  6.522  -8.036  50.826 0.0000000000
79348  4.275  -7.141  51.748 0.0000000000
80417  3.935  -6.455  50.998 0.0000000000
79353  6.535  -7.521  50.119 0.0000000000
80434  5.352  -6.845  49.035 0.0000000000
80433  6.312  -6.849  48.776 0.0000000000
182662  5.810  -6.682  48.365 0.0000000000
80444  5.665  -6.593  47.726 0.0000000000
80455  5.426  -6.608  46.975 0.0000000000
81592  2.375  -6.631  46.568 0.0000000000
84960  3.627  -3.244  47.400 0.0000000000
82674  14.076  -5.250  45.357 0.0000000000
81614  14.110  -6.096  44.954 0.0000000000
71004  9.061  -13.762  51.330 0.0000000000
71015  8.609  -14.226  50.026 0.0000000000
69936  8.129  -14.759  49.636 0.0000000000
70028  4.083  -14.765  43.394 0.0000000000
179120  6.282  -13.096  43.570 0.0000000000
72258  6.023  -13.251  43.054 0.0000000000
73422  7.156  -12.935  42.493 0.0000000000
155242  6.284  -13.309  42.438 0.0000000000
72279  5.675  -13.889  42.157 0.0000000000
183751  5.595  -14.981  41.665 0.0000000000
69084  5.850  -15.525  41.515 0.0000000000
70127  7.303  -15.543  39.851 0.0000000000
68025  6.953  -17.014  37.129 0.0000000000
80480  6.604  -6.203  45.651 0.0000000000
80478  8.541  -6.699  45.180 0.0000000000
178853  9.162  -7.216  45.049 0.0000000000
80499  8.908  -6.960  44.476 0.0000000000
79406  9.439  -7.609  44.515 0.0000000000
78259  9.969  -8.463  43.382 0.0000000000
77069  9.955  -9.579  42.788 0.0000000000
75835  9.678  -10.461  41.728 0.0000000000
184403  8.034  -6.755  41.352 0.0000000000
79444  8.559  -6.866  41.493 0.0000000000
79443  9.393  -7.303  41.658 0.0000000000
172353  10.095  -7.837  40.465 0.0000000000
79442  10.044  -7.829  41.334 0.0000000000
77079  10.311  -9.133  41.521 0.0000000000
75834  9.971  -9.855  41.228 0.0000000000
74653  9.398  -11.284  40.942 0.0000000000
161317  9.341  -12.029  40.096 0.0000000000
72315  9.070  -12.601  39.675 0.0000000000
71179  9.408  -13.656  38.509 0.0000000000
72356  9.824  -13.111  38.112 0.0000000000
71195  9.553  -13.688  37.778 0.0000000000
71196  9.201  -14.260  37.969 0.0000000000
69112  7.967  -15.717  37.118 0.0000000000
69113  7.123  -16.169  36.825 0.0000000000
68033  6.346  -16.552  36.630 0.0000000000
69116  5.594  -16.192  36.400 0.0000000000
70147  5.360  -15.320  36.340 0.0000000000
70148  4.196  -15.215  36.215 0.0000000000
178065  8.024  -10.548  36.334 0.0000000000
74709  5.847  -11.563  36.191 0.0000000000
75913  5.417  -10.399  35.607 0.0000000000
75903  5.616  -10.897  35.896 0.0000000000
73522  4.878  -11.929  36.054 0.0000000000
73523  4.089  -12.317  35.849 0.0000000000
87324  7.677  -1.480  42.286 0.0000000000
86134  7.338  -2.207  41.963 0.0000000000
85005  6.785  -2.823  41.652 0.0000000000
86159  7.255  -2.026  40.526 0.0000000000
85014  6.523  -2.632  40.795 0.0000000000
85016  4.531  -3.286  40.682 0.0000000000
85025  3.573  -3.126  40.121 0.0000000000
86161  3.782  -2.413  39.808 0.0000000000
86162  3.242  -2.652  39.619 0.0000000000
83904  3.085  -4.004  39.483 0.0000000000
83917  3.259  -3.840  38.817 0.0000000000
83916  3.514  -4.213  38.522 0.0000000000
83915  5.101  -4.217  37.903 0.0000000000
86203  3.417  -2.339  37.576 0.0000000000
85055  3.316  -3.324  37.629 0.0000000000
83929  4.498  -3.867  37.389 0.0000000000
83942  6.642  -4.248  36.802 0.0000000000
179348  7.184  -4.143  36.014 0.0000000000
82820  6.761  -4.831  34.919 0.0000000000
81759  7.141  -5.735  35.170 0.0000000000
80692  6.446  -6.337  34.803 0.0000000000
80693  5.567  -6.378  34.492 0.0000000000
79537  4.998  -7.608  34.383 0.0000000000
83967  4.027  -3.410  33.702 0.0000000000
83975  4.020  -4.077  33.545 0.0000000000
81785  4.119  -5.773  33.475 0.0000000000
79538  4.258  -7.974  34.073 0.0000000000
66806  5.281  -17.386  36.538 0.0000000000
69106  8.502  -15.391  37.659 0.0000000000
69111  8.432  -15.087  37.170 0.0000000000
69115  6.360  -15.772  36.462 0.0000000000
70065  5.325  -14.373  42.021 0.0000000000
70066  4.833  -15.005  42.467 0.0000000000
70088  5.678  -14.586  41.592 0.0000000000
70125  8.453  -14.925  38.767 0.0000000000
70135  8.763  -14.884  38.161 0.0000000000
71098  4.277  -14.311  43.634 0.0000000000
71111  4.473  -14.475  42.978 0.0000000000
71205  8.580  -13.739  36.571 0.0000000000
71207  7.067  -13.939  36.331 0.0000000000
72259  5.496  -13.667  42.767 0.0000000000
72278  6.382  -13.600  41.830 0.0000000000
72300  6.666  -13.795  41.365 0.0000000000
72316  8.472  -13.090  40.061 0.0000000000
72370  9.636  -13.116  37.256 0.0000000000
72382  4.859  -12.660  36.164 0.0000000000
73393  7.584  -12.252  44.699 0.0000000000
73449  8.512  -12.361  41.160 0.0000000000
73463  10.225  -11.820  38.656 0.0000000000
73464  9.763  -12.088  39.299 0.0000000000
73478  10.076  -12.435  38.473 0.0000000000
73499  10.107  -11.799  37.213 0.0000000000
73517  9.639  -11.814  36.753 0.0000000000
73539  3.248  -12.327  34.820 0.0000000000
74623  9.427  -11.025  42.283 0.0000000000
74686  10.400  -11.248  38.326 0.0000000000
74706  8.351  -11.101  36.405 0.0000000000
74708  6.473  -10.970  36.161 0.0000000000
74710  4.903  -11.275  35.821 0.0000000000
74726  4.296  -10.987  35.429 0.0000000000
75780  8.131  -10.821  46.452 0.0000000000
75809  9.448  -9.985  43.276 0.0000000000
75849  9.667  -10.564  41.045 0.0000000000
75876  10.495  -10.215  38.953 0.0000000000
75894  9.577  -10.387  36.763 0.0000000000
75900  8.223  -10.007  36.311 0.0000000000
75914  3.460  -10.743  34.749 0.0000000000
77000  7.959  -9.452  48.351 0.0000000000
77017  9.012  -8.802  46.020 0.0000000000
77053  10.133  -8.987  42.942 0.0000000000
77080  10.067  -9.788  42.023 0.0000000000
77106  10.409  -9.324  39.988 0.0000000000
77137  10.544  -9.643  37.615 0.0000000000
78171  6.751  -9.337  55.946 0.0000000000
78173  5.189  -8.713  55.577 0.0000000000
78178  4.062  -8.357  54.902 0.0000000000
78294  10.356  -8.443  41.013 0.0000000000
78328  10.548  -8.904  38.703 0.0000000000
78372  8.034  -8.822  35.994 0.0000000000
79328  5.002  -8.064  55.418 0.0000000000
79329  7.479  -7.761  54.784 0.0000000000
79332  4.389  -7.828  55.050 0.0000000000
79369  7.797  -7.438  48.149 0.0000000000
79432  9.456  -7.394  42.583 0.0000000000
79453  9.043  -7.048  40.904 0.0000000000
79464  10.264  -8.062  39.645 0.0000000000
80481  5.162  -6.928  45.656 0.0000000000
80484  2.547  -7.055  45.494 0.0000000000
80521  9.227  -7.202  43.892 0.0000000000
80536  9.048  -6.987  43.158 0.0000000000
80557  3.056  -6.640  41.822 0.0000000000
80612  9.548  -7.147  39.287 0.0000000000
80632  9.617  -7.038  38.559 0.0000000000
81654  2.544  -6.045  41.794 0.0000000000
81695  4.997  -5.909  40.155 0.0000000000
82819  7.265  -4.360  35.245 0.0000000000
83869  5.580  -3.874  42.407 0.0000000000
83941  7.573  -4.372  35.708 0.0000000000
83943  5.853  -3.861  36.441 0.0000000000
83964  6.596  -4.165  35.032 0.0000000000
85026  3.133  -3.368  39.633 0.0000000000
86146  7.229  -2.326  41.264 0.0000000000
86177  4.297  -1.984  39.655 0.0000000000
86178  3.534  -1.974  39.433 0.0000000000
86191  3.186  -2.467  38.799 0.0000000000
87289  6.675  -1.351  44.608 0.0000000000
88719  4.199  -0.707  34.690 0.0000000000
155295  4.126  -4.161  38.008 0.0000000000
155505  9.045  -2.731  54.124 0.0000000000
155543  8.104  -6.674  40.258 0.0000000000
159176  6.902  -10.533  36.104 0.0000000000
160247  3.388  -1.243  38.603 0.0000000000
161117  2.432  -6.458  42.890 0.0000000000
163667  6.104  -6.430  40.857 0.0000000000
165221  5.683  -6.701  45.254 0.0000000000
165556  7.506  -12.540  43.162 0.0000000000
166917  9.830  -12.370  37.043 0.0000000000
166932  7.892  -12.489  42.449 0.0000000000
168721  5.065  -6.928  34.274 0.0000000000
169950  8.197  -7.908  47.770 0.0000000000
171604  7.587  -6.703  41.149 0.0000000000
172985  9.731  -8.116  44.056 0.0000000000
173711  8.033  -5.648  38.542 0.0000000000
173827  8.174  -6.552  44.387 0.0000000000
174135  5.074  -9.753  35.250 0.0000000000
175238  7.729  -6.289  45.667 0.0000000000
177961  8.145  -12.448  41.767 0.0000000000
179941  15.330  -3.892  46.937 0.0000000000
182811  6.691  -15.314  40.607 0.0000000000
182947  6.186  -14.049  53.913 0.0000000000
184000  6.627  -11.546  50.626 0.0000000000
184444  9.520  -11.515  40.436 0.0000000000
184567  9.713  -7.481  37.373 0.0000000000
184659  7.904  -6.516  46.234 0.0000000000
185582  11.591  -9.604  50.929 0.0000000000
186766  9.532  -7.646  43.987 0.0000000000
186912  3.282  -5.519  43.761 0.0000000000
187263  6.073  -6.778  43.550 0.0000000000
