#!ascii label  , from subject sub-v2s1x29867_ses-1 vox2ras=TkReg
1416
86218  -40.735  17.662  12.927 0.0000000000
80245  -54.361  12.324  -0.052 0.0000000000
90546  -47.313  22.634  15.351 0.0000000000
79230  -50.567  10.580  9.080 0.0000000000
83829  -50.230  15.002  16.953 0.0000000000
84813  -47.524  16.091  6.412 0.0000000000
117924  -50.140  20.232  10.084 0.0000000000
92696  -45.286  25.625  5.384 0.0000000000
82869  -42.044  14.175  18.445 0.0000000000
81965  -44.494  13.258  11.912 0.0000000000
81051  -47.515  12.214  6.990 0.0000000000
85512  -45.395  16.456  10.209 0.0000000000
94077  -52.725  26.919  14.993 0.0000000000
89172  -52.255  21.233  13.311 0.0000000000
92641  -49.937  25.397  12.354 0.0000000000
90599  -46.241  22.960  10.732 0.0000000000
118556  -50.448  26.525  7.098 0.0000000000
83129  -51.979  13.998  -2.956 0.0000000000
89146  -39.191  21.476  14.088 0.0000000000
88451  -44.178  20.869  14.188 0.0000000000
81989  -56.085  13.009  10.031 0.0000000000
80951  -50.542  11.980  14.083 0.0000000000
83841  -43.148  15.047  15.397 0.0000000000
85446  -42.937  17.490  20.588 0.0000000000
83089  -49.773  13.795  0.912 0.0000000000
86330  -51.224  18.032  1.176 0.0000000000
122563  -48.075  19.130  11.240 0.0000000000
137586  -51.681  18.451  8.079 0.0000000000
87833  -50.346  19.768  3.978 0.0000000000
87794  -47.154  19.200  6.485 0.0000000000
89196  -42.962  21.446  8.456 0.0000000000
83876  -42.266  15.396  12.283 0.0000000000
83893  -44.178  14.849  10.678 0.0000000000
86226  -42.740  17.205  10.953 0.0000000000
94116  -55.104  27.607  12.961 0.0000000000
92629  -52.798  25.809  14.272 0.0000000000
119327  -52.696  26.642  11.282 0.0000000000
93421  -49.821  26.328  10.043 0.0000000000
81161  -53.793  12.868  -1.330 0.0000000000
90586  -37.684  23.010  11.442 0.0000000000
89894  -41.275  22.279  12.622 0.0000000000
81929  -50.364  13.389  15.599 0.0000000000
82930  -46.229  13.790  15.067 0.0000000000
133041  -45.987  15.124  16.258 0.0000000000
84650  -42.537  16.963  21.245 0.0000000000
86204  -37.172  18.084  17.172 0.0000000000
87706  -36.255  19.853  15.287 0.0000000000
86924  -34.192  18.272  15.904 0.0000000000
81056  -51.322  11.873  6.238 0.0000000000
83028  -47.109  13.935  6.002 0.0000000000
82077  -48.189  13.190  4.287 0.0000000000
83977  -47.800  15.055  3.361 0.0000000000
84856  -49.171  15.997  1.044 0.0000000000
85565  -48.908  17.066  3.563 0.0000000000
89136  -45.820  21.916  15.117 0.0000000000
88470  -45.595  20.293  12.122 0.0000000000
89168  -47.664  21.117  13.384 0.0000000000
88484  -52.047  20.692  11.522 0.0000000000
141209  -52.321  19.156  11.174 0.0000000000
87765  -52.127  19.420  8.255 0.0000000000
87014  -52.294  19.822  5.784 0.0000000000
136696  -50.778  19.619  7.067 0.0000000000
87809  -48.935  19.464  5.586 0.0000000000
87762  -48.051  19.566  8.400 0.0000000000
91977  -45.482  24.812  8.887 0.0000000000
89906  -44.613  22.320  9.871 0.0000000000
127227  -43.592  24.292  7.946 0.0000000000
129324  -41.641  22.766  7.129 0.0000000000
92008  -42.844  24.718  5.437 0.0000000000
79214  -47.615  10.656  10.966 0.0000000000
80142  -49.202  11.095  7.839 0.0000000000
81008  -46.395  12.071  9.421 0.0000000000
82985  -46.140  13.902  9.236 0.0000000000
84790  -47.239  15.685  9.233 0.0000000000
134928  -49.381  24.691  14.870 0.0000000000
89870  -50.118  21.972  14.808 0.0000000000
91244  -52.714  23.892  15.874 0.0000000000
90568  -51.448  22.802  13.675 0.0000000000
89896  -48.986  22.282  12.171 0.0000000000
121300  -47.839  21.217  10.859 0.0000000000
91965  -48.047  24.387  11.594 0.0000000000
92670  -48.097  25.781  8.749 0.0000000000
92699  -47.959  26.011  6.556 0.0000000000
135599  -50.543  15.987  -3.294 0.0000000000
87709  -40.540  20.190  15.380 0.0000000000
87718  -42.453  19.733  12.847 0.0000000000
89131  -41.889  21.583  15.634 0.0000000000
89867  -43.729  22.317  14.628 0.0000000000
91258  -45.845  23.358  13.771 0.0000000000
92638  -45.169  26.301  12.180 0.0000000000
92616  -47.568  25.170  13.544 0.0000000000
80116  -53.388  11.380  9.831 0.0000000000
80970  -53.805  11.660  11.731 0.0000000000
80056  -50.792  10.982  11.975 0.0000000000
80958  -46.797  11.555  13.399 0.0000000000
82940  -43.667  14.099  13.756 0.0000000000
84680  -49.938  17.225  19.365 0.0000000000
83798  -46.328  14.776  19.089 0.0000000000
84654  -46.201  17.063  20.761 0.0000000000
84679  -46.279  16.805  18.757 0.0000000000
84693  -42.823  16.040  17.690 0.0000000000
119511  -39.652  17.951  14.858 0.0000000000
82108  -53.085  12.962  1.614 0.0000000000
81089  -50.174  12.051  4.922 0.0000000000
81126  -50.464  12.394  2.683 0.0000000000
82130  -52.806  13.019  -0.311 0.0000000000
83113  -51.570  14.173  -1.394 0.0000000000
129472  -51.998  16.864  -2.036 0.0000000000
87082  -51.807  18.828  -0.233 0.0000000000
87733  -43.884  19.269  11.219 0.0000000000
86235  -46.573  17.425  10.298 0.0000000000
85523  -48.299  16.541  9.536 0.0000000000
88474  -50.004  19.985  12.527 0.0000000000
86238  -49.901  17.611  9.994 0.0000000000
85543  -48.770  16.989  6.766 0.0000000000
86292  -49.766  17.882  4.717 0.0000000000
139174  -51.555  19.137  2.502 0.0000000000
87074  -49.695  18.451  0.796 0.0000000000
88495  -46.270  20.394  9.435 0.0000000000
87774  -45.307  19.499  7.755 0.0000000000
87790  -43.508  19.314  7.027 0.0000000000
87788  -41.461  20.124  6.773 0.0000000000
89218  -40.129  21.431  5.654 0.0000000000
85495  -41.375  16.492  12.439 0.0000000000
84767  -42.494  16.116  11.362 0.0000000000
86222  -41.662  17.732  11.962 0.0000000000
93418  -54.815  26.856  12.066 0.0000000000
93431  -52.808  26.551  9.390 0.0000000000
81152  -54.090  12.677  -0.950 0.0000000000
82899  -49.763  14.492  16.491 0.0000000000
82914  -48.355  14.276  16.043 0.0000000000
132341  -47.905  15.310  16.705 0.0000000000
86192  -35.809  17.235  17.261 0.0000000000
86917  -35.652  18.208  16.321 0.0000000000
80128  -52.108  11.262  8.568 0.0000000000
121112  -51.343  11.163  8.079 0.0000000000
130195  -47.228  15.388  6.091 0.0000000000
83055  -47.421  14.403  4.493 0.0000000000
84830  -47.377  15.758  5.050 0.0000000000
84840  -48.060  15.779  3.031 0.0000000000
85556  -47.632  16.406  5.031 0.0000000000
89851  -46.181  22.320  15.290 0.0000000000
89167  -46.702  21.085  13.494 0.0000000000
89868  -47.523  22.013  14.998 0.0000000000
88489  -51.051  20.441  10.767 0.0000000000
88500  -52.409  19.829  9.922 0.0000000000
87750  -51.929  19.629  9.105 0.0000000000
87778  -51.781  19.584  7.411 0.0000000000
121459  -50.344  19.559  7.800 0.0000000000
118464  -49.603  19.499  7.202 0.0000000000
88498  -49.362  19.988  9.486 0.0000000000
92683  -45.491  25.458  6.857 0.0000000000
91980  -44.375  24.724  7.903 0.0000000000
92000  -44.223  25.062  6.548 0.0000000000
91985  -43.124  24.564  6.669 0.0000000000
92694  -44.072  25.306  5.392 0.0000000000
80985  -45.952  11.647  11.684 0.0000000000
80092  -46.522  11.402  10.556 0.0000000000
123306  -45.200  12.939  10.877 0.0000000000
83894  -44.880  14.975  10.290 0.0000000000
82984  -45.643  13.928  9.808 0.0000000000
83907  -46.042  14.722  9.552 0.0000000000
83918  -46.443  14.373  8.706 0.0000000000
141875  -46.252  15.426  9.720 0.0000000000
93359  -50.982  26.151  14.874 0.0000000000
91918  -51.338  24.449  15.844 0.0000000000
92603  -52.992  24.791  15.879 0.0000000000
93385  -51.494  26.012  13.004 0.0000000000
91271  -51.192  24.512  13.853 0.0000000000
129342  -50.215  24.194  13.288 0.0000000000
90567  -50.212  22.958  13.166 0.0000000000
91280  -49.309  23.347  12.794 0.0000000000
90581  -48.658  22.919  12.302 0.0000000000
92640  -49.160  25.123  11.971 0.0000000000
141011  -49.914  26.426  8.695 0.0000000000
92665  -48.758  25.860  9.931 0.0000000000
92679  -49.025  26.196  8.386 0.0000000000
92677  -47.768  25.764  8.130 0.0000000000
93452  -49.126  26.341  6.966 0.0000000000
83136  -51.188  14.497  -3.144 0.0000000000
131257  -40.389  21.251  15.546 0.0000000000
89130  -41.213  21.577  15.568 0.0000000000
89864  -40.584  21.860  14.173 0.0000000000
90579  -42.628  23.115  12.043 0.0000000000
120598  -42.682  22.307  13.904 0.0000000000
120443  -43.310  22.924  12.676 0.0000000000
90565  -44.631  22.993  13.510 0.0000000000
91266  -44.915  23.640  12.841 0.0000000000
93399  -44.335  27.086  12.264 0.0000000000
92625  -46.514  25.798  12.713 0.0000000000
94097  -47.228  27.258  12.876 0.0000000000
93367  -48.428  26.399  13.585 0.0000000000
94114  -47.906  27.967  12.823 0.0000000000
81025  -54.473  12.184  8.667 0.0000000000
121084  -54.722  11.998  9.937 0.0000000000
138296  -54.125  12.265  13.137 0.0000000000
80959  -52.105  11.616  13.123 0.0000000000
138582  -52.115  11.212  11.765 0.0000000000
80037  -50.619  11.240  12.813 0.0000000000
80035  -48.859  11.119  12.944 0.0000000000
80948  -48.055  11.841  14.060 0.0000000000
83858  -44.914  14.544  15.240 0.0000000000
82942  -44.996  13.482  14.347 0.0000000000
82927  -43.962  14.353  14.451 0.0000000000
82872  -44.703  14.193  18.528 0.0000000000
84652  -44.182  16.895  20.918 0.0000000000
85424  -44.613  17.343  20.785 0.0000000000
85448  -46.025  17.241  20.080 0.0000000000
85447  -44.755  17.267  20.084 0.0000000000
84694  -44.244  16.202  17.960 0.0000000000
84674  -42.420  16.927  19.308 0.0000000000
87707  -39.356  19.607  16.023 0.0000000000
87698  -38.387  19.798  16.630 0.0000000000
119412  -53.781  13.106  2.314 0.0000000000
81037  -47.945  11.642  7.439 0.0000000000
81054  -49.633  11.565  6.431 0.0000000000
81068  -48.338  12.075  6.138 0.0000000000
82104  -49.271  13.211  2.472 0.0000000000
82092  -49.738  12.653  2.910 0.0000000000
82105  -49.967  12.826  2.197 0.0000000000
82118  -51.279  12.776  1.175 0.0000000000
82128  -50.594  13.243  0.606 0.0000000000
82138  -52.103  13.434  -0.913 0.0000000000
83100  -50.237  13.878  0.204 0.0000000000
85602  -50.432  17.240  0.666 0.0000000000
84872  -51.082  16.425  -1.091 0.0000000000
86334  -51.650  17.827  -0.218 0.0000000000
86347  -51.937  17.574  -2.401 0.0000000000
123117  -51.807  18.526  0.245 0.0000000000
88454  -42.922  20.252  13.591 0.0000000000
87721  -42.782  19.417  12.040 0.0000000000
88468  -43.981  20.157  12.363 0.0000000000
88483  -46.710  19.737  11.519 0.0000000000
87736  -46.260  19.311  11.116 0.0000000000
86960  -47.023  18.145  10.527 0.0000000000
86236  -47.496  17.455  10.323 0.0000000000
134805  -48.229  17.585  10.339 0.0000000000
89157  -50.866  21.395  14.129 0.0000000000
89170  -50.082  20.935  13.612 0.0000000000
88475  -51.337  20.052  12.673 0.0000000000
86971  -51.791  18.500  9.445 0.0000000000
128708  -51.129  18.345  10.499 0.0000000000
86252  -50.950  17.976  9.199 0.0000000000
134376  -49.603  17.227  9.011 0.0000000000
86268  -50.361  17.830  7.266 0.0000000000
86280  -49.794  17.815  5.496 0.0000000000
86281  -50.911  18.380  5.797 0.0000000000
87823  -51.510  19.946  4.372 0.0000000000
87031  -51.742  19.836  4.132 0.0000000000
87842  -51.318  19.719  3.157 0.0000000000
87850  -51.474  19.381  1.580 0.0000000000
87845  -50.552  19.468  2.709 0.0000000000
86326  -48.885  18.252  1.849 0.0000000000
87045  -49.394  19.284  3.638 0.0000000000
118156  -48.027  19.285  6.075 0.0000000000
137842  -47.820  18.562  4.282 0.0000000000
89903  -47.097  22.192  11.177 0.0000000000
89186  -47.257  20.993  10.394 0.0000000000
118785  -46.501  21.354  10.460 0.0000000000
89197  -43.595  21.462  9.002 0.0000000000
88493  -44.660  20.669  9.147 0.0000000000
88510  -44.187  20.346  8.617 0.0000000000
87773  -43.977  19.598  7.537 0.0000000000
87772  -43.215  19.832  7.548 0.0000000000
87789  -42.603  19.537  7.058 0.0000000000
88522  -42.228  20.709  7.699 0.0000000000
91322  -41.320  23.490  5.674 0.0000000000
89935  -40.783  21.906  6.339 0.0000000000
90627  -40.407  22.543  5.306 0.0000000000
89946  -39.514  22.017  4.250 0.0000000000
82954  -43.391  14.262  12.299 0.0000000000
82961  -44.434  13.755  11.197 0.0000000000
83883  -43.187  15.124  11.385 0.0000000000
84777  -43.657  16.006  10.569 0.0000000000
85510  -43.855  16.645  10.428 0.0000000000
92611  -53.651  26.216  15.253 0.0000000000
93387  -54.256  26.925  14.402 0.0000000000
125578  -52.546  26.596  12.230 0.0000000000
93402  -50.515  26.033  12.072 0.0000000000
93414  -50.107  26.158  11.300 0.0000000000
119503  -51.056  26.516  10.609 0.0000000000
93430  -51.771  26.545  9.244 0.0000000000
81169  -52.813  12.794  -2.208 0.0000000000
89891  -38.326  22.075  12.029 0.0000000000
120860  -39.947  21.920  13.050 0.0000000000
89902  -39.431  22.528  11.563 0.0000000000
81945  -49.882  12.923  15.103 0.0000000000
80935  -48.534  12.301  14.628 0.0000000000
82932  -47.865  13.634  15.452 0.0000000000
82912  -46.678  14.277  15.566 0.0000000000
83843  -44.697  14.973  15.844 0.0000000000
83794  -42.448  14.938  19.360 0.0000000000
84625  -40.205  16.985  21.132 0.0000000000
86909  -38.169  18.798  17.315 0.0000000000
87697  -37.418  19.505  16.165 0.0000000000
86925  -36.171  18.802  16.044 0.0000000000
87695  -35.112  19.109  15.516 0.0000000000
82033  -47.204  13.023  6.464 0.0000000000
82062  -47.988  12.936  5.044 0.0000000000
83041  -47.600  13.604  4.718 0.0000000000
83056  -47.860  13.878  3.981 0.0000000000
119994  -48.699  14.510  1.821 0.0000000000
83993  -49.322  14.692  0.693 0.0000000000
83985  -48.412  15.062  1.993 0.0000000000
85587  -48.997  16.567  2.236 0.0000000000
85588  -49.873  17.315  2.131 0.0000000000
89165  -44.970  20.977  13.927 0.0000000000
88469  -44.770  20.249  12.235 0.0000000000
89166  -45.812  21.023  13.712 0.0000000000
88459  -47.174  20.616  12.559 0.0000000000
88472  -47.873  20.086  12.080 0.0000000000
89176  -52.373  21.109  12.906 0.0000000000
88476  -52.328  20.241  12.576 0.0000000000
87742  -52.703  19.859  11.218 0.0000000000
87744  -52.577  19.617  10.134 0.0000000000
86988  -52.211  19.066  7.979 0.0000000000
86999  -52.090  19.010  6.747 0.0000000000
87798  -52.271  19.653  6.730 0.0000000000
87797  -51.751  19.837  6.520 0.0000000000
121641  -50.948  19.953  5.089 0.0000000000
87832  -49.230  19.366  4.277 0.0000000000
87810  -50.030  19.674  5.740 0.0000000000
87777  -48.507  19.454  7.389 0.0000000000
129076  -47.657  19.427  7.795 0.0000000000
91295  -45.627  24.032  10.051 0.0000000000
89907  -45.298  22.406  10.275 0.0000000000
91300  -44.513  23.926  9.263 0.0000000000
90602  -43.903  23.457  9.089 0.0000000000
127162  -42.848  22.679  8.357 0.0000000000
89920  -41.960  22.105  7.669 0.0000000000
91307  -42.588  23.642  7.597 0.0000000000
91997  -42.213  24.324  5.762 0.0000000000
91339  -41.713  23.866  4.431 0.0000000000
79216  -49.116  10.417  10.407 0.0000000000
79239  -49.788  10.712  8.521 0.0000000000
80111  -48.047  10.905  9.370 0.0000000000
80125  -47.515  11.316  8.835 0.0000000000
81022  -47.094  11.849  8.389 0.0000000000
81988  -45.360  13.348  10.266 0.0000000000
81999  -46.248  12.894  9.132 0.0000000000
82020  -46.624  13.279  7.872 0.0000000000
83004  -46.723  14.044  7.549 0.0000000000
83938  -46.952  14.768  7.259 0.0000000000
84804  -47.222  15.445  7.736 0.0000000000
91924  -48.784  24.306  14.801 0.0000000000
120381  -48.651  22.729  15.445 0.0000000000
90538  -50.200  23.321  15.752 0.0000000000
139917  -51.688  23.022  15.716 0.0000000000
89856  -52.238  22.469  14.700 0.0000000000
122442  -53.111  24.883  15.729 0.0000000000
91262  -52.831  23.036  15.210 0.0000000000
90569  -52.065  22.007  13.799 0.0000000000
89898  -51.805  21.665  12.701 0.0000000000
89175  -50.639  21.510  11.987 0.0000000000
122553  -49.673  21.186  11.360 0.0000000000
138287  -48.995  20.478  10.253 0.0000000000
124046  -48.617  21.370  11.273 0.0000000000
90594  -47.417  22.683  11.489 0.0000000000
91292  -47.135  23.457  11.262 0.0000000000
92659  -48.866  25.705  10.692 0.0000000000
91964  -47.719  24.834  10.853 0.0000000000
91969  -47.046  24.745  10.338 0.0000000000
92662  -46.879  25.260  9.143 0.0000000000
92685  -46.883  25.698  7.258 0.0000000000
132685  -46.571  25.774  6.004 0.0000000000
86933  -40.449  18.749  13.775 0.0000000000
86939  -41.377  18.798  12.658 0.0000000000
87712  -41.420  19.792  14.034 0.0000000000
88448  -41.888  20.468  14.850 0.0000000000
89149  -43.171  21.263  15.159 0.0000000000
89882  -41.397  22.062  13.791 0.0000000000
89847  -42.845  21.805  15.297 0.0000000000
89134  -44.051  21.727  15.286 0.0000000000
89135  -44.954  21.997  15.105 0.0000000000
90545  -45.877  22.583  15.233 0.0000000000
90558  -46.319  23.130  14.525 0.0000000000
125658  -44.016  24.810  11.778 0.0000000000
91949  -45.241  24.528  12.435 0.0000000000
134175  -46.956  24.520  13.565 0.0000000000
91260  -47.534  24.230  14.156 0.0000000000
91932  -48.855  25.076  14.387 0.0000000000
92619  -49.897  26.060  14.429 0.0000000000
94089  -50.514  27.245  13.935 0.0000000000
80130  -53.448  11.531  8.968 0.0000000000
80114  -51.958  11.041  9.562 0.0000000000
123734  -55.532  12.727  11.483 0.0000000000
80986  -55.107  12.299  11.119 0.0000000000
80080  -54.010  11.590  10.955 0.0000000000
80077  -51.830  11.082  11.202 0.0000000000
79206  -50.417  10.517  10.669 0.0000000000
79192  -48.763  10.561  11.832 0.0000000000
80052  -47.589  10.914  12.207 0.0000000000
80956  -45.564  12.158  12.799 0.0000000000
80933  -46.859  12.437  14.437 0.0000000000
81951  -44.684  13.164  13.632 0.0000000000
81959  -44.521  13.103  12.808 0.0000000000
82946  -42.939  14.541  12.807 0.0000000000
83801  -48.730  15.210  19.296 0.0000000000
83770  -44.531  15.901  20.284 0.0000000000
83772  -46.587  16.060  20.149 0.0000000000
83774  -48.256  16.200  20.013 0.0000000000
85428  -48.170  17.115  20.107 0.0000000000
85472  -47.750  16.959  18.822 0.0000000000
84699  -48.062  16.459  17.921 0.0000000000
84715  -46.064  15.635  16.882 0.0000000000
84713  -44.508  15.747  17.073 0.0000000000
134648  -42.795  15.541  16.543 0.0000000000
86932  -40.028  18.385  14.272 0.0000000000
87708  -39.909  19.838  15.608 0.0000000000
88431  -39.623  20.920  15.919 0.0000000000
89128  -38.575  21.082  14.959 0.0000000000
89163  -37.771  21.346  13.251 0.0000000000
81118  -54.200  12.860  2.702 0.0000000000
135332  -54.244  12.678  1.415 0.0000000000
82121  -54.376  12.642  0.178 0.0000000000
80158  -50.189  11.340  6.998 0.0000000000
81071  -50.756  11.936  5.632 0.0000000000
81102  -49.425  12.294  4.383 0.0000000000
81103  -50.138  12.186  4.075 0.0000000000
81105  -51.590  12.398  3.612 0.0000000000
82107  -51.811  12.557  1.993 0.0000000000
82120  -53.405  12.890  0.529 0.0000000000
82131  -54.024  12.837  -0.550 0.0000000000
82139  -53.445  13.141  -1.359 0.0000000000
82149  -53.261  13.381  -2.006 0.0000000000
83123  -52.871  14.050  -2.532 0.0000000000
84011  -50.493  15.395  -0.897 0.0000000000
84879  -51.595  15.714  -1.644 0.0000000000
130633  -52.568  15.742  -2.993 0.0000000000
85632  -52.310  16.814  -3.002 0.0000000000
86351  -51.368  17.784  -2.612 0.0000000000
86350  -50.314  17.540  -2.162 0.0000000000
86944  -42.437  18.722  11.621 0.0000000000
86227  -43.175  17.934  10.850 0.0000000000
86959  -44.622  18.025  10.417 0.0000000000
88481  -45.074  19.884  11.568 0.0000000000
86950  -45.033  18.726  10.626 0.0000000000
123715  -45.777  17.253  10.255 0.0000000000
85514  -47.200  16.714  10.053 0.0000000000
84791  -47.989  16.048  9.075 0.0000000000
85536  -48.179  16.307  7.766 0.0000000000
89169  -48.766  21.042  13.459 0.0000000000
88473  -48.831  20.028  12.295 0.0000000000
87725  -49.378  19.460  11.892 0.0000000000
87739  -51.140  19.014  11.583 0.0000000000
87738  -49.964  18.948  11.447 0.0000000000
132453  -49.501  17.901  10.414 0.0000000000
86250  -49.360  17.212  9.591 0.0000000000
134859  -49.038  16.900  8.311 0.0000000000
124464  -48.103  16.696  6.224 0.0000000000
85557  -48.278  16.928  4.826 0.0000000000
85576  -50.451  17.971  2.751 0.0000000000
138942  -51.815  18.768  5.287 0.0000000000
137614  -50.839  18.546  3.462 0.0000000000
87063  -51.864  19.028  1.903 0.0000000000
87851  -51.940  19.066  1.103 0.0000000000
87075  -50.636  18.765  0.418 0.0000000000
87044  -48.575  18.829  3.987 0.0000000000
88497  -48.323  20.213  9.640 0.0000000000
132778  -47.350  19.621  8.464 0.0000000000
87761  -46.804  19.517  8.072 0.0000000000
89912  -45.137  21.686  10.102 0.0000000000
123872  -45.931  20.062  8.941 0.0000000000
87775  -46.170  19.388  7.570 0.0000000000
87792  -45.063  19.203  7.029 0.0000000000
87010  -44.304  18.495  5.860 0.0000000000
87009  -43.428  18.510  5.895 0.0000000000
89214  -41.107  21.493  6.877 0.0000000000
89219  -40.597  21.257  6.193 0.0000000000
92720  -46.090  25.932  4.117 0.0000000000
92726  -44.770  25.412  3.343 0.0000000000
92023  -43.750  24.735  2.979 0.0000000000
91348  -42.504  24.058  3.276 0.0000000000
91347  -41.723  23.659  3.424 0.0000000000
85499  -41.180  17.305  12.371 0.0000000000
86942  -41.185  18.090  12.435 0.0000000000
81153  -54.304  12.612  -0.451 0.0000000000
83830  -51.016  14.920  16.933 0.0000000000
82900  -50.533  14.380  16.488 0.0000000000
83828  -49.504  15.126  16.908 0.0000000000
82898  -49.023  14.665  16.491 0.0000000000
140989  -48.906  15.234  16.864 0.0000000000
85465  -36.153  16.838  17.861 0.0000000000
118222  -51.312  10.852  8.864 0.0000000000
120371  -50.616  10.904  8.294 0.0000000000
83963  -47.265  15.268  5.396 0.0000000000
84822  -47.406  15.921  5.630 0.0000000000
85563  -47.451  15.892  4.427 0.0000000000
85549  -47.679  16.422  5.748 0.0000000000
89852  -46.979  22.379  15.295 0.0000000000
89853  -47.983  22.396  15.390 0.0000000000
88499  -51.370  19.965  10.010 0.0000000000
87749  -50.630  19.791  9.297 0.0000000000
87763  -49.810  19.621  8.682 0.0000000000
132511  -45.312  25.534  6.150 0.0000000000
92682  -44.850  25.310  6.664 0.0000000000
92695  -44.593  25.396  5.875 0.0000000000
91999  -43.908  25.087  5.937 0.0000000000
136145  -44.544  25.479  5.043 0.0000000000
81974  -45.083  12.728  11.613 0.0000000000
80984  -45.527  12.252  11.237 0.0000000000
84779  -44.737  15.879  10.283 0.0000000000
83895  -45.676  15.195  9.960 0.0000000000
84780  -45.336  15.668  10.156 0.0000000000
84781  -45.984  15.880  10.027 0.0000000000
139521  -51.884  26.198  15.207 0.0000000000
92609  -52.230  25.543  15.662 0.0000000000
93360  -52.782  26.297  15.440 0.0000000000
92642  -50.642  25.594  12.790 0.0000000000
91942  -50.418  24.942  13.039 0.0000000000
137273  -49.599  23.989  12.912 0.0000000000
91941  -49.644  24.710  12.679 0.0000000000
91951  -49.059  24.298  12.447 0.0000000000
118383  -50.365  26.488  7.845 0.0000000000
93438  -49.710  26.400  8.211 0.0000000000
137848  -49.740  26.430  7.420 0.0000000000
118026  -49.094  26.273  7.715 0.0000000000
82157  -52.126  13.504  -2.662 0.0000000000
82156  -51.303  13.242  -2.547 0.0000000000
126102  -50.945  13.733  -2.761 0.0000000000
83137  -52.371  14.727  -3.168 0.0000000000
89147  -40.053  21.569  14.831 0.0000000000
89148  -40.824  21.687  15.278 0.0000000000
89863  -39.791  21.713  13.812 0.0000000000
91276  -43.326  23.573  11.984 0.0000000000
90580  -44.117  23.335  12.551 0.0000000000
91277  -43.882  24.014  11.978 0.0000000000
94112  -46.596  27.552  12.576 0.0000000000
82000  -55.914  12.997  9.159 0.0000000000
81011  -55.386  12.453  9.666 0.0000000000
80038  -51.460  11.434  13.040 0.0000000000
80026  -50.147  11.472  13.530 0.0000000000
80025  -49.301  11.389  13.555 0.0000000000
80949  -48.906  11.815  14.095 0.0000000000
83857  -44.285  14.669  15.101 0.0000000000
83856  -43.580  14.768  14.909 0.0000000000
83855  -42.874  14.903  14.720 0.0000000000
83840  -42.430  15.153  15.263 0.0000000000
82871  -43.522  14.322  18.634 0.0000000000
85422  -43.148  17.258  20.988 0.0000000000
85423  -43.925  17.372  20.581 0.0000000000
84675  -43.227  16.858  19.208 0.0000000000
85445  -42.086  17.635  20.477 0.0000000000
86926  -39.142  18.669  16.618 0.0000000000
87687  -38.810  19.496  16.944 0.0000000000
82080  -52.445  12.801  3.361 0.0000000000
81052  -48.166  11.846  6.787 0.0000000000
83078  -49.494  13.427  1.731 0.0000000000
82117  -50.255  12.991  1.423 0.0000000000
83101  -50.942  13.597  -0.335 0.0000000000
85597  -50.224  17.347  1.424 0.0000000000
138041  -51.460  17.852  0.458 0.0000000000
86335  -51.851  18.644  1.085 0.0000000000
88455  -43.702  20.400  13.347 0.0000000000
88467  -43.213  19.963  12.601 0.0000000000
87723  -47.513  19.556  11.479 0.0000000000
131753  -46.926  19.266  11.166 0.0000000000
130555  -47.454  18.840  10.944 0.0000000000
86961  -47.831  18.134  10.600 0.0000000000
86952  -48.185  18.645  10.943 0.0000000000
89158  -51.944  21.441  13.878 0.0000000000
89171  -51.604  21.016  13.609 0.0000000000
88463  -52.132  20.635  13.143 0.0000000000
86980  -51.731  18.491  8.674 0.0000000000
86261  -50.907  17.993  8.500 0.0000000000
86269  -50.990  18.118  7.788 0.0000000000
86275  -51.321  18.325  7.146 0.0000000000
87834  -51.398  19.888  3.738 0.0000000000
87841  -50.478  19.628  3.366 0.0000000000
87055  -49.523  19.072  2.989 0.0000000000
87808  -47.296  19.012  5.722 0.0000000000
87793  -46.331  19.194  6.840 0.0000000000
89908  -46.469  22.128  10.814 0.0000000000
119027  -45.873  22.497  10.529 0.0000000000
135815  -43.986  20.869  8.985 0.0000000000
88509  -43.425  20.773  8.509 0.0000000000
88523  -43.705  20.133  8.037 0.0000000000
121503  -42.978  20.418  7.928 0.0000000000
136786  -42.576  20.102  7.534 0.0000000000
88508  -42.794  20.956  8.113 0.0000000000
91330  -41.217  23.483  4.978 0.0000000000
90622  -40.921  23.030  5.538 0.0000000000
83878  -43.403  14.581  11.746 0.0000000000
84762  -42.614  15.553  11.643 0.0000000000
85502  -42.249  16.708  11.383 0.0000000000
85503  -42.731  16.484  11.043 0.0000000000
85509  -43.186  16.571  10.635 0.0000000000
86232  -43.447  17.270  10.532 0.0000000000
93372  -54.296  27.117  14.291 0.0000000000
93405  -54.740  27.319  13.508 0.0000000000
121603  -53.772  26.658  11.352 0.0000000000
93417  -53.644  26.753  12.138 0.0000000000
93403  -51.502  26.379  12.200 0.0000000000
93416  -51.643  26.527  11.365 0.0000000000
93415  -50.784  26.384  11.364 0.0000000000
93422  -51.989  26.543  10.542 0.0000000000
118658  -51.346  26.564  8.652 0.0000000000
80252  -53.444  12.357  -1.149 0.0000000000
81160  -52.866  12.627  -1.796 0.0000000000
81170  -53.370  13.285  -1.877 0.0000000000
89900  -38.001  22.458  11.620 0.0000000000
89892  -39.107  22.078  12.116 0.0000000000
142349  -38.934  22.755  11.432 0.0000000000
81930  -51.155  13.363  15.539 0.0000000000
81928  -49.558  13.453  15.600 0.0000000000
81944  -49.057  12.925  15.107 0.0000000000
81927  -48.719  13.533  15.585 0.0000000000
83846  -47.033  14.791  16.076 0.0000000000
82913  -47.463  14.270  15.776 0.0000000000
83845  -46.321  14.768  15.910 0.0000000000
83844  -45.529  14.733  15.699 0.0000000000
83824  -45.389  15.248  16.372 0.0000000000
85467  -37.953  17.488  18.453 0.0000000000
86194  -38.143  18.231  17.820 0.0000000000
86910  -38.716  18.782  17.748 0.0000000000
86919  -37.329  18.651  16.791 0.0000000000
86918  -36.554  18.398  16.569 0.0000000000
136438  -35.531  18.757  15.847 0.0000000000
87694  -34.422  18.929  15.589 0.0000000000
82061  -47.384  13.337  5.504 0.0000000000
141045  -47.667  14.512  3.781 0.0000000000
83064  -48.078  14.233  3.192 0.0000000000
83076  -48.384  14.377  2.388 0.0000000000
83984  -48.133  15.016  2.707 0.0000000000
130708  -48.163  16.398  3.412 0.0000000000
84848  -48.359  15.793  2.367 0.0000000000
85574  -48.552  16.503  2.865 0.0000000000
85575  -49.388  17.198  2.810 0.0000000000
89152  -45.404  21.413  14.700 0.0000000000
89154  -47.131  21.478  14.339 0.0000000000
88460  -48.250  20.548  12.774 0.0000000000
89182  -52.483  20.728  12.314 0.0000000000
88485  -52.517  20.193  11.526 0.0000000000
87751  -52.332  19.495  9.148 0.0000000000
86981  -52.198  19.130  8.847 0.0000000000
87766  -52.230  19.368  8.319 0.0000000000
87000  -52.262  19.379  7.117 0.0000000000
87779  -52.152  19.391  7.583 0.0000000000
87811  -51.250  20.176  5.985 0.0000000000
87796  -50.385  19.658  6.457 0.0000000000
134912  -48.994  19.515  8.055 0.0000000000
120384  -47.863  19.347  6.911 0.0000000000
91967  -45.835  24.616  9.584 0.0000000000
91972  -45.148  24.322  9.445 0.0000000000
91299  -44.059  24.155  8.598 0.0000000000
91305  -43.456  23.686  8.464 0.0000000000
90606  -43.378  22.879  8.783 0.0000000000
90605  -42.908  23.300  8.204 0.0000000000
91304  -43.098  23.861  7.944 0.0000000000
91998  -42.734  24.535  6.131 0.0000000000
91331  -41.720  23.933  5.300 0.0000000000
91332  -42.326  24.430  4.786 0.0000000000
79215  -48.380  10.476  10.647 0.0000000000
79227  -48.555  10.517  9.885 0.0000000000
80094  -47.846  10.744  10.131 0.0000000000
80109  -46.665  11.486  9.821 0.0000000000
80110  -47.327  11.185  9.579 0.0000000000
81009  -46.856  11.624  9.079 0.0000000000
81021  -46.589  12.262  8.726 0.0000000000
83885  -44.143  14.300  11.063 0.0000000000
81987  -44.851  13.579  10.678 0.0000000000
82972  -44.566  14.252  10.628 0.0000000000
82009  -46.485  12.879  8.456 0.0000000000
82994  -46.387  13.560  8.604 0.0000000000
83003  -46.550  14.013  8.165 0.0000000000
83919  -46.836  15.078  8.937 0.0000000000
83928  -46.817  14.776  8.156 0.0000000000
84796  -47.275  15.515  8.619 0.0000000000
91251  -48.828  23.443  15.316 0.0000000000
91252  -49.613  23.973  15.321 0.0000000000
91243  -52.120  23.935  16.016 0.0000000000
90539  -51.367  23.342  15.852 0.0000000000
90540  -52.368  23.269  15.804 0.0000000000
90550  -51.997  22.719  15.461 0.0000000000
90551  -52.710  22.943  15.233 0.0000000000
93370  -53.712  26.379  14.900 0.0000000000
92620  -53.476  25.741  15.378 0.0000000000
91270  -51.128  23.703  13.818 0.0000000000
91261  -52.317  23.795  14.629 0.0000000000
131117  -52.276  22.827  14.489 0.0000000000
90559  -52.203  22.283  14.335 0.0000000000
89885  -52.254  21.586  13.331 0.0000000000
89884  -51.214  22.303  13.169 0.0000000000
90582  -49.648  22.628  12.713 0.0000000000
89897  -50.232  22.076  12.442 0.0000000000
89180  -49.380  21.713  11.861 0.0000000000
138445  -49.082  20.908  10.850 0.0000000000
91293  -47.835  23.423  11.781 0.0000000000
90595  -48.111  22.460  11.908 0.0000000000
121740  -47.436  24.181  11.229 0.0000000000
118739  -50.275  26.347  10.651 0.0000000000
92660  -49.523  26.068  10.854 0.0000000000
136173  -49.235  26.071  10.216 0.0000000000
92664  -48.160  25.656  9.611 0.0000000000
92658  -48.241  25.440  10.446 0.0000000000
92657  -47.614  25.249  10.080 0.0000000000
141286  -47.121  25.121  9.720 0.0000000000
91974  -46.538  24.857  9.679 0.0000000000
92669  -47.313  25.573  8.616 0.0000000000
92686  -47.750  25.835  7.404 0.0000000000
135653  -47.098  25.647  7.934 0.0000000000
139893  -47.334  25.808  6.797 0.0000000000
122976  -46.677  25.729  6.593 0.0000000000
92698  -47.198  25.866  6.186 0.0000000000
84032  -49.935  14.756  -2.967 0.0000000000
85629  -49.763  16.258  -3.013 0.0000000000
87711  -40.761  19.505  14.351 0.0000000000
88447  -41.197  20.337  15.026 0.0000000000
88444  -41.576  21.107  15.454 0.0000000000
88445  -42.154  21.119  15.407 0.0000000000
88449  -42.647  20.741  14.829 0.0000000000
89132  -42.599  21.510  15.501 0.0000000000
89881  -40.635  22.078  12.930 0.0000000000
89883  -43.243  22.486  13.708 0.0000000000
89866  -43.078  22.153  14.755 0.0000000000
89133  -43.324  21.633  15.373 0.0000000000
89848  -43.543  21.880  15.189 0.0000000000
89849  -44.227  22.095  15.052 0.0000000000
90566  -45.283  23.210  13.631 0.0000000000
120933  -44.978  22.774  14.488 0.0000000000
90557  -45.596  22.931  14.524 0.0000000000
141944  -44.256  25.378  11.846 0.0000000000
91948  -44.625  25.014  12.030 0.0000000000
125709  -45.099  25.405  12.157 0.0000000000
133777  -46.932  25.257  13.150 0.0000000000
91940  -46.430  24.877  12.981 0.0000000000
91931  -48.173  24.703  14.222 0.0000000000
92617  -48.295  25.556  13.844 0.0000000000
93384  -48.457  27.120  13.299 0.0000000000
93368  -49.233  26.687  13.783 0.0000000000
135411  -49.722  27.166  13.711 0.0000000000
93369  -50.242  26.698  14.207 0.0000000000
94100  -49.780  27.611  13.439 0.0000000000
82011  -54.659  12.523  8.090 0.0000000000
81010  -54.144  11.776  9.348 0.0000000000
123103  -53.927  11.921  8.641 0.0000000000
80115  -52.741  11.298  9.235 0.0000000000
80097  -52.638  11.201  9.937 0.0000000000
80961  -53.942  11.956  12.516 0.0000000000
80962  -54.669  12.352  12.685 0.0000000000
80971  -54.379  12.040  12.043 0.0000000000
128147  -54.482  11.968  11.403 0.0000000000
80998  -54.601  11.941  10.678 0.0000000000
80057  -51.507  11.107  11.829 0.0000000000
80078  -52.607  11.238  11.278 0.0000000000
80096  -51.547  10.919  10.678 0.0000000000
80075  -50.259  10.637  11.453 0.0000000000
79205  -49.700  10.447  10.938 0.0000000000
79193  -49.500  10.548  11.680 0.0000000000
80034  -48.008  11.153  12.912 0.0000000000
80053  -48.431  10.854  12.368 0.0000000000
80033  -47.162  11.276  12.849 0.0000000000
80968  -46.013  11.695  12.446 0.0000000000
80957  -46.170  11.851  13.140 0.0000000000
81942  -47.355  13.015  14.913 0.0000000000
80934  -47.685  12.349  14.556 0.0000000000
81941  -46.529  13.104  14.751 0.0000000000
82941  -44.321  13.789  14.034 0.0000000000
81952  -45.379  12.871  13.929 0.0000000000
81960  -45.126  12.651  13.187 0.0000000000
82948  -44.069  13.600  13.284 0.0000000000
82947  -43.480  14.066  13.016 0.0000000000
82939  -43.049  14.435  13.521 0.0000000000
82874  -46.881  14.053  18.545 0.0000000000
82875  -47.715  14.244  18.622 0.0000000000
82877  -49.196  14.501  18.768 0.0000000000
83799  -47.175  15.032  19.251 0.0000000000
83767  -42.068  15.809  20.343 0.0000000000
83795  -43.250  14.988  19.408 0.0000000000
83768  -42.953  16.011  20.515 0.0000000000
84631  -45.462  17.162  20.852 0.0000000000
132200  -45.709  16.546  20.564 0.0000000000
83773  -47.511  16.142  20.086 0.0000000000
84655  -46.999  16.951  20.451 0.0000000000
84657  -48.495  16.978  20.133 0.0000000000
85427  -47.272  17.047  20.327 0.0000000000
85449  -46.854  17.176  19.940 0.0000000000
85471  -47.046  16.867  18.755 0.0000000000
84698  -47.325  16.331  17.798 0.0000000000
84697  -46.551  16.207  17.743 0.0000000000
84696  -45.755  16.168  17.745 0.0000000000
122641  -43.588  16.291  18.146 0.0000000000
84712  -43.630  15.755  17.060 0.0000000000
86210  -39.659  17.183  15.127 0.0000000000
86212  -39.875  17.242  14.526 0.0000000000
86215  -40.041  17.614  14.064 0.0000000000
86929  -39.627  18.913  15.123 0.0000000000
88430  -39.086  20.672  16.085 0.0000000000
87700  -39.482  20.444  16.078 0.0000000000
87696  -36.580  19.360  15.833 0.0000000000
88427  -36.980  19.783  15.688 0.0000000000
127084  -36.987  20.966  14.317 0.0000000000
89144  -37.730  21.080  14.137 0.0000000000
89162  -36.868  21.277  13.465 0.0000000000
89879  -37.223  21.571  12.605 0.0000000000
82096  -54.106  13.261  2.930 0.0000000000
82109  -54.135  12.825  1.270 0.0000000000
80127  -48.962  10.865  8.514 0.0000000000
80143  -49.981  11.077  7.715 0.0000000000
81070  -49.886  11.853  5.736 0.0000000000
82063  -48.677  12.560  4.678 0.0000000000
82078  -48.861  12.800  3.936 0.0000000000
82079  -49.543  12.425  3.614 0.0000000000
81115  -50.254  12.275  3.354 0.0000000000
81104  -50.838  12.221  3.817 0.0000000000
81116  -50.987  12.307  3.151 0.0000000000
81117  -51.754  12.479  2.871 0.0000000000
141418  -51.139  12.400  2.556 0.0000000000
122192  -52.151  12.909  0.591 0.0000000000
82119  -52.246  12.752  1.193 0.0000000000
83114  -52.729  14.017  -1.942 0.0000000000
83122  -52.742  14.450  -2.347 0.0000000000
84001  -49.254  15.424  0.612 0.0000000000
84002  -49.776  15.217  -0.032 0.0000000000
84880  -52.554  16.022  -2.685 0.0000000000
84892  -52.388  16.079  -3.201 0.0000000000
85625  -52.351  17.010  -2.720 0.0000000000
87089  -51.714  18.211  -1.171 0.0000000000
85624  -51.928  17.551  -2.726 0.0000000000
86346  -51.697  17.977  -2.127 0.0000000000
135395  -51.262  18.162  -2.032 0.0000000000
87717  -41.727  19.431  13.116 0.0000000000
86943  -41.783  18.458  12.075 0.0000000000
87720  -42.055  19.128  12.322 0.0000000000
87732  -43.157  19.084  11.406 0.0000000000
86948  -43.552  18.587  10.967 0.0000000000
86958  -43.856  17.983  10.566 0.0000000000
86949  -44.258  18.674  10.743 0.0000000000
138560  -46.240  18.152  10.473 0.0000000000
86951  -45.852  18.768  10.671 0.0000000000
139583  -45.991  17.705  10.354 0.0000000000
132629  -45.478  18.006  10.390 0.0000000000
85513  -46.303  16.601  10.119 0.0000000000
85515  -48.132  16.899  10.013 0.0000000000
85522  -47.689  16.226  9.634 0.0000000000
84797  -47.768  15.914  8.207 0.0000000000
85530  -48.387  16.373  8.528 0.0000000000
89854  -49.079  22.420  15.362 0.0000000000
89869  -48.658  22.019  14.888 0.0000000000
89156  -49.390  21.489  14.141 0.0000000000
88461  -49.392  20.474  12.979 0.0000000000
87728  -52.502  19.812  12.006 0.0000000000
87727  -51.778  19.594  12.150 0.0000000000
87740  -52.151  19.236  11.607 0.0000000000
86239  -50.925  18.016  9.928 0.0000000000
86954  -50.635  18.495  11.014 0.0000000000
86963  -50.281  18.069  10.450 0.0000000000
86953  -49.621  18.387  10.889 0.0000000000
86267  -49.358  17.289  7.438 0.0000000000
85537  -48.665  16.712  7.548 0.0000000000
85550  -48.197  16.864  5.476 0.0000000000
85551  -48.843  17.269  5.922 0.0000000000
85558  -48.873  17.367  5.139 0.0000000000
86306  -49.794  17.793  3.981 0.0000000000
87015  -52.353  19.703  6.338 0.0000000000
86998  -52.068  19.305  5.943 0.0000000000
87013  -52.087  19.704  5.194 0.0000000000
87047  -51.533  19.723  3.583 0.0000000000
87046  -51.493  19.525  3.830 0.0000000000
87056  -51.422  19.385  3.158 0.0000000000
86318  -51.497  18.875  2.655 0.0000000000
87071  -51.965  19.011  1.330 0.0000000000
87847  -51.750  19.143  1.963 0.0000000000
87070  -50.591  19.092  1.185 0.0000000000
87856  -51.453  19.263  0.774 0.0000000000
87080  -49.799  18.210  -0.009 0.0000000000
137972  -49.042  18.116  1.194 0.0000000000
87821  -49.022  19.411  4.902 0.0000000000
87029  -48.362  18.980  4.622 0.0000000000
87012  -47.444  18.721  4.947 0.0000000000
89187  -48.499  20.941  10.664 0.0000000000
88488  -48.043  20.685  10.281 0.0000000000
89193  -46.696  20.705  9.962 0.0000000000
123542  -46.949  20.262  9.440 0.0000000000
88512  -46.708  19.920  8.834 0.0000000000
90597  -44.948  22.950  10.077 0.0000000000
88511  -45.135  20.059  8.603 0.0000000000
87760  -46.013  19.670  8.343 0.0000000000
125440  -45.692  19.238  7.127 0.0000000000
86996  -43.890  18.807  6.496 0.0000000000
86995  -43.018  18.945  6.493 0.0000000000
123276  -41.902  19.647  6.791 0.0000000000
87787  -40.998  20.128  6.382 0.0000000000
89205  -41.739  21.413  7.458 0.0000000000
89929  -41.474  22.018  7.187 0.0000000000
89934  -40.398  21.970  5.799 0.0000000000
127922  -40.146  20.672  5.717 0.0000000000
92733  -44.918  25.350  2.512 0.0000000000
92024  -44.114  25.073  3.553 0.0000000000
92031  -44.368  25.010  2.815 0.0000000000
91357  -43.442  24.347  2.374 0.0000000000
84761  -42.001  16.107  11.893 0.0000000000
85500  -41.718  16.954  11.878 0.0000000000
86225  -42.126  17.458  11.458 0.0000000000
93406  -55.295  27.182  12.591 0.0000000000
93423  -54.910  26.736  11.165 0.0000000000
134765  -53.374  26.622  10.385 0.0000000000
139721  -54.048  26.465  9.611 0.0000000000
93440  -53.697  26.440  8.720 0.0000000000
91284  -37.804  23.848  11.252 0.0000000000
90587  -38.415  23.016  11.360 0.0000000000
82916  -50.052  13.937  16.032 0.0000000000
82915  -49.247  14.054  16.046 0.0000000000
83847  -47.747  14.823  16.276 0.0000000000
83826  -47.312  15.269  16.584 0.0000000000
86193  -36.572  17.427  17.486 0.0000000000
86203  -36.193  17.791  16.889 0.0000000000
80146  -52.566  11.572  7.977 0.0000000000
80145  -51.989  11.456  7.707 0.0000000000
137971  -51.381  11.343  7.417 0.0000000000
125063  -47.064  14.717  6.455 0.0000000000
83040  -47.270  14.070  5.233 0.0000000000
128064  -47.264  14.706  5.117 0.0000000000
83970  -47.346  15.182  4.751 0.0000000000
83971  -47.501  15.131  4.040 0.0000000000
84835  -47.704  15.847  3.672 0.0000000000
85564  -48.040  16.612  4.151 0.0000000000
89153  -46.236  21.420  14.512 0.0000000000
89137  -46.602  21.942  15.004 0.0000000000
88490  -52.222  20.231  10.728 0.0000000000
87764  -51.159  19.560  8.409 0.0000000000
88514  -48.663  19.748  8.916 0.0000000000
92675  -45.675  25.346  7.586 0.0000000000
91981  -45.189  24.984  8.141 0.0000000000
92674  -45.000  25.168  7.391 0.0000000000
91986  -43.759  24.707  7.181 0.0000000000
91979  -43.051  24.239  7.378 0.0000000000
128243  -43.671  24.853  6.475 0.0000000000
124401  -43.304  24.799  6.000 0.0000000000
92009  -43.531  25.014  5.351 0.0000000000
80073  -46.501  11.328  11.297 0.0000000000
141073  -46.986  11.078  10.946 0.0000000000
121418  -46.011  11.808  10.879 0.0000000000
80997  -45.652  12.521  10.360 0.0000000000
84778  -44.188  15.523  10.477 0.0000000000
82973  -45.124  14.083  10.283 0.0000000000
83906  -45.480  14.553  9.982 0.0000000000
130109  -46.409  14.720  9.151 0.0000000000
83908  -46.633  15.291  9.372 0.0000000000
84782  -46.786  15.972  9.746 0.0000000000
92608  -50.663  25.487  15.074 0.0000000000
91925  -50.309  24.710  15.306 0.0000000000
91926  -51.353  25.000  15.661 0.0000000000
91919  -52.353  24.609  15.960 0.0000000000
91920  -52.787  24.306  15.964 0.0000000000
92628  -51.381  25.344  13.651 0.0000000000
91933  -52.742  24.825  14.878 0.0000000000
91269  -50.142  23.477  13.348 0.0000000000
91279  -48.520  23.818  12.185 0.0000000000
91950  -48.620  24.591  11.902 0.0000000000
93428  -50.063  26.420  9.232 0.0000000000
93427  -49.346  26.236  9.535 0.0000000000
93437  -49.466  26.331  8.842 0.0000000000
92671  -48.781  26.005  9.074 0.0000000000
141232  -48.599  25.984  8.542 0.0000000000
92678  -48.431  25.988  8.010 0.0000000000
93444  -48.508  26.127  7.219 0.0000000000
136041  -48.611  26.261  6.598 0.0000000000
84040  -50.827  15.334  -3.345 0.0000000000
88443  -40.882  21.033  15.569 0.0000000000
89845  -41.491  21.843  15.185 0.0000000000
90578  -41.862  22.739  12.207 0.0000000000
89895  -42.035  22.288  13.292 0.0000000000
90564  -42.625  22.599  12.883 0.0000000000
90555  -43.930  22.728  13.531 0.0000000000
90556  -44.374  22.576  14.516 0.0000000000
91939  -45.824  25.374  12.387 0.0000000000
92639  -45.902  26.530  12.408 0.0000000000
93381  -46.651  26.794  12.713 0.0000000000
92626  -47.155  25.951  13.014 0.0000000000
92627  -47.799  26.092  13.299 0.0000000000
93383  -47.845  26.893  13.163 0.0000000000
94098  -47.819  27.540  13.007 0.0000000000
81026  -55.183  12.590  8.710 0.0000000000
136563  -54.799  12.162  9.272 0.0000000000
80099  -54.098  11.612  10.223 0.0000000000
118958  -53.396  12.041  13.189 0.0000000000
80969  -53.283  11.600  12.348 0.0000000000
80059  -53.158  11.384  11.722 0.0000000000
80039  -51.976  11.333  12.445 0.0000000000
137239  -51.273  11.196  12.422 0.0000000000
80055  -50.017  10.891  12.194 0.0000000000
80036  -49.695  11.137  12.908 0.0000000000
80024  -48.448  11.392  13.543 0.0000000000
80023  -47.582  11.446  13.495 0.0000000000
82929  -45.423  14.040  14.996 0.0000000000
81940  -45.743  13.263  14.584 0.0000000000
82928  -44.636  14.142  14.705 0.0000000000
83866  -43.302  14.583  14.219 0.0000000000
83865  -42.649  14.840  14.004 0.0000000000
84651  -43.357  17.077  21.127 0.0000000000
84630  -44.803  17.245  20.851 0.0000000000
84632  -45.816  17.212  20.786 0.0000000000
85426  -46.564  17.136  20.627 0.0000000000
141379  -45.591  17.343  20.579 0.0000000000
124414  -45.316  17.258  19.971 0.0000000000
84678  -45.504  16.774  18.779 0.0000000000
84695  -44.986  16.200  17.818 0.0000000000
84676  -44.068  16.829  19.150 0.0000000000
139727  -42.608  16.487  18.480 0.0000000000
85482  -39.535  17.084  15.893 0.0000000000
86209  -39.401  17.815  15.696 0.0000000000
86928  -39.355  18.685  15.730 0.0000000000
131409  -39.086  19.374  16.461 0.0000000000
87699  -38.938  20.058  16.448 0.0000000000
88429  -38.494  20.368  16.145 0.0000000000
82095  -54.020  13.362  2.999 0.0000000000
82093  -52.738  12.920  2.530 0.0000000000
80141  -48.443  11.237  7.955 0.0000000000
80157  -49.399  11.318  7.122 0.0000000000
80156  -48.643  11.382  7.250 0.0000000000
81053  -48.863  11.629  6.588 0.0000000000
81069  -49.076  11.914  5.915 0.0000000000
82091  -49.050  13.009  3.195 0.0000000000
82106  -50.797  12.557  2.011 0.0000000000
82129  -51.540  13.095  0.171 0.0000000000
84864  -49.777  16.240  0.334 0.0000000000
84865  -50.221  16.041  -0.438 0.0000000000
85611  -50.827  17.058  -0.238 0.0000000000
85612  -51.569  17.442  -1.072 0.0000000000
85613  -51.904  17.673  -1.846 0.0000000000
86339  -51.745  18.297  -0.651 0.0000000000
87083  -51.823  18.882  -0.022 0.0000000000
87722  -43.527  19.694  11.800 0.0000000000
88480  -44.270  19.884  11.606 0.0000000000
88482  -45.900  19.864  11.518 0.0000000000
137610  -46.633  18.788  10.772 0.0000000000
86249  -48.772  16.892  9.713 0.0000000000
88462  -50.798  20.467  13.174 0.0000000000
86956  -52.465  19.218  10.629 0.0000000000
86955  -51.775  18.759  10.991 0.0000000000
86964  -51.875  18.582  10.207 0.0000000000
86251  -50.147  17.586  9.495 0.0000000000
129350  -50.299  17.614  8.924 0.0000000000
86260  -50.032  17.539  8.208 0.0000000000
86273  -49.806  17.662  6.454 0.0000000000
87812  -52.032  19.830  5.200 0.0000000000
140536  -51.957  19.826  4.584 0.0000000000
87843  -51.391  19.403  2.913 0.0000000000
87846  -51.336  19.490  2.426 0.0000000000
87062  -50.600  19.331  1.963 0.0000000000
87069  -49.688  18.693  1.563 0.0000000000
87061  -49.629  18.853  2.300 0.0000000000
87820  -48.151  19.151  5.300 0.0000000000
89178  -47.104  21.577  10.933 0.0000000000
89190  -44.079  21.893  9.428 0.0000000000
136248  -44.591  21.630  9.751 0.0000000000
89191  -44.272  21.254  9.364 0.0000000000
88524  -44.483  19.823  8.018 0.0000000000
121746  -44.638  19.447  7.468 0.0000000000
88532  -42.018  20.108  7.223 0.0000000000
88521  -41.573  20.767  7.132 0.0000000000
90617  -41.240  23.084  6.319 0.0000000000
89928  -41.105  22.312  6.697 0.0000000000
122684  -40.790  22.493  6.019 0.0000000000
89941  -39.935  21.959  5.057 0.0000000000
90633  -39.979  22.488  4.454 0.0000000000
81973  -44.778  13.225  11.225 0.0000000000
82960  -43.887  14.016  11.693 0.0000000000
83884  -43.727  14.686  11.211 0.0000000000
84769  -43.647  15.340  10.820 0.0000000000
84768  -43.044  15.864  11.005 0.0000000000
138455  -44.184  16.123  10.382 0.0000000000
85511  -44.563  16.622  10.309 0.0000000000
93361  -53.573  26.430  15.310 0.0000000000
93371  -53.737  26.543  14.816 0.0000000000
119938  -54.772  26.982  12.877 0.0000000000
93404  -53.922  26.815  13.209 0.0000000000
93386  -52.876  26.439  13.404 0.0000000000
92654  -49.678  25.754  11.642 0.0000000000
119710  -50.577  26.454  9.912 0.0000000000
137052  -52.205  26.527  9.864 0.0000000000
118615  -51.391  26.557  9.896 0.0000000000
93429  -50.931  26.535  9.220 0.0000000000
93445  -51.093  26.542  8.079 0.0000000000
141159  -50.965  26.538  7.535 0.0000000000
122118  -39.232  21.783  12.992 0.0000000000
134814  -39.552  21.961  12.523 0.0000000000
89893  -39.942  22.172  12.200 0.0000000000
126734  -40.630  22.337  12.200 0.0000000000
90588  -39.185  23.210  11.301 0.0000000000
90576  -40.247  22.623  11.689 0.0000000000
90577  -41.008  22.713  11.884 0.0000000000
80938  -50.983  12.442  14.615 0.0000000000
80937  -50.204  12.374  14.622 0.0000000000
80936  -49.386  12.338  14.622 0.0000000000
81943  -48.198  12.940  15.043 0.0000000000
82931  -47.024  13.705  15.222 0.0000000000
82911  -46.023  14.319  15.438 0.0000000000
83842  -43.870  14.999  15.617 0.0000000000
83793  -41.610  14.825  19.210 0.0000000000
83766  -41.137  15.571  20.096 0.0000000000
84648  -40.590  16.444  20.981 0.0000000000
84649  -41.626  16.737  21.185 0.0000000000
84626  -41.097  17.359  21.327 0.0000000000
141402  -38.626  19.067  17.514 0.0000000000
138086  -38.624  19.312  17.230 0.0000000000
87686  -37.867  19.205  16.767 0.0000000000
87685  -36.965  18.965  16.331 0.0000000000
126694  -35.822  19.272  15.601 0.0000000000
82045  -47.767  12.610  5.774 0.0000000000
82090  -48.369  13.417  3.519 0.0000000000
83065  -48.631  13.658  2.784 0.0000000000
83077  -48.918  13.886  2.100 0.0000000000
83088  -49.109  14.199  1.395 0.0000000000
83992  -48.868  15.080  1.284 0.0000000000
84849  -48.774  15.860  1.724 0.0000000000
127343  -49.375  16.650  1.576 0.0000000000
88456  -44.494  20.523  13.144 0.0000000000
88457  -45.307  20.630  12.942 0.0000000000
88458  -46.183  20.706  12.733 0.0000000000
88471  -46.456  20.232  12.031 0.0000000000
139924  -47.149  20.061  11.911 0.0000000000
88464  -52.455  20.774  12.811 0.0000000000
87729  -52.635  19.938  11.708 0.0000000000
87741  -52.602  19.581  11.329 0.0000000000
88491  -52.643  19.890  10.712 0.0000000000
135033  -52.712  19.676  10.797 0.0000000000
86972  -52.346  19.133  9.726 0.0000000000
86987  -51.975  18.686  7.459 0.0000000000
121434  -52.296  19.845  6.011 0.0000000000
87822  -50.111  19.761  4.607 0.0000000000
121766  -49.750  19.637  5.166 0.0000000000
87795  -48.999  19.477  6.462 0.0000000000
87776  -46.984  19.350  7.269 0.0000000000
91296  -46.188  23.722  10.520 0.0000000000
90598  -45.571  23.186  10.339 0.0000000000
90603  -44.469  23.158  9.636 0.0000000000
91971  -44.754  24.547  8.739 0.0000000000
89911  -43.966  22.655  9.354 0.0000000000
89915  -43.597  22.179  9.099 0.0000000000
89914  -43.143  22.110  8.686 0.0000000000
89206  -42.356  21.434  7.957 0.0000000000
89921  -42.579  22.104  8.188 0.0000000000
90610  -42.320  22.880  7.807 0.0000000000
90609  -42.043  23.390  7.265 0.0000000000
91315  -42.363  24.025  6.731 0.0000000000
91314  -41.746  23.419  6.742 0.0000000000
91323  -41.717  23.751  6.105 0.0000000000
79217  -49.822  10.418  10.158 0.0000000000
79229  -49.881  10.472  9.369 0.0000000000
79228  -49.235  10.453  9.656 0.0000000000
80112  -48.727  10.655  9.166 0.0000000000
80093  -47.152  11.083  10.334 0.0000000000
80126  -48.238  11.074  8.652 0.0000000000
80140  -47.725  11.465  8.125 0.0000000000
81036  -47.321  12.040  7.698 0.0000000000
139069  -46.023  12.504  9.726 0.0000000000
81998  -45.809  13.150  9.724 0.0000000000
82010  -46.771  12.474  8.036 0.0000000000
82021  -47.016  12.723  7.350 0.0000000000
119564  -46.862  13.405  7.187 0.0000000000
83017  -46.930  13.985  6.802 0.0000000000
84812  -47.219  15.448  6.880 0.0000000000
84805  -47.626  15.947  7.316 0.0000000000
90547  -48.041  22.978  15.274 0.0000000000
90548  -49.548  22.896  15.512 0.0000000000
137987  -50.125  22.463  15.347 0.0000000000
91242  -50.767  23.925  15.778 0.0000000000
90549  -50.879  22.830  15.612 0.0000000000
89855  -51.254  22.261  15.178 0.0000000000
89871  -51.632  21.830  14.460 0.0000000000
92610  -53.386  25.682  15.473 0.0000000000
91927  -52.895  24.272  15.838 0.0000000000
91934  -53.000  23.947  15.575 0.0000000000
90560  -52.513  22.648  14.810 0.0000000000
89872  -52.047  21.895  13.849 0.0000000000
119657  -51.944  21.160  12.187 0.0000000000
89181  -50.868  21.009  11.403 0.0000000000
89188  -49.888  20.660  10.799 0.0000000000
89904  -48.508  21.938  11.735 0.0000000000
89179  -47.771  21.892  11.373 0.0000000000
90593  -46.814  22.792  11.107 0.0000000000
91291  -46.610  23.423  10.946 0.0000000000
92653  -49.111  25.583  11.305 0.0000000000
126456  -48.514  25.120  11.267 0.0000000000
140189  -47.244  24.511  10.833 0.0000000000
91297  -46.820  24.126  10.808 0.0000000000
91968  -46.289  24.424  10.202 0.0000000000
91973  -46.196  25.039  9.012 0.0000000000
92668  -46.605  25.409  8.461 0.0000000000
92676  -46.369  25.507  7.763 0.0000000000
92684  -46.164  25.582  7.054 0.0000000000
92697  -45.993  25.631  6.277 0.0000000000
142029  -45.675  25.631  5.821 0.0000000000
86938  -40.815  18.420  13.060 0.0000000000
87716  -41.023  19.117  13.390 0.0000000000
88453  -42.151  20.064  13.815 0.0000000000
88450  -43.419  20.780  14.409 0.0000000000
89865  -42.276  22.087  14.747 0.0000000000
89846  -42.194  21.763  15.447 0.0000000000
89150  -43.796  21.344  15.103 0.0000000000
89151  -44.564  21.402  14.921 0.0000000000
90543  -44.760  22.398  14.977 0.0000000000
90544  -45.276  22.514  15.123 0.0000000000
89850  -45.619  22.295  15.255 0.0000000000
124755  -46.564  22.564  15.290 0.0000000000
135381  -46.929  23.067  14.898 0.0000000000
91278  -44.498  24.167  12.198 0.0000000000
91267  -45.601  23.818  13.101 0.0000000000
121703  -45.903  24.484  12.822 0.0000000000
91268  -46.315  23.927  13.496 0.0000000000
91259  -46.929  23.712  14.216 0.0000000000
91249  -47.468  23.407  14.838 0.0000000000
91250  -48.112  23.857  14.783 0.0000000000
92618  -49.028  25.861  14.093 0.0000000000
92607  -49.627  25.331  14.674 0.0000000000
136028  -51.485  26.737  14.727 0.0000000000
94090  -51.603  27.382  14.228 0.0000000000
94101  -50.704  27.759  13.525 0.0000000000
81040  -54.073  12.233  8.059 0.0000000000
81024  -53.486  11.884  8.250 0.0000000000
80129  -52.906  11.507  8.495 0.0000000000
80113  -51.182  10.671  9.642 0.0000000000
141672  -53.577  11.403  10.544 0.0000000000
80079  -53.366  11.376  11.134 0.0000000000
80098  -52.959  11.253  10.540 0.0000000000
122784  -52.155  11.104  10.483 0.0000000000
123062  -51.589  10.874  10.152 0.0000000000
79218  -50.506  10.474  9.877 0.0000000000
79204  -48.970  10.445  11.162 0.0000000000
79203  -48.248  10.504  11.369 0.0000000000
79191  -48.130  10.626  11.888 0.0000000000
80074  -47.168  10.962  11.546 0.0000000000
80051  -46.656  11.288  12.134 0.0000000000
80967  -45.503  12.139  12.038 0.0000000000
81966  -45.018  12.624  12.390 0.0000000000
80947  -47.213  11.915  13.972 0.0000000000
80946  -46.454  12.060  13.804 0.0000000000
81953  -46.102  12.636  14.195 0.0000000000
80945  -45.752  12.299  13.534 0.0000000000
82955  -43.932  13.662  12.484 0.0000000000
124446  -42.504  14.952  12.664 0.0000000000
84755  -41.720  15.793  12.625 0.0000000000
85493  -40.329  17.267  13.447 0.0000000000
83812  -49.913  15.781  17.481 0.0000000000
82878  -50.061  14.275  18.679 0.0000000000
83802  -49.477  15.272  19.330 0.0000000000
83796  -44.095  14.864  19.255 0.0000000000
83797  -44.931  15.050  19.389 0.0000000000
135382  -45.171  15.886  20.214 0.0000000000
83771  -45.703  15.418  19.614 0.0000000000
83775  -48.989  16.300  19.973 0.0000000000
84658  -49.224  17.039  20.067 0.0000000000
85429  -48.748  17.245  19.986 0.0000000000
85450  -47.526  17.166  19.791 0.0000000000
85451  -48.118  17.237  19.852 0.0000000000
85452  -49.163  17.180  19.257 0.0000000000
122928  -49.541  16.651  18.253 0.0000000000
121196  -48.797  16.583  18.102 0.0000000000
83811  -49.184  15.820  17.388 0.0000000000
84717  -47.656  15.802  17.126 0.0000000000
84716  -46.917  15.750  17.020 0.0000000000
84714  -45.247  15.716  17.017 0.0000000000
83823  -44.803  15.398  16.524 0.0000000000
83822  -44.140  15.342  16.351 0.0000000000
142156  -42.770  15.253  15.836 0.0000000000
84673  -41.578  16.948  19.009 0.0000000000
122589  -41.948  16.256  17.988 0.0000000000
84692  -41.014  16.434  17.851 0.0000000000
84711  -42.037  15.721  16.843 0.0000000000
84730  -42.150  15.378  15.949 0.0000000000
86937  -40.308  18.015  13.501 0.0000000000
87710  -40.153  19.204  14.709 0.0000000000
88442  -40.132  20.755  15.829 0.0000000000
89129  -39.426  21.254  15.284 0.0000000000
88428  -37.702  20.018  15.911 0.0000000000
89145  -38.440  21.285  14.012 0.0000000000
89164  -38.523  21.552  13.188 0.0000000000
89880  -37.993  21.663  12.537 0.0000000000
89890  -37.599  22.032  12.080 0.0000000000
90575  -37.261  22.552  11.714 0.0000000000
89888  -36.056  22.224  12.276 0.0000000000
90574  -36.526  22.707  11.862 0.0000000000
90585  -36.974  23.320  11.460 0.0000000000
81127  -54.257  12.561  2.097 0.0000000000
124624  -54.070  12.955  2.275 0.0000000000
81136  -54.404  12.572  0.683 0.0000000000
81144  -54.432  12.505  0.094 0.0000000000
80144  -50.737  11.185  7.562 0.0000000000
80159  -50.989  11.464  6.893 0.0000000000
81055  -50.452  11.628  6.312 0.0000000000
81087  -48.495  12.320  5.434 0.0000000000
81088  -49.277  12.139  5.168 0.0000000000
120278  -50.725  12.162  4.419 0.0000000000
82140  -53.904  12.769  -1.061 0.0000000000
130295  -53.561  13.021  -1.571 0.0000000000
82158  -53.100  13.739  -2.277 0.0000000000
83130  -52.813  14.397  -2.819 0.0000000000
127977  -49.827  14.405  0.253 0.0000000000
83112  -50.404  14.459  -0.546 0.0000000000
84012  -51.075  14.842  -1.272 0.0000000000
84022  -52.077  14.993  -2.066 0.0000000000
84023  -52.766  14.980  -2.860 0.0000000000
84042  -52.627  15.260  -3.018 0.0000000000
84041  -52.046  15.325  -3.375 0.0000000000
84891  -51.567  16.071  -3.432 0.0000000000
86352  -52.180  17.247  -2.855 0.0000000000
85623  -51.620  17.309  -3.071 0.0000000000
85630  -51.066  16.682  -3.290 0.0000000000
120597  -50.628  17.142  -2.940 0.0000000000
86947  -42.580  17.999  11.263 0.0000000000
138569  -42.979  18.488  11.202 0.0000000000
86233  -44.216  17.318  10.376 0.0000000000
86234  -44.994  17.293  10.279 0.0000000000
87734  -44.644  19.317  11.114 0.0000000000
87735  -45.445  19.326  11.085 0.0000000000
89155  -48.169  21.533  14.196 0.0000000000
87724  -48.397  19.531  11.699 0.0000000000
87726  -50.554  19.441  12.104 0.0000000000
87737  -48.877  18.924  11.221 0.0000000000
86962  -48.738  18.161  10.627 0.0000000000
86237  -48.992  17.386  10.110 0.0000000000
122778  -48.801  16.685  9.174 0.0000000000
139906  -48.560  16.568  8.042 0.0000000000
85542  -48.105  16.449  7.001 0.0000000000
123834  -51.038  18.214  1.959 0.0000000000
86274  -51.113  18.331  6.534 0.0000000000
86293  -51.065  18.646  4.985 0.0000000000
87030  -51.776  19.605  4.455 0.0000000000
86307  -50.853  18.596  4.233 0.0000000000
138951  -51.843  18.712  1.503 0.0000000000
87077  -51.998  19.033  0.694 0.0000000000
87858  -51.912  19.022  0.353 0.0000000000
87076  -51.281  19.119  0.139 0.0000000000
87081  -50.866  18.547  -0.455 0.0000000000
87053  -47.963  18.375  3.664 0.0000000000
88496  -47.462  20.421  9.830 0.0000000000
88513  -47.621  19.927  9.097 0.0000000000
89185  -45.829  21.828  10.399 0.0000000000
89192  -45.829  21.060  9.954 0.0000000000
126403  -44.994  21.140  9.624 0.0000000000
88494  -45.478  20.537  9.315 0.0000000000
87806  -45.621  18.929  6.468 0.0000000000
123971  -45.161  18.599  5.808 0.0000000000
86997  -44.737  18.837  6.455 0.0000000000
87805  -42.167  19.130  6.434 0.0000000000
88531  -41.025  20.729  6.638 0.0000000000
89940  -39.327  21.534  4.530 0.0000000000
93467  -50.625  26.559  6.280 0.0000000000
93465  -48.412  26.291  5.918 0.0000000000
93464  -47.697  26.101  5.714 0.0000000000
92711  -46.925  25.944  5.507 0.0000000000
93481  -46.583  26.034  4.702 0.0000000000
92710  -45.756  25.770  4.697 0.0000000000
92728  -46.061  25.997  3.412 0.0000000000
92719  -45.372  25.716  3.915 0.0000000000
92709  -45.064  25.644  4.643 0.0000000000
92718  -44.490  25.425  4.212 0.0000000000
92017  -43.823  25.097  4.181 0.0000000000
92016  -43.200  24.888  4.599 0.0000000000
91349  -43.125  24.434  3.129 0.0000000000
92015  -42.780  24.507  3.924 0.0000000000
91340  -42.213  24.129  3.983 0.0000000000
79190  -47.714  10.602  11.616 0.0000000000
79238  -49.317  10.540  9.020 0.0000000000
80032  -46.519  11.476  12.822 0.0000000000
80054  -49.223  10.817  12.336 0.0000000000
80058  -52.647  11.360  12.067 0.0000000000
80076  -51.065  10.835  11.170 0.0000000000
80095  -51.065  10.668  10.367 0.0000000000
80950  -49.745  11.879  14.079 0.0000000000
80960  -52.679  11.597  12.800 0.0000000000
80972  -55.022  12.378  11.916 0.0000000000
81067  -47.729  12.285  6.390 0.0000000000
82023  -55.196  13.054  7.746 0.0000000000
82870  -42.843  14.227  18.531 0.0000000000
83769  -43.762  16.000  20.422 0.0000000000
83776  -49.774  16.461  20.008 0.0000000000
83800  -47.984  15.134  19.280 0.0000000000
83821  -43.386  15.289  16.118 0.0000000000
83825  -46.608  15.215  16.449 0.0000000000
83827  -48.393  14.988  16.568 0.0000000000
84629  -44.120  17.207  20.809 0.0000000000
84653  -44.994  16.781  20.798 0.0000000000
84656  -47.759  16.934  20.213 0.0000000000
84677  -44.781  16.782  18.902 0.0000000000
84718  -48.419  15.734  17.162 0.0000000000
84887  -52.432  16.335  -3.003 0.0000000000
85425  -45.191  17.315  20.780 0.0000000000
85473  -48.446  17.127  19.089 0.0000000000
85596  -49.743  16.676  1.018 0.0000000000
85631  -51.983  16.795  -3.249 0.0000000000
86202  -35.486  17.588  16.762 0.0000000000
86345  -50.633  18.094  -1.353 0.0000000000
86946  -42.084  18.102  11.624 0.0000000000
87064  -51.943  19.008  1.531 0.0000000000
87088  -51.514  18.376  -1.286 0.0000000000
87857  -51.873  19.060  0.449 0.0000000000
88477  -52.458  20.324  12.218 0.0000000000
89901  -38.706  22.427  11.587 0.0000000000
90589  -39.874  23.010  11.421 0.0000000000
91253  -52.872  23.563  15.555 0.0000000000
91301  -44.986  23.632  9.895 0.0000000000
91947  -43.816  25.788  11.762 0.0000000000
91987  -44.453  24.988  7.140 0.0000000000
92663  -47.515  25.482  9.318 0.0000000000
92667  -45.914  25.193  8.302 0.0000000000
92708  -43.915  25.238  4.791 0.0000000000
93382  -47.336  26.620  12.990 0.0000000000
93439  -50.455  26.480  8.556 0.0000000000
94078  -53.528  26.958  15.019 0.0000000000
121519  -43.459  24.800  3.735 0.0000000000
122260  -38.610  23.680  11.212 0.0000000000
123501  -46.185  11.950  10.120 0.0000000000
123930  -47.166  14.678  5.714 0.0000000000
128044  -46.114  25.749  5.479 0.0000000000
133754  -51.733  26.541  8.245 0.0000000000
134578  -52.116  17.206  -2.995 0.0000000000
135787  -51.985  19.051  0.605 0.0000000000
137466  -38.622  21.803  12.512 0.0000000000
138593  -50.170  15.383  19.461 0.0000000000
139848  -38.906  21.281  14.593 0.0000000000
140597  -49.479  23.375  15.537 0.0000000000
141217  -48.253  19.466  7.923 0.0000000000
142283  -47.806  17.084  20.154 0.0000000000
