#!ascii label  , from subject sub-v2s1x29891_ses-1 vox2ras=TkReg
1122
18939  35.262  -52.479  -8.034 0.6000000238
16172  27.627  -57.006  -9.309 0.6999999881
14737  28.405  -58.047  -11.285 0.6999999881
16874  29.894  -55.526  -8.744 0.8999999762
17536  30.824  -54.125  -9.006 0.8000000119
18227  31.812  -53.182  -8.801 0.8000000119
18952  35.480  -52.625  -8.900 0.6000000238
20470  35.808  -50.575  -8.576 0.6999999881
147033  36.138  -49.346  -8.804 0.6999999881
15438  27.215  -56.972  -8.268 0.6999999881
15434  26.628  -56.975  -7.599 0.6999999881
16175  28.229  -56.844  -10.993 0.6999999881
16182  29.082  -56.391  -11.907 0.6000000238
162095  29.369  -57.514  -11.783 0.6999999881
15452  29.882  -57.374  -11.400 0.6999999881
16174  30.373  -56.783  -11.117 0.8000000119
16884  31.646  -54.862  -10.856 0.8000000119
17544  31.206  -54.395  -9.879 0.8000000119
18238  32.214  -53.579  -9.657 0.8000000119
18954  34.139  -52.887  -8.502 0.6000000238
20477  36.184  -50.820  -9.270 0.6000000238
145313  36.492  -49.513  -9.397 0.6999999881
22138  35.851  -48.861  -8.401 0.6999999881
144819  27.660  -56.386  -8.366 0.5000000000
16156  26.582  -56.449  -6.904 0.6000000238
16880  28.327  -55.442  -9.724 0.4000000060
16171  28.200  -56.438  -9.964 0.6000000238
16893  28.686  -55.694  -11.413 0.5000000000
16187  30.465  -56.637  -11.935 0.6000000238
16181  30.551  -56.808  -11.678 0.8000000119
16890  32.053  -55.300  -11.664 0.6999999881
17553  32.125  -54.742  -11.067 0.6999999881
141449  34.340  -53.473  -10.253 0.6999999881
18963  36.350  -52.658  -10.124 0.5000000000
21317  36.859  -49.828  -10.022 0.6000000238
22147  37.062  -49.096  -9.999 0.6000000238
22137  36.420  -48.696  -9.094 0.6000000238
23918  36.153  -47.290  -8.552 0.5000000000
17520  27.432  -55.131  -6.688 0.5000000000
16149  26.433  -55.992  -6.223 0.6000000238
16151  24.988  -56.256  -5.636 0.6000000238
16862  27.519  -55.545  -7.233 0.5000000000
16892  29.323  -55.705  -11.875 0.5000000000
17566  31.615  -55.236  -12.065 0.6000000238
17557  32.628  -54.373  -11.756 0.6000000238
18248  34.093  -53.607  -11.152 0.6000000238
18246  35.759  -53.498  -10.901 0.5000000000
19715  36.650  -52.799  -10.923 0.5000000000
20484  37.152  -51.361  -10.860 0.6000000238
148270  37.426  -49.908  -10.671 0.6000000238
147553  36.973  -48.217  -9.663 0.5000000000
23927  37.248  -47.048  -9.638 0.5000000000
25808  36.806  -45.063  -8.969 0.5000000000
24845  36.359  -46.536  -8.648 0.5000000000
16859  26.172  -55.557  -5.585 0.5000000000
16142  25.405  -55.718  -5.292 0.5000000000
16875  28.260  -55.076  -8.826 0.5000000000
17554  28.195  -53.899  -10.385 0.4000000060
18250  28.237  -53.366  -10.751 0.3000000119
17561  28.453  -54.198  -10.946 0.4000000060
18261  30.793  -53.906  -11.721 0.3000000119
18987  29.944  -52.948  -11.216 0.3000000119
18269  31.051  -54.701  -12.124 0.5000000000
18259  32.614  -53.872  -11.824 0.5000000000
18983  34.016  -53.291  -11.370 0.5000000000
18981  36.111  -53.051  -11.752 0.5000000000
18972  36.724  -52.646  -11.553 0.5000000000
20495  37.538  -51.423  -11.695 0.6000000238
21332  38.157  -50.126  -11.523 0.6000000238
141859  37.602  -48.442  -10.342 0.5000000000
23938  37.865  -47.153  -10.230 0.5000000000
25821  37.386  -45.601  -9.536 0.5000000000
16849  26.511  -55.000  -5.372 0.5000000000
17503  27.311  -54.561  -6.230 0.5000000000
18218  27.832  -54.098  -7.408 0.5000000000
147803  27.867  -53.060  -9.351 0.4000000060
166734  28.116  -53.784  -9.882 0.5000000000
18974  28.200  -52.747  -10.550 0.4000000060
19733  29.333  -52.057  -10.942 0.3000000119
19730  32.264  -52.289  -11.019 0.3000000119
19728  33.960  -52.038  -11.111 0.4000000060
162356  35.946  -52.621  -11.900 0.5000000000
19736  36.760  -51.919  -12.106 0.4000000060
22155  38.260  -48.595  -11.047 0.5000000000
23009  39.184  -47.757  -11.686 0.5000000000
23937  38.480  -47.365  -10.833 0.5000000000
26762  36.929  -44.158  -8.911 0.5000000000
26776  37.520  -44.622  -9.521 0.4000000060
24869  37.993  -45.880  -10.092 0.5000000000
17488  25.743  -54.305  -4.530 0.5000000000
18185  27.176  -53.856  -5.878 0.5000000000
146090  27.578  -53.308  -7.073 0.5000000000
18958  27.746  -52.820  -8.158 0.4000000060
19720  28.369  -52.116  -10.235 0.4000000060
19718  29.490  -51.230  -10.724 0.3000000119
19731  31.087  -52.116  -10.954 0.3000000119
19729  33.176  -52.234  -11.071 0.4000000060
20497  35.059  -51.204  -11.398 0.4000000060
150144  36.302  -50.747  -12.149 0.4000000060
19727  34.745  -52.027  -11.379 0.4000000060
20503  36.651  -51.396  -12.261 0.4000000060
20505  37.860  -50.862  -12.686 0.5000000000
21339  38.824  -50.022  -12.725 0.5000000000
159551  38.592  -50.185  -12.259 0.6000000238
24875  39.229  -46.223  -11.030 0.4000000060
25833  38.623  -45.669  -10.454 0.5000000000
18901  27.022  -53.068  -5.553 0.4000000060
18945  27.758  -52.278  -7.972 0.4000000060
18923  27.494  -52.529  -6.760 0.4000000060
19700  28.691  -51.551  -8.849 0.4000000060
20479  29.295  -51.155  -10.199 0.4000000060
161818  30.448  -51.168  -10.886 0.4000000060
21325  32.916  -50.329  -10.574 0.4000000060
20487  33.271  -51.237  -10.642 0.4000000060
146764  34.488  -50.302  -11.027 0.4000000060
21333  35.493  -50.333  -11.601 0.4000000060
21342  37.153  -50.678  -12.535 0.5000000000
22173  38.605  -49.771  -12.977 0.5000000000
23023  39.615  -48.756  -13.210 0.6000000238
23942  39.896  -47.347  -12.167 0.5000000000
24882  40.704  -46.478  -12.856 0.4000000060
24874  39.958  -46.533  -11.729 0.4000000060
18870  26.558  -52.981  -4.756 0.4000000060
19691  28.007  -51.703  -7.508 0.4000000060
18900  27.288  -52.463  -6.027 0.4000000060
20465  28.548  -51.371  -8.032 0.4000000060
20499  30.354  -50.412  -10.911 0.4000000060
169772  34.274  -49.626  -11.027 0.4000000060
22163  35.546  -49.395  -11.620 0.4000000060
22170  37.159  -49.558  -12.521 0.4000000060
23017  37.644  -48.869  -12.738 0.5000000000
23958  39.256  -48.303  -13.436 0.4000000060
23022  39.983  -48.225  -13.203 0.6000000238
151961  27.256  -51.563  -5.263 0.4000000060
19682  28.038  -51.354  -6.849 0.4000000060
20464  29.053  -50.881  -7.750 0.4000000060
20478  29.706  -50.687  -9.695 0.4000000060
21328  30.052  -50.175  -10.882 0.4000000060
21337  31.184  -49.507  -11.211 0.4000000060
22165  33.044  -48.921  -11.218 0.5000000000
22164  34.116  -49.026  -11.170 0.4000000060
163019  34.906  -48.978  -11.373 0.3000000119
23019  36.005  -48.181  -11.623 0.3000000119
22171  36.221  -49.037  -11.933 0.4000000060
23959  38.563  -47.613  -13.316 0.4000000060
150631  39.379  -47.477  -13.599 0.4000000060
23026  39.992  -47.971  -13.532 0.5000000000
19633  26.705  -52.168  -4.483 0.4000000060
20463  29.678  -50.674  -8.474 0.4000000060
21327  30.314  -49.595  -10.808 0.4000000060
141291  30.839  -49.024  -11.247 0.3000000119
23013  32.399  -48.284  -11.549 0.3000000119
23011  34.567  -48.401  -11.342 0.3000000119
23944  35.301  -47.489  -11.344 0.3000000119
146573  37.061  -47.464  -11.949 0.3000000119
24892  38.745  -46.765  -13.206 0.4000000060
25859  39.278  -45.581  -13.760 0.4000000060
20439  28.127  -50.750  -5.868 0.3000000119
20451  28.945  -50.654  -6.955 0.3000000119
21311  30.252  -50.237  -9.122 0.3000000119
21319  30.698  -49.802  -9.618 0.3000000119
22168  31.006  -48.573  -11.449 0.3000000119
165200  32.148  -47.985  -11.828 0.3000000119
23945  33.517  -47.433  -11.479 0.4000000060
146450  34.013  -46.851  -11.378 0.4000000060
164748  34.741  -47.015  -11.291 0.3000000119
24877  36.228  -46.704  -11.352 0.3000000119
24885  37.358  -46.848  -11.987 0.3000000119
147930  38.308  -46.170  -12.659 0.4000000060
26815  38.724  -45.049  -13.169 0.4000000060
26814  39.321  -44.519  -13.903 0.4000000060
23946  32.470  -47.609  -11.763 0.4000000060
157752  34.339  -45.877  -11.323 0.4000000060
147741  35.095  -45.925  -11.140 0.4000000060
25846  36.371  -45.627  -11.119 0.3000000119
26808  37.803  -45.049  -11.812 0.4000000060
150236  37.907  -44.200  -11.775 0.4000000060
27740  38.385  -43.424  -12.806 0.4000000060
26807  38.311  -44.633  -12.404 0.4000000060
153074  38.640  -44.200  -13.065 0.4000000060
162940  35.569  -44.742  -10.811 0.4000000060
158425  36.696  -44.142  -10.860 0.5000000000
27728  37.299  -43.652  -11.239 0.4000000060
27741  37.963  -43.418  -12.012 0.4000000060
27746  39.348  -43.645  -14.075 0.3000000119
28677  37.999  -42.608  -12.469 0.3000000119
156908  30.066  -55.878  -9.510 0.8000000119
18965  35.205  -52.979  -9.357 0.6000000238
17543  31.911  -54.151  -10.309 0.6999999881
18966  34.563  -53.121  -9.360 0.6999999881
22997  36.486  -47.817  -9.071 0.6000000238
158200  28.531  -55.027  -10.998 0.4000000060
158023  28.879  -54.974  -11.370 0.4000000060
16897  31.967  -55.282  -11.807 0.6999999881
17552  32.776  -54.335  -11.558 0.6999999881
18235  35.157  -53.361  -10.114 0.6999999881
16870  28.125  -54.648  -8.066 0.5000000000
18257  33.933  -53.445  -11.263 0.5000000000
18985  32.072  -53.190  -11.501 0.4000000060
20501  37.627  -51.226  -12.244 0.6000000238
146512  38.916  -48.649  -11.754 0.5000000000
143433  39.393  -49.126  -12.829 0.6000000238
21326  31.982  -50.100  -10.829 0.3000000119
160083  37.385  -48.104  -12.388 0.4000000060
20427  27.449  -51.170  -4.731 0.4000000060
23943  36.235  -47.373  -11.511 0.3000000119
24876  36.809  -46.281  -11.384 0.3000000119
26799  37.231  -44.560  -11.251 0.3000000119
28681  38.455  -42.814  -13.365 0.3000000119
16839  28.550  -55.066  -4.283 0.6000000238
17476  28.723  -54.240  -3.523 0.6000000238
18077  31.609  -53.847  -0.704 0.6000000238
18076  32.351  -53.809  -0.718 0.6000000238
15392  27.564  -57.035  -4.240 0.5000000000
16134  28.027  -56.456  -4.379 0.6000000238
16148  28.825  -56.295  -5.964 0.6999999881
16848  28.732  -55.484  -5.013 0.6999999881
147548  28.119  -55.782  -3.878 0.6000000238
18152  29.272  -53.585  -4.042 0.6000000238
18138  29.264  -53.448  -3.137 0.6000000238
18843  30.468  -52.647  -3.084 0.6000000238
18121  30.806  -52.968  -1.804 0.6000000238
18102  31.982  -53.323  -1.124 0.6000000238
18825  33.178  -52.931  -1.451 0.6000000238
18823  35.061  -52.698  -1.303 0.6999999881
14666  27.617  -58.146  -5.217 0.6000000238
14677  28.418  -57.898  -6.296 0.6999999881
14657  27.273  -57.755  -4.532 0.5000000000
165920  28.359  -57.498  -5.845 0.6999999881
143814  28.320  -56.545  -5.016 0.6999999881
17502  29.305  -54.671  -5.890 0.6999999881
18167  29.340  -53.869  -4.948 0.6999999881
18857  30.528  -52.496  -3.746 0.5000000000
18840  32.952  -52.627  -2.043 0.6000000238
19610  33.911  -52.177  -2.379 0.6000000238
19598  34.851  -52.170  -1.586 0.6999999881
20384  35.063  -50.916  -2.133 0.6999999881
19608  36.373  -51.299  -1.959 0.6999999881
20382  36.560  -50.630  -2.312 0.6999999881
21307  43.083  -50.116  -8.252 0.4000000060
22112  41.162  -49.096  -6.209 0.5000000000
21257  39.794  -49.609  -5.128 0.6000000238
20406  38.971  -50.489  -4.134 0.6000000238
146256  37.434  -49.957  -3.088 0.6999999881
13183  25.035  -59.969  -7.933 0.5000000000
146088  26.437  -59.846  -7.180 0.5000000000
13154  27.235  -59.447  -7.771 0.6000000238
13128  26.565  -59.788  -6.494 0.5000000000
13963  28.227  -58.770  -7.564 0.6999999881
13964  27.596  -59.148  -7.118 0.5000000000
14678  27.959  -58.447  -5.876 0.6000000238
16160  29.184  -56.700  -7.470 0.6999999881
16154  29.005  -56.568  -6.665 0.6999999881
17519  29.468  -54.770  -6.641 0.6999999881
18151  29.784  -53.098  -4.602 0.6999999881
18854  32.795  -52.462  -2.850 0.6000000238
19621  33.750  -52.110  -3.188 0.6000000238
160909  34.517  -50.665  -2.721 0.6999999881
21217  35.917  -50.066  -2.465 0.6999999881
21226  36.858  -49.391  -3.078 0.6999999881
152304  38.346  -49.229  -3.970 0.6000000238
22071  37.802  -48.591  -3.840 0.6000000238
14010  24.130  -59.345  -10.904 0.5000000000
13240  23.362  -59.787  -10.131 0.4000000060
154428  25.938  -59.890  -9.722 0.5000000000
13261  24.663  -59.657  -10.759 0.5000000000
13209  26.261  -59.856  -8.668 0.5000000000
13236  26.896  -59.629  -10.506 0.6000000238
13208  27.184  -59.582  -8.706 0.6000000238
140574  29.068  -58.132  -9.085 0.6999999881
13980  28.301  -58.874  -8.632 0.6000000238
15433  29.119  -57.416  -7.869 0.6999999881
167093  29.456  -55.478  -7.439 0.6999999881
18899  30.307  -52.930  -5.798 0.6999999881
18867  31.963  -52.408  -4.591 0.6999999881
145751  31.720  -52.319  -3.801 0.6999999881
140700  33.572  -52.392  -4.173 0.6999999881
19630  33.998  -51.161  -3.477 0.6999999881
161511  34.195  -50.247  -3.386 0.8000000119
22058  36.125  -48.902  -3.166 0.6999999881
22947  40.225  -48.408  -5.569 0.5000000000
22932  39.087  -48.188  -4.759 0.6000000238
22917  36.948  -47.974  -3.754 0.6000000238
14732  22.662  -58.401  -10.216 0.4000000060
14729  25.230  -58.973  -10.828 0.6000000238
13260  25.646  -59.713  -10.795 0.6000000238
14007  26.684  -59.356  -11.036 0.6000000238
14005  28.109  -58.963  -10.858 0.6000000238
167980  29.043  -58.313  -10.474 0.6000000238
16164  29.635  -56.244  -8.960 0.6999999881
16869  29.433  -55.962  -8.000 0.6999999881
18216  30.262  -53.779  -7.479 0.6999999881
18199  30.128  -53.599  -6.796 0.6999999881
18944  31.139  -52.939  -7.212 0.8000000119
153756  31.576  -52.689  -6.436 0.8000000119
142505  32.726  -52.583  -5.355 0.6000000238
148327  34.023  -51.379  -4.323 0.6000000238
22920  34.655  -48.173  -4.329 0.8000000119
154376  35.434  -48.587  -3.359 0.6999999881
23896  41.409  -47.657  -6.210 0.5000000000
22931  39.743  -47.956  -5.160 0.6000000238
23854  37.045  -47.220  -4.085 0.6999999881
23884  40.863  -47.214  -5.881 0.6000000238
14710  24.270  -58.011  -9.265 0.5000000000
158509  23.050  -58.193  -8.223 0.4000000060
13967  22.316  -58.828  -7.075 0.4000000060
144553  25.405  -58.365  -10.266 0.5000000000
14721  23.820  -58.240  -10.141 0.5000000000
142202  26.729  -58.864  -10.900 0.6000000238
14727  27.283  -58.958  -10.922 0.6000000238
14020  28.537  -58.524  -11.117 0.6000000238
15443  29.666  -57.213  -10.457 0.6999999881
16868  29.737  -55.159  -7.978 0.8000000119
18215  30.826  -53.359  -7.765 0.8000000119
18921  32.556  -52.659  -6.681 0.6000000238
143245  34.331  -52.509  -5.987 0.6000000238
20425  34.243  -51.010  -5.064 0.6999999881
154155  34.321  -48.924  -5.320 0.6999999881
23871  35.632  -46.837  -4.492 0.6999999881
23867  39.200  -47.423  -4.907 0.6000000238
23869  37.271  -46.565  -4.418 0.6000000238
25753  38.219  -45.340  -5.109 0.6000000238
24807  40.215  -46.720  -5.556 0.6000000238
25752  39.115  -45.685  -5.136 0.6000000238
14698  25.322  -57.816  -8.004 0.5000000000
14700  24.181  -57.920  -7.519 0.5000000000
14689  23.355  -58.147  -6.710 0.5000000000
13956  22.159  -58.986  -6.190 0.5000000000
144621  26.564  -57.427  -8.351 0.5000000000
14708  25.908  -57.800  -8.634 0.5000000000
15446  27.441  -57.721  -10.358 0.6000000238
18942  32.897  -52.710  -7.485 0.6999999881
18941  33.844  -52.747  -7.627 0.6000000238
19681  34.836  -51.722  -6.550 0.6000000238
157076  34.703  -49.602  -6.701 0.6000000238
22948  34.583  -47.855  -5.692 0.6999999881
22113  34.656  -48.945  -6.614 0.6000000238
23886  34.794  -47.162  -5.532 0.6000000238
24794  36.763  -46.169  -4.662 0.6999999881
145727  41.489  -45.967  -6.172 0.5000000000
26720  39.324  -44.420  -5.631 0.4000000060
15430  25.467  -56.950  -6.708 0.5000000000
15424  24.146  -57.348  -6.244 0.5000000000
15411  23.256  -57.577  -4.946 0.5000000000
14661  22.374  -58.383  -4.121 0.5000000000
13899  21.780  -58.752  -3.615 0.5000000000
13876  20.961  -58.956  -2.333 0.5000000000
156797  35.473  -50.393  -7.879 0.6000000238
22126  34.957  -49.348  -7.224 0.6000000238
164468  35.033  -47.646  -7.149 0.4000000060
169289  35.252  -46.213  -5.868 0.5000000000
26723  36.105  -44.600  -5.918 0.4000000060
26703  38.433  -44.601  -5.464 0.4000000060
25769  36.750  -44.965  -5.369 0.5000000000
15422  25.231  -56.632  -6.207 0.6000000238
15409  24.080  -56.913  -5.489 0.5000000000
15395  23.222  -57.368  -4.391 0.5000000000
14650  22.388  -58.154  -3.287 0.5000000000
13875  21.657  -58.702  -2.293 0.5000000000
13858  21.279  -58.699  -1.627 0.5000000000
13859  20.036  -58.862  -1.197 0.4000000060
13847  18.709  -58.618  -0.380 0.5000000000
14596  18.008  -58.346  0.043 0.4000000060
14572  16.914  -57.872  0.579 0.4000000060
14573  16.027  -57.977  0.544 0.4000000060
22973  35.502  -48.292  -7.837 0.6000000238
23919  35.812  -46.693  -8.042 0.4000000060
26724  35.656  -44.844  -6.343 0.4000000060
26722  36.958  -44.304  -5.718 0.4000000060
16144  24.102  -56.422  -4.793 0.5000000000
158679  23.189  -57.178  -3.739 0.4000000060
14635  22.721  -57.702  -2.677 0.4000000060
14618  21.954  -58.304  -1.623 0.5000000000
14567  21.222  -57.920  0.273 0.4000000060
13825  19.952  -58.253  0.353 0.5000000000
14568  20.127  -57.718  0.843 0.4000000060
15293  19.149  -57.283  1.243 0.5000000000
14570  18.767  -58.266  0.360 0.5000000000
15295  17.666  -57.029  1.415 0.3000000119
14545  16.974  -57.187  1.365 0.3000000119
15283  15.788  -56.800  2.081 0.3000000119
24846  36.079  -45.943  -8.122 0.4000000060
16136  23.946  -56.203  -3.987 0.5000000000
15370  23.461  -56.621  -2.609 0.5000000000
15371  23.011  -57.172  -2.198 0.4000000060
16840  25.218  -54.702  -4.474 0.4000000060
16842  24.144  -55.620  -3.528 0.4000000060
16100  23.742  -56.067  -2.181 0.4000000060
16066  23.159  -56.535  -0.014 0.4000000060
17477  25.217  -54.193  -3.952 0.4000000060
16828  24.491  -54.961  -3.059 0.4000000060
16087  23.693  -56.078  -1.279 0.4000000060
17466  25.161  -53.875  -3.194 0.4000000060
16783  23.952  -55.471  -0.826 0.4000000060
16043  23.378  -55.997  0.218 0.4000000060
16025  22.401  -56.038  1.111 0.4000000060
16814  24.443  -54.971  -2.176 0.4000000060
18169  25.752  -53.813  -4.186 0.3000000119
17439  24.119  -54.689  -0.253 0.4000000060
168371  23.667  -55.023  0.478 0.4000000060
156829  22.561  -54.954  1.329 0.4000000060
18859  25.987  -53.035  -3.526 0.4000000060
17379  20.926  -54.674  1.403 0.4000000060
18039  21.034  -53.880  1.278 0.4000000060
148439  26.027  -52.880  -2.889 0.3000000119
18845  25.811  -52.999  -2.121 0.4000000060
144036  24.993  -53.694  -0.888 0.4000000060
17398  24.216  -54.013  0.279 0.4000000060
17377  23.392  -54.085  1.160 0.4000000060
148383  22.194  -54.285  1.359 0.4000000060
18037  23.446  -53.292  1.142 0.3000000119
19680  35.141  -52.165  -6.951 0.6000000238
15439  26.521  -57.766  -9.232 0.5000000000
22125  35.424  -49.085  -7.775 0.6000000238
25797  35.835  -45.289  -7.556 0.4000000060
157340  30.394  -53.468  -1.307 0.6000000238
19609  35.597  -51.384  -1.831 0.6999999881
160992  34.722  -49.721  -3.086 0.6999999881
21285  41.272  -49.714  -6.395 0.5000000000
22960  41.299  -48.452  -6.225 0.5000000000
21272  40.227  -49.973  -5.542 0.5000000000
22098  40.746  -48.791  -5.904 0.4000000060
22084  39.637  -48.817  -5.067 0.6000000238
13210  24.634  -59.882  -8.943 0.5000000000
18897  31.713  -52.517  -5.517 0.6999999881
22916  37.787  -47.775  -4.071 0.6000000238
13994  28.321  -58.945  -9.967 0.6000000238
140920  33.014  -52.571  -4.596 0.6999999881
20408  34.013  -50.483  -4.081 0.8000000119
22918  36.088  -48.225  -3.479 0.6999999881
14711  23.018  -58.066  -9.222 0.4000000060
149336  33.076  -52.681  -6.031 0.6000000238
18878  34.200  -52.467  -5.380 0.6000000238
22933  34.707  -47.624  -4.924 0.6999999881
23855  35.078  -47.439  -4.289 0.6999999881
24821  42.160  -46.322  -6.607 0.5000000000
23895  42.015  -47.282  -6.604 0.5000000000
23870  36.411  -46.689  -4.356 0.6999999881
161093  38.578  -46.874  -4.684 0.6000000238
18920  34.710  -52.405  -6.539 0.6999999881
20438  34.590  -50.995  -6.045 0.6999999881
22100  34.443  -49.399  -5.975 0.6999999881
24809  35.517  -46.024  -5.362 0.6000000238
24808  39.868  -45.916  -5.391 0.6000000238
25768  39.656  -45.177  -5.446 0.6000000238
14687  24.406  -57.639  -6.890 0.5000000000
14679  23.175  -58.102  -5.979 0.5000000000
13922  22.466  -58.532  -4.898 0.4000000060
21297  35.005  -50.162  -7.177 0.6000000238
23898  34.720  -47.374  -6.281 0.6000000238
14598  16.623  -58.077  -0.301 0.3000000119
165640  35.256  -46.232  -6.598 0.5000000000
27654  36.473  -43.881  -6.195 0.4000000060
14619  21.569  -58.375  -0.862 0.5000000000
14544  18.031  -57.660  1.083 0.4000000060
154264  15.712  -57.823  1.334 0.4000000060
18124  25.282  -53.647  -2.343 0.4000000060
18106  24.961  -53.969  -1.668 0.4000000060
9184  38.764  -63.875  -6.935 0.3000000119
10660  38.563  -62.666  -6.824 0.3000000119
14675  40.546  -57.179  -6.271 0.4000000060
15436  41.312  -57.000  -8.820 0.4000000060
14705  40.827  -58.064  -8.786 0.4000000060
14716  40.892  -58.071  -9.615 0.4000000060
16147  40.554  -55.930  -5.902 0.4000000060
16140  40.178  -56.531  -5.316 0.4000000060
16837  39.777  -55.558  -4.471 0.4000000060
16838  39.328  -55.361  -3.915 0.5000000000
16116  38.541  -56.355  -3.056 0.5000000000
16096  38.229  -55.857  -2.532 0.5000000000
16866  41.660  -54.998  -8.344 0.4000000060
16153  40.970  -56.336  -7.086 0.5000000000
153451  40.425  -56.693  -5.911 0.5000000000
16097  37.604  -56.065  -1.903 0.5000000000
145600  41.742  -55.605  -9.046 0.5000000000
140664  41.229  -56.698  -8.188 0.5000000000
16168  41.752  -56.136  -9.707 0.5000000000
15442  41.315  -57.435  -10.052 0.4000000060
15451  41.556  -57.349  -11.237 0.4000000060
14018  40.638  -58.686  -11.438 0.4000000060
14024  40.755  -59.130  -12.735 0.4000000060
13283  40.123  -60.385  -13.066 0.3000000119
12387  40.277  -61.125  -12.285 0.4000000060
18938  41.425  -52.964  -7.289 0.4000000060
18181  40.608  -53.527  -6.010 0.4000000060
18182  40.175  -53.426  -5.260 0.4000000060
18212  41.886  -53.133  -7.970 0.4000000060
17529  41.173  -54.364  -7.211 0.4000000060
153580  40.947  -53.962  -6.653 0.4000000060
17474  40.004  -54.170  -4.858 0.4000000060
17475  39.560  -54.051  -4.153 0.5000000000
16825  38.946  -55.164  -3.312 0.5000000000
157400  42.026  -53.643  -8.542 0.4000000060
153780  41.341  -54.797  -7.655 0.4000000060
150806  40.889  -55.799  -6.681 0.4000000060
18150  39.340  -53.374  -3.892 0.5000000000
17463  38.792  -54.300  -3.027 0.5000000000
16811  37.980  -55.196  -2.070 0.5000000000
169577  37.514  -53.924  -1.586 0.6000000238
18097  36.605  -53.401  -1.230 0.6000000238
16773  36.040  -54.794  -0.674 0.6000000238
19607  37.136  -51.277  -2.209 0.6000000238
19595  36.960  -51.911  -1.783 0.6000000238
18072  35.670  -54.015  -0.727 0.5000000000
14735  41.174  -58.064  -11.624 0.4000000060
18099  34.462  -53.284  -1.060 0.5000000000
14025  40.842  -59.635  -12.963 0.4000000060
13277  40.900  -60.195  -12.929 0.4000000060
12393  40.899  -60.657  -12.589 0.4000000060
156465  40.383  -52.213  -5.727 0.4000000060
19645  40.039  -51.700  -5.231 0.5000000000
18864  39.490  -52.678  -4.252 0.5000000000
19628  39.145  -52.037  -3.888 0.5000000000
18136  38.328  -53.485  -2.517 0.5000000000
19629  38.715  -51.457  -3.500 0.5000000000
168359  37.811  -53.165  -2.030 0.6000000238
19618  38.104  -51.085  -3.060 0.6000000238
141269  38.228  -51.910  -2.849 0.6000000238
9197  38.504  -64.554  -7.351 0.3000000119
10659  40.268  -62.275  -6.708 0.3000000119
13202  41.315  -60.099  -8.844 0.3000000119
19697  42.221  -52.350  -8.195 0.4000000060
19689  42.052  -51.614  -7.768 0.4000000060
20447  41.648  -51.189  -7.114 0.4000000060
18895  40.739  -52.729  -6.179 0.4000000060
19665  40.520  -51.390  -5.848 0.4000000060
161801  39.698  -51.281  -4.825 0.5000000000
20436  40.790  -50.441  -6.002 0.4000000060
20424  39.517  -50.690  -4.749 0.5000000000
18822  35.918  -52.786  -1.255 0.6000000238
18073  34.906  -53.894  -0.662 0.5000000000
20448  41.078  -51.225  -6.476 0.4000000060
16857  40.429  -55.122  -5.624 0.4000000060
16081  37.060  -55.789  -1.301 0.5000000000
12362  41.086  -60.442  -9.977 0.3000000119
18918  41.113  -52.517  -6.764 0.4000000060
18149  39.808  -53.384  -4.545 0.5000000000
18851  39.083  -52.725  -3.540 0.5000000000
18852  38.562  -52.723  -2.956 0.6000000238
23952  37.788  -47.539  -12.548 0.3000000119
9185  38.024  -63.947  -7.073 0.3000000119
9946  39.041  -63.137  -6.753 0.3000000119
9947  38.307  -63.285  -6.851 0.3000000119
11557  39.807  -61.526  -11.764 0.4000000060
11563  39.512  -61.459  -12.665 0.4000000060
12394  40.009  -61.013  -12.816 0.4000000060
12397  40.312  -60.652  -12.921 0.4000000060
13155  26.976  -59.601  -7.138 0.5000000000
13181  26.696  -59.721  -7.929 0.5000000000
13182  25.890  -59.925  -7.716 0.5000000000
13237  26.350  -59.780  -10.446 0.6000000238
13238  25.089  -59.868  -9.828 0.5000000000
13239  24.219  -59.820  -10.103 0.5000000000
13258  26.967  -59.442  -10.926 0.6000000238
13259  26.423  -59.563  -10.957 0.6000000238
13278  39.934  -60.220  -13.039 0.3000000119
13282  41.716  -59.546  -12.966 0.4000000060
13826  19.413  -58.526  0.042 0.5000000000
13845  20.178  -58.581  -0.308 0.5000000000
13846  19.400  -58.776  -0.769 0.4000000060
13939  27.317  -58.777  -5.529 0.6000000238
13942  22.611  -58.575  -5.678 0.5000000000
13953  27.583  -58.999  -6.240 0.6000000238
13955  22.787  -58.560  -6.475 0.5000000000
13965  27.157  -59.407  -6.564 0.5000000000
13966  22.944  -58.428  -7.319 0.4000000060
13973  27.716  -59.161  -8.151 0.6000000238
13981  27.728  -59.267  -9.342 0.6000000238
13993  28.702  -58.742  -10.707 0.6000000238
13995  27.533  -59.364  -10.539 0.6000000238
14006  27.378  -59.177  -10.883 0.6000000238
14008  25.847  -59.462  -11.095 0.6000000238
14009  24.974  -59.448  -11.056 0.6000000238
14021  27.940  -58.746  -10.999 0.6000000238
14543  18.798  -57.769  0.956 0.5000000000
14546  15.983  -57.390  1.641 0.3000000119
14569  19.421  -58.051  0.626 0.5000000000
14571  17.654  -57.946  0.641 0.4000000060
14593  21.732  -57.967  -0.115 0.4000000060
14594  20.770  -58.624  -0.999 0.5000000000
14595  20.593  -58.101  0.317 0.4000000060
14617  22.565  -57.789  -1.823 0.5000000000
14636  22.194  -58.218  -2.430 0.5000000000
14649  22.832  -57.771  -3.914 0.5000000000
14660  22.869  -57.949  -4.585 0.5000000000
14665  28.108  -57.807  -5.588 0.6000000238
14668  23.572  -57.542  -5.583 0.5000000000
14669  22.989  -58.037  -5.273 0.5000000000
14685  28.580  -58.202  -7.154 0.6999999881
14686  28.157  -58.647  -6.649 0.5000000000
14688  23.915  -57.869  -6.833 0.5000000000
14696  28.884  -57.913  -7.625 0.6999999881
14697  28.652  -58.394  -8.009 0.6000000238
14699  24.812  -57.731  -7.379 0.5000000000
14701  23.541  -58.108  -7.488 0.5000000000
14706  28.989  -58.014  -8.335 0.6999999881
14707  28.792  -58.566  -8.971 0.6000000238
14709  25.174  -58.021  -9.137 0.5000000000
14717  28.866  -58.492  -9.863 0.6000000238
14718  27.112  -58.349  -10.724 0.6000000238
14719  26.531  -58.242  -10.338 0.6000000238
14720  24.687  -58.350  -10.197 0.5000000000
14722  23.059  -58.084  -9.995 0.4000000060
14725  40.983  -58.042  -10.624 0.4000000060
14726  28.998  -58.276  -11.034 0.6000000238
14728  26.045  -58.876  -10.850 0.6000000238
14730  24.352  -58.908  -10.700 0.5000000000
14731  23.456  -58.738  -10.527 0.4000000060
14736  28.993  -57.944  -11.465 0.6000000238
15282  16.466  -57.025  1.670 0.3000000119
15294  18.517  -57.170  1.328 0.5000000000
15349  36.940  -56.587  -1.474 0.5000000000
15358  22.910  -57.213  -1.286 0.4000000060
15380  23.581  -56.587  -3.455 0.5000000000
15381  23.133  -57.128  -3.018 0.4000000060
15391  28.022  -56.960  -4.799 0.6999999881
15393  26.913  -57.375  -3.783 0.5000000000
15394  23.623  -56.807  -4.216 0.4000000060
15407  28.284  -57.167  -5.397 0.6999999881
15408  27.830  -57.499  -4.966 0.5000000000
15410  23.653  -57.102  -4.904 0.5000000000
15420  40.192  -57.355  -5.611 0.5000000000
15421  28.605  -57.076  -6.110 0.6999999881
15423  24.608  -56.774  -5.937 0.5000000000
15427  40.848  -57.111  -6.952 0.4000000060
15428  28.896  -57.435  -6.989 0.6999999881
15429  25.996  -56.990  -7.081 0.5000000000
15437  29.229  -57.518  -8.740 0.6999999881
15441  41.509  -56.874  -9.475 0.4000000060
15444  29.238  -57.777  -9.779 0.6000000238
15445  27.875  -57.337  -10.602 0.6999999881
15447  27.078  -57.757  -9.763 0.5000000000
15453  29.359  -57.797  -11.309 0.6999999881
15456  30.015  -57.275  -11.770 0.6999999881
15457  29.588  -57.635  -11.608 0.6999999881
15461  28.811  -57.648  -11.684 0.6999999881
16026  21.787  -56.169  1.245 0.4000000060
16044  22.871  -56.188  0.664 0.4000000060
16065  23.592  -56.071  -0.419 0.4000000060
16082  36.426  -56.127  -1.064 0.5000000000
16101  23.327  -56.609  -1.744 0.4000000060
16115  38.986  -55.916  -3.505 0.5000000000
16118  27.651  -56.351  -3.670 0.6000000238
16119  23.820  -56.090  -3.005 0.4000000060
16132  39.853  -56.343  -4.642 0.4000000060
16133  39.396  -56.142  -4.069 0.4000000060
16135  24.426  -55.745  -4.332 0.5000000000
16141  28.642  -56.076  -5.320 0.6999999881
16143  24.714  -55.971  -5.030 0.5000000000
16146  40.732  -56.513  -6.450 0.4000000060
16150  25.682  -56.129  -5.889 0.6000000238
16155  27.283  -56.288  -7.529 0.5000000000
16157  25.889  -56.529  -6.485 0.6000000238
16159  41.157  -56.111  -7.691 0.5000000000
16162  41.539  -56.365  -8.894 0.4000000060
16163  41.461  -55.861  -8.296 0.4000000060
16165  28.114  -56.022  -8.959 0.4000000060
16169  29.917  -56.477  -9.985 0.6999999881
16170  29.445  -56.973  -9.356 0.6999999881
16173  31.037  -56.286  -11.557 0.8000000119
16180  31.112  -56.190  -11.758 0.8000000119
16183  28.534  -56.511  -11.489 0.6000000238
16188  29.679  -57.003  -12.009 0.6999999881
16189  28.934  -57.105  -11.852 0.6000000238
16742  22.792  -55.546  1.085 0.4000000060
16743  22.130  -55.531  1.292 0.4000000060
16757  23.718  -55.494  0.015 0.4000000060
16758  23.307  -55.543  0.641 0.4000000060
16796  37.054  -55.164  -1.210 0.5000000000
16797  36.580  -55.370  -0.958 0.5000000000
16801  24.354  -54.927  -1.292 0.4000000060
16812  37.465  -55.240  -1.549 0.5000000000
16815  24.037  -55.497  -1.747 0.4000000060
16826  38.460  -55.102  -2.731 0.5000000000
16827  28.267  -55.059  -3.316 0.6000000238
16829  24.083  -55.512  -2.641 0.4000000060
16841  24.720  -54.970  -3.950 0.4000000060
16847  40.156  -55.741  -5.120 0.4000000060
16850  25.844  -55.032  -4.963 0.5000000000
16851  24.997  -55.312  -4.713 0.4000000060
16856  40.792  -55.158  -6.329 0.4000000060
16858  29.004  -55.500  -5.708 0.6999999881
16860  41.046  -55.114  -7.090 0.4000000060
16861  29.135  -55.843  -6.425 0.6999999881
16863  27.100  -55.819  -6.709 0.6000000238
16867  41.269  -55.421  -7.736 0.4000000060
16871  27.893  -55.566  -8.000 0.5000000000
16877  41.957  -55.377  -9.930 0.5000000000
16878  30.933  -55.110  -10.269 0.8000000119
16879  30.321  -55.266  -9.545 0.8000000119
16885  31.366  -55.411  -11.051 0.6999999881
16886  30.577  -55.936  -10.520 0.8000000119
16887  28.376  -55.793  -10.763 0.5000000000
16891  31.548  -55.709  -11.754 0.6999999881
16898  31.539  -55.669  -11.815 0.6999999881
16899  30.908  -55.939  -12.105 0.6000000238
16900  30.192  -55.871  -12.144 0.5000000000
17378  21.777  -54.866  1.366 0.4000000060
17399  23.798  -54.416  0.656 0.4000000060
17400  23.252  -54.886  1.055 0.4000000060
17413  35.226  -54.560  -0.548 0.5000000000
17418  31.301  -54.502  -0.490 0.6000000238
17421  24.593  -53.910  -0.302 0.4000000060
17434  37.240  -54.727  -1.329 0.6000000238
17435  36.770  -54.696  -1.027 0.6000000238
17438  24.665  -54.306  -1.014 0.4000000060
17449  38.208  -54.392  -2.289 0.5000000000
17450  37.668  -54.477  -1.669 0.6000000238
17453  24.815  -54.321  -2.537 0.4000000060
17462  39.254  -54.607  -3.724 0.5000000000
17467  24.834  -54.432  -3.378 0.4000000060
17485  40.310  -54.019  -5.554 0.4000000060
17486  29.035  -54.756  -5.084 0.6999999881
17487  26.398  -54.438  -4.997 0.5000000000
17500  40.648  -54.417  -6.039 0.4000000060
17501  29.695  -54.143  -6.372 0.6999999881
17504  26.894  -54.507  -5.581 0.5000000000
17518  40.934  -54.597  -6.669 0.4000000060
17528  41.697  -54.066  -7.867 0.4000000060
17530  29.999  -54.444  -7.785 0.8000000119
17531  29.588  -54.904  -7.301 0.6999999881
17532  27.818  -54.933  -7.329 0.5000000000
17537  30.213  -54.698  -8.674 0.8999999762
17538  28.199  -54.324  -8.804 0.5000000000
17545  30.625  -54.680  -9.486 0.8000000119
17546  28.258  -54.400  -9.632 0.4000000060
17551  33.172  -53.868  -11.424 0.6999999881
17558  32.357  -54.853  -11.777 0.6999999881
17559  30.121  -54.448  -11.763 0.5000000000
17560  29.143  -54.282  -11.343 0.4000000060
17565  32.193  -54.837  -11.949 0.6000000238
17567  30.649  -55.223  -12.151 0.6000000238
17568  29.665  -55.059  -11.814 0.5000000000
18038  22.671  -53.610  1.325 0.3000000119
18071  36.389  -54.081  -0.958 0.6000000238
18078  30.807  -53.917  -0.742 0.6000000238
18098  35.338  -53.366  -0.990 0.5000000000
18100  33.534  -53.477  -0.974 0.5000000000
18101  32.731  -53.369  -1.088 0.6000000238
18103  31.187  -53.344  -1.181 0.6000000238
18105  25.397  -53.404  -1.441 0.4000000060
18120  37.848  -53.793  -1.901 0.6000000238
18135  38.932  -53.419  -3.209 0.5000000000
18137  29.836  -52.853  -3.672 0.5000000000
18139  25.638  -53.341  -2.988 0.4000000060
18153  26.073  -53.299  -4.125 0.4000000060
18154  25.593  -53.571  -3.689 0.4000000060
18166  29.878  -53.339  -5.388 0.6999999881
18168  26.232  -53.773  -4.609 0.3000000119
18183  29.993  -53.455  -6.107 0.6999999881
18184  29.545  -53.960  -5.701 0.6999999881
18186  26.774  -53.805  -5.179 0.4000000060
18197  41.006  -53.226  -6.699 0.4000000060
18198  30.543  -53.239  -7.171 0.8000000119
18200  27.492  -53.934  -6.609 0.5000000000
18213  41.280  -53.675  -7.220 0.4000000060
18214  31.491  -52.980  -7.990 0.8000000119
18217  28.025  -53.875  -8.318 0.5000000000
18226  32.652  -53.140  -9.015 0.8000000119
18228  31.120  -53.480  -8.524 0.8000000119
18229  30.463  -53.921  -8.223 0.8000000119
18230  28.060  -53.687  -9.258 0.5000000000
18231  27.820  -53.215  -8.642 0.4000000060
18236  33.617  -53.223  -9.388 0.6999999881
18237  32.948  -53.518  -9.842 0.6999999881
18239  31.453  -53.693  -9.384 0.8000000119
18240  28.031  -53.283  -10.077 0.5000000000
18245  36.350  -53.207  -11.323 0.5000000000
18247  34.946  -53.557  -10.860 0.6999999881
18249  32.827  -54.083  -10.758 0.6999999881
18255  35.791  -53.336  -11.466 0.5000000000
18256  35.023  -53.382  -11.270 0.6000000238
18258  33.164  -53.830  -11.499 0.6000000238
18260  31.882  -53.901  -11.983 0.5000000000
18262  29.542  -53.643  -11.311 0.4000000060
18263  28.619  -53.479  -11.095 0.4000000060
18267  32.259  -54.290  -12.119 0.6000000238
18268  31.790  -54.566  -12.125 0.6000000238
18821  36.775  -52.632  -1.460 0.6000000238
18824  34.392  -52.589  -1.496 0.6999999881
18826  32.409  -52.897  -1.572 0.6000000238
18827  31.604  -52.851  -1.676 0.6000000238
18836  38.032  -52.625  -2.368 0.6000000238
18837  37.446  -52.591  -1.867 0.6000000238
18838  34.395  -52.022  -1.903 0.6000000238
18839  33.741  -52.481  -1.815 0.6000000238
18841  32.141  -52.614  -2.270 0.6000000238
18842  31.218  -52.622  -2.518 0.6000000238
18853  33.499  -52.388  -2.602 0.6000000238
18855  31.926  -52.397  -3.101 0.6000000238
18856  31.143  -52.415  -3.401 0.6000000238
18858  26.359  -52.520  -3.243 0.3000000119
18865  33.380  -52.398  -3.322 0.6999999881
18866  32.621  -52.362  -3.774 0.6999999881
18868  31.086  -52.372  -4.149 0.5000000000
18869  30.379  -52.588  -4.386 0.6999999881
18876  39.995  -52.600  -5.018 0.5000000000
18877  39.594  -51.930  -4.577 0.5000000000
18879  33.952  -52.335  -4.788 0.6999999881
18880  31.016  -52.468  -4.934 0.6999999881
18881  30.341  -52.756  -5.155 0.6999999881
18882  27.003  -52.212  -5.266 0.4000000060
18896  33.841  -52.646  -5.860 0.6000000238
18898  30.871  -52.652  -5.737 0.6999999881
18917  41.447  -52.331  -7.170 0.4000000060
18919  35.072  -52.481  -7.236 0.6000000238
18922  30.561  -52.901  -6.512 0.8000000119
18937  41.781  -52.388  -7.613 0.4000000060
18940  34.685  -52.677  -7.783 0.6999999881
18943  31.980  -52.770  -7.335 0.8000000119
18946  27.643  -52.733  -7.514 0.4000000060
18953  34.910  -52.777  -8.624 0.6000000238
18955  33.204  -52.826  -8.361 0.8000000119
18956  32.318  -52.886  -8.154 0.8000000119
18957  27.901  -52.551  -8.821 0.4000000060
18964  35.845  -53.099  -9.900 0.6999999881
18967  28.051  -52.618  -9.772 0.4000000060
18973  28.563  -52.323  -10.848 0.4000000060
18979  37.108  -51.747  -12.111 0.4000000060
18980  36.529  -52.853  -11.705 0.5000000000
18982  34.524  -53.273  -11.349 0.5000000000
18984  32.998  -53.064  -11.402 0.4000000060
18986  31.023  -53.060  -11.371 0.3000000119
18988  28.914  -52.833  -11.129 0.3000000119
18989  28.404  -52.909  -10.932 0.3000000119
18994  36.229  -52.616  -11.998 0.4000000060
19596  36.192  -51.966  -1.553 0.6999999881
19597  35.422  -52.060  -1.521 0.6999999881
19606  37.610  -51.936  -2.242 0.6000000238
19617  38.791  -52.164  -3.302 0.6000000238
19619  37.728  -51.361  -2.578 0.6000000238
19620  34.149  -51.543  -2.869 0.6999999881
19631  33.864  -52.017  -4.094 0.6000000238
19646  34.175  -52.011  -4.928 0.6000000238
19647  27.058  -51.715  -4.798 0.4000000060
19664  40.864  -51.992  -6.302 0.4000000060
19666  34.514  -51.975  -5.774 0.6000000238
19667  27.424  -51.768  -5.908 0.4000000060
19678  41.645  -51.882  -7.306 0.4000000060
19679  41.294  -51.862  -6.861 0.4000000060
19683  27.661  -51.816  -6.711 0.4000000060
19690  35.373  -51.978  -7.568 0.6000000238
19692  27.663  -52.183  -7.300 0.4000000060
19698  35.872  -51.441  -8.884 0.6999999881
19699  35.652  -52.092  -8.409 0.6000000238
19706  36.303  -51.742  -9.646 0.6000000238
19707  35.988  -52.367  -9.235 0.6000000238
19708  28.764  -51.599  -9.767 0.4000000060
19709  28.271  -52.036  -9.337 0.4000000060
19714  37.079  -51.912  -11.094 0.5000000000
19716  32.519  -51.561  -10.659 0.4000000060
19717  31.478  -51.267  -10.680 0.4000000060
19719  28.915  -51.702  -10.547 0.3000000119
19725  37.128  -51.933  -11.841 0.5000000000
19726  35.544  -52.087  -11.787 0.4000000060
19732  29.967  -51.513  -10.906 0.4000000060
19737  36.230  -52.028  -12.031 0.4000000060
20383  35.741  -50.717  -2.177 0.6999999881
20393  37.958  -50.389  -3.231 0.6000000238
20394  37.405  -50.655  -2.709 0.6000000238
20407  38.487  -50.744  -3.578 0.6000000238
20423  39.817  -50.224  -5.105 0.5000000000
20437  40.078  -50.815  -5.348 0.5000000000
20440  27.587  -51.134  -5.541 0.3000000119
20449  35.153  -51.632  -7.065 0.6000000238
20450  34.900  -50.945  -6.803 0.6000000238
20452  28.320  -50.912  -6.562 0.4000000060
20453  27.797  -51.248  -6.243 0.4000000060
20461  42.083  -50.825  -7.598 0.4000000060
20462  35.269  -51.048  -7.441 0.6000000238
20471  29.242  -51.150  -9.210 0.4000000060
20485  37.048  -50.528  -10.394 0.6000000238
20486  33.709  -50.542  -10.655 0.4000000060
20488  32.264  -50.823  -10.588 0.4000000060
20489  29.692  -50.621  -10.665 0.4000000060
20494  38.123  -50.739  -12.157 0.6000000238
20496  35.856  -51.314  -11.971 0.4000000060
20498  31.110  -50.215  -10.918 0.3000000119
20500  29.854  -50.690  -10.865 0.4000000060
20502  37.232  -51.314  -12.354 0.5000000000
20504  38.212  -50.778  -12.574 0.6000000238
21216  36.723  -49.997  -2.697 0.6999999881
21218  35.172  -50.217  -2.468 0.6999999881
21227  36.069  -49.497  -2.830 0.6999999881
21228  35.410  -49.692  -2.752 0.6999999881
21241  38.915  -49.677  -4.257 0.6000000238
21242  38.322  -49.985  -3.712 0.6000000238
21243  37.684  -49.385  -3.456 0.6999999881
21244  34.253  -49.632  -3.857 0.8000000119
21258  39.386  -50.026  -4.719 0.6000000238
21259  34.117  -49.897  -4.704 0.8000000119
21271  40.759  -49.537  -5.918 0.5000000000
21273  34.351  -50.145  -5.581 0.6999999881
21286  34.636  -50.196  -6.403 0.6000000238
21296  35.325  -49.728  -7.675 0.6000000238
21300  29.653  -50.405  -7.412 0.3000000119
21308  36.140  -50.012  -8.975 0.6999999881
21309  35.725  -49.700  -8.308 0.6999999881
21318  36.522  -50.265  -9.670 0.6000000238
21320  30.030  -50.212  -10.324 0.4000000060
21334  34.832  -49.574  -11.260 0.4000000060
21335  33.584  -49.729  -10.835 0.4000000060
21336  32.308  -49.489  -11.055 0.3000000119
21338  30.516  -49.589  -11.019 0.4000000060
21340  38.613  -50.404  -12.598 0.5000000000
21341  37.944  -50.250  -12.895 0.5000000000
21343  36.288  -49.933  -12.106 0.4000000060
21344  38.410  -50.419  -12.760 0.5000000000
22057  36.936  -48.724  -3.421 0.6000000238
22059  35.356  -49.156  -3.079 0.6999999881
22072  34.697  -48.835  -3.655 0.6999999881
22085  38.906  -48.920  -4.459 0.6000000238
22086  38.434  -48.311  -4.276 0.6000000238
22099  40.224  -49.194  -5.553 0.4000000060
22111  41.699  -49.000  -6.648 0.5000000000
22149  31.016  -49.419  -9.962 0.3000000119
22156  37.827  -49.241  -10.903 0.6000000238
22157  30.714  -49.012  -10.769 0.3000000119
22158  30.756  -49.098  -11.195 0.3000000119
22161  39.515  -48.716  -12.470 0.6000000238
22162  38.625  -49.449  -11.820 0.5000000000
22166  32.034  -48.785  -11.454 0.4000000060
22167  31.245  -48.891  -11.461 0.3000000119
22169  39.049  -49.815  -12.594 0.6000000238
22172  39.139  -49.430  -12.877 0.6000000238
22174  38.349  -49.154  -13.060 0.5000000000
22919  35.218  -48.048  -3.754 0.6999999881
22946  40.810  -48.029  -5.891 0.5000000000
22959  41.864  -48.128  -6.624 0.5000000000
22961  34.660  -48.151  -6.505 0.6000000238
22974  35.007  -48.578  -7.213 0.6000000238
22985  35.999  -48.074  -8.488 0.6999999881
22996  37.422  -47.709  -10.008 0.5000000000
23003  38.549  -48.023  -11.143 0.5000000000
23004  38.042  -47.874  -10.564 0.5000000000
23010  35.405  -48.665  -11.537 0.3000000119
23012  33.540  -48.177  -11.366 0.4000000060
23014  31.363  -48.268  -11.824 0.3000000119
23016  39.726  -48.656  -12.987 0.6000000238
23018  36.881  -48.601  -12.153 0.4000000060
23020  31.433  -47.615  -12.065 0.3000000119
23024  38.997  -49.039  -13.164 0.5000000000
23025  38.257  -48.384  -13.073 0.4000000060
23853  37.880  -47.059  -4.320 0.6999999881
23866  39.795  -47.263  -5.227 0.6000000238
23868  38.522  -47.602  -4.482 0.6000000238
23872  35.074  -46.990  -4.896 0.6999999881
23885  40.273  -47.610  -5.576 0.6000000238
23897  34.984  -46.940  -6.691 0.6000000238
23909  35.340  -46.839  -7.337 0.4000000060
23950  40.244  -47.656  -12.970 0.6000000238
23951  39.926  -48.200  -12.672 0.5000000000
23953  32.971  -46.898  -11.833 0.4000000060
23957  40.288  -47.648  -13.430 0.6000000238
23960  40.406  -47.338  -13.647 0.5000000000
24791  39.349  -46.574  -5.068 0.6000000238
24792  38.465  -46.139  -4.858 0.6000000238
24793  37.532  -45.928  -4.779 0.6000000238
24795  36.013  -46.133  -4.838 0.6999999881
24796  35.451  -46.498  -4.970 0.6999999881
24810  35.107  -46.577  -5.432 0.6000000238
24822  40.907  -46.406  -5.897 0.5000000000
24823  34.937  -46.725  -6.054 0.6000000238
24835  35.595  -46.062  -7.431 0.4000000060
24855  37.616  -46.420  -9.883 0.5000000000
24856  36.925  -46.317  -9.253 0.5000000000
24868  38.933  -46.946  -11.061 0.5000000000
24878  35.426  -46.722  -11.252 0.3000000119
24879  34.625  -46.445  -11.271 0.4000000060
24883  40.400  -46.897  -12.504 0.4000000060
24884  38.078  -46.830  -12.606 0.3000000119
24886  36.747  -46.955  -11.593 0.3000000119
24891  39.324  -46.503  -13.615 0.4000000060
25754  37.355  -45.310  -5.090 0.6000000238
25755  36.689  -45.617  -4.987 0.6999999881
25767  40.295  -45.400  -5.720 0.6000000238
25770  35.954  -45.353  -5.399 0.6000000238
25771  35.494  -45.556  -5.997 0.5000000000
25783  35.532  -45.406  -6.799 0.4000000060
25809  36.559  -45.806  -8.739 0.5000000000
25820  38.055  -45.202  -10.019 0.5000000000
25845  37.097  -45.424  -11.301 0.3000000119
25847  35.660  -45.394  -11.007 0.4000000060
25852  38.288  -45.446  -12.478 0.4000000060
25853  37.704  -46.023  -11.984 0.3000000119
25860  38.775  -45.906  -13.111 0.4000000060
26702  38.980  -45.043  -5.339 0.4000000060
26704  37.590  -44.758  -5.358 0.5000000000
26719  40.149  -44.678  -5.779 0.6000000238
26721  37.781  -44.105  -5.666 0.4000000060
26775  37.981  -44.065  -9.829 0.4000000060
26800  36.374  -44.867  -10.913 0.5000000000
27747  38.830  -43.605  -13.574 0.3000000119
140187  34.556  -51.390  -2.226 0.6000000238
140310  35.120  -48.066  -11.384 0.3000000119
140641  27.323  -53.180  -6.323 0.4000000060
141349  16.491  -57.583  1.194 0.3000000119
141430  41.204  -57.530  -9.166 0.4000000060
141485  37.627  -50.725  -11.253 0.6000000238
141517  34.299  -48.980  -4.540 0.6999999881
141522  34.470  -48.335  -5.075 0.6999999881
141539  35.570  -51.245  -8.139 0.6000000238
141733  34.402  -47.619  -11.330 0.3000000119
141807  34.437  -52.674  -7.002 0.6000000238
142057  34.231  -49.437  -5.216 0.6999999881
142142  29.381  -57.843  -10.767 0.6999999881
142697  29.278  -56.000  -7.120 0.6999999881
142740  24.599  -57.936  -8.234 0.5000000000
143142  33.545  -53.673  -10.507 0.6999999881
143244  38.397  -46.522  -10.484 0.5000000000
143416  25.409  -57.402  -7.228 0.5000000000
143446  28.458  -51.127  -7.272 0.4000000060
143978  27.231  -59.558  -9.773 0.6000000238
144003  34.468  -48.593  -5.874 0.6999999881
144023  34.188  -51.206  -11.022 0.4000000060
144137  33.625  -52.579  -5.104 0.6000000238
144220  23.655  -57.798  -6.257 0.5000000000
144825  17.320  -58.101  0.087 0.4000000060
144869  24.861  -57.195  -6.636 0.5000000000
145155  41.487  -46.807  -6.226 0.5000000000
145217  35.342  -52.970  -11.629 0.5000000000
145482  26.912  -55.266  -6.003 0.5000000000
145510  20.369  -54.161  1.260 0.4000000060
145744  34.969  -51.590  -1.803 0.6999999881
145757  26.696  -59.781  -9.490 0.6000000238
145948  25.976  -57.469  -7.775 0.5000000000
146018  21.365  -58.917  -2.961 0.5000000000
146451  23.745  -58.012  -8.458 0.5000000000
147225  41.045  -56.722  -7.520 0.5000000000
147539  26.377  -52.673  -3.989 0.4000000060
147777  33.599  -52.705  -6.702 0.6999999881
148545  25.481  -59.903  -8.764 0.5000000000
148623  35.923  -46.121  -11.163 0.3000000119
148724  37.338  -53.357  -1.572 0.6000000238
148814  35.616  -47.475  -7.929 0.6000000238
148855  32.312  -52.592  -6.017 0.6000000238
148910  29.807  -52.938  -2.746 0.6000000238
150101  21.891  -58.596  -2.904 0.5000000000
150105  39.335  -49.415  -4.754 0.6000000238
150135  30.253  -52.317  -11.049 0.3000000119
150220  36.639  -47.093  -9.126 0.6000000238
150361  29.849  -54.284  -7.057 0.6999999881
151078  36.614  -51.089  -10.044 0.6000000238
151122  28.395  -55.913  -4.648 0.6000000238
151858  36.004  -47.418  -3.922 0.6999999881
151966  36.724  -52.008  -10.465 0.5000000000
151978  34.116  -51.883  -2.471 0.6000000238
152151  33.848  -52.938  -1.350 0.6000000238
152295  21.028  -58.299  -0.252 0.5000000000
152399  39.359  -62.347  -6.737 0.3000000119
152497  38.559  -43.920  -5.725 0.4000000060
152502  40.346  -52.892  -5.642 0.4000000060
152694  24.681  -54.517  -1.736 0.4000000060
152758  28.144  -51.907  -8.422 0.4000000060
152841  28.976  -54.307  -4.373 0.6000000238
153101  40.058  -54.985  -4.942 0.4000000060
153403  41.059  -55.741  -7.268 0.4000000060
153466  39.224  -51.270  -4.200 0.5000000000
154277  21.528  -54.256  1.351 0.4000000060
154695  18.253  -58.019  0.653 0.4000000060
154708  29.354  -55.376  -6.865 0.6999999881
155346  28.367  -54.728  -10.479 0.4000000060
155418  37.116  -54.086  -1.292 0.6000000238
155686  28.489  -57.337  -11.511 0.6999999881
155841  33.895  -52.943  -11.339 0.4000000060
156127  39.688  -54.790  -4.321 0.5000000000
156198  22.560  -58.224  -8.894 0.4000000060
156944  29.323  -56.784  -8.362 0.6999999881
157456  41.110  -58.467  -12.487 0.4000000060
157591  36.732  -47.942  -11.899 0.3000000119
157729  20.536  -58.903  -1.726 0.5000000000
157763  17.297  -57.584  1.074 0.4000000060
158007  29.794  -56.400  -12.119 0.6000000238
158690  27.043  -57.387  -8.899 0.5000000000
159635  39.219  -49.251  -12.375 0.6000000238
160207  19.459  -57.622  1.029 0.5000000000
160429  37.994  -49.566  -12.944 0.5000000000
160728  38.631  -55.679  -3.049 0.5000000000
160809  34.160  -46.344  -11.350 0.4000000060
160829  36.787  -52.324  -11.867 0.4000000060
161677  34.233  -52.659  -6.395 0.6999999881
161828  36.302  -53.256  -10.661 0.6999999881
162071  39.437  -46.943  -11.486 0.5000000000
162136  36.887  -45.698  -9.137 0.5000000000
162180  29.047  -51.112  -8.445 0.4000000060
162355  23.518  -58.009  -9.489 0.4000000060
162672  40.624  -57.644  -6.610 0.4000000060
162772  22.853  -54.391  1.286 0.4000000060
162804  29.251  -55.238  -6.302 0.6999999881
162853  30.886  -48.739  -11.257 0.3000000119
163029  38.297  -43.964  -12.370 0.4000000060
163056  27.754  -58.235  -11.028 0.6000000238
163119  38.172  -44.559  -10.040 0.4000000060
163313  39.193  -53.954  -3.594 0.5000000000
163654  42.494  -51.729  -8.315 0.4000000060
163837  25.913  -58.081  -9.771 0.5000000000
164296  35.992  -53.523  -1.015 0.6000000238
164362  27.769  -53.344  -7.843 0.5000000000
164377  27.603  -54.545  -6.833 0.5000000000
164762  40.286  -54.541  -5.412 0.4000000060
164874  22.860  -57.580  -3.340 0.5000000000
165173  40.368  -57.726  -6.167 0.4000000060
165336  39.194  -61.648  -11.999 0.4000000060
165458  33.170  -54.123  -11.207 0.6999999881
165747  38.854  -50.997  -3.839 0.5000000000
165824  38.381  -48.769  -4.131 0.6000000238
166219  35.741  -45.061  -5.912 0.4000000060
166851  41.586  -53.469  -7.566 0.4000000060
167033  28.526  -56.636  -5.567 0.6999999881
167143  23.867  -56.117  -3.515 0.5000000000
167296  26.740  -59.751  -8.649 0.5000000000
167324  33.368  -52.679  -5.575 0.6000000238
167335  37.965  -46.496  -4.578 0.6000000238
168110  24.463  -56.438  -5.397 0.5000000000
168291  32.960  -53.797  -0.747 0.6000000238
168331  28.143  -57.633  -11.206 0.6999999881
168452  34.517  -52.709  -11.395 0.5000000000
168572  36.921  -47.569  -9.490 0.6000000238
168601  29.296  -54.313  -5.402 0.6999999881
168905  27.444  -52.122  -6.357 0.4000000060
169174  37.873  -49.925  -3.352 0.6999999881
169322  33.872  -51.802  -3.388 0.6999999881
