#!ascii label  , from subject sub-v2s1x29873_ses-1 vox2ras=TkReg
598
54657  19.500  -8.733  -26.126 0.1428571492
53708  18.059  -9.456  -26.060 0.1428571492
55602  18.611  -7.848  -26.808 0.1428571492
53706  19.905  -8.971  -25.743 0.1428571492
54665  19.058  -8.445  -26.467 0.2857142985
54658  18.695  -9.008  -26.301 0.1428571492
54656  20.253  -8.561  -25.964 0.1428571492
56496  19.427  -6.937  -27.502 0.5714285970
55601  20.380  -7.843  -26.542 0.1428571492
55599  22.014  -7.548  -26.566 0.2857142985
55600  21.201  -7.711  -26.482 0.2857142985
56480  22.501  -7.143  -26.896 0.1428571492
130974  22.615  -7.434  -26.711 0.2857142985
57305  23.961  -6.125  -27.655 0.2857142985
58073  22.793  -5.196  -27.696 0.1428571492
57306  23.136  -5.692  -27.079 0.2857142985
121920  25.242  -5.895  -28.799 0.2857142985
57304  24.632  -6.182  -28.204 0.2857142985
58085  25.106  -5.416  -29.254 0.2857142985
126339  26.299  -5.171  -29.848 0.2857142985
59693  26.915  -3.757  -31.179 0.8571428657
59686  26.266  -4.159  -30.583 0.4285714328
133457  26.631  -5.428  -29.331 0.2857142985
60505  27.205  -2.725  -31.573 0.7142857313
60489  27.775  -3.633  -31.187 0.7142857313
114045  27.904  -4.006  -30.751 0.7142857313
59694  26.106  -3.509  -30.952 0.7142857313
61227  28.235  -2.518  -31.080 0.8571428657
60494  27.955  -2.976  -31.353 0.5714285970
61240  26.927  -1.977  -31.423 0.8571428657
60506  26.477  -2.635  -31.622 0.7142857313
60496  26.715  -3.200  -31.387 0.7142857313
61233  27.748  -1.801  -30.402 0.4285714328
61239  27.410  -2.180  -31.108 0.7142857313
61977  28.793  -0.317  -30.178 0.2857142985
62788  28.349  -0.208  -30.481 0.5714285970
136613  27.189  -0.947  -31.348 0.8571428657
61978  28.046  -0.832  -30.562 0.7142857313
61988  26.947  -1.411  -31.476 0.8571428657
62777  28.976  0.028  -30.217 0.1428571492
117188  28.010  0.709  -30.755 0.4285714328
61987  27.436  -0.394  -31.170 0.5714285970
62001  26.980  -0.655  -31.820 0.8571428657
63606  28.945  1.924  -30.417 0.1428571492
62787  28.661  1.034  -30.516 0.1428571492
62827  26.917  1.472  -31.425 0.4285714328
119127  26.648  0.527  -32.263 0.8571428657
64419  28.801  2.829  -30.382 0.1428571492
129477  28.258  2.936  -30.856 0.1428571492
63628  27.318  2.067  -31.620 0.1428571492
62828  26.675  1.041  -31.713 0.7142857313
63646  26.408  1.426  -33.299 0.8571428657
65211  28.116  3.450  -31.175 0.1428571492
130907  27.921  4.018  -31.418 0.1428571492
64434  27.481  2.515  -31.991 0.5714285970
63645  26.812  2.126  -32.926 0.8571428657
63630  26.606  1.309  -32.462 0.8571428657
64449  26.500  2.229  -33.937 0.8571428657
66011  28.457  4.084  -31.000 0.1428571492
66028  27.151  3.640  -32.740 0.8571428657
64435  27.356  2.616  -32.561 0.8571428657
63629  27.047  1.969  -32.021 0.7142857313
65224  26.541  2.969  -33.868 0.8571428657
66838  28.287  5.662  -31.384 0.1428571492
66839  27.416  5.069  -31.802 0.4285714328
66851  27.036  4.905  -33.408 0.8571428657
66038  26.831  4.159  -33.103 0.8571428657
65223  26.819  3.408  -33.138 0.8571428657
65240  26.218  3.356  -34.361 0.8571428657
66852  26.771  4.694  -33.490 0.8571428657
66052  25.888  4.435  -33.717 0.8571428657
66864  25.459  4.951  -34.290 0.8571428657
67566  28.619  6.468  -31.615 0.1428571492
67578  27.825  6.078  -32.069 0.5714285970
66850  27.247  5.478  -32.294 0.8571428657
66862  27.038  5.325  -33.677 0.8571428657
67590  27.051  5.832  -34.073 0.8571428657
66874  25.698  5.627  -34.443 0.8571428657
68280  28.782  7.428  -32.147 0.2857142985
67577  28.342  6.832  -32.213 0.7142857313
68282  27.851  6.850  -32.937 0.8571428657
68292  26.893  6.435  -34.497 0.8571428657
67600  25.753  6.112  -35.054 0.8571428657
68281  28.475  7.501  -32.763 0.8571428657
134264  27.853  7.599  -33.221 0.8571428657
67589  27.244  6.103  -34.050 0.8571428657
68299  26.737  6.947  -34.983 0.7142857313
134893  27.664  6.970  -34.421 0.7142857313
68290  28.527  7.715  -33.764 0.8571428657
68291  27.915  7.188  -33.847 0.8571428657
130533  29.123  7.997  -33.752 0.8571428657
69009  28.048  7.564  -34.639 0.7142857313
68993  30.219  8.437  -32.695 0.7142857313
69687  29.849  8.195  -33.398 0.8571428657
69686  30.143  8.909  -32.966 0.8571428657
70305  30.118  9.860  -30.887 0.7142857313
70295  31.075  9.036  -29.998 0.1428571492
70902  32.791  11.614  -30.494 0.1428571492
70904  30.347  10.733  -30.531 0.5714285970
71517  31.174  11.651  -31.128 0.5714285970
129602  31.780  11.809  -31.071 0.1428571492
71509  33.386  12.126  -30.709 0.1428571492
72724  31.530  12.667  -32.720 0.5714285970
72716  33.074  13.253  -32.260 0.1428571492
72715  33.914  13.514  -32.386 0.1428571492
72723  32.152  12.564  -32.466 0.1428571492
74050  33.602  15.752  -33.287 0.1428571492
72120  31.844  12.243  -31.844 0.5714285970
73358  33.325  14.586  -32.859 0.1428571492
74682  32.590  15.820  -33.209 0.1428571492
74057  33.253  14.976  -33.960 0.1428571492
74052  31.992  15.465  -33.468 0.1428571492
129834  19.413  -9.618  -25.159 0.1428571492
53690  18.675  -9.755  -25.450 0.1428571492
54664  19.911  -8.253  -26.314 0.2857142985
55592  20.774  -8.158  -26.330 0.1428571492
55591  21.658  -8.016  -26.119 0.2857142985
56492  24.168  -6.627  -27.581 0.2857142985
57293  23.499  -6.686  -27.048 0.2857142985
57294  22.588  -6.151  -26.760 0.1428571492
126749  25.540  -5.147  -29.799 0.2857142985
108231  24.882  -4.439  -29.395 0.2857142985
126748  27.556  -4.379  -30.195 0.4285714328
108220  25.443  -3.692  -30.365 0.5714285970
60487  29.142  -2.735  -30.575 0.2857142985
60507  25.634  -2.737  -31.596 0.7142857313
61966  28.468  -1.296  -30.034 0.1428571492
113961  26.474  -0.641  -32.531 0.8571428657
64411  28.756  3.498  -30.634 0.1428571492
65212  27.454  3.017  -32.375 0.8571428657
65213  27.263  3.063  -32.751 0.8571428657
68995  29.325  7.811  -33.270 0.8571428657
70912  31.267  11.137  -30.189 0.2857142985
71522  32.335  12.053  -31.019 0.1428571492
72106  33.252  12.404  -31.224 0.1428571492
73363  34.515  13.993  -33.621 0.1428571492
115682  18.380  -10.172  -24.777 0.1428571492
56483  19.833  -7.239  -26.886 0.4285714328
56494  21.016  -6.422  -26.944 0.2857142985
56482  20.629  -7.093  -26.683 0.4285714328
56476  26.419  -7.401  -26.765 0.2857142985
57303  25.332  -6.240  -28.200 0.2857142985
57315  24.104  -5.312  -28.103 0.2857142985
58079  23.404  -4.834  -28.176 0.2857142985
58078  24.803  -5.543  -28.600 0.2857142985
108227  25.321  -3.174  -30.967 0.7142857313
63605  29.471  2.828  -29.891 0.1428571492
66026  28.056  4.733  -31.332 0.1428571492
66828  28.879  5.087  -30.761 0.1428571492
66037  26.829  4.356  -32.828 0.8571428657
67565  29.319  6.945  -31.071 0.1428571492
123376  29.167  7.714  -32.319 0.2857142985
68304  25.781  7.006  -35.967 0.8571428657
68994  29.937  8.001  -32.718 0.5714285970
69673  30.423  8.934  -32.125 0.7142857313
118621  30.395  10.083  -30.125 0.4285714328
70296  29.929  9.151  -31.131 0.2857142985
72717  32.010  13.591  -32.716 0.2857142985
71516  32.886  11.994  -30.742 0.1428571492
73359  32.525  14.770  -32.732 0.1428571492
74043  32.237  15.466  -32.953 0.1428571492
72708  33.729  12.835  -31.669 0.1428571492
73372  31.632  12.639  -34.713 0.1428571492
73373  30.932  12.744  -34.851 0.1428571492
73371  32.629  13.060  -34.584 0.1428571492
68980  30.392  8.158  -31.842 0.4285714328
134584  30.495  8.526  -31.767 0.4285714328
134896  18.653  -9.344  -25.904 0.1428571492
52756  17.789  -9.984  -25.451 0.1428571492
118632  19.468  -7.875  -26.648 0.4285714328
54666  18.346  -8.522  -26.511 0.2857142985
124260  19.118  -7.425  -27.098 0.5714285970
56481  21.518  -7.087  -26.658 0.1428571492
56493  21.861  -6.246  -26.742 0.1428571492
56491  24.918  -6.514  -27.601 0.2857142985
60518  25.912  -2.266  -31.843 0.7142857313
62002  26.785  -0.977  -32.155 0.8571428657
62804  26.917  0.636  -31.330 0.5714285970
63594  29.401  1.289  -30.286 0.1428571492
66027  27.352  4.338  -31.758 0.5714285970
64436  26.933  2.709  -33.194 0.8571428657
67579  27.177  5.673  -33.735 0.8571428657
67591  26.351  6.050  -34.483 0.8571428657
70903  31.985  9.748  -30.062 0.1428571492
72105  33.772  12.410  -31.173 0.1428571492
73357  34.086  14.390  -33.128 0.1428571492
72114  32.559  12.276  -31.480 0.1428571492
74051  32.906  15.842  -33.411 0.1428571492
56465  25.988  -7.214  -26.405 0.1428571492
56495  20.243  -6.713  -27.277 0.4285714328
58087  23.257  -4.548  -29.052 0.5714285970
74683  31.993  15.514  -33.224 0.1428571492
58088  22.362  -4.862  -29.404 0.5714285970
58100  21.790  -4.986  -30.045 0.5714285970
58101  20.796  -5.127  -30.514 0.2857142985
108234  22.724  -4.528  -30.535 0.5714285970
58890  21.537  -4.772  -30.862 0.5714285970
58090  20.333  -5.580  -29.896 0.4285714328
114719  22.203  -4.731  -30.538 0.5714285970
58114  20.126  -5.083  -31.156 0.2857142985
58900  20.770  -4.855  -31.537 0.4285714328
110946  23.946  -3.986  -30.313 0.4285714328
126349  23.133  -4.013  -30.830 0.5714285970
110419  21.921  -3.992  -31.924 0.5714285970
111524  21.036  -4.313  -32.207 0.4285714328
112672  23.243  -3.406  -31.349 0.5714285970
59713  23.021  -3.146  -31.938 0.7142857313
59720  22.810  -3.138  -32.805 0.4285714328
59712  23.815  -2.974  -31.630 0.4285714328
58126  19.858  -4.701  -31.790 0.2857142985
108238  21.544  -3.507  -32.471 0.4285714328
108237  23.832  -3.540  -30.973 0.7142857313
60520  24.291  -2.424  -32.161 0.7142857313
60539  22.768  -2.893  -33.924 0.4285714328
61271  23.830  -1.645  -34.119 0.7142857313
61275  22.731  -1.412  -34.749 0.5714285970
61274  23.548  -1.198  -34.581 0.7142857313
62028  23.244  -0.868  -35.227 0.2857142985
59703  24.766  -2.821  -31.618 0.5714285970
60532  24.685  -2.009  -32.512 0.5714285970
60533  24.160  -2.330  -33.101 0.7142857313
116040  24.866  -1.295  -33.796 0.7142857313
62031  23.738  -0.293  -35.720 0.7142857313
62838  24.403  0.130  -35.348 0.7142857313
62841  24.182  0.280  -36.181 0.7142857313
62842  23.467  -0.220  -36.490 0.4285714328
63661  23.209  0.883  -36.823 0.4285714328
61241  26.489  -1.948  -31.814 0.5714285970
61264  24.873  -1.638  -33.107 0.5714285970
61263  25.550  -1.298  -32.698 0.5714285970
62024  25.128  -0.802  -34.131 0.5714285970
62835  25.185  -0.047  -34.270 0.7142857313
62840  24.940  0.686  -35.999 0.7142857313
63656  25.260  1.402  -36.123 0.7142857313
63657  24.448  0.821  -36.399 0.7142857313
64469  23.213  1.736  -36.983 0.5714285970
66073  23.471  3.142  -37.308 0.5714285970
62806  26.762  -0.213  -32.412 0.7142857313
62016  26.176  -0.059  -32.917 0.5714285970
62023  25.589  -0.197  -33.604 0.5714285970
62834  25.603  0.607  -34.212 0.7142857313
62837  25.064  0.565  -34.950 0.7142857313
63655  25.753  1.809  -35.621 0.8571428657
63666  22.638  1.345  -37.843 0.4285714328
117912  24.730  2.729  -35.934 0.7142857313
66067  23.593  2.927  -36.446 0.7142857313
66066  24.046  3.319  -36.015 0.7142857313
66077  23.145  3.453  -37.863 0.5714285970
66076  23.476  3.951  -37.169 0.7142857313
63652  25.335  1.161  -35.636 0.7142857313
64450  26.083  2.069  -34.880 0.8571428657
121338  26.034  2.575  -35.682 0.8571428657
66071  24.262  4.083  -36.077 0.7142857313
67620  23.145  5.113  -37.987 0.5714285970
68327  23.566  5.934  -38.742 0.2857142985
66065  24.860  3.665  -35.579 0.7142857313
67625  24.557  6.322  -37.910 0.7142857313
64459  26.391  2.661  -34.834 0.7142857313
67619  23.736  5.203  -37.651 0.8571428657
67601  25.570  5.894  -36.055 0.8571428657
66883  24.571  4.825  -36.332 0.8571428657
67626  24.019  5.856  -38.109 0.5714285970
67618  24.609  5.810  -37.395 0.8571428657
67617  25.505  6.176  -36.923 0.8571428657
68325  24.870  6.921  -38.068 0.7142857313
66064  25.408  4.310  -35.167 0.8571428657
66875  25.424  5.275  -35.215 0.8571428657
68305  25.836  6.642  -36.530 0.8571428657
68301  25.844  6.493  -35.723 0.8571428657
68314  25.899  6.994  -37.190 0.7142857313
69698  28.623  7.922  -34.375 0.7142857313
69699  28.176  8.110  -35.181 0.7142857313
69706  27.960  8.575  -35.405 0.7142857313
69705  28.400  8.355  -34.643 0.7142857313
69697  29.143  8.387  -33.746 0.7142857313
70306  29.900  9.792  -32.124 0.7142857313
70312  28.740  8.648  -34.070 0.7142857313
70906  29.673  10.457  -31.950 0.7142857313
111702  29.944  9.934  -32.087 0.5714285970
71519  29.886  11.108  -31.642 0.7142857313
71523  29.982  11.219  -31.922 0.5714285970
70905  29.812  10.895  -31.289 0.5714285970
126019  29.595  10.754  -32.269 0.5714285970
72116  30.533  11.611  -32.233 0.5714285970
72121  30.357  12.208  -32.629 0.5714285970
126032  29.835  11.762  -32.402 0.4285714328
125920  29.963  12.712  -32.438 0.5714285970
72725  30.973  13.038  -32.625 0.5714285970
126679  29.856  12.011  -32.192 0.4285714328
109797  29.507  11.070  -32.160 0.4285714328
110340  29.739  13.125  -32.313 0.5714285970
126712  29.179  13.405  -32.203 0.4285714328
111024  29.417  13.681  -32.572 0.2857142985
124321  21.851  -5.140  -29.337 0.5714285970
108233  24.109  -4.247  -29.437 0.2857142985
113114  23.337  -4.282  -29.933 0.4285714328
58102  19.790  -5.525  -30.694 0.2857142985
114293  22.318  -3.405  -32.239 0.4285714328
110875  20.170  -4.085  -32.484 0.2857142985
58914  20.892  -3.757  -32.736 0.2857142985
60534  23.258  -2.863  -33.395 0.5714285970
110623  29.069  -3.875  -29.740 0.2857142985
133133  22.002  -1.636  -34.863 0.2857142985
62032  23.101  -0.802  -36.112 0.7142857313
121039  25.500  3.612  -35.203 0.8571428657
66888  24.313  5.024  -37.033 0.7142857313
69021  27.643  7.792  -35.289 0.7142857313
69032  26.170  7.764  -35.449 0.7142857313
70311  29.604  9.144  -33.293 0.7142857313
71518  30.704  11.405  -31.160 0.5714285970
126848  30.087  14.043  -32.869 0.2857142985
59721  22.052  -3.408  -33.037 0.4285714328
58086  24.318  -4.565  -28.600 0.2857142985
61252  26.355  -1.233  -32.311 0.7142857313
60519  25.140  -2.228  -32.034 0.5714285970
62829  26.399  0.625  -32.784 0.7142857313
63647  26.101  1.391  -34.142 0.7142857313
62833  25.982  0.662  -33.448 0.7142857313
66882  25.259  5.156  -36.084 0.7142857313
108232  24.451  -3.244  -31.163 0.5714285970
68313  26.162  7.262  -37.048 0.7142857313
110495  22.586  -4.662  -29.942 0.5714285970
110043  22.293  -4.469  -31.176 0.5714285970
111118  21.538  -4.599  -31.605 0.4285714328
57325  20.756  -5.720  -29.118 0.5714285970
133848  20.441  -4.612  -32.083 0.4285714328
108235  22.675  -3.801  -31.596 0.5714285970
60521  23.519  -2.712  -32.419 0.5714285970
60535  22.425  -3.392  -33.752 0.4285714328
60538  23.617  -2.286  -33.692 0.5714285970
60544  22.344  -2.373  -34.466 0.4285714328
61265  24.306  -1.720  -33.696 0.7142857313
61281  22.431  -1.315  -35.632 0.2857142985
61270  24.472  -1.149  -34.352 0.7142857313
62018  25.318  -1.000  -33.398 0.7142857313
62017  25.868  -0.691  -32.856 0.5714285970
64468  23.845  1.606  -36.515 0.7142857313
64465  23.684  2.294  -36.445 0.7142857313
63651  25.623  1.306  -34.879 0.5714285970
64464  24.214  2.199  -36.255 0.7142857313
66080  22.349  3.830  -38.274 0.2857142985
119947  23.554  5.502  -38.299 0.5714285970
134324  23.211  6.338  -39.004 0.2857142985
128385  30.441  13.805  -32.647 0.7142857313
59723  20.706  -3.523  -33.331 0.1428571492
59726  21.333  -3.780  -34.256 0.4285714328
56488  27.054  -6.729  -26.728 0.1428571492
57314  25.717  -6.056  -28.722 0.1428571492
123352  26.811  -6.174  -27.491 0.1428571492
128013  27.357  -5.293  -28.989 0.1428571492
110034  27.139  -4.956  -29.718 0.1428571492
57313  26.538  -5.835  -28.591 0.1428571492
108215  28.133  -5.081  -28.514 0.1428571492
130313  27.484  -5.661  -28.081 0.1428571492
56487  27.654  -6.061  -27.056 0.1428571492
113532  28.096  -4.620  -29.495 0.1428571492
114298  29.231  -3.202  -30.246 0.1428571492
74063  30.997  14.289  -36.335 0.1428571492
69049  26.548  7.943  -38.051 0.4285714328
123441  29.169  14.053  -37.235 0.1428571492
73365  31.147  13.513  -34.121 0.1428571492
69038  26.046  7.603  -37.022 0.4285714328
69031  27.482  7.999  -35.490 0.5714285970
73375  28.932  14.315  -34.430 0.2857142985
73367  29.685  13.784  -33.842 0.2857142985
74045  30.372  14.263  -33.002 0.2857142985
70922  26.140  8.832  -35.114 0.1428571492
70316  28.119  8.758  -35.026 0.5714285970
126710  29.141  13.935  -33.985 0.2857142985
72115  31.385  12.332  -32.445 0.4285714328
113849  27.929  9.024  -35.108 0.4285714328
70914  28.866  9.120  -33.428 0.5714285970
127265  29.599  14.029  -33.107 0.2857142985
111570  28.336  8.764  -34.253 0.4285714328
108863  29.032  9.923  -32.917 0.2857142985
110260  28.860  13.913  -32.848 0.1428571492
109843  29.109  9.741  -32.843 0.1428571492
128239  28.249  13.898  -33.768 0.1428571492
125919  28.255  13.480  -32.233 0.1428571492
128531  28.167  13.928  -32.972 0.1428571492
126342  27.563  13.896  -33.336 0.1428571492
55608  18.497  -7.161  -27.573 0.4285714328
56508  18.527  -6.437  -29.021 0.2857142985
56489  26.317  -6.764  -27.150 0.1428571492
69039  26.546  7.688  -37.510 0.2857142985
72718  30.929  14.065  -32.789 0.2857142985
135181  28.663  14.090  -34.333 0.2857142985
126239  27.311  13.504  -34.246 0.2857142985
56504  18.081  -6.794  -28.469 0.2857142985
56478  23.809  -6.898  -27.115 0.1428571492
56479  23.200  -7.153  -26.871 0.1428571492
56490  25.692  -6.573  -27.439 0.1428571492
56475  26.773  -7.844  -27.064 0.1428571492
110804  28.965  -3.246  -30.788 0.1428571492
108223  28.369  -4.020  -30.298 0.1428571492
126228  28.582  8.921  -33.657 0.1428571492
127391  27.101  9.184  -35.126 0.2857142985
74060  28.379  14.349  -34.692 0.2857142985
74690  28.639  15.062  -34.895 0.2857142985
75280  28.921  15.722  -34.981 0.1428571492
75282  27.952  14.253  -35.629 0.1428571492
74062  30.695  14.597  -35.719 0.1428571492
74696  29.955  15.207  -35.570 0.1428571492
74053  31.196  14.867  -33.262 0.1428571492
73378  30.358  13.372  -34.806 0.1428571492
74691  28.120  14.537  -35.264 0.2857142985
74044  31.495  14.910  -33.053 0.2857142985
73366  30.275  13.393  -34.134 0.1428571492
56503  18.959  -6.729  -28.254 0.4285714328
112586  28.555  -3.614  -30.986 0.4285714328
73360  31.828  14.718  -32.819 0.2857142985
69712  26.720  8.554  -35.247 0.4285714328
69033  25.941  7.268  -36.531 0.5714285970
56473  27.953  -6.665  -26.549 0.1428571492
126483  28.797  -4.981  -27.937 0.1428571492
69721  25.301  8.764  -36.383 0.2857142985
131201  27.608  8.979  -35.230 0.2857142985
69731  26.605  8.747  -38.293 0.2857142985
73374  29.670  13.670  -34.360 0.2857142985
74059  29.815  14.381  -34.976 0.2857142985
75286  28.939  15.695  -35.347 0.1428571492
65255  23.250  2.597  -38.075 0.4285714328
67627  23.027  5.520  -38.383 0.2857142985
108864  23.978  13.590  -34.272 0.1428571492
126343  27.141  13.332  -35.036 0.1428571492
132427  23.314  14.709  -35.142 0.1428571492
108869  26.211  14.734  -32.854 0.1428571492
74055  23.069  14.354  -34.078 0.1428571492
110036  25.201  13.075  -34.929 0.1428571492
128967  26.182  13.155  -35.409 0.1428571492
134254  25.948  14.193  -33.401 0.1428571492
74054  25.371  14.444  -33.154 0.1428571492
73368  25.347  13.564  -34.024 0.1428571492
74047  23.689  14.657  -33.471 0.1428571492
74692  22.243  15.842  -35.801 0.1428571492
126711  26.288  13.133  -34.621 0.1428571492
135639  24.575  14.168  -33.549 0.1428571492
110907  24.614  16.574  -33.085 0.1428571492
74056  23.158  15.015  -33.719 0.1428571492
66890  23.033  4.449  -37.602 0.2857142985
108868  25.472  15.253  -32.595 0.1428571492
75275  24.096  16.923  -33.720 0.1428571492
126271  22.936  15.029  -36.716 0.1428571492
108218  25.456  -4.297  -30.021 0.2857142985
126358  24.370  14.208  -35.624 0.1428571492
110236  25.280  13.785  -35.831 0.1428571492
108867  23.900  15.503  -32.927 0.1428571492
75271  25.631  16.178  -32.658 0.1428571492
118643  24.779  -4.008  -29.920 0.4285714328
57317  21.107  -5.795  -28.286 0.2857142985
57307  22.244  -5.667  -27.191 0.1428571492
58081  21.541  -5.440  -28.876 0.2857142985
57316  21.904  -5.430  -27.996 0.1428571492
57309  20.653  -6.182  -27.674 0.2857142985
57318  20.294  -6.051  -28.520 0.4285714328
58080  22.438  -4.986  -28.608 0.1428571492
57308  21.453  -5.915  -27.403 0.1428571492
58089  21.183  -5.340  -29.640 0.4285714328
70321  27.715  8.879  -35.283 0.2857142985
57319  19.433  -6.270  -28.767 0.2857142985
57327  19.044  -6.061  -29.494 0.2857142985
57326  19.910  -5.914  -29.309 0.2857142985
60540  21.738  -3.555  -34.171 0.2857142985
60545  21.374  -2.586  -34.694 0.2857142985
62035  22.853  -0.769  -36.964 0.1428571492
62846  22.289  -0.401  -37.516 0.1428571492
62845  23.061  -0.075  -37.071 0.2857142985
129449  22.751  2.138  -38.707 0.1428571492
68334  22.028  6.357  -39.322 0.1428571492
68339  22.762  7.262  -39.796 0.1428571492
69058  24.072  7.605  -39.205 0.1428571492
69059  23.367  7.378  -39.524 0.1428571492
69066  23.919  8.045  -39.922 0.1428571492
69740  26.907  9.499  -38.261 0.1428571492
70322  26.056  8.736  -35.137 0.1428571492
70329  25.359  9.117  -36.922 0.1428571492
127460  28.896  11.162  -32.401 0.1428571492
126850  29.889  12.894  -32.059 0.1428571492
56502  19.852  -6.503  -28.016 0.1428571492
69050  25.298  7.640  -38.309 0.2857142985
69750  24.719  8.849  -39.976 0.1428571492
70328  25.410  9.219  -36.050 0.1428571492
55609  18.050  -7.574  -27.252 0.2857142985
59722  21.344  -3.466  -33.216 0.2857142985
59725  21.859  -3.712  -34.092 0.2857142985
63667  21.872  1.048  -38.343 0.1428571492
65258  22.603  2.819  -38.605 0.1428571492
66081  21.548  4.159  -38.800 0.1428571492
66892  22.382  4.868  -38.170 0.1428571492
69069  21.465  7.121  -40.633 0.1428571492
68340  22.153  6.916  -39.865 0.1428571492
69068  22.360  7.489  -40.305 0.1428571492
69072  22.730  8.035  -40.683 0.1428571492
69742  25.209  8.661  -39.285 0.1428571492
70343  26.825  10.214  -38.906 0.1428571492
60541  21.116  -3.593  -34.161 0.2857142985
68332  23.656  6.790  -39.004 0.1428571492
126849  28.459  10.185  -32.963 0.1428571492
69065  24.544  8.155  -39.500 0.1428571492
132575  26.997  8.065  -37.641 0.1428571492
69751  23.473  8.319  -40.531 0.1428571492
69073  21.920  7.809  -40.954 0.1428571492
55614  17.261  -6.846  -27.817 0.1428571492
56497  17.759  -7.091  -27.840 0.1428571492
56505  17.450  -6.583  -28.492 0.1428571492
61226  28.619  -2.303  -30.622 0.1428571492
60486  29.320  -2.661  -29.637 0.1428571492
55603  18.008  -8.007  -26.665 0.1428571492
56509  17.772  -6.330  -29.075 0.1428571492
57341  19.431  -5.793  -30.044 0.1428571492
57328  18.201  -6.035  -29.613 0.1428571492
58115  19.346  -5.092  -31.215 0.1428571492
68267  29.962  7.861  -31.746 0.1428571492
61225  28.611  -2.008  -29.586 0.1428571492
55610  17.566  -7.572  -27.178 0.1428571492
52741  19.253  -10.005  -24.696 0.1428571492
53707  19.255  -9.250  -25.735 0.1428571492
55598  26.375  -8.045  -26.803 0.1428571492
56467  23.933  -7.205  -26.532 0.1428571492
57302  26.014  -6.307  -28.034 0.1428571492
58072  23.526  -5.221  -27.571 0.2857142985
60488  28.664  -2.985  -31.061 0.8571428657
60495  27.350  -3.291  -31.382 0.7142857313
60497  25.990  -3.101  -31.215 0.7142857313
61253  25.761  -1.747  -32.168 0.5714285970
61254  25.165  -1.732  -32.453 0.5714285970
61272  23.137  -1.913  -34.224 0.5714285970
61979  27.411  -1.267  -30.965 0.8571428657
62026  24.694  -0.274  -34.621 0.5714285970
62027  23.958  -0.510  -34.913 0.7142857313
62803  28.009  1.480  -30.805 0.1428571492
62805  26.940  0.096  -31.828 0.8571428657
62844  23.684  0.313  -36.555 0.4285714328
62850  22.368  0.505  -37.497 0.1428571492
63627  28.181  2.325  -30.791 0.2857142985
63660  24.664  1.490  -36.318 0.7142857313
64460  26.076  2.470  -35.530 0.8571428657
64462  25.677  2.243  -35.876 0.7142857313
64463  25.129  1.936  -36.220 0.7142857313
64473  23.093  1.966  -38.167 0.1428571492
65241  26.100  2.953  -35.279 0.7142857313
65249  25.584  2.913  -35.609 0.8571428657
65250  23.942  2.709  -36.120 0.7142857313
65252  23.474  2.450  -37.371 0.4285714328
66039  26.481  3.831  -33.579 0.8571428657
66053  25.574  3.925  -34.538 0.8571428657
66072  23.655  3.660  -36.509 0.7142857313
66863  26.118  5.409  -33.809 0.8571428657
66876  25.035  4.555  -35.761 0.8571428657
66884  23.928  4.388  -36.685 0.7142857313
66889  23.657  4.607  -37.177 0.5714285970
66893  21.767  5.113  -38.726 0.1428571492
67609  25.030  5.464  -36.663 0.8571428657
67631  22.693  6.014  -38.861 0.2857142985
68300  26.279  6.741  -35.070 0.8571428657
68315  25.237  6.558  -37.537 0.8571428657
68324  25.786  7.281  -37.770 0.7142857313
68326  24.147  6.511  -38.407 0.7142857313
68331  24.408  7.263  -38.608 0.7142857313
68333  22.832  6.736  -39.320 0.1428571492
69022  26.235  7.153  -35.424 0.5714285970
69040  26.655  7.675  -37.607 0.7142857313
69048  26.999  8.356  -37.847 0.2857142985
69056  25.758  8.394  -38.632 0.1428571492
69057  24.848  7.923  -38.938 0.1428571492
69067  23.105  7.743  -40.110 0.1428571492
69713  25.710  8.467  -35.513 0.2857142985
69722  26.950  8.839  -37.981 0.2857142985
70337  27.142  10.065  -38.471 0.1428571492
70928  25.351  9.297  -36.023 0.1428571492
74041  33.734  15.625  -33.224 0.1428571492
74042  32.951  15.641  -33.004 0.1428571492
74048  23.324  15.227  -33.153 0.1428571492
74058  32.288  14.620  -34.028 0.1428571492
74064  29.997  14.079  -37.072 0.1428571492
74681  33.234  15.931  -33.285 0.1428571492
74689  29.154  15.311  -35.011 0.1428571492
74697  29.438  15.169  -35.749 0.1428571492
75279  29.199  15.740  -35.091 0.1428571492
75287  28.447  14.778  -35.662 0.1428571492
75288  27.721  13.903  -36.499 0.1428571492
75933  29.066  15.818  -34.984 0.1428571492
75934  28.998  15.664  -35.108 0.1428571492
108221  28.964  -3.614  -30.581 0.4285714328
108226  24.618  -3.641  -30.623 0.7142857313
110284  26.736  -4.608  -30.241 0.4285714328
111489  23.542  15.804  -33.609 0.1428571492
113124  24.560  14.931  -32.895 0.1428571492
116289  24.855  15.718  -32.762 0.1428571492
116849  26.725  -1.503  -31.866 0.7142857313
119119  22.320  8.387  -41.147 0.1428571492
121798  26.831  -2.361  -31.557 0.5714285970
125229  24.431  -6.853  -27.120 0.2857142985
127251  26.035  -4.753  -30.159 0.5714285970
127262  27.177  -4.154  -30.770 0.2857142985
133527  26.993  -8.295  -27.190 0.1428571492
133778  22.876  15.261  -34.487 0.1428571492
136952  28.284  -3.333  -31.193 0.4285714328
