#!ascii label  , from subject sub-v2s1x29893_ses-1 vox2ras=TkReg
2072
181886  -37.058  10.563  41.821 0.0000000000
105957  -51.987  15.956  21.792 0.0000000000
97512  -41.722  9.617  29.415 0.0000000000
69101  -11.484  -12.158  34.822 0.0000000000
84505  -22.754  0.108  40.885 0.0000000000
85821  -12.513  0.587  35.839 0.0000000000
84447  -7.683  -0.948  43.258 0.0000000000
98674  -46.770  10.379  24.391 0.0000000000
84681  -6.466  -0.754  29.975 0.0000000000
70143  -6.738  -10.646  42.298 0.0000000000
95146  -38.894  7.272  35.812 0.0000000000
96187  -32.996  9.028  40.175 0.0000000000
95049  -29.610  7.373  43.988 0.0000000000
109334  -53.316  18.787  20.809 0.0000000000
181497  -44.289  8.664  26.113 0.0000000000
180991  -25.215  -5.957  37.082 0.0000000000
201622  -10.513  3.968  30.123 0.0000000000
78726  -14.253  -4.855  35.255 0.0000000000
193807  -12.651  -5.193  31.619 0.0000000000
67944  -12.756  -12.726  30.291 0.0000000000
76282  -15.087  -6.616  46.685 0.0000000000
76255  -9.031  -6.957  49.728 0.0000000000
99771  -40.777  10.800  32.291 0.0000000000
92760  -25.741  5.633  46.226 0.0000000000
89294  -24.967  3.717  38.947 0.0000000000
85745  -11.275  0.725  40.295 0.0000000000
79714  -11.539  -4.447  39.806 0.0000000000
103531  -49.337  13.168  23.147 0.0000000000
77529  -19.092  -7.226  43.162 0.0000000000
77613  -22.330  -5.969  39.384 0.0000000000
84613  -8.531  -0.507  34.176 0.0000000000
197504  -6.509  -6.436  31.486 0.0000000000
83186  -8.053  -0.977  47.734 0.0000000000
77511  -9.221  -5.502  44.677 0.0000000000
70207  -7.117  -11.281  37.313 0.0000000000
178621  -38.939  9.846  40.219 0.0000000000
96206  -37.066  8.032  39.460 0.0000000000
96219  -39.160  8.226  38.262 0.0000000000
97383  -34.747  9.853  41.032 0.0000000000
96217  -35.365  8.283  38.315 0.0000000000
97358  -32.805  10.063  43.725 0.0000000000
107050  -52.396  17.391  21.027 0.0000000000
104773  -48.984  15.274  20.687 0.0000000000
105989  -50.216  16.445  20.050 0.0000000000
108160  -50.913  17.896  18.997 0.0000000000
96328  -42.676  8.708  27.598 0.0000000000
97509  -39.202  9.668  29.235 0.0000000000
96312  -40.555  9.283  27.958 0.0000000000
200774  -40.871  8.653  26.529 0.0000000000
74064  -12.466  -8.618  34.940 0.0000000000
200247  -14.111  -9.335  32.570 0.0000000000
67893  -12.945  -12.573  33.420 0.0000000000
65573  -11.722  -15.159  30.677 0.0000000000
65508  -10.841  -14.507  33.252 0.0000000000
75148  -14.230  -7.569  43.827 0.0000000000
73966  -11.758  -8.043  45.026 0.0000000000
99743  -40.136  11.385  33.747 0.0000000000
202349  -38.771  9.706  36.116 0.0000000000
188762  -37.323  8.314  34.484 0.0000000000
98539  -37.807  10.390  34.554 0.0000000000
98554  -37.972  10.628  32.822 0.0000000000
94993  -27.025  8.273  49.154 0.0000000000
92851  -29.188  6.443  40.198 0.0000000000
91618  -27.652  5.630  41.581 0.0000000000
111849  -52.804  19.962  17.373 0.0000000000
113102  -53.512  20.977  15.372 0.0000000000
84484  -9.283  -0.177  42.187 0.0000000000
83289  -12.271  -1.465  41.292 0.0000000000
82006  -10.608  -1.828  42.627 0.0000000000
101081  -48.022  11.771  23.618 0.0000000000
97582  -43.737  8.988  23.701 0.0000000000
99858  -45.130  10.904  22.994 0.0000000000
204722  -46.360  12.242  22.484 0.0000000000
77501  -19.005  -6.184  46.155 0.0000000000
77532  -20.967  -5.987  44.342 0.0000000000
88081  -10.629  2.697  35.597 0.0000000000
88094  -9.947  2.569  34.124 0.0000000000
84593  -10.743  0.206  34.535 0.0000000000
72850  -9.557  -9.276  30.627 0.0000000000
77698  -9.749  -5.932  32.024 0.0000000000
74141  -7.140  -8.766  29.976 0.0000000000
181311  -10.541  -1.878  46.976 0.0000000000
72664  -6.661  -8.386  45.774 0.0000000000
77484  -8.073  -5.937  47.734 0.0000000000
175281  -7.007  -8.306  43.683 0.0000000000
76352  -7.456  -6.935  40.413 0.0000000000
71390  -6.567  -10.941  39.817 0.0000000000
97426  -39.806  8.854  36.993 0.0000000000
96107  -29.433  8.849  48.052 0.0000000000
173453  -31.630  9.819  46.151 0.0000000000
192292  -31.143  8.557  42.579 0.0000000000
111816  -53.784  19.734  20.218 0.0000000000
110616  -52.268  19.316  18.537 0.0000000000
97564  -46.138  9.387  25.213 0.0000000000
96388  -42.472  8.428  24.712 0.0000000000
83321  -22.807  -1.501  37.651 0.0000000000
80853  -24.134  -3.025  38.848 0.0000000000
88131  -6.790  2.321  30.938 0.0000000000
83337  -14.697  -0.976  36.300 0.0000000000
82141  -13.426  -1.412  33.113 0.0000000000
78747  -14.778  -5.218  32.512 0.0000000000
178335  -12.866  -9.109  31.080 0.0000000000
69170  -10.690  -12.615  29.182 0.0000000000
78582  -15.181  -5.277  48.280 0.0000000000
79607  -11.718  -3.980  49.318 0.0000000000
76272  -12.377  -7.052  47.842 0.0000000000
72667  -9.427  -8.761  45.968 0.0000000000
98616  -41.097  9.649  30.624 0.0000000000
98590  -38.459  10.403  31.266 0.0000000000
89203  -23.732  3.302  43.648 0.0000000000
93874  -27.508  6.741  45.658 0.0000000000
91601  -25.889  4.892  43.012 0.0000000000
194221  -23.681  2.306  39.892 0.0000000000
88062  -10.879  2.290  37.416 0.0000000000
88052  -10.044  2.130  39.065 0.0000000000
85776  -12.347  0.736  38.393 0.0000000000
83314  -14.101  -1.443  39.082 0.0000000000
79757  -13.037  -4.537  37.662 0.0000000000
208836  -11.143  -7.523  36.144 0.0000000000
103538  -50.317  14.485  22.398 0.0000000000
208358  -47.633  13.577  21.575 0.0000000000
77493  -17.203  -5.800  47.027 0.0000000000
76304  -17.253  -7.282  45.056 0.0000000000
76337  -16.040  -6.910  42.303 0.0000000000
78682  -25.377  -5.356  39.483 0.0000000000
76357  -25.946  -6.756  40.829 0.0000000000
76327  -23.148  -6.843  42.743 0.0000000000
178864  -20.737  -5.509  41.421 0.0000000000
77592  -17.798  -5.794  40.125 0.0000000000
90578  -11.639  4.286  32.473 0.0000000000
173598  -8.832  2.205  32.592 0.0000000000
84628  -6.686  -0.336  32.955 0.0000000000
80931  -11.266  -2.547  32.564 0.0000000000
79820  -8.496  -3.637  32.334 0.0000000000
80957  -6.741  -3.168  31.171 0.0000000000
81945  -6.478  -1.711  45.696 0.0000000000
80717  -8.914  -3.375  49.356 0.0000000000
80741  -8.599  -3.141  46.425 0.0000000000
81960  -9.197  -2.787  44.352 0.0000000000
78655  -10.078  -5.015  41.968 0.0000000000
185420  -8.556  -6.874  38.337 0.0000000000
70229  -9.295  -10.945  36.664 0.0000000000
67787  -6.719  -13.011  39.318 0.0000000000
66663  -6.955  -13.471  37.391 0.0000000000
66691  -9.001  -14.042  34.518 0.0000000000
98492  -37.880  10.272  41.123 0.0000000000
99665  -37.014  11.596  42.607 0.0000000000
97385  -36.871  9.394  40.830 0.0000000000
96193  -37.837  9.000  39.830 0.0000000000
98481  -35.769  10.037  42.131 0.0000000000
96190  -35.956  8.544  40.070 0.0000000000
99656  -35.855  11.767  43.228 0.0000000000
98473  -35.283  10.303  42.656 0.0000000000
107043  -52.225  16.564  21.305 0.0000000000
104766  -50.019  15.151  21.270 0.0000000000
105967  -49.339  15.802  20.232 0.0000000000
105970  -51.152  16.198  20.794 0.0000000000
107048  -51.210  16.620  20.446 0.0000000000
97527  -42.620  9.090  28.677 0.0000000000
97528  -43.261  9.183  28.876 0.0000000000
97514  -43.506  9.573  29.488 0.0000000000
97524  -39.687  9.524  28.831 0.0000000000
97525  -40.987  9.399  28.473 0.0000000000
96313  -41.172  9.169  27.885 0.0000000000
71476  -11.958  -10.495  35.215 0.0000000000
70271  -13.115  -10.881  34.249 0.0000000000
69102  -12.204  -12.124  34.443 0.0000000000
66704  -12.023  -13.531  33.435 0.0000000000
67891  -11.698  -13.314  34.200 0.0000000000
207912  -13.648  -7.793  42.866 0.0000000000
73980  -13.002  -8.069  43.203 0.0000000000
99726  -39.134  10.806  35.896 0.0000000000
98534  -38.032  10.302  35.219 0.0000000000
185500  -39.392  11.205  35.340 0.0000000000
99731  -39.028  11.119  34.677 0.0000000000
111850  -53.166  20.209  17.526 0.0000000000
111859  -53.184  20.256  16.651 0.0000000000
113084  -54.087  21.381  16.491 0.0000000000
84483  -8.392  -0.093  42.309 0.0000000000
83273  -10.473  -0.962  42.412 0.0000000000
83255  -9.448  -1.067  43.069 0.0000000000
99850  -47.804  11.086  23.903 0.0000000000
201193  -49.130  11.389  24.765 0.0000000000
97584  -45.531  9.609  24.284 0.0000000000
209761  -44.680  9.899  23.652 0.0000000000
98685  -46.287  10.678  23.759 0.0000000000
99860  -46.486  11.448  23.281 0.0000000000
77503  -21.386  -5.559  45.963 0.0000000000
77516  -22.056  -5.977  45.172 0.0000000000
179190  -22.877  1.585  43.007 0.0000000000
208072  -23.010  -0.791  42.188 0.0000000000
85907  -5.737  0.601  29.479 0.0000000000
203357  -11.089  1.476  36.014 0.0000000000
86949  -10.751  1.380  35.474 0.0000000000
85839  -12.097  0.348  35.032 0.0000000000
71566  -8.772  -10.655  30.135 0.0000000000
72849  -8.452  -9.297  30.648 0.0000000000
70356  -8.245  -10.796  28.694 0.0000000000
83210  -11.261  -1.145  45.688 0.0000000000
81938  -11.686  -2.581  46.442 0.0000000000
72678  -6.653  -9.123  44.468 0.0000000000
73970  -6.632  -8.313  44.987 0.0000000000
182352  -7.073  -9.147  43.160 0.0000000000
72701  -7.284  -9.289  41.847 0.0000000000
71369  -6.745  -10.553  41.284 0.0000000000
96209  -39.566  8.847  38.466 0.0000000000
187555  -39.758  8.445  37.814 0.0000000000
192812  -40.173  9.080  37.985 0.0000000000
97421  -40.240  9.460  37.566 0.0000000000
97373  -32.887  9.820  42.161 0.0000000000
97357  -32.151  9.645  43.120 0.0000000000
96177  -31.791  8.692  41.203 0.0000000000
95085  -31.011  7.734  40.058 0.0000000000
110586  -53.471  19.187  20.540 0.0000000000
108157  -52.552  18.334  20.344 0.0000000000
109371  -51.298  18.443  18.620 0.0000000000
109358  -52.688  18.797  19.960 0.0000000000
110617  -52.557  19.464  18.857 0.0000000000
177291  -45.086  8.865  25.819 0.0000000000
202707  -46.490  9.363  25.857 0.0000000000
96332  -46.421  9.226  26.637 0.0000000000
184119  -42.936  8.438  26.254 0.0000000000
96373  -41.828  8.510  25.361 0.0000000000
96375  -43.606  8.492  25.593 0.0000000000
183631  -43.954  8.584  24.871 0.0000000000
91794  -9.986  4.604  29.198 0.0000000000
179585  -7.727  3.185  29.901 0.0000000000
89408  -9.369  3.274  30.469 0.0000000000
80902  -14.963  -3.092  35.614 0.0000000000
188962  -15.029  -2.993  34.706 0.0000000000
77669  -14.741  -5.388  33.981 0.0000000000
70324  -13.531  -11.253  31.499 0.0000000000
72832  -13.700  -9.524  31.448 0.0000000000
70331  -12.704  -11.112  30.314 0.0000000000
71569  -11.975  -10.672  30.191 0.0000000000
67960  -11.520  -12.849  29.457 0.0000000000
65598  -11.599  -14.381  29.445 0.0000000000
76275  -14.781  -6.209  47.327 0.0000000000
76265  -13.676  -6.155  48.081 0.0000000000
75117  -13.421  -7.203  46.918 0.0000000000
174615  -10.833  -9.175  44.352 0.0000000000
73960  -10.750  -8.109  46.071 0.0000000000
72681  -9.486  -9.455  44.778 0.0000000000
72680  -8.564  -9.710  44.955 0.0000000000
205653  -40.558  9.812  31.451 0.0000000000
98555  -38.926  10.679  32.544 0.0000000000
98570  -38.125  10.579  32.007 0.0000000000
98571  -39.626  10.284  31.949 0.0000000000
98592  -40.304  9.797  31.250 0.0000000000
91532  -24.778  4.939  46.689 0.0000000000
90378  -24.290  4.252  45.450 0.0000000000
91564  -24.949  4.754  45.133 0.0000000000
96129  -29.792  8.270  45.970 0.0000000000
95021  -28.653  7.694  46.641 0.0000000000
93876  -28.908  7.153  45.059 0.0000000000
90474  -26.014  4.406  40.002 0.0000000000
181493  -26.834  5.298  42.256 0.0000000000
90459  -25.465  4.116  41.170 0.0000000000
89265  -24.565  3.470  41.276 0.0000000000
208246  -24.170  2.652  39.515 0.0000000000
86927  -23.195  1.768  38.090 0.0000000000
85743  -9.713  1.053  40.663 0.0000000000
86911  -10.111  1.625  39.524 0.0000000000
86912  -10.741  1.776  38.940 0.0000000000
85758  -11.564  0.903  39.532 0.0000000000
84527  -13.436  -0.138  38.473 0.0000000000
84511  -12.973  -0.634  39.989 0.0000000000
80816  -12.624  -3.427  40.614 0.0000000000
80833  -13.305  -3.320  39.478 0.0000000000
78681  -11.867  -4.445  38.704 0.0000000000
198400  -11.464  -5.326  36.603 0.0000000000
78699  -10.501  -5.345  37.410 0.0000000000
199377  -49.839  13.806  22.815 0.0000000000
104754  -50.941  14.591  23.392 0.0000000000
103528  -50.500  13.863  23.739 0.0000000000
101093  -47.840  12.831  22.625 0.0000000000
102291  -46.740  12.926  21.930 0.0000000000
102293  -48.162  13.548  22.127 0.0000000000
182054  -48.605  14.110  21.788 0.0000000000
78608  -17.982  -5.137  46.271 0.0000000000
77512  -19.258  -7.232  43.858 0.0000000000
76296  -18.019  -7.236  45.528 0.0000000000
76312  -17.940  -7.365  43.810 0.0000000000
199613  -16.626  -7.355  43.775 0.0000000000
191315  -17.180  -6.891  43.123 0.0000000000
79760  -24.752  -4.273  37.505 0.0000000000
80836  -24.615  -3.620  39.307 0.0000000000
78693  -25.033  -5.328  38.642 0.0000000000
77614  -23.011  -6.264  39.011 0.0000000000
179285  -25.121  -6.815  39.346 0.0000000000
76366  -23.850  -6.704  40.248 0.0000000000
76342  -24.457  -7.088  41.916 0.0000000000
76355  -22.837  -6.574  41.573 0.0000000000
77566  -22.013  -6.096  41.905 0.0000000000
77580  -21.283  -5.618  40.778 0.0000000000
77610  -19.155  -5.706  39.245 0.0000000000
179586  -11.543  4.678  33.144 0.0000000000
85835  -8.875  0.455  34.285 0.0000000000
88107  -9.284  2.053  33.256 0.0000000000
86965  -8.556  0.927  33.613 0.0000000000
85863  -7.258  0.484  33.188 0.0000000000
84612  -7.677  -0.484  33.960 0.0000000000
80946  -13.295  -3.331  32.039 0.0000000000
186546  -12.495  -1.825  32.848 0.0000000000
79824  -11.621  -3.704  31.935 0.0000000000
77696  -7.677  -6.135  31.982 0.0000000000
79821  -8.927  -4.210  32.276 0.0000000000
78756  -7.704  -5.040  32.095 0.0000000000
80940  -6.889  -3.502  31.809 0.0000000000
79834  -6.887  -4.639  31.468 0.0000000000
79843  -6.988  -4.426  30.602 0.0000000000
83197  -6.668  -1.246  46.982 0.0000000000
77468  -11.214  -5.807  49.946 0.0000000000
79603  -10.572  -3.958  50.028 0.0000000000
78567  -8.942  -4.782  49.986 0.0000000000
77499  -8.182  -5.894  46.050 0.0000000000
188543  -8.502  -4.438  47.507 0.0000000000
78605  -9.224  -4.659  45.891 0.0000000000
80751  -8.836  -2.815  45.421 0.0000000000
183498  -9.949  -4.134  44.719 0.0000000000
185286  -10.314  -3.821  43.572 0.0000000000
77528  -10.117  -5.233  43.447 0.0000000000
74032  -7.132  -8.155  38.544 0.0000000000
76386  -7.853  -7.044  38.917 0.0000000000
74034  -8.000  -8.278  37.545 0.0000000000
192826  -9.104  -9.525  37.221 0.0000000000
70228  -8.363  -11.261  36.679 0.0000000000
65460  -7.380  -15.041  38.974 0.0000000000
66647  -6.695  -13.199  38.663 0.0000000000
97399  -39.726  9.782  39.763 0.0000000000
95115  -37.308  7.241  38.375 0.0000000000
95116  -38.156  7.311  38.371 0.0000000000
96207  -37.902  8.400  39.342 0.0000000000
183280  -38.951  9.472  39.832 0.0000000000
97382  -33.909  9.690  40.995 0.0000000000
180669  -35.160  8.876  39.811 0.0000000000
96205  -36.348  8.030  39.459 0.0000000000
98480  -34.228  10.206  42.435 0.0000000000
109333  -52.901  18.382  20.772 0.0000000000
105987  -48.955  16.235  19.697 0.0000000000
203473  -49.153  16.980  18.760 0.0000000000
108159  -50.137  17.639  18.636 0.0000000000
107069  -50.486  17.289  19.299 0.0000000000
108140  -52.197  17.681  20.583 0.0000000000
96352  -43.185  8.543  26.966 0.0000000000
96330  -44.958  9.020  27.469 0.0000000000
191921  -44.260  8.952  27.760 0.0000000000
97530  -45.809  9.471  28.980 0.0000000000
97507  -37.460  9.475  29.352 0.0000000000
97522  -38.382  9.348  28.349 0.0000000000
96310  -38.784  9.218  27.919 0.0000000000
96347  -38.793  8.710  26.755 0.0000000000
200942  -40.127  8.616  26.132 0.0000000000
96326  -40.917  8.873  27.277 0.0000000000
96351  -42.376  8.597  26.888 0.0000000000
76444  -13.397  -6.548  34.923 0.0000000000
76445  -14.078  -6.714  34.273 0.0000000000
72790  -13.401  -9.335  34.074 0.0000000000
70311  -13.453  -11.260  32.955 0.0000000000
67912  -13.097  -12.696  31.767 0.0000000000
208061  -12.346  -14.021  30.480 0.0000000000
65555  -12.336  -14.193  31.710 0.0000000000
209036  -11.418  -15.071  31.994 0.0000000000
75134  -14.703  -7.379  45.215 0.0000000000
182711  -13.625  -7.347  46.122 0.0000000000
75139  -13.299  -7.712  44.635 0.0000000000
99758  -40.462  11.194  32.951 0.0000000000
96241  -38.495  8.148  35.734 0.0000000000
95159  -38.279  7.638  35.320 0.0000000000
208538  -38.065  8.947  35.551 0.0000000000
96246  -37.207  9.064  34.558 0.0000000000
98544  -37.282  10.084  33.837 0.0000000000
98545  -37.852  10.546  33.669 0.0000000000
99757  -39.523  11.019  33.187 0.0000000000
93846  -26.305  6.851  48.207 0.0000000000
93913  -29.700  7.299  41.867 0.0000000000
92819  -28.698  6.470  42.772 0.0000000000
92850  -28.444  5.987  40.535 0.0000000000
91640  -27.297  5.104  39.857 0.0000000000
111865  -51.980  20.032  15.659 0.0000000000
111870  -52.524  20.400  15.216 0.0000000000
203295  -53.262  21.053  14.015 0.0000000000
113119  -53.399  21.163  13.428 0.0000000000
85735  -10.128  0.592  41.155 0.0000000000
84504  -11.968  -0.603  41.015 0.0000000000
84486  -10.873  -0.610  41.873 0.0000000000
82007  -11.414  -2.293  42.149 0.0000000000
80805  -11.810  -3.563  41.610 0.0000000000
197328  -48.861  12.744  23.502 0.0000000000
101074  -49.493  12.137  24.545 0.0000000000
97602  -43.275  10.028  22.459 0.0000000000
98694  -44.414  10.718  22.545 0.0000000000
101091  -44.976  12.065  22.052 0.0000000000
99871  -45.561  11.618  22.695 0.0000000000
101080  -46.988  12.001  22.990 0.0000000000
78624  -19.056  -4.947  45.680 0.0000000000
78611  -19.953  -5.449  45.728 0.0000000000
207029  -19.940  -5.745  45.470 0.0000000000
77530  -19.659  -6.532  43.682 0.0000000000
208714  -22.615  -6.590  37.622 0.0000000000
175376  -20.678  -5.900  38.873 0.0000000000
190070  -10.415  3.824  34.773 0.0000000000
90557  -10.614  3.835  34.082 0.0000000000
176661  -10.272  2.611  34.874 0.0000000000
187503  -10.163  0.621  34.755 0.0000000000
84615  -10.383  -0.378  34.106 0.0000000000
76488  -11.035  -7.142  31.264 0.0000000000
77699  -10.660  -5.492  31.970 0.0000000000
191118  -9.736  -7.608  31.306 0.0000000000
75273  -7.946  -7.379  31.734 0.0000000000
75271  -6.348  -7.511  30.973 0.0000000000
84432  -10.502  -0.150  44.969 0.0000000000
84409  -10.057  -0.349  46.430 0.0000000000
83188  -9.640  -1.481  47.247 0.0000000000
75111  -7.652  -7.744  47.875 0.0000000000
76261  -8.201  -6.921  48.685 0.0000000000
75109  -6.561  -7.547  46.831 0.0000000000
76291  -7.021  -6.869  45.961 0.0000000000
76302  -7.728  -6.520  44.745 0.0000000000
77544  -8.797  -6.533  42.465 0.0000000000
76322  -7.739  -7.859  41.847 0.0000000000
209123  -7.203  -8.823  40.159 0.0000000000
71404  -6.648  -10.665  38.641 0.0000000000
184456  -39.466  6.238  36.356 0.0000000000
95117  -38.945  7.534  38.074 0.0000000000
95136  -39.444  7.483  36.745 0.0000000000
96242  -39.227  7.877  36.338 0.0000000000
97425  -39.398  9.318  36.580 0.0000000000
99718  -39.585  10.790  36.605 0.0000000000
96140  -30.424  8.368  44.736 0.0000000000
176515  -32.084  9.682  44.902 0.0000000000
96142  -31.306  9.197  43.927 0.0000000000
95051  -30.526  7.963  43.367 0.0000000000
95075  -30.288  7.752  41.483 0.0000000000
183249  -51.000  18.781  17.476 0.0000000000
110630  -52.454  19.717  17.993 0.0000000000
111841  -52.704  19.850  18.248 0.0000000000
98664  -46.877  10.006  24.854 0.0000000000
97577  -48.051  10.042  25.397 0.0000000000
97576  -47.417  9.846  25.344 0.0000000000
184206  -40.363  8.500  25.268 0.0000000000
96389  -43.758  8.674  24.250 0.0000000000
97573  -45.089  9.253  24.462 0.0000000000
84519  -22.679  -0.204  39.172 0.0000000000
83303  -23.058  -1.287  40.226 0.0000000000
191731  -23.338  -2.276  37.861 0.0000000000
79759  -24.320  -3.745  37.184 0.0000000000
88143  -5.985  2.258  30.382 0.0000000000
85880  -5.880  0.765  30.937 0.0000000000
85822  -13.423  0.317  35.853 0.0000000000
84596  -13.438  -0.152  34.419 0.0000000000
83387  -14.697  -1.289  34.245 0.0000000000
80934  -14.422  -3.124  32.658 0.0000000000
192531  -13.583  -5.226  31.717 0.0000000000
76465  -14.768  -6.672  32.672 0.0000000000
75277  -14.020  -7.277  31.644 0.0000000000
76490  -12.480  -7.180  31.099 0.0000000000
74125  -11.416  -8.648  30.710 0.0000000000
79620  -12.601  -3.757  47.716 0.0000000000
78580  -13.049  -4.777  48.650 0.0000000000
77469  -12.464  -6.233  49.081 0.0000000000
76262  -10.510  -7.025  48.868 0.0000000000
75123  -12.057  -7.662  46.447 0.0000000000
75121  -10.399  -7.950  46.831 0.0000000000
75112  -9.001  -7.799  47.850 0.0000000000
73957  -7.704  -8.554  46.705 0.0000000000
71334  -7.469  -9.785  44.985 0.0000000000
71343  -7.057  -10.469  43.668 0.0000000000
97494  -41.399  9.720  30.112 0.0000000000
201267  -42.915  9.850  29.910 0.0000000000
98594  -42.161  10.416  30.982 0.0000000000
94058  -37.421  6.640  33.837 0.0000000000
97489  -37.363  9.670  30.164 0.0000000000
181860  -40.177  9.838  30.104 0.0000000000
89202  -23.281  2.775  43.988 0.0000000000
88000  -23.037  2.200  42.662 0.0000000000
96097  -28.539  8.632  48.503 0.0000000000
95010  -27.749  7.574  47.505 0.0000000000
93863  -26.859  6.594  46.365 0.0000000000
180714  -27.756  5.892  43.809 0.0000000000
184403  -27.194  5.923  44.267 0.0000000000
92792  -26.002  5.561  44.634 0.0000000000
90428  -24.851  4.125  42.944 0.0000000000
193107  -24.021  3.432  42.203 0.0000000000
86881  -22.998  1.338  40.746 0.0000000000
85778  -22.800  0.330  38.523 0.0000000000
113120  -53.923  21.479  13.177 0.0000000000
114305  -54.537  21.955  12.203 0.0000000000
114313  -54.703  21.984  11.461 0.0000000000
88075  -10.762  2.689  36.403 0.0000000000
86935  -11.297  1.653  37.087 0.0000000000
88061  -10.400  2.400  38.383 0.0000000000
86925  -11.335  1.617  37.723 0.0000000000
85793  -12.453  0.864  37.608 0.0000000000
84540  -13.639  0.020  37.687 0.0000000000
82055  -14.864  -1.749  37.604 0.0000000000
80869  -14.714  -3.011  37.062 0.0000000000
83302  -13.272  -1.483  40.240 0.0000000000
80852  -14.076  -3.228  38.353 0.0000000000
178377  -13.651  -4.674  36.335 0.0000000000
76433  -12.605  -6.353  35.443 0.0000000000
74056  -12.064  -8.232  35.396 0.0000000000
71458  -11.452  -10.011  35.598 0.0000000000
104762  -50.731  15.175  22.066 0.0000000000
101102  -45.190  12.703  21.642 0.0000000000
102301  -46.379  13.329  21.311 0.0000000000
103544  -46.754  13.839  20.923 0.0000000000
103545  -48.030  14.057  21.441 0.0000000000
103547  -49.714  14.697  21.590 0.0000000000
78587  -15.860  -5.375  48.128 0.0000000000
76283  -15.926  -6.334  46.651 0.0000000000
78597  -18.381  -5.658  46.693 0.0000000000
76285  -17.591  -6.606  46.646 0.0000000000
76294  -16.175  -6.921  45.881 0.0000000000
75156  -14.840  -7.393  42.941 0.0000000000
82032  -23.840  -2.374  40.157 0.0000000000
80808  -24.113  -3.033  41.376 0.0000000000
79689  -24.713  -4.102  41.262 0.0000000000
77629  -25.351  -6.393  38.654 0.0000000000
77599  -26.816  -6.262  40.517 0.0000000000
77567  -25.606  -5.577  41.799 0.0000000000
77537  -25.498  -5.947  42.845 0.0000000000
77536  -24.677  -6.214  43.829 0.0000000000
77517  -23.140  -6.051  44.689 0.0000000000
208670  -21.915  -6.098  43.858 0.0000000000
77549  -20.833  -5.802  42.941 0.0000000000
77563  -19.477  -5.703  42.333 0.0000000000
77595  -20.168  -5.262  40.029 0.0000000000
77578  -19.186  -5.246  40.795 0.0000000000
77562  -18.274  -5.739  41.907 0.0000000000
77560  -17.077  -6.167  41.621 0.0000000000
91778  -11.749  4.450  31.008 0.0000000000
90577  -10.910  3.652  33.260 0.0000000000
89368  -10.442  3.064  31.875 0.0000000000
89386  -10.134  3.157  31.075 0.0000000000
88119  -7.425  1.922  32.130 0.0000000000
85871  -6.258  0.849  31.970 0.0000000000
84655  -6.511  -0.597  31.361 0.0000000000
83385  -11.896  -0.544  33.835 0.0000000000
83384  -11.040  -0.851  33.677 0.0000000000
83407  -10.028  -1.871  33.110 0.0000000000
79823  -10.772  -3.873  32.063 0.0000000000
80943  -9.777  -3.191  32.425 0.0000000000
193824  -9.110  -1.989  33.105 0.0000000000
82136  -7.493  -2.172  32.706 0.0000000000
82135  -6.998  -1.820  32.403 0.0000000000
82196  -6.798  -2.285  30.534 0.0000000000
80972  -7.076  -3.672  30.166 0.0000000000
80727  -11.144  -3.185  47.881 0.0000000000
80726  -10.149  -2.870  48.340 0.0000000000
81913  -8.730  -2.184  48.342 0.0000000000
78578  -8.481  -4.918  49.025 0.0000000000
208572  -8.251  -3.138  47.917 0.0000000000
81921  -7.863  -1.877  47.548 0.0000000000
195073  -7.548  -2.157  45.836 0.0000000000
81958  -7.574  -1.996  45.104 0.0000000000
81974  -8.665  -2.024  44.135 0.0000000000
81976  -9.938  -2.567  43.267 0.0000000000
80794  -10.809  -3.623  42.406 0.0000000000
78663  -10.563  -4.747  40.816 0.0000000000
77558  -8.831  -6.351  41.375 0.0000000000
195077  -9.271  -5.583  39.972 0.0000000000
78679  -9.670  -5.887  38.674 0.0000000000
76417  -9.809  -6.705  36.528 0.0000000000
72766  -10.611  -9.776  36.573 0.0000000000
185050  -10.315  -11.901  35.671 0.0000000000
67755  -6.744  -12.199  41.906 0.0000000000
67770  -6.845  -12.840  40.598 0.0000000000
68986  -6.619  -11.642  40.792 0.0000000000
69011  -6.541  -12.085  39.271 0.0000000000
69026  -6.320  -12.342  38.357 0.0000000000
177963  -6.379  -12.327  37.179 0.0000000000
66666  -7.131  -13.482  36.767 0.0000000000
69067  -7.237  -12.434  36.543 0.0000000000
69087  -8.538  -12.500  35.896 0.0000000000
67866  -9.049  -12.914  35.429 0.0000000000
67880  -10.405  -13.096  34.808 0.0000000000
66702  -10.458  -14.176  33.896 0.0000000000
65526  -9.514  -15.491  33.118 0.0000000000
98491  -37.127  10.028  41.361 0.0000000000
98483  -37.660  10.730  41.538 0.0000000000
97386  -37.662  9.757  40.742 0.0000000000
98482  -36.465  10.167  41.904 0.0000000000
98490  -36.328  9.805  41.320 0.0000000000
99672  -36.695  10.828  42.256 0.0000000000
98474  -36.024  10.285  42.491 0.0000000000
100784  -36.600  11.967  43.076 0.0000000000
105963  -51.572  16.169  21.245 0.0000000000
107039  -52.463  16.405  21.679 0.0000000000
105958  -52.419  16.085  22.044 0.0000000000
105962  -51.169  15.742  21.710 0.0000000000
105961  -50.471  15.749  20.888 0.0000000000
208161  -51.002  15.844  21.189 0.0000000000
97526  -42.016  9.258  28.792 0.0000000000
97513  -42.566  9.460  29.280 0.0000000000
197072  -41.136  9.741  29.546 0.0000000000
208845  -40.894  9.621  29.063 0.0000000000
186112  -41.370  9.469  28.931 0.0000000000
196039  -41.601  9.169  28.297 0.0000000000
203271  -11.904  -11.368  34.986 0.0000000000
178322  -12.600  -10.781  34.777 0.0000000000
67881  -11.207  -12.878  34.650 0.0000000000
73989  -13.089  -8.057  42.832 0.0000000000
84464  -8.009  -0.531  42.748 0.0000000000
84465  -8.928  -0.512  42.706 0.0000000000
83254  -8.600  -0.937  43.214 0.0000000000
98675  -47.635  10.540  24.316 0.0000000000
98676  -48.153  10.913  24.493 0.0000000000
98673  -45.959  10.132  24.031 0.0000000000
99849  -47.076  10.938  23.877 0.0000000000
78613  -22.494  -5.362  46.245 0.0000000000
200358  -22.178  -5.687  46.005 0.0000000000
85726  -22.915  0.788  41.970 0.0000000000
85711  -22.960  0.382  42.668 0.0000000000
179976  -22.875  -0.553  41.450 0.0000000000
84680  -5.967  -0.067  29.782 0.0000000000
85908  -6.088  0.051  29.037 0.0000000000
85806  -11.863  0.864  36.142 0.0000000000
85820  -11.247  0.928  35.675 0.0000000000
188943  -11.768  0.586  35.558 0.0000000000
71582  -8.272  -10.774  29.307 0.0000000000
80743  -12.432  -2.994  46.421 0.0000000000
183807  -6.793  -9.883  43.410 0.0000000000
72686  -6.780  -9.263  43.849 0.0000000000
197018  -6.917  -9.559  43.132 0.0000000000
72694  -7.149  -9.622  42.451 0.0000000000
71361  -6.913  -10.258  41.998 0.0000000000
192705  -40.308  9.438  38.813 0.0000000000
97414  -40.749  9.682  38.108 0.0000000000
96178  -32.597  9.055  40.914 0.0000000000
96168  -32.328  9.262  41.680 0.0000000000
109359  -53.080  19.070  20.209 0.0000000000
182677  -52.874  18.638  20.389 0.0000000000
109357  -52.370  18.582  19.744 0.0000000000
96354  -45.598  9.097  26.363 0.0000000000
96353  -44.958  8.900  26.627 0.0000000000
198964  -43.601  8.547  26.382 0.0000000000
96376  -44.484  8.663  25.288 0.0000000000
91795  -11.056  5.056  29.500 0.0000000000
90631  -10.617  4.476  29.574 0.0000000000
90630  -9.793  3.753  29.936 0.0000000000
79777  -14.771  -3.781  35.791 0.0000000000
188933  -15.008  -3.589  35.144 0.0000000000
78727  -14.721  -4.708  34.541 0.0000000000
70332  -13.141  -11.543  30.823 0.0000000000
71554  -13.228  -10.768  30.907 0.0000000000
70343  -12.745  -11.924  30.245 0.0000000000
69155  -12.091  -12.372  29.924 0.0000000000
195016  -11.649  -13.592  29.343 0.0000000000
194755  -12.189  -13.141  29.873 0.0000000000
76274  -13.976  -6.706  47.401 0.0000000000
76281  -14.253  -7.047  46.822 0.0000000000
72682  -10.201  -9.215  44.681 0.0000000000
98572  -40.289  10.187  31.759 0.0000000000
98573  -41.028  10.350  31.622 0.0000000000
99772  -41.682  10.731  32.386 0.0000000000
94039  -39.277  5.979  35.214 0.0000000000
92747  -25.601  5.656  47.162 0.0000000000
92759  -25.184  5.377  46.655 0.0000000000
91533  -25.082  5.161  45.979 0.0000000000
91547  -25.530  5.348  45.303 0.0000000000
95033  -29.925  7.972  45.116 0.0000000000
95032  -29.333  7.710  45.504 0.0000000000
93886  -29.086  6.979  44.316 0.0000000000
90489  -25.543  4.058  39.415 0.0000000000
90460  -25.950  4.513  40.753 0.0000000000
89280  -24.977  3.744  39.647 0.0000000000
89279  -24.772  3.458  40.215 0.0000000000
179889  -24.604  3.149  39.428 0.0000000000
88055  -24.212  2.766  38.885 0.0000000000
88065  -24.254  2.765  38.141 0.0000000000
85744  -10.553  0.973  40.573 0.0000000000
179658  -10.123  1.294  40.102 0.0000000000
86897  -10.829  1.234  39.741 0.0000000000
84516  -12.598  0.046  39.627 0.0000000000
85746  -11.915  0.346  39.952 0.0000000000
79715  -12.138  -3.962  40.206 0.0000000000
79727  -12.093  -4.199  39.461 0.0000000000
197473  -11.495  -4.564  39.166 0.0000000000
78692  -11.566  -4.744  37.986 0.0000000000
183407  -11.137  -4.816  38.611 0.0000000000
178817  -50.139  13.618  23.314 0.0000000000
102283  -48.555  13.140  22.913 0.0000000000
103536  -49.108  13.782  22.357 0.0000000000
76313  -18.685  -7.386  43.506 0.0000000000
76306  -18.514  -7.256  44.611 0.0000000000
173893  -17.285  -7.197  43.549 0.0000000000
76326  -18.154  -7.056  43.001 0.0000000000
78703  -24.822  -5.108  37.239 0.0000000000
192215  -24.884  -4.968  37.877 0.0000000000
77640  -25.069  -5.934  37.854 0.0000000000
76380  -23.831  -6.678  39.382 0.0000000000
77598  -22.980  -6.250  39.786 0.0000000000
77581  -22.920  -6.447  40.679 0.0000000000
177101  -22.091  -6.032  41.085 0.0000000000
77597  -22.004  -5.893  40.142 0.0000000000
91736  -11.366  4.997  33.801 0.0000000000
84591  -9.017  0.030  34.410 0.0000000000
194519  -8.367  -0.094  34.244 0.0000000000
190187  -7.929  0.213  33.855 0.0000000000
83381  -8.064  -1.078  33.807 0.0000000000
199515  -13.138  -4.661  31.743 0.0000000000
80945  -12.507  -3.494  31.937 0.0000000000
78760  -12.281  -4.373  31.761 0.0000000000
194091  -6.780  -6.295  31.754 0.0000000000
201321  -7.237  -5.669  31.943 0.0000000000
78755  -7.059  -5.061  31.775 0.0000000000
78768  -6.710  -5.269  31.390 0.0000000000
78775  -6.811  -5.239  30.909 0.0000000000
77710  -6.526  -6.014  31.205 0.0000000000
84399  -8.671  -0.434  47.285 0.0000000000
84397  -7.421  -0.703  47.519 0.0000000000
76256  -9.992  -6.663  49.490 0.0000000000
77465  -10.133  -5.331  50.136 0.0000000000
76252  -8.914  -6.262  49.829 0.0000000000
77500  -9.020  -5.345  45.546 0.0000000000
78604  -8.725  -5.205  46.444 0.0000000000
79640  -9.528  -4.075  45.445 0.0000000000
194068  -9.615  -4.791  44.973 0.0000000000
202008  -10.073  -4.640  44.393 0.0000000000
77527  -9.404  -5.669  43.849 0.0000000000
72748  -7.262  -9.043  38.015 0.0000000000
74033  -7.499  -8.178  38.040 0.0000000000
71423  -7.401  -10.118  37.671 0.0000000000
71424  -8.210  -9.840  37.401 0.0000000000
71441  -7.798  -10.786  37.146 0.0000000000
64304  -7.444  -16.047  39.293 0.0000000000
193266  -7.429  -15.344  39.732 0.0000000000
95099  -37.613  7.708  38.910 0.0000000000
97398  -38.241  9.504  40.177 0.0000000000
97406  -38.483  9.044  39.573 0.0000000000
97394  -34.557  9.381  40.334 0.0000000000
97395  -35.364  9.240  40.512 0.0000000000
96191  -36.615  8.329  39.874 0.0000000000
95098  -36.817  7.653  38.877 0.0000000000
175072  -35.011  10.199  42.465 0.0000000000
178399  -34.612  10.248  42.880 0.0000000000
199369  -34.280  10.064  41.595 0.0000000000
97374  -33.624  9.997  41.851 0.0000000000
108141  -52.564  18.018  20.808 0.0000000000
109317  -53.355  18.484  21.245 0.0000000000
108134  -52.806  17.952  21.233 0.0000000000
103557  -47.813  14.484  20.828 0.0000000000
104771  -47.522  14.921  20.224 0.0000000000
104772  -48.227  15.119  20.518 0.0000000000
105968  -50.005  16.003  20.372 0.0000000000
105988  -49.648  16.290  19.847 0.0000000000
107068  -49.367  16.621  19.277 0.0000000000
199990  -50.043  16.744  19.561 0.0000000000
107049  -51.788  16.855  20.820 0.0000000000
107064  -51.556  17.276  20.291 0.0000000000
96329  -43.512  8.780  27.661 0.0000000000
190868  -43.993  9.353  29.090 0.0000000000
97529  -44.786  9.326  29.027 0.0000000000
184794  -45.466  9.657  29.550 0.0000000000
97508  -38.380  9.516  28.952 0.0000000000
96311  -39.687  9.259  28.116 0.0000000000
96324  -39.227  8.935  27.387 0.0000000000
96325  -40.060  8.980  27.388 0.0000000000
96348  -39.620  8.706  26.786 0.0000000000
96327  -41.796  8.813  27.565 0.0000000000
75229  -12.871  -7.070  35.065 0.0000000000
183116  -13.436  -7.269  34.574 0.0000000000
74065  -13.056  -8.610  34.441 0.0000000000
70294  -13.093  -11.421  33.714 0.0000000000
173485  -13.470  -10.796  33.583 0.0000000000
69117  -13.175  -11.976  33.193 0.0000000000
69126  -13.415  -11.779  32.324 0.0000000000
67903  -13.128  -12.538  32.686 0.0000000000
66734  -12.769  -13.471  31.753 0.0000000000
194680  -12.817  -13.110  32.392 0.0000000000
66716  -11.585  -14.157  32.966 0.0000000000
65529  -11.845  -14.522  32.245 0.0000000000
65528  -11.179  -14.822  32.594 0.0000000000
64375  -10.766  -15.462  32.192 0.0000000000
75140  -14.080  -7.553  44.561 0.0000000000
75147  -13.506  -7.792  43.861 0.0000000000
97434  -38.806  8.874  36.109 0.0000000000
97432  -37.668  9.975  35.048 0.0000000000
97439  -37.357  9.769  34.519 0.0000000000
99741  -38.440  10.876  34.254 0.0000000000
99742  -39.210  11.187  33.993 0.0000000000
94997  -25.900  7.294  49.179 0.0000000000
94998  -26.681  7.526  48.726 0.0000000000
93930  -29.420  6.788  40.792 0.0000000000
93918  -29.280  6.835  41.451 0.0000000000
92840  -28.907  6.424  40.995 0.0000000000
110639  -52.402  19.825  17.027 0.0000000000
205384  -52.058  19.881  16.338 0.0000000000
196972  -52.658  20.108  16.220 0.0000000000
111866  -53.152  20.509  15.787 0.0000000000
111871  -53.091  20.743  15.096 0.0000000000
190174  -52.786  20.752  14.408 0.0000000000
113109  -53.387  21.067  14.629 0.0000000000
84501  -9.677  0.170  41.677 0.0000000000
84502  -10.507  -0.005  41.514 0.0000000000
84485  -10.115  -0.350  42.057 0.0000000000
83274  -11.160  -1.354  42.146 0.0000000000
80796  -11.892  -2.916  41.812 0.0000000000
80795  -11.323  -3.217  42.086 0.0000000000
101082  -48.678  12.166  23.878 0.0000000000
97590  -43.451  9.377  23.104 0.0000000000
98683  -44.845  10.325  23.336 0.0000000000
98682  -44.125  10.045  23.025 0.0000000000
99870  -44.770  11.385  22.367 0.0000000000
99861  -47.387  11.485  23.404 0.0000000000
179319  -47.614  12.123  23.013 0.0000000000
78626  -20.372  -5.026  45.646 0.0000000000
77515  -21.078  -5.966  45.070 0.0000000000
77502  -20.661  -5.491  45.819 0.0000000000
77514  -20.415  -5.989  44.865 0.0000000000
77513  -19.680  -6.236  44.667 0.0000000000
77531  -20.263  -6.252  43.970 0.0000000000
76391  -21.844  -6.333  37.814 0.0000000000
89323  -10.324  3.299  35.106 0.0000000000
178887  -10.437  1.933  35.291 0.0000000000
85837  -10.689  0.784  35.070 0.0000000000
86957  -10.171  1.203  34.914 0.0000000000
84592  -9.808  0.155  34.514 0.0000000000
203280  -10.787  -8.287  30.865 0.0000000000
75292  -10.511  -7.694  31.120 0.0000000000
74124  -9.898  -8.303  30.933 0.0000000000
72848  -7.673  -9.150  30.379 0.0000000000
206737  -8.379  -8.298  31.147 0.0000000000
75290  -7.683  -7.998  31.318 0.0000000000
75272  -6.817  -7.490  31.531 0.0000000000
74120  -6.473  -8.201  30.464 0.0000000000
74151  -7.253  -8.678  29.379 0.0000000000
83201  -10.934  -1.401  46.298 0.0000000000
83209  -10.701  -0.712  46.122 0.0000000000
83200  -10.279  -1.030  46.635 0.0000000000
73948  -7.101  -8.124  47.296 0.0000000000
75110  -6.895  -7.553  47.283 0.0000000000
73947  -6.572  -7.863  46.884 0.0000000000
75145  -6.786  -7.968  44.459 0.0000000000
76290  -6.547  -7.684  46.026 0.0000000000
76300  -6.690  -7.691  45.154 0.0000000000
76301  -6.980  -7.102  45.320 0.0000000000
76309  -7.049  -7.190  44.341 0.0000000000
179687  -7.449  -7.200  43.377 0.0000000000
75146  -7.114  -7.823  43.470 0.0000000000
72709  -6.889  -10.058  40.965 0.0000000000
74000  -7.440  -8.734  41.124 0.0000000000
72717  -7.076  -9.479  40.552 0.0000000000
72727  -6.857  -9.476  39.812 0.0000000000
71391  -6.585  -10.440  39.538 0.0000000000
92928  -39.500  5.655  35.829 0.0000000000
96218  -38.436  7.944  38.688 0.0000000000
93959  -38.717  6.842  37.836 0.0000000000
96224  -39.708  8.094  37.169 0.0000000000
96232  -39.580  8.164  36.716 0.0000000000
187201  -39.491  8.537  36.579 0.0000000000
98528  -39.910  9.952  37.095 0.0000000000
96216  -34.647  8.467  38.195 0.0000000000
97330  -30.439  9.476  46.729 0.0000000000
96120  -30.384  8.921  45.974 0.0000000000
96131  -30.868  8.977  45.236 0.0000000000
98460  -33.165  10.167  44.395 0.0000000000
97351  -32.413  9.960  44.325 0.0000000000
96160  -31.626  9.113  42.556 0.0000000000
96153  -31.473  9.182  43.189 0.0000000000
96152  -30.958  8.489  43.366 0.0000000000
95060  -30.638  8.079  42.803 0.0000000000
95067  -30.200  7.718  42.317 0.0000000000
95068  -30.722  8.160  42.117 0.0000000000
93932  -30.427  7.389  40.155 0.0000000000
111843  -53.414  20.092  19.352 0.0000000000
109372  -51.975  18.816  19.000 0.0000000000
109384  -50.989  18.514  17.934 0.0000000000
109385  -51.576  18.941  18.051 0.0000000000
109390  -51.357  19.147  17.169 0.0000000000
110629  -51.978  19.455  17.606 0.0000000000
110607  -53.048  19.372  19.860 0.0000000000
110618  -52.782  19.618  19.088 0.0000000000
111842  -53.124  20.154  18.439 0.0000000000
97574  -45.792  9.413  24.689 0.0000000000
97575  -46.538  9.692  25.006 0.0000000000
97565  -47.090  9.351  26.442 0.0000000000
97566  -47.660  9.521  26.226 0.0000000000
97536  -45.818  9.262  28.047 0.0000000000
97537  -46.784  9.286  27.736 0.0000000000
96372  -40.856  8.582  25.822 0.0000000000
96387  -41.602  8.482  24.434 0.0000000000
198157  -43.008  8.515  24.272 0.0000000000
96377  -45.269  9.023  25.063 0.0000000000
96390  -44.532  8.852  24.611 0.0000000000
83315  -22.749  -1.041  39.085 0.0000000000
80887  -23.855  -3.194  36.894 0.0000000000
90642  -7.859  3.662  28.945 0.0000000000
89383  -7.530  2.820  30.530 0.0000000000
89406  -6.891  2.999  29.916 0.0000000000
86996  -5.922  1.703  30.760 0.0000000000
86988  -6.149  1.333  31.414 0.0000000000
84575  -14.167  -0.279  35.887 0.0000000000
84597  -14.219  -0.370  34.935 0.0000000000
83371  -14.920  -1.457  35.000 0.0000000000
79805  -14.947  -3.890  33.417 0.0000000000
80935  -14.794  -3.321  33.132 0.0000000000
79812  -14.657  -3.844  32.737 0.0000000000
79827  -14.520  -4.515  32.342 0.0000000000
78761  -14.396  -5.216  32.041 0.0000000000
75252  -13.998  -7.978  33.584 0.0000000000
76454  -14.634  -6.843  33.499 0.0000000000
75253  -14.451  -7.558  33.047 0.0000000000
74103  -13.627  -8.733  31.455 0.0000000000
207656  -14.076  -7.825  31.989 0.0000000000
75276  -13.615  -7.918  31.439 0.0000000000
75295  -13.313  -7.191  31.216 0.0000000000
74127  -12.957  -8.301  31.141 0.0000000000
75294  -12.296  -7.808  30.999 0.0000000000
208687  -12.051  -9.044  30.765 0.0000000000
182400  -10.903  -11.510  29.793 0.0000000000
180885  -11.030  -10.937  30.002 0.0000000000
65574  -12.214  -14.480  30.955 0.0000000000
65587  -11.968  -14.547  30.162 0.0000000000
64420  -11.005  -15.783  30.365 0.0000000000
79616  -13.742  -4.339  47.906 0.0000000000
192678  -14.346  -4.918  48.066 0.0000000000
77475  -12.909  -6.570  48.466 0.0000000000
77476  -13.128  -5.846  48.735 0.0000000000
76264  -12.118  -6.768  48.659 0.0000000000
76258  -11.753  -6.447  49.365 0.0000000000
75103  -11.603  -7.225  48.069 0.0000000000
75124  -12.851  -7.546  46.286 0.0000000000
75130  -11.516  -7.894  45.833 0.0000000000
73964  -10.297  -8.571  45.640 0.0000000000
75113  -9.943  -7.732  47.576 0.0000000000
73950  -9.397  -8.119  46.994 0.0000000000
73958  -8.783  -8.543  46.616 0.0000000000
71338  -8.035  -10.236  44.518 0.0000000000
204001  -7.152  -10.137  44.394 0.0000000000
98617  -41.660  9.832  30.483 0.0000000000
95158  -37.808  7.609  34.752 0.0000000000
94038  -37.925  6.845  34.472 0.0000000000
95169  -37.176  7.635  34.068 0.0000000000
98589  -37.539  10.372  31.471 0.0000000000
97478  -37.959  9.946  30.676 0.0000000000
98615  -40.565  9.659  30.606 0.0000000000
98614  -39.892  9.897  30.606 0.0000000000
97493  -40.904  9.745  30.131 0.0000000000
90392  -24.076  3.823  44.106 0.0000000000
89185  -23.615  3.309  44.470 0.0000000000
89221  -23.304  2.794  43.141 0.0000000000
93865  -28.106  7.279  46.092 0.0000000000
95020  -27.931  7.526  46.776 0.0000000000
93864  -27.522  7.048  46.369 0.0000000000
93856  -27.271  7.083  47.011 0.0000000000
92828  -28.206  5.930  41.985 0.0000000000
92810  -28.310  6.121  43.354 0.0000000000
91617  -27.526  5.640  42.318 0.0000000000
91615  -26.102  4.853  42.221 0.0000000000
91589  -26.980  5.479  43.085 0.0000000000
91588  -26.358  5.324  43.417 0.0000000000
92793  -26.502  5.660  44.069 0.0000000000
91566  -25.685  4.926  43.732 0.0000000000
90411  -25.272  4.549  43.362 0.0000000000
90429  -25.429  4.422  42.599 0.0000000000
89264  -24.125  2.936  40.977 0.0000000000
89243  -24.028  3.181  41.646 0.0000000000
88040  -23.624  2.381  40.641 0.0000000000
88022  -23.198  1.952  41.069 0.0000000000
88039  -23.189  1.855  40.297 0.0000000000
86898  -22.902  1.143  39.938 0.0000000000
200412  -22.955  1.354  39.224 0.0000000000
86937  -23.101  0.870  36.994 0.0000000000
85795  -22.858  0.329  37.302 0.0000000000
113110  -53.775  21.456  14.005 0.0000000000
182613  -54.255  21.841  13.594 0.0000000000
114306  -55.068  22.454  12.006 0.0000000000
89309  -10.397  3.064  37.084 0.0000000000
88076  -11.080  1.879  36.561 0.0000000000
201660  -9.552  1.847  39.434 0.0000000000
88060  -9.827  2.617  38.825 0.0000000000
86914  -11.774  1.054  38.765 0.0000000000
86913  -11.334  1.494  38.441 0.0000000000
86926  -11.870  1.194  38.015 0.0000000000
86936  -11.825  1.242  37.192 0.0000000000
85794  -13.097  0.502  37.231 0.0000000000
85777  -12.998  0.419  38.048 0.0000000000
84518  -13.847  -0.738  38.884 0.0000000000
84528  -14.025  -0.563  38.151 0.0000000000
178623  -14.233  -1.133  38.496 0.0000000000
82062  -14.877  -2.303  37.134 0.0000000000
82054  -14.673  -2.565  37.884 0.0000000000
83301  -12.613  -0.996  40.637 0.0000000000
83290  -12.846  -1.710  40.791 0.0000000000
79742  -13.055  -4.171  38.359 0.0000000000
80851  -13.502  -3.676  38.762 0.0000000000
79743  -13.669  -3.992  38.069 0.0000000000
79758  -13.821  -4.197  37.345 0.0000000000
79775  -13.356  -4.610  36.897 0.0000000000
205060  -12.876  -5.542  35.771 0.0000000000
77647  -12.277  -5.265  36.419 0.0000000000
199492  -11.429  -6.350  36.050 0.0000000000
76431  -11.552  -7.084  35.986 0.0000000000
75227  -11.606  -7.863  35.934 0.0000000000
72778  -11.587  -9.379  35.561 0.0000000000
207513  -11.118  -8.833  36.406 0.0000000000
104759  -51.436  15.308  22.990 0.0000000000
104758  -50.848  14.910  22.699 0.0000000000
178223  -45.592  12.299  22.138 0.0000000000
102292  -47.452  13.120  21.997 0.0000000000
102302  -47.087  13.440  21.456 0.0000000000
177363  -47.417  13.935  21.108 0.0000000000
103537  -49.732  14.327  22.106 0.0000000000
103546  -49.232  14.382  21.676 0.0000000000
104761  -50.188  14.855  21.810 0.0000000000
78594  -16.126  -5.109  47.304 0.0000000000
77487  -16.368  -5.505  47.615 0.0000000000
77492  -16.407  -5.715  47.393 0.0000000000
78610  -19.247  -5.500  46.168 0.0000000000
78609  -18.710  -5.275  46.286 0.0000000000
77496  -18.887  -5.775  46.411 0.0000000000
209168  -17.661  -7.157  46.058 0.0000000000
76295  -17.075  -7.103  46.030 0.0000000000
76303  -16.446  -7.253  45.056 0.0000000000
75135  -15.590  -7.316  45.087 0.0000000000
75143  -16.616  -7.425  44.286 0.0000000000
76325  -16.478  -7.127  43.201 0.0000000000
75150  -15.825  -7.303  43.399 0.0000000000
75157  -15.546  -7.191  42.725 0.0000000000
199384  -14.696  -7.393  42.334 0.0000000000
75165  -15.185  -7.207  41.775 0.0000000000
82044  -23.808  -2.384  39.392 0.0000000000
82019  -23.564  -1.808  40.592 0.0000000000
79716  -25.021  -4.414  39.733 0.0000000000
80819  -24.579  -3.582  40.088 0.0000000000
79703  -24.951  -4.280  40.488 0.0000000000
76394  -24.950  -6.669  37.998 0.0000000000
194585  -24.578  -6.890  38.489 0.0000000000
76368  -25.526  -6.736  39.985 0.0000000000
76369  -26.531  -6.289  40.217 0.0000000000
76358  -26.778  -6.213  40.875 0.0000000000
78665  -26.546  -5.852  40.886 0.0000000000
197765  -26.560  -6.341  41.780 0.0000000000
77551  -25.626  -6.032  42.433 0.0000000000
76330  -25.764  -6.424  42.192 0.0000000000
76341  -23.516  -7.058  42.104 0.0000000000
76328  -23.986  -7.034  42.494 0.0000000000
76315  -23.589  -6.768  43.113 0.0000000000
77535  -23.698  -6.402  43.850 0.0000000000
196017  -22.981  -6.551  43.495 0.0000000000
77534  -22.413  -6.180  44.232 0.0000000000
76314  -22.321  -6.456  43.280 0.0000000000
77565  -21.177  -5.765  42.105 0.0000000000
77564  -20.288  -5.585  42.274 0.0000000000
77611  -20.506  -5.486  39.443 0.0000000000
200550  -19.870  -5.391  39.512 0.0000000000
77593  -18.702  -5.508  40.075 0.0000000000
77577  -18.415  -5.481  41.004 0.0000000000
77576  -17.669  -5.760  41.280 0.0000000000
77561  -17.717  -6.120  42.252 0.0000000000
91753  -11.929  5.015  32.557 0.0000000000
91767  -12.255  5.405  31.863 0.0000000000
91779  -12.174  5.127  31.046 0.0000000000
91766  -11.932  4.658  31.770 0.0000000000
89337  -10.356  3.145  33.593 0.0000000000
203069  -9.497  2.432  32.740 0.0000000000
89353  -9.925  2.778  32.402 0.0000000000
205334  -9.386  2.504  32.190 0.0000000000
89367  -9.714  2.768  31.696 0.0000000000
88121  -8.912  2.382  31.633 0.0000000000
88120  -8.162  2.165  32.155 0.0000000000
85862  -6.745  0.030  33.205 0.0000000000
86977  -6.671  0.709  32.607 0.0000000000
201260  -6.496  0.228  32.500 0.0000000000
84638  -6.560  -0.413  32.255 0.0000000000
83369  -13.490  -0.740  33.688 0.0000000000
84617  -12.757  -0.475  33.920 0.0000000000
199274  -12.612  -1.044  33.422 0.0000000000
201561  -11.966  -2.382  32.533 0.0000000000
83409  -11.735  -1.249  33.243 0.0000000000
82140  -11.524  -1.905  32.838 0.0000000000
83408  -10.888  -1.529  33.246 0.0000000000
82139  -10.823  -2.119  32.892 0.0000000000
206803  -10.988  -4.961  31.930 0.0000000000
191972  -9.840  -5.268  32.123 0.0000000000
80942  -9.250  -3.586  32.317 0.0000000000
80929  -9.051  -3.063  32.530 0.0000000000
82138  -9.576  -2.553  32.757 0.0000000000
196788  -8.880  -2.524  32.779 0.0000000000
82137  -8.343  -2.100  32.921 0.0000000000
80928  -8.123  -2.877  32.539 0.0000000000
180875  -7.014  -2.733  31.998 0.0000000000
82180  -6.902  -2.104  31.522 0.0000000000
80971  -6.911  -3.016  30.120 0.0000000000
83220  -7.090  -1.543  44.895 0.0000000000
79614  -12.353  -4.044  48.520 0.0000000000
80728  -11.923  -3.607  47.967 0.0000000000
79613  -11.449  -3.712  48.605 0.0000000000
79606  -9.956  -3.523  49.794 0.0000000000
80719  -10.053  -3.196  49.271 0.0000000000
203231  -9.424  -2.913  48.944 0.0000000000
81914  -9.234  -2.440  48.473 0.0000000000
80725  -8.963  -2.807  48.803 0.0000000000
77473  -7.778  -6.839  47.889 0.0000000000
77474  -8.264  -5.932  48.466 0.0000000000
79629  -8.531  -3.867  47.094 0.0000000000
79619  -8.349  -3.765  47.936 0.0000000000
80732  -8.183  -3.127  47.483 0.0000000000
81922  -8.180  -2.566  47.909 0.0000000000
81936  -8.028  -2.490  47.057 0.0000000000
81935  -7.623  -2.134  46.701 0.0000000000
81947  -8.246  -2.446  46.112 0.0000000000
80760  -9.578  -3.456  45.044 0.0000000000
205367  -8.098  -2.286  45.379 0.0000000000
81959  -8.335  -2.248  44.767 0.0000000000
83221  -7.877  -1.745  44.460 0.0000000000
81975  -9.398  -2.285  43.693 0.0000000000
80771  -9.833  -3.032  43.618 0.0000000000
78646  -10.416  -4.854  42.803 0.0000000000
79678  -10.570  -4.089  42.894 0.0000000000
78656  -10.623  -4.433  42.139 0.0000000000
79700  -10.851  -4.435  41.495 0.0000000000
182007  -10.258  -4.792  41.381 0.0000000000
76336  -8.312  -7.060  41.732 0.0000000000
77557  -7.999  -6.718  40.758 0.0000000000
76387  -8.141  -6.980  38.809 0.0000000000
77605  -8.474  -6.484  39.266 0.0000000000
77606  -8.996  -6.380  38.994 0.0000000000
78671  -9.408  -5.828  39.340 0.0000000000
77621  -9.260  -6.456  38.540 0.0000000000
77644  -9.420  -6.206  36.955 0.0000000000
76402  -9.029  -6.737  37.326 0.0000000000
71443  -9.506  -10.213  36.968 0.0000000000
72765  -10.026  -9.616  36.998 0.0000000000
70230  -10.156  -10.515  36.566 0.0000000000
70249  -10.662  -11.157  36.015 0.0000000000
70248  -9.848  -11.421  36.215 0.0000000000
177787  -6.881  -12.673  41.401 0.0000000000
181246  -6.855  -13.674  39.321 0.0000000000
199646  -7.096  -13.880  39.885 0.0000000000
173173  -6.871  -13.299  39.893 0.0000000000
68987  -6.659  -12.162  41.096 0.0000000000
200830  -6.744  -12.795  39.931 0.0000000000
68998  -6.644  -11.894  40.058 0.0000000000
176216  -6.670  -12.455  39.565 0.0000000000
66659  -6.702  -13.315  38.059 0.0000000000
67816  -6.390  -12.775  38.115 0.0000000000
67817  -6.427  -12.885  37.590 0.0000000000
70205  -6.200  -12.211  37.747 0.0000000000
67833  -6.345  -12.683  37.272 0.0000000000
67848  -7.215  -13.038  36.442 0.0000000000
67864  -7.667  -13.518  36.005 0.0000000000
69086  -7.734  -12.882  36.147 0.0000000000
67878  -8.684  -13.698  35.172 0.0000000000
67879  -9.490  -13.334  34.921 0.0000000000
66692  -10.022  -13.797  34.456 0.0000000000
97387  -38.413  10.114  40.677 0.0000000000
99681  -38.441  10.906  41.116 0.0000000000
100794  -37.696  11.844  42.362 0.0000000000
97396  -36.671  8.820  40.305 0.0000000000
96192  -37.238  8.609  39.866 0.0000000000
97397  -37.419  9.210  40.271 0.0000000000
97384  -35.511  9.842  41.194 0.0000000000
180008  -36.098  9.185  40.735 0.0000000000
99655  -35.234  11.348  43.576 0.0000000000
99663  -35.577  10.875  42.983 0.0000000000
100774  -36.130  12.297  43.498 0.0000000000
107044  -52.609  17.101  21.474 0.0000000000
108129  -52.995  17.623  21.744 0.0000000000
104765  -49.403  14.896  21.182 0.0000000000
104774  -49.721  15.445  20.758 0.0000000000
105969  -50.670  16.298  20.424 0.0000000000
96314  -42.278  8.905  28.210 0.0000000000
96315  -43.024  8.906  28.248 0.0000000000
203319  -40.375  9.555  28.771 0.0000000000
72789  -12.600  -9.358  34.752 0.0000000000
70270  -12.625  -11.460  34.384 0.0000000000
69116  -12.774  -12.087  33.873 0.0000000000
67902  -12.657  -13.071  33.108 0.0000000000
67892  -12.392  -12.821  33.899 0.0000000000
66703  -11.288  -13.892  33.717 0.0000000000
175663  -14.185  -7.583  43.156 0.0000000000
73988  -12.736  -8.405  42.692 0.0000000000
98527  -39.192  10.195  36.349 0.0000000000
98535  -38.548  10.306  35.704 0.0000000000
99725  -38.514  10.779  35.116 0.0000000000
99732  -39.863  11.448  34.614 0.0000000000
96090  -27.305  9.037  49.491 0.0000000000
92860  -28.586  5.907  39.751 0.0000000000
204883  -52.829  20.009  16.814 0.0000000000
113083  -53.635  20.762  16.970 0.0000000000
114247  -54.491  22.048  16.874 0.0000000000
83272  -9.751  -0.673  42.570 0.0000000000
201586  -10.071  -1.249  42.808 0.0000000000
81991  -9.906  -1.790  43.231 0.0000000000
99851  -48.513  11.472  24.297 0.0000000000
99842  -48.803  10.945  24.899 0.0000000000
181347  -44.885  9.548  24.048 0.0000000000
97591  -44.229  9.509  23.632 0.0000000000
97592  -45.214  9.973  23.888 0.0000000000
98684  -45.529  10.456  23.565 0.0000000000
99859  -45.795  10.977  23.255 0.0000000000
78612  -20.924  -5.489  46.000 0.0000000000
176908  -21.623  -5.530  46.091 0.0000000000
77533  -21.589  -6.001  44.413 0.0000000000
86846  -22.920  1.422  43.862 0.0000000000
87022  -5.468  1.456  29.496 0.0000000000
87034  -5.178  1.730  28.542 0.0000000000
85918  -5.650  0.886  28.823 0.0000000000
86941  -10.883  2.032  35.916 0.0000000000
85838  -11.348  0.468  35.021 0.0000000000
84594  -11.603  0.005  34.469 0.0000000000
72871  -9.566  -10.147  30.270 0.0000000000
196133  -8.871  -9.890  30.394 0.0000000000
72870  -8.217  -9.899  30.228 0.0000000000
71581  -7.817  -10.076  29.210 0.0000000000
81948  -11.521  -1.993  45.848 0.0000000000
81937  -11.163  -2.101  46.492 0.0000000000
72671  -6.595  -8.672  45.039 0.0000000000
73963  -6.569  -8.024  45.606 0.0000000000
180938  -6.691  -8.760  44.490 0.0000000000
201648  -6.782  -8.441  44.355 0.0000000000
73987  -7.236  -8.635  42.898 0.0000000000
186480  -7.292  -9.112  42.522 0.0000000000
72700  -7.046  -9.893  41.639 0.0000000000
71378  -6.728  -10.709  40.573 0.0000000000
96225  -39.928  8.817  37.415 0.0000000000
95113  -35.717  7.725  37.694 0.0000000000
97366  -32.899  10.095  42.945 0.0000000000
97365  -32.200  9.565  42.402 0.0000000000
96167  -31.670  8.887  41.941 0.0000000000
206684  -31.415  8.548  41.612 0.0000000000
177489  -30.825  8.157  41.551 0.0000000000
95077  -31.379  8.235  40.613 0.0000000000
108161  -51.659  18.268  19.397 0.0000000000
109373  -52.511  19.066  19.355 0.0000000000
110606  -52.708  19.168  19.585 0.0000000000
96378  -45.842  9.208  25.744 0.0000000000
97552  -47.216  9.262  27.254 0.0000000000
184156  -41.432  8.578  26.068 0.0000000000
184155  -42.153  8.496  26.161 0.0000000000
96374  -42.723  8.418  25.490 0.0000000000
184144  -43.271  8.477  24.845 0.0000000000
83327  -22.917  -1.290  36.790 0.0000000000
90643  -8.592  4.075  29.024 0.0000000000
90629  -9.031  3.612  29.697 0.0000000000
89407  -8.428  3.225  30.173 0.0000000000
83353  -14.902  -1.628  35.860 0.0000000000
82075  -15.011  -2.300  35.338 0.0000000000
79798  -14.970  -3.875  34.352 0.0000000000
78742  -14.961  -5.238  33.137 0.0000000000
71518  -13.965  -9.764  32.099 0.0000000000
72833  -14.004  -9.095  31.978 0.0000000000
71538  -13.749  -10.406  31.562 0.0000000000
72853  -13.165  -9.972  31.009 0.0000000000
71553  -12.623  -10.344  30.500 0.0000000000
71552  -11.920  -10.026  30.408 0.0000000000
70342  -11.874  -11.517  29.993 0.0000000000
69154  -11.261  -12.089  29.627 0.0000000000
67959  -10.891  -13.301  29.027 0.0000000000
66784  -10.901  -14.102  28.957 0.0000000000
77485  -15.394  -5.504  48.330 0.0000000000
77477  -14.457  -5.411  48.007 0.0000000000
197561  -14.409  -5.863  47.632 0.0000000000
76273  -13.186  -6.880  47.670 0.0000000000
73972  -11.305  -8.598  44.639 0.0000000000
73965  -11.054  -8.345  45.360 0.0000000000
73971  -10.627  -8.875  44.989 0.0000000000
72675  -9.851  -9.012  45.239 0.0000000000
72674  -8.985  -9.291  45.472 0.0000000000
186120  -40.777  9.784  31.082 0.0000000000
98593  -41.398  10.075  31.040 0.0000000000
96257  -36.862  8.695  34.003 0.0000000000
206224  -38.898  10.505  31.805 0.0000000000
98591  -39.487  10.180  31.273 0.0000000000
205580  -39.976  10.045  31.578 0.0000000000
91546  -24.640  4.562  46.028 0.0000000000
90393  -24.453  4.298  44.581 0.0000000000
96118  -29.459  8.436  46.771 0.0000000000
185085  -29.144  8.204  47.314 0.0000000000
95022  -29.186  7.936  46.391 0.0000000000
95031  -28.720  7.494  45.818 0.0000000000
93875  -28.291  6.961  45.364 0.0000000000
91629  -27.090  5.208  41.137 0.0000000000
198431  -27.141  5.372  41.799 0.0000000000
181521  -26.452  4.836  41.085 0.0000000000
90447  -26.020  4.566  41.458 0.0000000000
90446  -25.522  4.256  41.874 0.0000000000
90458  -25.030  3.842  41.566 0.0000000000
90472  -24.931  3.729  40.901 0.0000000000
88041  -24.279  2.839  40.198 0.0000000000
88054  -23.681  2.315  39.179 0.0000000000
88063  -23.145  1.887  38.821 0.0000000000
88064  -23.697  2.326  38.451 0.0000000000
86938  -23.418  1.556  37.325 0.0000000000
111873  -51.749  20.183  14.033 0.0000000000
207504  -11.263  1.309  39.080 0.0000000000
85760  -12.840  0.275  38.853 0.0000000000
84517  -13.249  -0.335  39.250 0.0000000000
83313  -13.633  -1.040  39.593 0.0000000000
82017  -12.682  -2.303  41.107 0.0000000000
82018  -13.205  -2.303  40.494 0.0000000000
80832  -12.705  -3.684  39.855 0.0000000000
177056  -12.705  -4.026  38.997 0.0000000000
79741  -12.364  -4.462  38.208 0.0000000000
78712  -11.883  -4.977  36.851 0.0000000000
78701  -12.085  -4.768  37.446 0.0000000000
78700  -11.258  -5.053  37.218 0.0000000000
178254  -10.756  -6.745  36.232 0.0000000000
103532  -50.462  14.151  23.013 0.0000000000
101092  -47.188  12.532  22.492 0.0000000000
78596  -17.717  -5.588  46.855 0.0000000000
76298  -19.132  -6.630  45.177 0.0000000000
76297  -18.596  -6.772  45.848 0.0000000000
76305  -17.775  -7.334  44.565 0.0000000000
76311  -17.233  -7.383  44.088 0.0000000000
187297  -16.687  -6.782  42.668 0.0000000000
80871  -24.639  -3.685  37.852 0.0000000000
80854  -24.601  -3.697  38.547 0.0000000000
79744  -24.875  -4.270  38.205 0.0000000000
79728  -24.952  -4.358  38.974 0.0000000000
176692  -23.827  -6.738  38.556 0.0000000000
76381  -24.523  -6.880  39.035 0.0000000000
76367  -24.569  -6.855  39.743 0.0000000000
191866  -24.742  -6.853  40.587 0.0000000000
76356  -24.908  -7.054  41.313 0.0000000000
177102  -23.907  -6.897  41.237 0.0000000000
76340  -22.670  -6.720  42.447 0.0000000000
191314  -21.461  -5.783  41.437 0.0000000000
77608  -17.550  -5.970  39.250 0.0000000000
77591  -17.036  -6.074  40.545 0.0000000000
86956  -9.580  1.152  34.470 0.0000000000
88093  -9.567  1.923  33.948 0.0000000000
86966  -9.114  1.334  33.796 0.0000000000
86979  -8.650  1.653  33.193 0.0000000000
88106  -8.011  1.873  32.705 0.0000000000
85864  -8.016  1.042  33.138 0.0000000000
84611  -7.139  -0.121  33.677 0.0000000000
83379  -6.976  -0.628  33.472 0.0000000000
192753  -13.480  -2.173  32.672 0.0000000000
80932  -12.758  -2.711  32.330 0.0000000000
196035  -11.854  -2.991  32.195 0.0000000000
77697  -8.708  -6.010  32.054 0.0000000000
191489  -9.032  -5.403  32.197 0.0000000000
187119  -8.519  -4.904  32.220 0.0000000000
178744  -8.098  -4.356  32.203 0.0000000000
80941  -7.508  -3.739  32.183 0.0000000000
79818  -7.016  -4.233  31.726 0.0000000000
193918  -6.720  -3.989  31.352 0.0000000000
180623  -6.809  -3.836  30.760 0.0000000000
79842  -6.881  -4.582  31.086 0.0000000000
78572  -11.807  -4.879  49.697 0.0000000000
182567  -11.243  -4.041  49.792 0.0000000000
78571  -10.923  -4.668  50.143 0.0000000000
79602  -9.709  -4.054  50.120 0.0000000000
79601  -9.105  -4.152  50.086 0.0000000000
77491  -8.022  -5.887  46.909 0.0000000000
78591  -8.414  -5.091  47.292 0.0000000000
78592  -8.844  -4.555  46.760 0.0000000000
79630  -9.060  -3.967  46.222 0.0000000000
80742  -9.216  -3.473  45.736 0.0000000000
80770  -9.996  -3.547  44.279 0.0000000000
79651  -10.274  -4.275  44.087 0.0000000000
78620  -10.219  -4.787  43.927 0.0000000000
78645  -9.898  -5.441  42.563 0.0000000000
75185  -7.091  -7.434  39.446 0.0000000000
76363  -7.378  -6.857  39.717 0.0000000000
75186  -7.378  -7.201  39.054 0.0000000000
75204  -7.930  -7.453  38.141 0.0000000000
75205  -8.470  -7.647  37.447 0.0000000000
74044  -8.787  -8.564  37.236 0.0000000000
72750  -8.347  -9.093  37.369 0.0000000000
71442  -8.729  -10.427  37.052 0.0000000000
65451  -7.286  -14.490  39.610 0.0000000000
176480  -6.920  -14.032  38.682 0.0000000000
180707  -7.059  -13.905  37.961 0.0000000000
66677  -8.153  -14.007  35.550 0.0000000000
93957  -36.958  6.731  37.860 0.0000000000
93958  -37.856  6.689  38.054 0.0000000000
96208  -38.788  8.617  38.920 0.0000000000
97407  -39.297  9.189  39.220 0.0000000000
97381  -33.280  9.310  40.732 0.0000000000
97393  -33.778  9.296  40.187 0.0000000000
96189  -34.338  9.100  39.555 0.0000000000
96203  -34.889  8.694  38.970 0.0000000000
96204  -35.633  8.338  39.253 0.0000000000
95114  -36.494  7.389  38.093 0.0000000000
181389  -33.644  10.206  43.882 0.0000000000
98469  -34.845  10.549  43.320 0.0000000000
98468  -34.141  10.218  43.380 0.0000000000
98467  -33.414  10.240  43.418 0.0000000000
208465  -33.443  10.170  42.522 0.0000000000
178995  -33.087  9.506  41.394 0.0000000000
104790  -48.578  15.739  20.150 0.0000000000
186322  -48.255  16.087  19.511 0.0000000000
105999  -47.961  16.322  18.933 0.0000000000
205348  -49.752  17.087  18.975 0.0000000000
108155  -51.272  17.561  19.667 0.0000000000
175817  -50.823  16.834  19.943 0.0000000000
108156  -51.813  17.890  20.067 0.0000000000
179978  -44.088  8.778  26.988 0.0000000000
97535  -44.926  9.126  28.308 0.0000000000
96316  -43.944  9.078  28.418 0.0000000000
97523  -39.025  9.447  28.553 0.0000000000
96349  -40.323  8.771  26.847 0.0000000000
96350  -41.583  8.602  26.788 0.0000000000
93000  -11.632  5.156  29.937 0.0000000000
77656  -13.678  -5.414  35.246 0.0000000000
78737  -14.355  -5.293  34.768 0.0000000000
75243  -14.043  -7.413  33.902 0.0000000000
72801  -14.014  -9.201  33.236 0.0000000000
71498  -13.703  -10.058  33.595 0.0000000000
72815  -13.974  -9.779  32.851 0.0000000000
200082  -13.673  -11.043  32.161 0.0000000000
69134  -13.289  -11.977  31.558 0.0000000000
67927  -12.924  -13.088  30.946 0.0000000000
67926  -12.632  -13.451  30.362 0.0000000000
66754  -12.629  -13.813  31.037 0.0000000000
65554  -11.889  -14.914  31.523 0.0000000000
66717  -12.293  -13.724  32.538 0.0000000000
64400  -11.143  -15.580  31.355 0.0000000000
75125  -14.489  -7.200  46.027 0.0000000000
75133  -13.858  -7.477  45.342 0.0000000000
75132  -13.069  -7.635  45.479 0.0000000000
75138  -12.528  -7.919  44.770 0.0000000000
73974  -12.733  -8.072  43.833 0.0000000000
73973  -12.023  -8.340  44.247 0.0000000000
99759  -41.404  11.050  32.962 0.0000000000
94017  -38.561  6.880  35.167 0.0000000000
96247  -37.790  8.458  35.060 0.0000000000
97433  -38.101  9.706  35.583 0.0000000000
96240  -37.601  9.375  35.089 0.0000000000
97446  -36.934  9.507  33.929 0.0000000000
96256  -36.500  9.201  33.349 0.0000000000
97445  -36.724  9.888  33.224 0.0000000000
98553  -37.235  10.314  33.067 0.0000000000
99756  -38.615  10.860  33.426 0.0000000000
93854  -25.952  6.180  47.694 0.0000000000
92761  -26.274  5.982  46.847 0.0000000000
93895  -29.627  7.363  43.308 0.0000000000
93894  -29.196  6.953  43.612 0.0000000000
93912  -29.158  6.746  42.254 0.0000000000
92829  -28.742  6.394  41.721 0.0000000000
91630  -27.752  5.622  40.867 0.0000000000
91654  -27.971  5.411  39.397 0.0000000000
91641  -27.878  5.569  40.156 0.0000000000
192317  -27.322  5.273  40.498 0.0000000000
91639  -26.563  4.680  39.498 0.0000000000
196231  -26.084  4.310  39.477 0.0000000000
89304  -25.016  3.710  38.217 0.0000000000
111869  -51.773  20.084  14.828 0.0000000000
187636  -52.200  20.417  14.462 0.0000000000
111875  -52.816  20.895  13.608 0.0000000000
113094  -53.903  21.469  15.690 0.0000000000
85736  -10.922  0.390  40.948 0.0000000000
84509  -11.613  0.072  40.651 0.0000000000
84503  -11.249  -0.267  41.275 0.0000000000
83288  -11.596  -0.930  41.645 0.0000000000
83275  -11.768  -1.637  41.847 0.0000000000
82008  -12.138  -2.294  41.658 0.0000000000
79702  -12.076  -3.782  40.953 0.0000000000
207900  -11.628  -4.215  40.457 0.0000000000
102284  -49.727  13.159  23.486 0.0000000000
102276  -49.300  12.551  23.898 0.0000000000
101073  -49.112  11.892  24.415 0.0000000000
192368  -48.226  12.538  23.342 0.0000000000
79656  -19.963  -4.228  44.421 0.0000000000
78625  -19.752  -5.075  45.673 0.0000000000
176576  -19.411  -5.852  45.842 0.0000000000
76425  -25.146  -6.855  36.586 0.0000000000
76411  -25.088  -6.777  37.264 0.0000000000
76410  -24.590  -7.038  37.559 0.0000000000
76409  -23.881  -7.078  37.408 0.0000000000
177960  -23.387  -6.761  37.854 0.0000000000
76392  -22.822  -6.430  38.250 0.0000000000
77628  -22.130  -6.068  38.721 0.0000000000
77612  -21.430  -5.753  39.296 0.0000000000
77627  -21.193  -6.081  38.451 0.0000000000
77626  -20.402  -6.126  38.317 0.0000000000
206873  -10.621  4.183  34.596 0.0000000000
91735  -10.949  4.617  34.372 0.0000000000
89328  -10.250  3.215  34.390 0.0000000000
88087  -9.961  1.856  34.686 0.0000000000
85836  -9.612  0.596  34.529 0.0000000000
84614  -9.437  -0.458  34.191 0.0000000000
76478  -11.745  -6.600  31.290 0.0000000000
194976  -11.607  -5.189  31.767 0.0000000000
195880  -11.354  -5.900  31.672 0.0000000000
76477  -10.662  -6.367  31.708 0.0000000000
208334  -9.983  -6.467  31.849 0.0000000000
74123  -8.886  -8.611  30.955 0.0000000000
75274  -9.073  -7.174  31.670 0.0000000000
76476  -9.343  -6.535  31.892 0.0000000000
76475  -8.338  -6.667  31.915 0.0000000000
76474  -7.218  -6.817  31.833 0.0000000000
76473  -6.451  -6.891  31.519 0.0000000000
177084  -6.472  -6.924  30.538 0.0000000000
84420  -10.378  -0.204  45.869 0.0000000000
84419  -9.880  0.089  46.179 0.0000000000
83199  -9.480  -0.716  46.983 0.0000000000
83187  -8.751  -1.103  47.578 0.0000000000
75095  -8.631  -7.341  49.294 0.0000000000
76254  -8.636  -6.980  49.428 0.0000000000
75098  -7.572  -7.315  47.896 0.0000000000
76271  -6.928  -7.330  47.335 0.0000000000
77483  -7.415  -6.687  47.223 0.0000000000
75129  -6.543  -7.830  46.045 0.0000000000
76280  -6.586  -7.347  46.713 0.0000000000
77490  -7.326  -6.555  46.470 0.0000000000
76292  -7.527  -6.466  45.636 0.0000000000
180113  -8.435  -5.945  45.154 0.0000000000
77510  -8.580  -6.035  44.277 0.0000000000
77526  -8.756  -6.219  43.436 0.0000000000
76310  -7.927  -6.595  43.866 0.0000000000
76324  -8.018  -7.042  42.595 0.0000000000
76335  -8.032  -7.411  41.283 0.0000000000
75162  -7.566  -8.219  41.946 0.0000000000
75170  -7.704  -8.148  41.033 0.0000000000
75178  -7.308  -7.885  40.205 0.0000000000
74015  -6.979  -8.273  39.407 0.0000000000
72737  -7.029  -9.169  38.837 0.0000000000
174395  -6.883  -10.899  37.848 0.0000000000
94018  -39.365  6.419  35.859 0.0000000000
93981  -39.167  6.359  37.239 0.0000000000
181488  -39.480  7.851  37.722 0.0000000000
95129  -39.336  7.222  37.345 0.0000000000
94000  -39.451  6.616  36.821 0.0000000000
174481  -39.307  6.937  36.365 0.0000000000
97320  -29.847  9.342  48.289 0.0000000000
96130  -30.266  8.494  45.382 0.0000000000
95041  -30.061  7.795  44.366 0.0000000000
97340  -31.590  9.487  45.463 0.0000000000
182169  -32.000  9.673  43.779 0.0000000000
97350  -31.876  9.603  44.348 0.0000000000
97349  -31.444  9.307  44.719 0.0000000000
96141  -30.916  8.809  44.400 0.0000000000
96151  -30.559  8.221  43.954 0.0000000000
95050  -30.130  7.687  43.671 0.0000000000
95059  -30.159  7.668  43.036 0.0000000000
93931  -29.878  6.946  40.318 0.0000000000
95076  -30.781  7.846  40.863 0.0000000000
109383  -50.343  18.482  17.490 0.0000000000
110638  -51.752  19.536  16.745 0.0000000000
113068  -53.643  20.638  18.636 0.0000000000
98665  -47.510  10.201  24.863 0.0000000000
185753  -46.887  9.543  25.597 0.0000000000
96331  -45.761  9.122  27.145 0.0000000000
97583  -44.423  9.067  24.099 0.0000000000
97585  -46.225  9.845  24.557 0.0000000000
84512  -22.668  0.143  40.012 0.0000000000
181070  -22.745  -0.623  40.566 0.0000000000
179130  -22.747  -0.746  39.765 0.0000000000
82043  -23.122  -1.831  39.060 0.0000000000
82057  -23.557  -2.407  38.619 0.0000000000
82064  -23.648  -2.688  37.375 0.0000000000
80870  -24.121  -3.229  37.607 0.0000000000
194822  -25.350  -6.068  36.513 0.0000000000
76426  -25.452  -6.417  36.235 0.0000000000
89428  -7.428  3.317  29.334 0.0000000000
88142  -5.596  1.994  29.936 0.0000000000
85891  -5.763  0.689  30.156 0.0000000000
84654  -6.093  -0.070  30.661 0.0000000000
84573  -12.964  0.283  35.093 0.0000000000
84574  -13.694  0.075  35.208 0.0000000000
83370  -14.211  -0.658  34.185 0.0000000000
83386  -14.121  -1.297  33.638 0.0000000000
80914  -14.921  -2.108  34.519 0.0000000000
82112  -14.634  -1.971  33.774 0.0000000000
82111  -14.128  -1.966  33.136 0.0000000000
79826  -14.035  -3.721  32.188 0.0000000000
182871  -13.901  -4.546  31.941 0.0000000000
77679  -14.666  -6.173  33.819 0.0000000000
77680  -14.964  -5.810  33.355 0.0000000000
77689  -14.894  -5.858  32.818 0.0000000000
191300  -14.241  -8.069  32.553 0.0000000000
75260  -14.476  -7.375  32.261 0.0000000000
77703  -14.656  -5.915  32.232 0.0000000000
77702  -14.041  -5.913  31.772 0.0000000000
77701  -13.168  -5.875  31.486 0.0000000000
76479  -12.778  -6.538  31.256 0.0000000000
76489  -11.777  -7.316  31.091 0.0000000000
75293  -11.419  -7.894  30.947 0.0000000000
198043  -10.619  -8.905  30.592 0.0000000000
71568  -11.186  -10.192  30.223 0.0000000000
72872  -10.469  -9.698  30.327 0.0000000000
178263  -9.427  -10.858  30.096 0.0000000000
66773  -12.131  -13.852  29.909 0.0000000000
79615  -13.152  -4.209  48.100 0.0000000000
78579  -12.321  -4.571  49.065 0.0000000000
180919  -13.750  -5.252  48.272 0.0000000000
78573  -12.536  -5.438  49.237 0.0000000000
207559  -12.013  -5.847  49.549 0.0000000000
76257  -10.923  -6.555  49.494 0.0000000000
75096  -9.450  -7.277  49.060 0.0000000000
75116  -12.613  -7.332  47.052 0.0000000000
75115  -11.814  -7.472  47.251 0.0000000000
75122  -11.256  -7.792  46.649 0.0000000000
75114  -10.933  -7.635  47.576 0.0000000000
75101  -10.258  -7.442  48.262 0.0000000000
176847  -9.493  -7.581  48.272 0.0000000000
193241  -8.249  -7.839  48.278 0.0000000000
73949  -8.144  -8.250  47.553 0.0000000000
72665  -7.232  -8.909  46.067 0.0000000000
72666  -8.375  -8.911  46.058 0.0000000000
72672  -6.919  -9.154  45.356 0.0000000000
72679  -6.800  -9.441  44.714 0.0000000000
71337  -6.769  -9.694  44.118 0.0000000000
173150  -6.884  -10.572  43.009 0.0000000000
97495  -42.067  9.784  29.900 0.0000000000
98618  -42.455  10.166  30.370 0.0000000000
94059  -38.296  6.151  34.156 0.0000000000
97490  -38.435  9.756  29.804 0.0000000000
97491  -39.501  9.927  29.905 0.0000000000
97492  -40.529  9.781  30.013 0.0000000000
89168  -23.490  3.313  45.318 0.0000000000
89184  -23.299  2.695  44.853 0.0000000000
87969  -23.046  2.124  44.347 0.0000000000
87985  -22.997  2.194  43.486 0.0000000000
176796  -22.941  1.564  42.259 0.0000000000
96096  -27.774  8.499  48.710 0.0000000000
95011  -28.592  7.837  47.367 0.0000000000
95000  -28.226  8.054  47.971 0.0000000000
94999  -27.432  7.808  48.291 0.0000000000
95009  -27.015  7.195  47.817 0.0000000000
93855  -26.605  6.646  47.292 0.0000000000
204855  -26.363  6.036  46.104 0.0000000000
93893  -28.666  6.593  43.850 0.0000000000
92795  -28.234  6.220  44.030 0.0000000000
92794  -27.859  6.212  44.446 0.0000000000
91603  -27.115  5.500  42.731 0.0000000000
92776  -27.311  6.330  44.931 0.0000000000
182444  -26.626  5.956  44.785 0.0000000000
92774  -26.155  5.815  45.423 0.0000000000
91565  -25.526  5.015  44.489 0.0000000000
91587  -25.141  4.600  44.183 0.0000000000
90409  -24.244  3.813  43.286 0.0000000000
90445  -25.016  3.963  42.221 0.0000000000
89223  -24.418  3.788  42.533 0.0000000000
89222  -23.849  3.346  42.842 0.0000000000
203554  -23.468  2.824  42.248 0.0000000000
88011  -23.144  2.101  41.859 0.0000000000
85747  -22.830  0.707  40.552 0.0000000000
205807  -22.617  -0.778  37.919 0.0000000000
86915  -22.925  1.179  38.603 0.0000000000
187021  -22.758  -0.015  37.873 0.0000000000
113131  -53.442  21.156  12.661 0.0000000000
113132  -54.049  21.465  12.411 0.0000000000
113140  -54.219  21.463  11.646 0.0000000000
189920  -55.289  22.428  10.650 0.0000000000
89316  -10.397  3.330  35.841 0.0000000000
86942  -11.463  1.301  36.461 0.0000000000
208370  -11.911  1.093  36.634 0.0000000000
89302  -10.300  2.856  37.775 0.0000000000
86924  -10.979  1.957  38.191 0.0000000000
85807  -12.421  0.853  36.733 0.0000000000
85808  -13.072  0.512  36.486 0.0000000000
84556  -13.752  0.057  36.750 0.0000000000
84557  -14.364  -0.522  36.698 0.0000000000
84541  -14.210  -0.499  37.390 0.0000000000
83338  -14.901  -1.701  36.744 0.0000000000
82068  -14.925  -2.501  36.311 0.0000000000
80886  -14.747  -3.365  36.365 0.0000000000
209219  -14.480  -3.948  36.365 0.0000000000
84510  -12.291  -0.259  40.343 0.0000000000
82030  -13.849  -1.764  39.756 0.0000000000
82029  -13.670  -2.499  39.822 0.0000000000
80834  -13.915  -2.915  39.077 0.0000000000
209276  -14.377  -2.515  38.627 0.0000000000
80868  -14.278  -3.512  37.634 0.0000000000
79776  -14.008  -4.278  36.653 0.0000000000
78714  -14.272  -4.425  35.944 0.0000000000
78725  -13.580  -4.987  35.778 0.0000000000
76418  -11.947  -5.866  36.086 0.0000000000
75228  -12.184  -7.290  35.493 0.0000000000
72779  -11.961  -9.013  35.237 0.0000000000
70250  -11.346  -10.870  35.614 0.0000000000
105953  -52.033  15.735  22.458 0.0000000000
176629  -51.304  15.569  22.327 0.0000000000
98666  -48.285  10.424  25.039 0.0000000000
101101  -44.443  12.433  21.460 0.0000000000
102290  -45.944  12.837  21.807 0.0000000000
102314  -45.566  13.219  21.057 0.0000000000
103555  -46.058  13.756  20.751 0.0000000000
184628  -46.442  14.274  20.390 0.0000000000
103556  -47.155  14.340  20.549 0.0000000000
104764  -48.592  14.653  21.204 0.0000000000
104767  -50.619  15.387  21.453 0.0000000000
77478  -15.620  -5.434  48.379 0.0000000000
77486  -15.836  -5.395  48.155 0.0000000000
76276  -15.653  -5.908  47.643 0.0000000000
78623  -18.190  -4.848  45.385 0.0000000000
76286  -18.122  -6.759  46.399 0.0000000000
77494  -18.034  -6.059  46.879 0.0000000000
76284  -16.859  -6.434  46.710 0.0000000000
76293  -15.320  -6.958  45.869 0.0000000000
75141  -14.898  -7.448  44.439 0.0000000000
208406  -16.090  -7.448  43.893 0.0000000000
75149  -15.067  -7.397  43.683 0.0000000000
199218  -13.980  -7.642  42.524 0.0000000000
83291  -23.101  -1.268  41.014 0.0000000000
82009  -23.616  -1.858  41.383 0.0000000000
80835  -24.269  -2.917  39.699 0.0000000000
80818  -24.110  -2.988  40.546 0.0000000000
82010  -23.895  -2.507  41.808 0.0000000000
188726  -25.049  -3.576  42.646 0.0000000000
190982  -25.647  -6.116  39.295 0.0000000000
201053  -26.255  -6.198  39.902 0.0000000000
183106  -25.773  -5.516  40.207 0.0000000000
184416  -25.144  -5.067  41.119 0.0000000000
190478  -24.804  -4.681  41.998 0.0000000000
79682  -25.772  -4.350  43.134 0.0000000000
78638  -26.076  -4.660  43.339 0.0000000000
78639  -25.951  -4.941  43.672 0.0000000000
76329  -24.895  -6.959  42.398 0.0000000000
76317  -25.122  -6.395  42.991 0.0000000000
77518  -24.118  -5.997  44.686 0.0000000000
205380  -22.520  -6.034  44.981 0.0000000000
77550  -21.714  -5.994  42.737 0.0000000000
178135  -21.389  -5.961  43.619 0.0000000000
186043  -20.783  -5.945  43.600 0.0000000000
77548  -20.093  -5.886  43.098 0.0000000000
77547  -19.255  -6.102  42.964 0.0000000000
77596  -20.966  -5.456  40.034 0.0000000000
77579  -20.449  -5.300  40.679 0.0000000000
77594  -19.488  -5.289  40.038 0.0000000000
174077  -19.804  -5.163  40.569 0.0000000000
175478  -19.815  -5.348  41.378 0.0000000000
185058  -18.795  -5.940  42.399 0.0000000000
77546  -18.292  -6.235  42.671 0.0000000000
76339  -17.195  -6.550  42.490 0.0000000000
76338  -16.533  -6.581  41.902 0.0000000000
76354  -16.424  -6.435  40.931 0.0000000000
76353  -15.846  -6.766  41.348 0.0000000000
91788  -11.899  4.935  30.457 0.0000000000
205917  -11.278  4.437  30.201 0.0000000000
90558  -11.162  4.296  33.641 0.0000000000
202377  -11.328  4.084  33.015 0.0000000000
89355  -11.303  3.614  32.542 0.0000000000
199101  -9.884  2.587  33.227 0.0000000000
89354  -10.595  3.150  32.698 0.0000000000
90596  -11.510  3.861  31.745 0.0000000000
89387  -10.940  3.393  31.375 0.0000000000
90614  -11.231  3.917  30.906 0.0000000000
90613  -10.682  3.585  30.700 0.0000000000
89384  -8.579  2.847  30.899 0.0000000000
177061  -7.815  2.304  31.389 0.0000000000
86978  -7.313  1.280  32.611 0.0000000000
86989  -6.633  1.450  31.964 0.0000000000
202535  -6.213  0.298  31.629 0.0000000000
201611  -6.521  -0.865  30.634 0.0000000000
84595  -12.446  -0.005  34.396 0.0000000000
84616  -11.143  -0.311  34.085 0.0000000000
83383  -10.160  -1.047  33.634 0.0000000000
83382  -9.116  -1.224  33.659 0.0000000000
78759  -11.277  -4.445  31.875 0.0000000000
80944  -11.053  -3.187  32.244 0.0000000000
79822  -9.861  -3.930  32.184 0.0000000000
200911  -10.381  -3.364  32.276 0.0000000000
80930  -10.423  -2.689  32.620 0.0000000000
83405  -7.751  -1.532  33.248 0.0000000000
83404  -7.126  -1.457  33.039 0.0000000000
82161  -7.198  -2.915  32.296 0.0000000000
200361  -7.152  -2.252  32.477 0.0000000000
83429  -6.766  -1.219  31.944 0.0000000000
83451  -6.740  -1.411  31.010 0.0000000000
83470  -6.691  -1.492  30.139 0.0000000000
82214  -6.831  -2.241  29.565 0.0000000000
206689  -6.953  -2.682  29.528 0.0000000000
80986  -7.224  -2.946  29.584 0.0000000000
196139  -7.671  -3.507  29.894 0.0000000000
84446  -6.765  -0.965  43.264 0.0000000000
80733  -11.979  -3.192  47.184 0.0000000000
81925  -11.200  -2.594  47.068 0.0000000000
204581  -10.732  -3.371  48.666 0.0000000000
200064  -10.586  -2.587  47.577 0.0000000000
81924  -9.854  -2.132  47.835 0.0000000000
81923  -9.066  -1.756  48.072 0.0000000000
83179  -8.451  -1.617  47.983 0.0000000000
77466  -8.525  -5.946  49.274 0.0000000000
78570  -8.652  -5.027  49.572 0.0000000000
79612  -8.625  -3.982  48.742 0.0000000000
78584  -8.351  -4.834  48.173 0.0000000000
80724  -8.622  -3.117  48.432 0.0000000000
193714  -8.634  -2.470  48.349 0.0000000000
81912  -8.334  -2.007  48.053 0.0000000000
83178  -8.097  -1.517  47.824 0.0000000000
83198  -7.198  -1.669  47.050 0.0000000000
81934  -6.718  -1.865  46.323 0.0000000000
81946  -6.965  -1.913  45.547 0.0000000000
83236  -7.419  -1.270  43.952 0.0000000000
83237  -8.244  -1.395  43.763 0.0000000000
83238  -9.121  -1.520  43.597 0.0000000000
81992  -10.282  -2.454  42.888 0.0000000000
80780  -10.331  -3.195  42.973 0.0000000000
80781  -10.771  -2.776  42.504 0.0000000000
79688  -11.173  -3.953  41.827 0.0000000000
79701  -11.363  -4.231  41.111 0.0000000000
78664  -11.020  -4.670  40.245 0.0000000000
77545  -9.464  -5.858  43.019 0.0000000000
173624  -9.337  -5.980  42.225 0.0000000000
77559  -9.438  -5.536  41.618 0.0000000000
77574  -8.285  -6.140  40.441 0.0000000000
77575  -8.960  -5.644  40.810 0.0000000000
200674  -9.560  -5.150  41.106 0.0000000000
78662  -9.719  -5.054  40.621 0.0000000000
78672  -10.063  -5.132  39.906 0.0000000000
174891  -10.820  -4.928  39.356 0.0000000000
78690  -10.098  -5.504  37.962 0.0000000000
77645  -10.179  -5.989  36.644 0.0000000000
209548  -10.297  -7.175  36.341 0.0000000000
74045  -9.693  -8.758  37.056 0.0000000000
75215  -10.009  -7.722  36.570 0.0000000000
74046  -10.630  -8.934  36.768 0.0000000000
71457  -10.917  -10.315  36.132 0.0000000000
69090  -11.115  -11.666  35.448 0.0000000000
68942  -6.823  -11.273  42.763 0.0000000000
68955  -6.580  -11.349  42.080 0.0000000000
173736  -7.219  -13.520  40.380 0.0000000000
70152  -6.624  -10.862  41.713 0.0000000000
70159  -6.611  -11.102  41.226 0.0000000000
207375  -6.670  -11.501  40.421 0.0000000000
70163  -6.614  -11.404  40.034 0.0000000000
67799  -6.549  -12.630  38.758 0.0000000000
70170  -6.379  -11.690  39.134 0.0000000000
70185  -6.218  -11.853  38.440 0.0000000000
70206  -6.498  -11.744  37.442 0.0000000000
70226  -6.782  -12.082  36.992 0.0000000000
175953  -6.636  -13.026  37.162 0.0000000000
67847  -6.844  -13.047  36.777 0.0000000000
69066  -6.639  -12.636  36.824 0.0000000000
70227  -7.537  -11.686  36.833 0.0000000000
69068  -8.036  -12.089  36.359 0.0000000000
69069  -8.951  -11.731  36.277 0.0000000000
67865  -8.282  -13.302  35.699 0.0000000000
69088  -9.427  -12.154  35.755 0.0000000000
67867  -9.902  -12.607  35.270 0.0000000000
69089  -10.734  -12.362  35.097 0.0000000000
66693  -10.957  -13.615  34.409 0.0000000000
64374  -9.939  -15.895  32.513 0.0000000000
64373  -9.368  -16.064  32.833 0.0000000000
67786  -6.682  -12.303  40.332 0.0000000000
67832  -6.200  -12.618  37.752 0.0000000000
67882  -11.849  -12.694  34.440 0.0000000000
68972  -6.518  -11.508  41.478 0.0000000000
69142  -13.084  -12.323  30.865 0.0000000000
70186  -6.354  -11.454  38.133 0.0000000000
70339  -8.641  -11.152  29.814 0.0000000000
71353  -6.912  -10.043  42.684 0.0000000000
71379  -6.753  -10.197  40.288 0.0000000000
71403  -6.406  -11.232  38.992 0.0000000000
71422  -7.043  -9.972  38.267 0.0000000000
71459  -11.924  -9.698  35.165 0.0000000000
71477  -12.390  -10.072  34.871 0.0000000000
71478  -13.056  -10.144  34.379 0.0000000000
71517  -13.802  -10.474  32.686 0.0000000000
71565  -8.218  -10.407  29.846 0.0000000000
72673  -7.918  -9.358  45.528 0.0000000000
72710  -7.192  -9.411  41.145 0.0000000000
72749  -7.622  -9.028  37.650 0.0000000000
72777  -11.150  -9.415  36.212 0.0000000000
72851  -11.436  -9.409  30.459 0.0000000000
72852  -12.348  -9.630  30.709 0.0000000000
72869  -7.689  -9.636  29.888 0.0000000000
72885  -7.475  -9.268  29.467 0.0000000000
73955  -6.396  -8.014  46.261 0.0000000000
73956  -6.775  -8.296  46.543 0.0000000000
73959  -9.979  -8.337  46.306 0.0000000000
73978  -6.909  -8.751  43.811 0.0000000000
73981  -13.550  -7.838  43.253 0.0000000000
74007  -7.128  -8.129  39.976 0.0000000000
74023  -7.485  -7.425  38.567 0.0000000000
74055  -11.522  -8.715  35.892 0.0000000000
74075  -13.741  -8.587  33.770 0.0000000000
74076  -14.143  -8.378  33.127 0.0000000000
74086  -14.196  -8.777  32.629 0.0000000000
74104  -14.008  -8.400  32.003 0.0000000000
74121  -7.063  -8.610  30.540 0.0000000000
74122  -7.797  -8.623  30.899 0.0000000000
74126  -12.174  -8.467  30.895 0.0000000000
75099  -8.200  -7.493  48.635 0.0000000000
75100  -8.681  -7.609  48.742 0.0000000000
75102  -10.962  -7.309  48.316 0.0000000000
75120  -6.509  -7.680  46.440 0.0000000000
75137  -6.561  -7.996  45.478 0.0000000000
75155  -7.285  -8.072  42.746 0.0000000000
75195  -7.280  -7.341  38.972 0.0000000000
75196  -7.628  -7.224  38.754 0.0000000000
75214  -9.121  -7.767  36.962 0.0000000000
75216  -10.656  -7.502  36.295 0.0000000000
75226  -11.002  -8.197  36.318 0.0000000000
75241  -12.788  -7.865  34.889 0.0000000000
75242  -13.480  -7.945  34.201 0.0000000000
75275  -10.080  -7.003  31.591 0.0000000000
75289  -6.657  -8.076  30.940 0.0000000000
75291  -8.873  -7.900  31.277 0.0000000000
76253  -9.568  -6.176  49.955 0.0000000000
76263  -11.336  -6.899  48.803 0.0000000000
76316  -24.336  -6.675  43.095 0.0000000000
76323  -7.627  -7.566  42.405 0.0000000000
76343  -25.522  -6.826  41.763 0.0000000000
76344  -26.683  -6.325  41.435 0.0000000000
76351  -7.870  -7.702  41.070 0.0000000000
76362  -7.273  -7.257  40.224 0.0000000000
76374  -7.163  -7.116  39.518 0.0000000000
76375  -7.680  -6.969  39.132 0.0000000000
76376  -8.062  -6.898  38.997 0.0000000000
76382  -25.111  -6.717  38.793 0.0000000000
76400  -8.004  -7.166  38.520 0.0000000000
76401  -8.466  -7.103  37.942 0.0000000000
76416  -8.811  -7.116  37.197 0.0000000000
76432  -11.931  -6.546  35.780 0.0000000000
76455  -14.939  -6.292  33.216 0.0000000000
76480  -13.688  -6.579  31.457 0.0000000000
76481  -14.406  -6.654  31.949 0.0000000000
76487  -6.355  -6.843  31.108 0.0000000000
77463  -8.784  -5.501  49.825 0.0000000000
77464  -9.236  -5.445  50.082 0.0000000000
77467  -10.400  -6.183  49.950 0.0000000000
77495  -18.566  -6.224  46.579 0.0000000000
77505  -24.454  -5.710  45.444 0.0000000000
77573  -7.760  -6.546  40.022 0.0000000000
77582  -26.967  -6.457  41.173 0.0000000000
77588  -7.912  -6.721  39.334 0.0000000000
77589  -8.264  -6.309  39.726 0.0000000000
77590  -8.785  -6.129  39.481 0.0000000000
77615  -25.687  -6.371  39.474 0.0000000000
77620  -8.603  -6.732  38.730 0.0000000000
77622  -9.652  -6.108  38.113 0.0000000000
77633  -9.245  -6.538  37.979 0.0000000000
77634  -9.913  -5.800  37.320 0.0000000000
77635  -10.652  -5.435  36.835 0.0000000000
77646  -11.047  -5.883  36.432 0.0000000000
77648  -25.409  -6.511  36.879 0.0000000000
77667  -13.294  -5.937  35.243 0.0000000000
77668  -14.062  -5.925  34.648 0.0000000000
77695  -6.744  -5.871  31.614 0.0000000000
77700  -12.200  -5.868  31.473 0.0000000000
77718  -6.512  -6.395  30.804 0.0000000000
78568  -9.484  -4.644  50.232 0.0000000000
78569  -10.168  -4.462  50.287 0.0000000000
78581  -13.787  -4.576  48.153 0.0000000000
78586  -15.303  -5.053  48.105 0.0000000000
78635  -9.850  -5.116  44.210 0.0000000000
78637  -26.160  -4.469  43.405 0.0000000000
78680  -9.997  -5.367  39.132 0.0000000000
78691  -10.817  -5.125  37.959 0.0000000000
78702  -12.628  -4.872  36.949 0.0000000000
78713  -13.032  -4.990  36.351 0.0000000000
78757  -9.418  -4.740  32.168 0.0000000000
78758  -10.409  -4.664  32.024 0.0000000000
79604  -8.787  -4.147  49.661 0.0000000000
79605  -9.131  -3.639  49.904 0.0000000000
79666  -10.476  -4.575  43.497 0.0000000000
79791  -14.733  -4.193  35.182 0.0000000000
79819  -7.479  -4.495  31.992 0.0000000000
79825  -13.223  -4.000  31.853 0.0000000000
80718  -9.286  -3.244  49.444 0.0000000000
80806  -12.409  -3.075  41.315 0.0000000000
80807  -12.879  -2.866  40.808 0.0000000000
80809  -24.494  -3.552  40.915 0.0000000000
80817  -13.127  -3.032  40.221 0.0000000000
80885  -14.388  -3.755  36.930 0.0000000000
80921  -14.687  -2.637  33.242 0.0000000000
80933  -13.742  -2.895  32.349 0.0000000000
82020  -23.829  -2.411  40.976 0.0000000000
82031  -23.495  -1.825  39.835 0.0000000000
82042  -14.168  -2.158  39.174 0.0000000000
82056  -23.020  -1.947  38.336 0.0000000000
82069  -23.029  -1.918  36.319 0.0000000000
82142  -14.145  -2.531  32.745 0.0000000000
83185  -7.543  -1.307  47.514 0.0000000000
83320  -14.514  -1.125  37.893 0.0000000000
83326  -14.668  -1.084  37.118 0.0000000000
83352  -14.722  -0.849  35.432 0.0000000000
83380  -7.371  -1.056  33.643 0.0000000000
83403  -6.805  -0.985  32.815 0.0000000000
83406  -8.504  -1.583  33.344 0.0000000000
84490  -22.947  -0.055  42.098 0.0000000000
85737  -22.904  0.777  41.194 0.0000000000
85759  -12.162  0.558  39.187 0.0000000000
85761  -22.787  0.665  39.236 0.0000000000
85870  -6.009  0.915  31.443 0.0000000000
86861  -22.903  1.052  42.614 0.0000000000
86872  -23.012  1.440  41.505 0.0000000000
86928  -23.804  2.210  37.711 0.0000000000
87008  -5.729  1.336  30.412 0.0000000000
88023  -23.567  2.516  41.416 0.0000000000
88051  -9.430  2.409  39.209 0.0000000000
88053  -23.204  1.839  39.551 0.0000000000
88118  -6.927  2.015  31.593 0.0000000000
88130  -6.293  1.891  31.237 0.0000000000
88144  -6.517  2.647  30.355 0.0000000000
89244  -24.546  3.670  41.873 0.0000000000
89293  -24.633  3.225  38.574 0.0000000000
89369  -11.055  3.365  32.053 0.0000000000
89385  -9.364  2.877  31.149 0.0000000000
89409  -10.137  3.480  30.419 0.0000000000
89429  -8.234  3.468  29.471 0.0000000000
90377  -23.863  3.852  44.944 0.0000000000
90410  -24.667  4.217  43.738 0.0000000000
90473  -25.322  4.052  40.302 0.0000000000
90490  -26.121  4.235  38.984 0.0000000000
90503  -25.516  3.959  38.587 0.0000000000
90644  -9.485  4.125  29.374 0.0000000000
90645  -10.097  4.161  29.627 0.0000000000
91602  -26.549  5.221  42.781 0.0000000000
91616  -26.612  5.019  41.660 0.0000000000
91628  -26.650  4.881  40.420 0.0000000000
92775  -26.779  6.271  45.541 0.0000000000
92808  -27.077  5.646  43.542 0.0000000000
92809  -27.593  5.682  43.066 0.0000000000
92811  -28.806  6.628  43.281 0.0000000000
92818  -28.196  5.957  42.635 0.0000000000
92839  -28.312  5.956  41.286 0.0000000000
93004  -11.418  5.819  29.486 0.0000000000
93884  -27.877  6.634  44.973 0.0000000000
93885  -28.425  6.664  44.584 0.0000000000
93902  -29.207  6.895  42.966 0.0000000000
93903  -29.643  7.309  42.627 0.0000000000
93919  -29.792  7.213  41.091 0.0000000000
93920  -30.238  7.448  40.753 0.0000000000
95040  -29.479  7.504  44.715 0.0000000000
96086  -26.751  9.519  49.802 0.0000000000
96108  -29.547  8.921  47.451 0.0000000000
96166  -31.166  8.451  41.918 0.0000000000
96176  -31.180  8.321  41.319 0.0000000000
97367  -33.709  10.236  43.005 0.0000000000
97375  -34.935  10.163  41.772 0.0000000000
99664  -36.307  11.233  42.776 0.0000000000
99673  -37.350  11.196  42.037 0.0000000000
99674  -38.062  11.418  41.787 0.0000000000
175241  -25.384  -5.252  42.791 0.0000000000
176180  -31.078  9.402  46.068 0.0000000000
176518  -14.588  -1.809  38.454 0.0000000000
177699  -35.084  8.158  37.676 0.0000000000
177906  -10.349  -5.199  38.577 0.0000000000
178921  -6.681  -11.122  40.745 0.0000000000
179824  -7.439  -8.723  41.940 0.0000000000
181957  -25.740  -5.411  43.146 0.0000000000
182378  -24.576  3.274  40.729 0.0000000000
183008  -14.837  -4.546  32.932 0.0000000000
183493  -28.606  6.305  42.277 0.0000000000
185158  -9.231  -6.989  36.766 0.0000000000
186845  -22.912  0.911  37.791 0.0000000000
187950  -14.949  -3.213  33.799 0.0000000000
188423  -8.729  -5.840  40.141 0.0000000000
188589  -23.038  -1.357  39.584 0.0000000000
189279  -8.086  -5.517  32.173 0.0000000000
189851  -14.940  -4.590  33.681 0.0000000000
192923  -23.864  -2.822  38.093 0.0000000000
195775  -8.203  -6.709  43.136 0.0000000000
197605  -9.440  -8.458  46.453 0.0000000000
197751  -18.743  -6.830  42.842 0.0000000000
198389  -13.274  -7.985  42.608 0.0000000000
198411  -6.863  -9.957  39.048 0.0000000000
198759  -22.869  0.226  41.525 0.0000000000
198889  -7.376  -8.770  40.532 0.0000000000
200520  -22.704  -5.899  45.609 0.0000000000
202004  -24.277  -3.301  38.188 0.0000000000
202064  -19.151  -5.778  46.252 0.0000000000
202746  -31.366  8.693  42.228 0.0000000000
203797  -5.906  1.218  31.027 0.0000000000
203806  -13.396  -10.502  34.006 0.0000000000
204216  -10.935  -3.561  49.557 0.0000000000
205155  -6.370  -8.000  30.944 0.0000000000
206410  -9.280  -6.544  36.800 0.0000000000
206454  -10.942  3.956  30.466 0.0000000000
206617  -9.165  -5.336  40.532 0.0000000000
207140  -25.967  5.303  44.015 0.0000000000
207571  -14.664  -0.840  34.711 0.0000000000
207598  -30.933  8.660  43.895 0.0000000000
207881  -8.408  -7.288  49.090 0.0000000000
208484  -8.303  -0.691  47.588 0.0000000000
208503  -34.199  10.181  42.975 0.0000000000
208519  -13.539  -2.022  40.120 0.0000000000
208723  -14.902  -2.581  33.998 0.0000000000
208954  -6.985  -7.555  43.920 0.0000000000
209078  -23.038  -6.286  44.038 0.0000000000
209314  -13.236  -12.257  32.119 0.0000000000
209365  -12.953  -7.688  31.127 0.0000000000
