#!ascii label  , from subject sub-v2s1x29893_ses-1 vox2ras=TkReg
619
31781  -31.730  -42.527  -40.145 0.6999999881
196904  -32.196  -41.695  -40.014 0.6000000238
33959  -33.366  -40.591  -39.368 0.6000000238
33953  -34.871  -40.464  -38.630 0.4000000060
32798  -32.881  -40.768  -33.820 0.6999999881
33901  -32.978  -39.572  -34.536 0.6999999881
207706  -32.874  -41.424  -33.822 0.6999999881
203866  -32.885  -39.890  -35.104 0.6000000238
32808  -32.826  -41.131  -34.651 0.6999999881
33930  -32.716  -39.797  -35.838 0.6000000238
32817  -32.577  -41.204  -35.595 0.6000000238
33914  -32.381  -40.571  -36.189 0.6000000238
30665  -32.073  -42.528  -36.483 0.6000000238
187502  -31.996  -40.437  -36.855 0.6000000238
33944  -31.692  -40.066  -37.311 0.5000000000
32835  -31.170  -41.140  -37.709 0.5000000000
33943  -31.191  -40.475  -37.819 0.5000000000
32860  -30.118  -41.178  -39.466 0.6000000238
30707  -30.392  -42.356  -40.001 0.6000000238
31779  -30.170  -41.731  -40.450 0.6000000238
31791  -30.637  -41.806  -40.840 0.6000000238
32875  -31.804  -41.023  -40.391 0.6000000238
34996  -33.183  -39.238  -33.900 0.6000000238
36125  -34.150  -38.467  -35.158 0.6000000238
35019  -33.489  -38.896  -35.526 0.6000000238
179364  -33.031  -39.239  -35.864 0.6000000238
36131  -32.959  -38.692  -36.717 0.6000000238
35025  -32.672  -39.229  -36.447 0.6000000238
33929  -32.201  -39.800  -36.687 0.6000000238
35034  -31.523  -38.935  -37.980 0.6000000238
35033  -30.958  -39.386  -38.491 0.6000000238
32846  -30.688  -41.119  -38.500 0.6000000238
203492  -30.565  -39.787  -38.983 0.6999999881
33951  -30.307  -40.448  -39.168 0.6000000238
192122  -29.839  -40.681  -40.837 0.6000000238
33968  -32.254  -40.322  -40.306 0.5000000000
33960  -33.776  -39.838  -39.322 0.5000000000
34997  -33.694  -38.664  -33.910 0.6000000238
186295  -34.138  -38.360  -34.466 0.6000000238
36129  -34.590  -38.014  -35.466 0.6000000238
37245  -34.263  -37.796  -36.608 0.6000000238
36132  -33.556  -38.287  -36.693 0.6000000238
37249  -34.509  -37.164  -37.107 0.6000000238
37248  -33.684  -37.660  -37.359 0.6000000238
37247  -32.846  -37.830  -37.855 0.6000000238
35030  -32.363  -38.864  -37.107 0.6000000238
36140  -32.174  -38.408  -37.735 0.6000000238
36138  -31.054  -38.707  -38.754 0.6999999881
207006  -29.977  -40.714  -41.523 0.6000000238
33974  -30.617  -40.606  -41.834 0.6000000238
35040  -34.303  -39.186  -39.295 0.4000000060
37237  -34.422  -37.723  -33.358 0.6000000238
206900  -34.561  -38.025  -34.306 0.6000000238
37242  -35.080  -37.413  -35.503 0.6000000238
37246  -34.863  -37.278  -36.357 0.6000000238
38312  -34.801  -36.529  -37.519 0.5000000000
38311  -34.178  -36.936  -37.831 0.6000000238
37253  -32.667  -37.440  -38.451 0.6999999881
36143  -30.646  -38.600  -39.537 0.6000000238
35039  -30.604  -39.203  -39.197 0.6000000238
201503  -30.282  -39.088  -39.896 0.6000000238
33967  -29.757  -40.123  -40.838 0.6000000238
33973  -29.732  -40.419  -41.505 0.6000000238
198704  -31.941  -39.243  -41.389 0.6000000238
35054  -32.212  -39.641  -40.676 0.6000000238
35047  -33.584  -39.205  -39.803 0.4000000060
206000  -32.965  -39.210  -40.272 0.5000000000
37230  -34.230  -37.113  -32.985 0.5000000000
38297  -35.303  -36.205  -34.117 0.6000000238
37240  -35.269  -37.218  -34.707 0.6000000238
181920  -35.598  -36.240  -35.786 0.6000000238
38308  -35.383  -36.768  -36.040 0.5000000000
39393  -35.547  -36.050  -36.543 0.5000000000
198783  -35.261  -36.179  -37.228 0.5000000000
38317  -34.545  -36.257  -38.171 0.6000000238
39400  -34.254  -35.903  -38.812 0.6000000238
38316  -33.876  -36.585  -38.474 0.6999999881
37259  -32.432  -37.118  -39.069 0.6999999881
37252  -31.973  -37.682  -38.799 0.6999999881
38324  -31.183  -37.182  -40.392 0.6000000238
36144  -31.241  -38.044  -39.264 0.6999999881
37257  -31.011  -37.665  -40.138 0.6000000238
36152  -30.378  -37.910  -40.783 0.6000000238
35038  -29.871  -39.375  -40.680 0.6000000238
35053  -29.877  -39.009  -41.774 0.6000000238
35060  -30.284  -39.004  -42.287 0.6000000238
186018  -32.670  -38.937  -40.890 0.5000000000
35055  -33.439  -38.622  -40.407 0.4000000060
38296  -34.877  -35.883  -33.645 0.6000000238
39385  -35.550  -35.760  -34.588 0.6000000238
39390  -35.639  -36.055  -35.207 0.5000000000
40479  -35.895  -35.248  -36.659 0.6000000238
40482  -35.812  -34.838  -37.374 0.5000000000
39397  -35.507  -35.586  -37.287 0.6000000238
40486  -35.556  -34.377  -38.038 0.5000000000
39396  -35.113  -35.920  -37.812 0.6000000238
40485  -35.032  -34.750  -38.570 0.5000000000
39401  -34.819  -35.536  -38.408 0.5000000000
39406  -33.874  -35.504  -39.438 0.5000000000
38321  -33.579  -36.241  -39.117 0.6000000238
39412  -33.404  -35.126  -40.171 0.5000000000
39405  -33.179  -35.896  -39.808 0.5000000000
38320  -32.846  -36.542  -39.379 0.6000000238
40494  -32.630  -34.831  -40.836 0.4000000060
205062  -32.226  -36.806  -39.644 0.6999999881
39411  -32.544  -35.603  -40.608 0.4000000060
180541  -30.777  -36.759  -41.085 0.5000000000
37264  -30.518  -37.340  -40.963 0.6000000238
38331  -30.327  -36.249  -42.066 0.5000000000
37271  -30.040  -37.585  -41.505 0.6000000238
37273  -30.056  -36.769  -42.463 0.5000000000
36169  -30.270  -38.152  -42.467 0.6000000238
35063  -33.066  -38.389  -41.274 0.5000000000
37283  -30.102  -37.500  -42.315 0.6000000238
35069  -30.863  -38.366  -42.557 0.6000000238
35062  -32.273  -38.741  -41.763 0.6000000238
40468  -35.644  -34.937  -34.562 0.5000000000
201762  -36.146  -34.875  -36.114 0.5000000000
41643  -36.181  -34.510  -36.699 0.5000000000
41651  -36.058  -33.954  -37.359 0.4000000060
41655  -35.155  -33.938  -38.657 0.4000000060
40490  -34.656  -34.320  -39.190 0.5000000000
39407  -34.493  -35.117  -39.047 0.5000000000
182527  -34.264  -33.236  -39.653 0.5000000000
41668  -32.548  -34.108  -40.918 0.4000000060
39416  -31.409  -35.303  -41.442 0.5000000000
39410  -31.348  -36.101  -41.072 0.5000000000
39419  -30.282  -35.008  -42.333 0.5000000000
198664  -30.470  -35.604  -41.976 0.5000000000
37285  -33.409  -37.467  -42.923 0.5000000000
36172  -33.426  -37.916  -41.945 0.5000000000
36181  -31.342  -37.886  -42.825 0.6000000238
36171  -32.670  -38.304  -42.113 0.5000000000
41661  -34.698  -33.525  -39.223 0.4000000060
41669  -33.722  -33.433  -40.052 0.5000000000
42860  -33.025  -32.859  -40.282 0.5000000000
41667  -31.281  -33.825  -41.492 0.4000000060
206720  -30.263  -35.218  -42.588 0.5000000000
186167  -32.595  -37.217  -43.395 0.5000000000
37286  -34.130  -37.417  -42.170 0.3000000119
38341  -30.275  -36.122  -42.673 0.5000000000
37296  -31.267  -37.114  -43.084 0.5000000000
44043  -33.214  -32.032  -39.864 0.4000000060
197908  -33.127  -33.622  -40.485 0.4000000060
44054  -32.563  -31.359  -39.897 0.4000000060
44060  -30.676  -32.316  -41.259 0.4000000060
42859  -32.076  -32.722  -40.742 0.4000000060
41676  -30.249  -33.386  -42.140 0.4000000060
42866  -30.288  -32.544  -41.972 0.4000000060
41682  -30.227  -33.403  -42.355 0.5000000000
37306  -33.548  -37.010  -43.498 0.4000000060
39420  -30.578  -35.491  -42.938 0.5000000000
38353  -32.783  -36.651  -43.622 0.5000000000
40506  -30.376  -34.811  -42.566 0.5000000000
185196  -31.382  -35.002  -43.310 0.5000000000
38352  -31.592  -36.369  -43.354 0.5000000000
44059  -30.430  -31.814  -41.506 0.4000000060
42870  -30.167  -32.775  -42.352 0.4000000060
39430  -33.383  -35.752  -43.833 0.4000000060
39429  -32.281  -35.839  -43.617 0.5000000000
40510  -30.331  -34.107  -42.440 0.5000000000
44068  -30.265  -32.153  -42.136 0.4000000060
198135  -33.331  -34.645  -43.642 0.4000000060
39431  -33.805  -35.257  -43.811 0.3000000119
42871  -30.673  -32.872  -42.707 0.5000000000
40511  -31.099  -34.317  -43.041 0.5000000000
185987  -32.357  -34.466  -43.494 0.5000000000
182877  -30.348  -31.370  -41.739 0.4000000060
185490  -33.264  -34.058  -43.449 0.3000000119
205871  -33.852  -33.881  -43.177 0.3000000119
44069  -30.459  -32.276  -42.487 0.4000000060
41688  -32.233  -33.701  -43.232 0.5000000000
204170  -31.270  -32.191  -42.727 0.4000000060
190917  -32.098  -32.433  -42.930 0.5000000000
46425  -30.217  -30.042  -41.729 0.4000000060
42885  -33.781  -32.769  -42.739 0.3000000119
41689  -34.426  -33.581  -42.809 0.3000000119
45251  -30.550  -30.777  -42.015 0.4000000060
44082  -32.906  -31.748  -42.870 0.4000000060
192404  -31.561  -30.426  -42.479 0.4000000060
44070  -32.106  -31.658  -42.817 0.4000000060
48770  -30.604  -28.517  -41.853 0.5000000000
44083  -33.587  -31.994  -42.682 0.3000000119
44084  -34.203  -32.237  -42.379 0.4000000060
45253  -34.669  -31.329  -41.829 0.4000000060
44071  -34.751  -32.072  -41.950 0.4000000060
46426  -31.163  -29.865  -42.265 0.4000000060
45261  -32.884  -30.901  -42.861 0.5000000000
45262  -33.550  -31.283  -42.703 0.4000000060
46435  -32.087  -29.696  -42.640 0.5000000000
45252  -31.927  -30.989  -42.694 0.5000000000
204092  -32.791  -29.612  -42.781 0.5000000000
46436  -33.235  -30.012  -42.830 0.4000000060
46428  -33.905  -29.788  -42.442 0.4000000060
46429  -34.471  -30.485  -41.964 0.4000000060
44072  -35.410  -31.829  -41.546 0.3000000119
47558  -30.874  -29.198  -42.064 0.5000000000
48771  -31.635  -28.352  -42.241 0.5000000000
48773  -33.685  -28.441  -42.404 0.4000000060
187942  -34.211  -28.526  -41.899 0.3000000119
50036  -30.571  -26.989  -41.415 0.5000000000
188895  -33.358  -27.823  -42.368 0.4000000060
46427  -33.400  -29.144  -42.730 0.4000000060
47560  -34.084  -29.066  -42.207 0.4000000060
180234  -34.559  -29.656  -41.809 0.4000000060
47562  -35.200  -29.554  -41.080 0.3000000119
48781  -32.403  -28.529  -42.643 0.5000000000
48772  -33.078  -28.426  -42.679 0.5000000000
48760  -31.098  -27.692  -41.888 0.5000000000
50050  -33.623  -27.223  -41.582 0.4000000060
48774  -33.989  -27.954  -41.819 0.4000000060
51249  -30.024  -26.314  -40.987 0.5000000000
48761  -34.638  -28.274  -41.207 0.3000000119
201937  -31.249  -26.449  -41.431 0.5000000000
50037  -31.494  -26.951  -41.812 0.5000000000
50038  -32.271  -26.882  -41.759 0.5000000000
50057  -32.608  -27.960  -42.462 0.5000000000
50048  -31.989  -27.528  -42.086 0.5000000000
197763  -33.541  -26.549  -41.167 0.4000000060
53462  -29.814  -25.009  -40.637 0.5000000000
176739  -31.692  -25.277  -40.999 0.5000000000
176535  -34.165  -26.712  -40.989 0.3000000119
50039  -34.387  -27.467  -41.137 0.3000000119
52360  -30.299  -25.563  -40.908 0.5000000000
52361  -31.055  -25.392  -40.981 0.5000000000
52362  -31.507  -25.855  -41.182 0.5000000000
31780  -31.007  -42.420  -40.367 0.6000000238
177356  -34.100  -40.501  -38.987 0.5000000000
32836  -31.620  -40.775  -37.286 0.6000000238
37254  -33.417  -37.239  -38.131 0.6999999881
33981  -30.435  -39.957  -42.157 0.6000000238
38315  -33.158  -36.882  -38.764 0.6999999881
35061  -31.161  -39.074  -42.210 0.6000000238
37258  -31.687  -37.321  -39.601 0.6999999881
203379  -31.657  -36.743  -40.301 0.5000000000
36160  -29.910  -38.221  -41.522 0.6000000238
40489  -34.060  -34.693  -39.655 0.5000000000
40495  -33.471  -34.257  -40.285 0.5000000000
38325  -32.406  -36.296  -40.149 0.4000000060
37284  -30.560  -37.390  -42.760 0.5000000000
36182  -32.428  -37.878  -42.861 0.5000000000
41666  -31.307  -33.159  -41.296 0.4000000060
40505  -30.259  -34.115  -42.372 0.5000000000
173550  -32.427  -32.117  -40.299 0.4000000060
42884  -32.779  -32.964  -43.052 0.4000000060
46438  -34.099  -31.045  -42.282 0.4000000060
51250  -30.782  -26.095  -41.164 0.5000000000
51251  -31.892  -26.372  -41.436 0.5000000000
207856  -32.442  -50.035  -36.766 0.5000000000
182203  -32.321  -49.937  -38.827 0.5000000000
22015  -32.242  -50.322  -37.421 0.5000000000
24241  -33.726  -48.400  -40.215 0.5000000000
23111  -32.872  -49.167  -39.876 0.5000000000
205651  -32.623  -49.528  -39.331 0.4000000060
21993  -32.796  -49.471  -36.445 0.5000000000
23081  -33.039  -49.250  -37.860 0.6000000238
22016  -32.742  -49.664  -37.297 0.6000000238
23112  -33.484  -48.751  -39.755 0.5000000000
23097  -33.180  -49.063  -39.147 0.5000000000
26492  -35.619  -46.242  -41.077 0.4000000060
24104  -32.228  -47.977  -33.705 0.6999999881
24125  -32.346  -48.428  -34.153 0.6999999881
178144  -33.280  -48.202  -36.131 0.6999999881
23069  -33.479  -48.649  -37.671 0.5000000000
24169  -33.427  -48.387  -36.926 0.6999999881
25364  -34.432  -47.488  -39.550 0.5000000000
24213  -34.061  -47.885  -38.908 0.5000000000
24201  -33.740  -48.223  -38.280 0.5000000000
26481  -35.463  -46.032  -40.419 0.5000000000
25365  -34.655  -47.329  -40.380 0.5000000000
25238  -29.438  -47.267  -32.771 0.5000000000
25239  -30.376  -47.300  -32.720 0.6999999881
26350  -31.740  -46.660  -33.021 0.6999999881
24087  -30.690  -47.964  -32.964 0.6999999881
25255  -32.036  -47.376  -33.279 0.6999999881
23000  -32.624  -48.625  -34.780 0.6000000238
209316  -33.848  -47.161  -37.659 0.6999999881
24170  -33.596  -47.588  -36.620 0.6000000238
26471  -34.688  -46.095  -39.575 0.5000000000
178152  -34.265  -47.232  -38.863 0.6000000238
25343  -33.974  -47.371  -38.212 0.6000000238
26480  -35.060  -46.260  -40.050 0.5000000000
28681  -36.177  -44.477  -40.246 0.5000000000
184549  -30.543  -45.965  -32.422 0.5000000000
26349  -30.889  -46.648  -32.657 0.6999999881
25278  -33.010  -47.055  -34.314 0.6999999881
26392  -32.963  -46.180  -34.321 0.6999999881
207999  -32.626  -46.095  -33.725 0.6999999881
25296  -33.518  -47.329  -35.702 0.8000000119
26416  -33.599  -46.465  -35.796 0.6999999881
27579  -33.910  -45.793  -38.165 0.6000000238
26449  -33.787  -46.017  -37.268 0.6999999881
27584  -34.507  -45.383  -39.419 0.6999999881
27583  -34.008  -45.288  -38.956 0.6000000238
28680  -35.446  -44.876  -39.979 0.6000000238
28679  -34.817  -44.942  -39.649 0.6000000238
29714  -36.406  -43.781  -39.847 0.6000000238
28592  -28.870  -44.758  -32.555 0.5000000000
28594  -30.586  -44.624  -32.326 0.6000000238
187259  -29.513  -45.255  -32.398 0.5000000000
27501  -31.016  -45.291  -32.510 0.6000000238
178834  -31.790  -45.277  -32.860 0.6000000238
27516  -32.194  -45.943  -33.245 0.6999999881
27541  -32.880  -45.222  -34.623 0.6999999881
28607  -32.627  -44.746  -33.711 0.6000000238
26415  -33.450  -46.727  -34.997 0.6999999881
27549  -32.953  -45.057  -35.698 0.6999999881
26434  -33.679  -46.251  -36.546 0.6999999881
29698  -34.328  -44.093  -39.179 0.6999999881
29701  -36.092  -43.578  -39.035 0.6999999881
29699  -35.287  -43.796  -39.029 0.6999999881
29610  -30.084  -43.887  -32.207 0.5000000000
182258  -31.943  -43.886  -32.688 0.6000000238
28596  -32.152  -44.634  -32.983 0.6000000238
28606  -32.343  -45.258  -33.247 0.6000000238
27550  -33.442  -45.729  -36.078 0.8000000119
28637  -32.637  -44.419  -36.476 0.5000000000
176036  -32.720  -43.894  -35.402 0.6000000238
27568  -33.442  -45.281  -37.472 0.6999999881
198004  -32.150  -44.341  -38.668 0.6999999881
191718  -33.841  -43.536  -39.178 0.6999999881
29697  -33.276  -44.122  -39.238 0.6999999881
30698  -36.290  -42.913  -38.727 0.5000000000
30697  -35.621  -43.122  -38.583 0.6999999881
31755  -36.228  -41.749  -38.352 0.5000000000
29599  -29.490  -43.435  -32.159 0.5000000000
29601  -30.680  -43.287  -32.095 0.5000000000
30624  -31.636  -42.528  -32.147 0.6000000238
29611  -31.394  -43.670  -32.298 0.6000000238
29612  -31.825  -43.173  -32.380 0.6000000238
29613  -32.314  -43.272  -32.843 0.6000000238
31699  -32.815  -42.000  -33.413 0.6000000238
184300  -32.699  -43.331  -33.473 0.6000000238
30646  -32.850  -42.692  -33.904 0.6000000238
29669  -31.752  -43.691  -37.610 0.6000000238
178681  -31.843  -43.095  -37.012 0.5000000000
30658  -32.829  -42.574  -34.717 0.5000000000
29696  -31.888  -44.011  -39.276 0.6000000238
29684  -31.645  -43.938  -38.517 0.6000000238
31766  -33.261  -42.356  -39.355 0.6000000238
29713  -32.361  -43.809  -39.606 0.6000000238
32863  -34.438  -41.251  -38.659 0.5000000000
30622  -30.138  -42.612  -31.979 0.5000000000
31682  -32.001  -41.797  -32.175 0.6000000238
31683  -32.530  -41.963  -32.662 0.6000000238
29647  -32.239  -43.250  -36.294 0.5000000000
31724  -32.359  -41.906  -35.948 0.5000000000
30689  -30.827  -42.850  -38.870 0.4000000060
30679  -31.064  -42.590  -38.042 0.5000000000
30680  -31.530  -42.342  -37.258 0.5000000000
31782  -32.541  -42.512  -39.824 0.6000000238
199262  -29.522  -42.057  -31.942 0.5000000000
32765  -31.253  -41.186  -31.809 0.6000000238
32767  -32.644  -40.736  -32.485 0.6000000238
202825  -32.507  -41.370  -32.369 0.6000000238
30688  -30.393  -42.376  -39.374 0.5000000000
31752  -30.694  -42.077  -38.583 0.4000000060
194373  -29.677  -41.408  -31.841 0.5000000000
33859  -32.427  -40.152  -32.053 0.6000000238
33889  -32.933  -39.972  -33.725 0.6000000238
32763  -29.586  -40.841  -31.691 0.5000000000
33857  -30.828  -40.373  -31.454 0.5000000000
202679  -32.006  -39.734  -31.662 0.6000000238
185782  -33.045  -39.463  -33.241 0.6000000238
173247  -29.092  -40.422  -31.708 0.5000000000
33840  -30.524  -39.766  -31.231 0.5000000000
34958  -31.314  -39.645  -31.287 0.5000000000
203056  -32.630  -38.893  -31.896 0.6000000238
34959  -32.928  -39.168  -32.528 0.6000000238
33839  -29.923  -39.357  -31.216 0.5000000000
192668  -31.314  -38.932  -31.141 0.5000000000
36074  -30.101  -38.608  -31.087 0.5000000000
34978  -33.885  -38.300  -33.256 0.5000000000
36075  -30.861  -38.449  -31.039 0.5000000000
36088  -32.477  -38.230  -31.562 0.5000000000
36073  -29.582  -38.005  -31.145 0.5000000000
190884  -30.341  -37.891  -31.030 0.5000000000
37211  -32.619  -37.460  -31.556 0.5000000000
36109  -33.867  -37.782  -32.752 0.4000000060
38259  -30.185  -36.586  -31.114 0.5000000000
193979  -32.346  -36.797  -31.312 0.5000000000
37212  -33.008  -36.957  -31.860 0.4000000060
37213  -33.622  -37.082  -32.413 0.4000000060
199788  -31.689  -36.431  -31.153 0.4000000060
38271  -32.765  -36.240  -31.690 0.4000000060
193999  -34.131  -35.887  -32.919 0.4000000060
203981  -31.104  -43.262  -39.848 0.6000000238
31767  -33.805  -41.812  -39.000 0.5000000000
32847  -35.302  -41.103  -38.357 0.4000000060
30666  -32.561  -42.697  -35.631 0.6000000238
38288  -34.503  -36.371  -33.236 0.4000000060
39378  -34.709  -35.107  -33.490 0.4000000060
25295  -33.231  -47.412  -34.928 0.6999999881
27557  -33.064  -45.157  -36.588 0.6999999881
28665  -33.783  -44.698  -39.072 0.6999999881
27578  -33.565  -45.084  -38.451 0.6999999881
28629  -32.736  -44.374  -35.772 0.6000000238
29625  -32.725  -43.974  -33.934 0.6000000238
177009  -34.690  -43.174  -38.826 0.6999999881
197497  -32.214  -44.170  -37.190 0.6999999881
28664  -32.601  -44.293  -39.111 0.6999999881
31768  -34.471  -42.077  -38.670 0.6000000238
31753  -34.987  -41.734  -38.404 0.6000000238
20956  -32.018  -50.718  -36.492 0.5000000000
22035  -32.583  -49.840  -38.060 0.5000000000
22048  -32.084  -49.944  -39.566 0.4000000060
22049  -32.874  -49.423  -38.601 0.5000000000
22061  -32.354  -49.538  -39.916 0.5000000000
22999  -32.042  -48.965  -34.240 0.6999999881
23028  -32.847  -48.891  -35.689 0.6999999881
23051  -33.101  -48.804  -36.484 0.6999999881
23068  -33.111  -49.042  -37.124 0.6000000238
23082  -33.399  -48.897  -38.408 0.5000000000
23098  -33.695  -48.545  -39.004 0.5000000000
23110  -32.417  -49.293  -40.450 0.5000000000
24103  -31.518  -48.021  -33.194 0.6999999881
24126  -32.789  -47.877  -34.410 0.6999999881
24186  -33.695  -47.771  -37.501 0.6999999881
24225  -33.963  -48.187  -39.601 0.5000000000
24226  -34.196  -47.948  -40.254 0.5000000000
25240  -31.214  -47.335  -32.924 0.6999999881
25256  -32.580  -47.405  -33.821 0.6999999881
25312  -33.712  -46.885  -36.336 0.6999999881
25354  -34.492  -46.702  -39.199 0.6000000238
25373  -34.873  -47.207  -41.182 0.4000000060
26348  -30.021  -46.606  -32.451 0.5000000000
26460  -34.152  -46.580  -38.531 0.6000000238
26470  -34.259  -45.937  -38.998 0.6000000238
26491  -35.179  -46.706  -40.572 0.5000000000
27499  -28.963  -45.656  -32.519 0.5000000000
27500  -30.202  -45.290  -32.360 0.6000000238
27502  -31.375  -45.970  -32.759 0.6999999881
27517  -32.649  -45.583  -33.792 0.6999999881
27558  -33.535  -45.671  -36.769 0.6999999881
27591  -35.057  -45.549  -39.934 0.6000000238
27592  -35.572  -45.450  -40.325 0.5000000000
27598  -35.855  -45.679  -40.834 0.5000000000
28593  -29.763  -44.643  -32.327 0.6000000238
28595  -31.435  -44.510  -32.513 0.6000000238
28597  -32.485  -43.990  -33.207 0.6000000238
28645  -32.730  -44.660  -37.243 0.6999999881
28653  -32.143  -44.306  -37.892 0.6999999881
28654  -32.865  -44.681  -38.223 0.6999999881
28666  -34.377  -44.757  -39.296 0.6999999881
28667  -34.987  -44.445  -39.413 0.6999999881
28694  -35.990  -45.114  -40.563 0.5000000000
29600  -29.946  -43.199  -32.078 0.5000000000
29602  -31.328  -43.047  -32.143 0.6000000238
29639  -32.801  -43.262  -34.973 0.6000000238
29648  -32.500  -43.858  -36.094 0.6000000238
29657  -32.165  -43.766  -36.799 0.5000000000
29668  -31.240  -43.331  -38.319 0.6000000238
29683  -31.199  -43.515  -39.252 0.6000000238
29695  -31.646  -43.603  -39.839 0.6000000238
29700  -35.818  -44.214  -39.487 0.6999999881
30623  -30.927  -42.541  -32.006 0.6000000238
30633  -32.162  -42.569  -32.492 0.6000000238
30634  -32.623  -42.651  -33.059 0.6000000238
30690  -35.129  -42.434  -38.435 0.6000000238
30691  -35.904  -42.428  -38.371 0.6999999881
30694  -30.697  -42.924  -39.614 0.4000000060
30695  -32.999  -43.287  -39.525 0.6000000238
30696  -33.951  -42.692  -39.025 0.6000000238
30708  -30.796  -42.755  -40.091 0.6000000238
30709  -31.391  -43.058  -40.114 0.6000000238
30710  -32.075  -43.246  -39.942 0.6999999881
30711  -36.629  -43.109  -39.447 0.6000000238
30719  -30.493  -42.194  -40.506 0.6000000238
31670  -30.432  -41.818  -31.874 0.5000000000
31671  -31.284  -41.974  -31.977 0.6000000238
31714  -32.883  -41.950  -34.268 0.6000000238
31725  -32.722  -41.902  -35.132 0.6000000238
31735  -31.967  -41.780  -36.648 0.6000000238
31744  -31.057  -41.796  -37.842 0.5000000000
31745  -31.565  -41.488  -37.247 0.6000000238
31751  -30.328  -41.733  -39.127 0.6000000238
31754  -35.610  -41.762  -38.275 0.5000000000
31765  -30.144  -41.805  -39.787 0.6000000238
31790  -30.350  -41.558  -40.870 0.6000000238
31792  -31.292  -41.827  -40.452 0.6000000238
32762  -29.025  -41.156  -31.872 0.5000000000
32764  -30.271  -40.977  -31.683 0.5000000000
32766  -32.142  -40.945  -32.048 0.6000000238
32786  -32.776  -41.275  -33.032 0.6000000238
32816  -32.248  -41.298  -36.212 0.6000000238
32825  -31.976  -41.055  -36.736 0.6000000238
32861  -33.075  -41.518  -39.439 0.6000000238
32862  -33.739  -41.117  -39.057 0.5000000000
32874  -29.962  -41.171  -40.271 0.6000000238
32876  -32.652  -40.819  -39.874 0.5000000000
32882  -29.992  -41.042  -41.045 0.6000000238
32883  -30.334  -40.998  -41.354 0.6000000238
32884  -30.920  -41.174  -41.032 0.6000000238
32889  -30.158  -40.464  -41.826 0.6000000238
33856  -29.893  -40.208  -31.425 0.5000000000
33858  -31.692  -40.358  -31.652 0.6000000238
33875  -32.818  -39.969  -32.765 0.6000000238
33915  -32.742  -40.468  -35.326 0.6000000238
33952  -30.831  -40.139  -38.438 0.6999999881
33958  -30.134  -39.790  -39.786 0.6000000238
33961  -34.524  -39.815  -38.928 0.4000000060
33962  -35.195  -39.842  -38.641 0.4000000060
33975  -31.207  -39.871  -41.697 0.6000000238
33980  -29.894  -39.821  -41.967 0.6000000238
34943  -29.341  -38.748  -31.267 0.5000000000
34944  -30.668  -39.142  -31.102 0.5000000000
34945  -32.025  -39.043  -31.447 0.5000000000
34977  -33.392  -38.908  -33.224 0.6000000238
35010  -33.484  -38.955  -34.684 0.6999999881
35018  -33.060  -39.395  -35.252 0.6000000238
35026  -33.310  -38.802  -36.207 0.6000000238
35028  -31.278  -39.689  -37.840 0.6000000238
35029  -31.864  -39.349  -37.323 0.6000000238
35046  -32.967  -39.902  -39.894 0.5000000000
35048  -34.147  -38.644  -39.821 0.4000000060
35052  -29.751  -38.980  -41.311 0.6000000238
36076  -31.654  -38.328  -31.159 0.5000000000
36089  -32.939  -38.508  -32.148 0.6000000238
36090  -33.171  -37.793  -32.098 0.4000000060
36108  -33.361  -38.419  -32.678 0.6000000238
36120  -34.849  -37.601  -34.078 0.6000000238
36126  -34.749  -37.912  -34.805 0.6000000238
36128  -34.038  -38.327  -35.959 0.6000000238
36135  -32.942  -38.302  -37.240 0.6000000238
36139  -31.670  -38.273  -38.425 0.6999999881
36153  -30.723  -38.154  -40.011 0.6000000238
36161  -30.058  -38.178  -42.086 0.6000000238
36162  -33.799  -38.126  -40.984 0.5000000000
36170  -31.828  -38.388  -42.469 0.5000000000
36180  -30.564  -37.853  -42.684 0.6000000238
37200  -29.866  -37.291  -31.109 0.5000000000
37201  -30.615  -37.198  -31.032 0.5000000000
37202  -31.357  -37.075  -31.075 0.5000000000
37203  -31.954  -37.520  -31.203 0.5000000000
37238  -34.768  -37.073  -33.568 0.5000000000
37272  -30.113  -37.113  -41.845 0.6000000238
38260  -30.925  -36.527  -31.094 0.5000000000
38270  -32.218  -36.114  -31.353 0.4000000060
38272  -33.368  -36.354  -32.166 0.4000000060
38287  -33.926  -36.412  -32.691 0.4000000060
38302  -35.237  -36.906  -34.112 0.6000000238
38303  -35.476  -36.524  -34.654 0.6000000238
38305  -35.511  -36.755  -35.306 0.6000000238
38307  -35.119  -36.687  -36.824 0.5000000000
38340  -30.168  -35.499  -42.402 0.5000000000
38364  -33.517  -36.425  -43.776 0.4000000060
39356  -33.065  -35.772  -32.024 0.4000000060
39369  -33.625  -35.675  -32.504 0.4000000060
39379  -35.301  -35.430  -34.013 0.6000000238
39402  -35.355  -35.193  -37.951 0.6000000238
40473  -35.979  -34.771  -35.349 0.5000000000
40500  -31.365  -34.547  -41.558 0.5000000000
40512  -34.194  -34.499  -43.424 0.3000000119
41660  -34.194  -33.903  -39.706 0.5000000000
41675  -30.525  -32.853  -41.678 0.4000000060
41681  -30.132  -33.020  -42.267 0.4000000060
41687  -30.810  -33.661  -42.814 0.5000000000
42852  -33.829  -32.691  -39.768 0.4000000060
42858  -31.264  -32.641  -41.102 0.4000000060
42883  -31.746  -33.148  -42.967 0.5000000000
42886  -34.731  -32.814  -42.249 0.4000000060
45260  -32.460  -30.250  -42.805 0.5000000000
45263  -34.125  -31.651  -42.269 0.4000000060
46437  -33.705  -30.553  -42.617 0.4000000060
47559  -31.815  -29.088  -42.505 0.5000000000
47561  -34.637  -28.985  -41.566 0.4000000060
47570  -32.638  -29.043  -42.752 0.5000000000
53463  -30.618  -24.819  -40.826 0.5000000000
53464  -31.381  -24.739  -40.908 0.5000000000
173915  -33.940  -46.582  -37.799 0.6000000238
174705  -32.843  -44.502  -35.120 0.6999999881
176485  -31.218  -31.644  -42.553 0.4000000060
177545  -33.082  -48.072  -35.278 0.6000000238
177636  -29.252  -43.990  -32.337 0.5000000000
179073  -32.365  -33.409  -40.847 0.4000000060
179695  -34.617  -37.792  -35.984 0.6000000238
179745  -33.812  -46.872  -37.087 0.6999999881
180264  -31.469  -40.452  -40.994 0.6000000238
181318  -29.964  -40.590  -40.067 0.6000000238
182759  -32.882  -40.287  -34.539 0.6999999881
183061  -35.840  -35.528  -35.829 0.6000000238
183899  -30.211  -38.609  -40.539 0.6000000238
183954  -31.407  -43.035  -37.617 0.5000000000
184806  -32.780  -35.147  -43.698 0.4000000060
185334  -28.527  -40.684  -31.925 0.5000000000
185595  -32.835  -40.547  -33.147 0.6000000238
185656  -32.537  -46.690  -33.600 0.6999999881
186213  -34.467  -35.701  -33.244 0.4000000060
186835  -33.271  -45.900  -35.234 0.6999999881
187051  -29.728  -45.894  -32.316 0.5000000000
187881  -30.570  -31.625  -42.201 0.4000000060
187955  -33.449  -33.450  -43.129 0.3000000119
188660  -35.746  -35.401  -35.096 0.6000000238
188776  -32.868  -43.357  -34.206 0.6000000238
189017  -33.042  -32.378  -42.875 0.4000000060
189648  -32.788  -43.912  -34.692 0.6000000238
191584  -29.622  -39.663  -41.455 0.6000000238
192314  -32.499  -39.457  -31.966 0.6000000238
192488  -31.124  -37.751  -31.043 0.5000000000
193836  -29.998  -37.648  -41.890 0.6000000238
194308  -32.582  -43.401  -35.693 0.5000000000
196873  -34.812  -46.795  -39.848 0.5000000000
197693  -34.282  -38.128  -33.875 0.6000000238
200309  -33.236  -44.631  -38.882 0.6999999881
201577  -35.342  -46.748  -41.333 0.4000000060
201694  -30.859  -44.009  -32.280 0.6000000238
202269  -32.248  -37.928  -38.237 0.6999999881
202327  -31.769  -48.562  -33.672 0.6999999881
202556  -31.127  -31.091  -42.393 0.4000000060
203342  -36.397  -42.297  -38.618 0.5000000000
205620  -29.253  -41.615  -31.920 0.5000000000
205853  -32.775  -44.474  -34.431 0.6000000238
205877  -34.564  -42.584  -38.711 0.6999999881
206030  -31.953  -38.874  -37.525 0.6000000238
206442  -32.249  -39.306  -36.888 0.6000000238
206636  -32.873  -42.974  -34.423 0.5000000000
206700  -32.693  -39.696  -32.308 0.6000000238
206882  -34.973  -36.505  -33.737 0.5000000000
208746  -31.859  -36.957  -31.157 0.5000000000
