#!ascii label  , from subject sub-v2s1x29893_ses-1 vox2ras=TkReg
1802
86682  -21.335  0.445  -35.628 0.4285714328
89026  -21.197  2.228  -36.622 0.2857142985
87806  -20.999  1.578  -36.346 0.4285714328
89018  -22.041  1.919  -35.650 0.4285714328
89019  -22.524  2.574  -35.633 0.4285714328
90249  -21.120  3.219  -37.550 0.2857142985
90238  -22.146  3.177  -36.575 0.4285714328
201925  -22.532  3.781  -36.875 0.4285714328
91427  -21.799  4.526  -38.353 0.4285714328
91428  -22.315  4.846  -38.341 0.4285714328
181981  -22.631  5.791  -38.818 0.4285714328
93768  -23.437  5.910  -39.399 0.4285714328
94932  -21.849  7.336  -39.565 0.5714285970
93783  -22.601  6.812  -39.574 0.5714285970
93784  -23.379  6.339  -39.683 0.4285714328
93797  -24.457  6.398  -40.605 0.2857142985
203165  -22.956  7.911  -39.908 0.7142857313
184854  -23.964  7.139  -40.134 0.7142857313
97240  -25.618  8.333  -40.471 0.7142857313
96039  -26.243  7.577  -41.135 0.4285714328
96037  -24.319  7.626  -40.309 0.7142857313
173621  -24.916  7.945  -40.376 0.5714285970
97243  -28.211  8.869  -41.189 0.5714285970
98343  -25.806  9.544  -40.276 0.5714285970
98355  -27.041  9.454  -40.720 0.5714285970
99532  -28.121  10.006  -40.881 0.5714285970
98357  -28.531  9.559  -41.077 0.5714285970
99530  -26.566  10.233  -40.644 0.5714285970
98370  -28.884  9.208  -41.464 0.4285714328
99548  -29.821  10.282  -41.371 0.5714285970
99561  -31.285  10.660  -42.740 0.5714285970
100636  -28.949  11.163  -40.992 0.7142857313
203890  -30.864  10.468  -42.207 0.7142857313
100680  -31.656  11.026  -43.421 0.7142857313
100691  -31.644  10.801  -44.275 0.5714285970
101815  -26.366  11.717  -41.173 0.5714285970
101834  -30.536  12.383  -41.854 0.8571428657
100681  -31.894  11.516  -43.999 0.7142857313
100699  -31.748  10.610  -44.977 0.5714285970
101833  -29.896  12.048  -41.346 0.7142857313
101831  -28.357  12.493  -41.437 0.5714285970
178503  -32.040  12.751  -44.962 0.7142857313
206837  -32.068  10.810  -45.990 0.5714285970
101852  -31.301  12.315  -42.383 0.7142857313
101884  -32.012  12.117  -44.533 0.7142857313
101904  -32.025  12.284  -46.155 0.5714285970
103125  -31.919  12.913  -43.339 0.7142857313
101910  -33.119  11.712  -47.786 0.5714285970
103124  -31.621  13.000  -42.714 0.5714285970
104396  -32.008  13.445  -43.666 0.7142857313
178920  -31.946  12.859  -45.695 0.7142857313
103191  -32.089  13.252  -47.096 0.7142857313
101909  -32.341  12.478  -46.920 0.7142857313
189800  -32.024  14.233  -44.555 0.7142857313
104425  -31.903  13.610  -45.954 0.7142857313
104438  -31.886  13.786  -46.680 0.7142857313
104462  -31.852  14.142  -48.760 0.7142857313
103206  -32.233  13.661  -48.450 0.5714285970
105668  -31.848  14.382  -46.250 0.7142857313
105595  -31.689  14.324  -42.864 0.5714285970
104465  -32.196  14.205  -49.538 0.5714285970
104473  -32.617  14.792  -49.808 0.5714285970
105652  -31.934  15.086  -45.724 0.8571428657
189774  -31.970  14.990  -44.866 0.8571428657
104464  -31.584  14.521  -49.852 0.7142857313
186215  -30.382  15.121  -49.124 0.7142857313
206692  -31.274  15.285  -47.116 0.8571428657
105678  -30.723  15.017  -48.409 0.7142857313
107869  -29.234  16.695  -49.962 0.8571428657
105701  -30.614  15.299  -50.669 0.5714285970
106770  -29.969  15.668  -49.288 0.8571428657
106759  -30.340  16.626  -47.923 0.8571428657
106747  -30.895  15.883  -47.494 0.8571428657
106760  -30.454  15.680  -48.165 0.8571428657
110191  -28.975  18.470  -50.163 0.8571428657
111417  -28.623  18.576  -51.021 0.8571428657
178652  -29.217  20.258  -50.508 0.8571428657
106769  -29.498  16.153  -49.569 0.8571428657
111418  -29.145  19.184  -49.998 0.8571428657
186224  -30.235  20.535  -48.582 1.0000000000
112644  -29.901  20.198  -49.331 1.0000000000
110159  -29.676  18.073  -48.812 0.8571428657
113852  -30.004  21.044  -49.280 1.0000000000
112645  -30.111  19.662  -48.630 1.0000000000
116237  -30.336  22.181  -48.536 1.0000000000
118493  -30.887  24.947  -45.770 0.7142857313
114996  -30.259  21.416  -48.582 1.0000000000
202519  -30.378  21.754  -48.009 1.0000000000
116226  -30.667  23.128  -47.442 1.0000000000
121640  -29.075  27.627  -47.536 1.0000000000
120635  -28.190  26.949  -46.797 0.8571428657
122668  -27.639  28.779  -48.874 0.8571428657
122658  -27.916  28.472  -48.107 1.0000000000
125855  -27.748  30.862  -51.020 0.8571428657
122689  -27.048  29.175  -50.866 0.8571428657
122680  -27.191  28.874  -50.425 1.0000000000
126827  -26.789  32.110  -48.464 0.8571428657
126839  -27.345  31.639  -48.964 0.8571428657
127798  -26.386  32.676  -48.139 0.7142857313
126850  -25.755  31.859  -49.925 0.5714285970
129716  -25.971  34.228  -47.742 0.7142857313
128723  -26.445  33.805  -47.369 0.5714285970
128732  -24.503  34.226  -49.531 0.5714285970
127805  -24.859  32.709  -49.688 0.5714285970
130739  -24.378  35.182  -49.112 0.4285714328
192558  -25.436  36.782  -48.402 0.4285714328
132820  -26.244  37.042  -48.065 0.4285714328
132819  -23.286  37.228  -47.965 0.2857142985
132812  -23.508  37.357  -47.634 0.2857142985
132827  -22.558  37.213  -48.729 0.2857142985
132813  -23.917  37.311  -46.999 0.2857142985
202560  -28.740  10.082  -40.946 0.5714285970
100692  -31.906  11.352  -44.807 0.5714285970
105696  -31.814  15.143  -50.394 0.5714285970
104447  -31.370  14.575  -47.837 0.7142857313
104461  -31.377  14.447  -49.222 0.7142857313
105692  -29.838  15.507  -50.357 0.8571428657
107881  -29.341  16.884  -50.818 0.8571428657
110190  -28.761  17.912  -50.791 0.8571428657
111423  -28.984  19.618  -50.581 0.8571428657
188091  -30.902  25.088  -46.431 0.8571428657
132795  -24.309  37.060  -44.509 0.1428571492
89037  -20.835  2.466  -37.391 0.2857142985
90261  -21.088  3.597  -37.706 0.2857142985
90262  -21.516  3.921  -37.757 0.2857142985
91401  -22.265  4.138  -37.550 0.4285714328
92617  -23.455  4.952  -38.390 0.4285714328
91441  -21.381  4.464  -38.248 0.2857142985
93767  -22.700  6.198  -39.323 0.4285714328
90273  -21.378  4.007  -37.911 0.4285714328
92662  -23.496  5.678  -39.427 0.4285714328
178506  -21.977  5.884  -38.846 0.5714285970
94933  -23.315  7.173  -39.725 0.5714285970
94934  -24.765  7.044  -40.701 0.4285714328
97237  -22.973  8.514  -40.293 0.2857142985
97238  -23.727  8.476  -40.188 0.7142857313
97239  -24.803  8.716  -40.157 0.7142857313
195450  -26.678  8.990  -40.682 0.4285714328
99516  -25.401  9.900  -40.252 0.5714285970
98384  -30.135  8.895  -42.974 0.4285714328
100633  -26.367  11.018  -40.921 0.7142857313
100634  -27.544  11.118  -40.972 0.7142857313
98371  -29.617  9.549  -41.874 0.7142857313
98372  -30.334  10.057  -42.064 0.5714285970
98385  -30.756  9.445  -43.402 0.4285714328
100654  -31.037  11.720  -42.069 0.7142857313
100668  -31.928  11.658  -43.277 0.7142857313
101830  -27.455  12.438  -41.459 0.5714285970
101832  -29.069  11.880  -41.213 0.5714285970
101918  -33.170  12.431  -48.216 0.5714285970
103108  -29.443  13.268  -41.626 0.5714285970
100712  -32.928  11.036  -46.917 0.5714285970
196989  -32.096  13.568  -44.286 0.7142857313
103143  -32.094  12.889  -44.155 0.7142857313
104379  -31.440  13.733  -42.543 0.8571428657
197702  -31.566  14.589  -47.086 0.7142857313
106790  -29.600  16.242  -50.777 0.5714285970
107848  -29.752  17.139  -48.402 1.0000000000
113861  -29.768  21.489  -49.848 1.0000000000
112627  -30.456  19.980  -47.849 1.0000000000
189272  -30.958  23.547  -46.753 0.8571428657
119557  -28.980  25.979  -45.386 0.7142857313
119578  -30.809  25.766  -46.073 1.0000000000
119595  -30.942  25.584  -46.936 1.0000000000
186622  -28.665  26.727  -46.192 0.7142857313
120638  -30.807  26.345  -46.759 1.0000000000
120599  -28.520  26.375  -45.724 0.7142857313
121652  -28.245  27.930  -47.609 0.8571428657
123759  -26.887  29.418  -51.044 0.8571428657
123732  -27.767  29.063  -49.704 1.0000000000
122669  -28.398  28.847  -48.576 1.0000000000
126837  -25.984  32.130  -49.333 0.7142857313
190150  -24.371  35.946  -49.132 0.7142857313
127806  -25.360  32.420  -49.538 0.5714285970
177443  -25.537  33.545  -48.709 0.7142857313
129724  -25.659  34.692  -48.135 0.7142857313
129731  -23.938  34.411  -49.640 0.4285714328
175223  -23.460  37.577  -48.425 0.2857142985
132824  -24.887  37.408  -48.639 0.4285714328
130731  -26.203  35.813  -47.839 0.4285714328
133925  -25.441  38.033  -48.271 0.4285714328
133911  -23.700  38.188  -47.456 0.2857142985
133924  -24.625  38.265  -48.501 0.4285714328
98352  -23.368  9.665  -40.848 0.4285714328
99528  -24.888  10.334  -40.755 0.4285714328
132829  -24.274  37.030  -48.887 0.4285714328
130734  -24.879  35.600  -48.690 0.7142857313
132823  -24.181  37.634  -48.673 0.2857142985
133922  -23.648  37.848  -47.794 0.2857142985
86690  -20.878  0.842  -36.171 0.4285714328
87797  -21.589  1.226  -35.780 0.4285714328
87819  -20.529  1.828  -36.941 0.2857142985
87805  -20.519  1.175  -36.711 0.2857142985
89027  -21.893  2.522  -36.208 0.4285714328
89058  -20.575  2.846  -37.868 0.2857142985
90250  -21.828  3.547  -37.233 0.4285714328
208703  -21.413  5.403  -38.710 0.2857142985
92661  -21.991  5.173  -38.425 0.4285714328
92637  -22.340  5.128  -38.431 0.4285714328
183557  -22.831  5.526  -38.749 0.4285714328
94919  -21.890  6.548  -39.278 0.4285714328
184469  -22.504  7.683  -39.721 0.2857142985
185783  -23.994  6.457  -40.062 0.4285714328
98353  -24.059  9.132  -40.524 0.5714285970
98354  -24.723  9.557  -40.445 0.5714285970
175322  -27.056  10.719  -40.865 0.5714285970
100635  -28.371  10.690  -40.892 0.5714285970
206695  -29.669  9.080  -42.491 0.4285714328
100653  -30.491  11.518  -41.621 0.7142857313
99570  -31.216  10.214  -43.700 0.5714285970
101816  -27.128  11.827  -41.171 0.7142857313
195786  -26.874  11.313  -41.005 0.7142857313
100705  -32.076  11.493  -46.034 0.5714285970
103184  -31.975  13.040  -46.400 0.7142857313
104366  -30.587  13.801  -42.241 0.7142857313
182974  -31.966  14.147  -43.617 0.8571428657
104448  -31.828  13.978  -47.387 0.7142857313
105621  -31.933  14.893  -43.998 0.8571428657
105695  -30.312  15.175  -50.199 0.8571428657
107847  -29.566  17.531  -48.717 0.8571428657
175697  -29.078  17.269  -49.936 0.8571428657
173200  -30.926  16.698  -47.184 0.8571428657
111388  -29.972  18.849  -48.716 1.0000000000
116212  -30.889  22.833  -46.573 1.0000000000
119560  -30.600  25.386  -45.471 0.8571428657
126866  -27.106  31.175  -50.359 0.8571428657
126851  -26.495  31.647  -49.785 0.8571428657
127803  -26.175  32.370  -48.744 0.7142857313
127797  -26.055  33.443  -48.007 0.7142857313
127802  -25.637  32.730  -49.022 0.5714285970
129728  -25.335  34.361  -48.588 0.5714285970
128737  -24.571  33.290  -49.668 0.5714285970
129730  -23.244  34.517  -49.549 0.4285714328
130738  -23.746  35.743  -49.307 0.4285714328
131782  -25.217  36.141  -48.424 0.4285714328
131767  -22.806  36.386  -47.344 0.2857142985
131785  -23.063  36.725  -49.167 0.2857142985
132807  -23.746  37.354  -46.378 0.2857142985
132801  -23.922  36.905  -45.334 0.1428571492
202370  -21.179  4.220  -38.049 0.2857142985
191719  -23.336  9.077  -40.435 0.2857142985
120600  -29.898  26.320  -45.784 1.0000000000
130730  -25.727  35.420  -48.098 0.5714285970
178054  -25.568  42.139  -47.383 0.2857142985
182247  -24.404  43.790  -46.721 0.1428571492
136047  -26.278  40.145  -47.734 0.2857142985
137075  -26.422  41.106  -47.467 0.2857142985
138078  -24.194  43.025  -46.708 0.1428571492
139873  -23.634  44.300  -46.324 0.1428571492
136044  -24.031  39.900  -47.384 0.1428571492
136045  -25.136  40.102  -47.682 0.2857142985
137073  -24.059  41.479  -46.969 0.1428571492
136028  -27.853  39.477  -46.886 0.2857142985
136035  -26.581  40.423  -47.509 0.2857142985
129674  -29.208  34.526  -43.904 0.2857142985
131745  -28.513  36.320  -45.477 0.2857142985
139867  -23.274  44.018  -46.036 0.1428571492
133918  -26.671  38.242  -47.889 0.2857142985
129693  -27.481  34.436  -45.879 0.2857142985
195833  -27.926  38.571  -47.716 0.2857142985
136048  -26.688  39.622  -47.688 0.2857142985
126795  -29.121  31.678  -45.654 0.1428571492
129694  -27.998  34.671  -45.356 0.2857142985
131762  -28.172  36.606  -46.317 0.2857142985
205831  -24.047  42.145  -46.739 0.1428571492
131771  -27.899  36.788  -46.948 0.2857142985
133919  -27.442  38.319  -47.826 0.2857142985
125796  -32.021  30.986  -46.612 0.1428571492
125794  -30.185  31.114  -46.033 0.1428571492
127768  -28.289  33.038  -45.478 0.4285714328
130715  -26.779  34.962  -46.822 0.2857142985
173725  -30.732  31.217  -50.012 0.2857142985
126818  -28.247  31.689  -47.113 0.4285714328
128713  -27.208  33.922  -46.377 0.2857142985
131777  -26.396  36.504  -47.892 0.2857142985
126881  -31.874  31.447  -50.984 0.1428571492
202674  -30.262  31.029  -48.149 0.2857142985
126806  -27.898  32.327  -46.763 0.4285714328
174526  -28.787  31.220  -49.387 0.5714285970
126817  -27.594  31.973  -47.433 0.7142857313
123749  -32.228  28.964  -50.388 0.1428571492
125867  -31.552  30.936  -50.823 0.1428571492
126829  -28.115  31.461  -47.912 0.7142857313
127789  -26.664  33.050  -47.543 0.4285714328
126869  -29.974  31.007  -50.299 0.4285714328
120719  -32.206  26.585  -50.498 0.2857142985
182555  -31.359  27.619  -49.580 0.7142857313
202758  -28.640  31.154  -49.879 0.7142857313
122659  -28.717  28.335  -48.059 0.8571428657
123735  -29.998  29.565  -49.716 0.8571428657
125864  -29.098  30.727  -51.268 0.5714285970
118552  -31.654  24.738  -51.249 0.2857142985
119646  -31.886  25.865  -50.557 0.2857142985
124771  -29.203  30.261  -51.160 0.7142857313
123758  -25.794  29.146  -51.278 0.5714285970
180946  -28.783  29.725  -50.618 0.8571428657
203883  -31.516  23.838  -51.868 0.1428571492
121666  -31.109  27.074  -49.050 0.7142857313
174853  -31.511  23.285  -52.179 0.1428571492
113779  -30.371  20.965  -43.850 0.5714285970
114983  -30.738  22.026  -46.695 0.8571428657
116196  -31.075  22.872  -45.676 0.8571428657
114966  -31.039  22.202  -45.382 0.4285714328
117302  -31.019  23.487  -45.213 0.5714285970
173806  -29.700  27.020  -47.021 0.8571428657
188812  -30.743  24.404  -48.428 0.8571428657
121641  -29.883  27.383  -47.731 0.8571428657
192171  -30.421  23.076  -52.404 0.2857142985
119627  -31.094  25.817  -49.040 0.8571428657
198588  -30.772  27.295  -48.486 0.8571428657
123733  -28.450  29.333  -49.868 0.8571428657
113873  -31.822  21.309  -52.119 0.4285714328
118546  -31.073  24.591  -50.900 0.7142857313
119639  -31.282  25.936  -49.730 0.7142857313
112561  -29.939  20.598  -43.475 0.2857142985
112612  -30.700  20.443  -46.457 0.5714285970
113780  -30.790  21.277  -44.397 0.5714285970
113827  -30.534  20.959  -47.764 0.8571428657
117350  -30.614  23.766  -48.026 0.8571428657
191294  -30.779  24.376  -47.775 0.8571428657
118526  -30.894  25.124  -47.863 0.8571428657
193246  -30.960  26.082  -47.594 0.8571428657
116260  -29.587  22.449  -52.588 0.4285714328
116255  -30.021  22.963  -50.668 0.8571428657
179601  -30.878  24.438  -49.351 0.8571428657
198002  -30.876  21.293  -52.217 0.4285714328
107766  -30.047  16.487  -42.355 0.7142857313
180067  -30.468  17.228  -42.724 0.4285714328
106691  -31.232  15.905  -43.143 0.7142857313
107798  -31.714  17.306  -45.698 0.8571428657
110096  -31.083  18.397  -43.873 0.5714285970
111348  -30.648  19.754  -43.871 0.5714285970
111328  -29.878  19.849  -43.173 0.4285714328
199687  -30.931  17.620  -46.867 0.8571428657
174542  -31.760  19.212  -45.003 0.5714285970
112577  -30.766  20.400  -44.293 0.5714285970
108985  -29.975  17.795  -48.190 0.8571428657
111366  -30.773  19.248  -46.885 0.7142857313
111367  -30.965  19.746  -46.203 0.5714285970
111422  -28.630  19.328  -51.282 0.7142857313
112659  -28.941  20.077  -51.197 0.7142857313
184946  -29.818  22.202  -50.277 0.7142857313
195260  -30.204  22.878  -49.744 0.8571428657
111425  -30.829  19.248  -50.486 0.2857142985
111432  -29.551  19.540  -52.117 0.4285714328
112667  -29.628  20.022  -52.291 0.5714285970
104365  -29.769  14.017  -41.819 0.4285714328
105585  -29.826  14.864  -41.937 0.4285714328
195670  -29.133  16.771  -42.166 0.4285714328
106732  -31.766  15.866  -45.997 0.7142857313
107799  -31.806  16.497  -45.466 0.7142857313
107816  -31.414  16.759  -46.332 0.7142857313
108967  -30.355  17.841  -47.589 0.8571428657
109017  -28.867  17.495  -51.175 0.7142857313
110200  -30.665  18.625  -50.200 0.2857142985
110203  -29.673  18.473  -51.285 0.5714285970
110201  -28.698  18.257  -51.423 0.5714285970
103107  -28.612  13.162  -41.638 0.4285714328
104363  -27.540  14.008  -41.935 0.5714285970
105593  -30.573  15.057  -42.300 0.5714285970
189728  -30.725  15.813  -42.534 0.5714285970
106715  -31.907  15.736  -45.185 0.7142857313
105703  -31.644  15.553  -50.438 0.4285714328
107870  -30.973  17.011  -49.895 0.4285714328
109015  -30.627  17.758  -49.989 0.4285714328
203467  -30.220  17.374  -50.491 0.4285714328
100651  -25.220  11.593  -41.476 0.5714285970
99597  -32.484  10.238  -46.855 0.4285714328
100721  -33.107  11.760  -47.683 0.4285714328
105688  -33.935  14.887  -48.623 0.4285714328
103212  -32.931  13.768  -49.258 0.4285714328
179966  -33.908  15.614  -47.993 0.4285714328
106787  -32.666  15.258  -49.818 0.4285714328
92663  -24.146  5.845  -39.869 0.1428571492
101920  -33.973  12.594  -48.375 0.4285714328
103201  -34.233  13.312  -48.267 0.4285714328
104449  -34.409  14.192  -47.606 0.4285714328
93786  -24.981  6.088  -40.799 0.1428571492
94941  -25.513  6.294  -41.609 0.1428571492
97261  -28.753  8.111  -42.384 0.2857142985
97287  -32.854  8.921  -44.894 0.2857142985
100693  -34.458  11.205  -44.386 0.2857142985
98410  -33.744  10.045  -45.765 0.2857142985
98397  -31.158  9.368  -45.114 0.4285714328
101897  -34.670  12.090  -45.501 0.2857142985
99590  -33.928  10.505  -46.022 0.2857142985
98407  -32.131  9.838  -46.215 0.2857142985
101905  -34.334  12.244  -46.341 0.4285714328
93748  -24.998  5.832  -39.620 0.1428571492
93787  -25.488  5.932  -40.844 0.1428571492
177453  -23.958  6.096  -39.865 0.1428571492
93800  -26.683  6.293  -41.842 0.2857142985
94948  -27.020  6.789  -41.950 0.2857142985
94958  -30.246  7.331  -42.457 0.2857142985
94983  -31.755  7.399  -44.044 0.2857142985
96065  -31.061  8.074  -44.374 0.2857142985
97274  -30.333  8.461  -43.516 0.2857142985
96079  -31.953  8.221  -44.721 0.2857142985
179937  -26.164  5.999  -40.427 0.1428571492
189380  -29.053  5.952  -40.805 0.2857142985
93789  -26.948  6.026  -40.388 0.2857142985
93814  -29.055  6.940  -42.274 0.2857142985
93807  -27.430  6.798  -41.948 0.2857142985
96043  -26.093  6.875  -41.541 0.2857142985
94957  -29.227  7.351  -42.417 0.2857142985
90239  -22.834  3.241  -36.193 0.2857142985
92618  -24.050  5.010  -38.294 0.1428571492
91417  -22.842  4.614  -38.059 0.2857142985
92619  -24.746  5.114  -38.121 0.1428571492
85535  -21.703  0.077  -35.189 0.2857142985
85534  -21.158  -0.273  -35.456 0.2857142985
91390  -23.396  3.790  -36.709 0.2857142985
86669  -22.271  0.120  -34.853 0.1428571492
84288  -21.035  -1.024  -35.342 0.2857142985
93788  -26.287  5.998  -40.901 0.1428571492
175901  -28.093  6.274  -41.042 0.2857142985
93815  -29.624  6.912  -42.037 0.2857142985
96080  -32.425  8.379  -44.536 0.2857142985
96064  -30.796  7.923  -43.908 0.2857142985
98398  -33.467  9.742  -45.126 0.2857142985
99582  -31.819  10.334  -45.651 0.4285714328
100713  -33.524  10.901  -46.883 0.4285714328
100706  -34.251  11.481  -45.928 0.2857142985
103174  -35.466  13.487  -45.490 0.2857142985
108910  -30.997  17.168  -43.276 0.7142857313
192169  -34.417  13.334  -47.459 0.4285714328
110133  -31.117  18.949  -46.353 0.5714285970
195633  -32.855  14.868  -49.688 0.4285714328
106786  -31.053  15.999  -50.442 0.4285714328
109009  -31.164  17.515  -49.419 0.2857142985
110193  -31.337  18.875  -49.284 0.2857142985
111428  -29.950  19.240  -51.570 0.5714285970
188441  -27.245  28.709  -49.634 0.7142857313
115031  -29.369  21.916  -51.986 0.7142857313
122660  -29.533  28.075  -48.152 0.8571428657
126865  -26.260  31.327  -50.380 0.4285714328
125861  -26.581  30.674  -51.318 0.5714285970
124784  -27.925  30.265  -51.307 0.7142857313
112663  -31.262  20.295  -51.325 0.2857142985
178464  -30.277  27.718  -48.308 0.8571428657
123745  -28.356  29.946  -51.179 0.8571428657
119640  -31.550  26.067  -50.152 0.5714285970
130727  -26.998  35.781  -46.969 0.2857142985
125866  -30.949  30.932  -50.549 0.4285714328
126842  -30.444  31.243  -49.323 0.4285714328
138972  -23.006  43.086  -45.886 0.1428571492
173807  -28.604  32.295  -45.586 0.2857142985
184269  -29.872  31.119  -46.566 0.1428571492
133906  -28.426  38.569  -46.509 0.2857142985
192891  -22.241  1.265  -35.389 0.1428571492
89020  -23.210  2.377  -35.174 0.1428571492
91403  -23.891  4.210  -37.243 0.1428571492
91402  -23.115  4.140  -37.420 0.2857142985
92641  -25.184  5.547  -38.739 0.1428571492
93750  -26.747  5.813  -39.115 0.1428571492
92642  -27.631  5.720  -39.074 0.1428571492
97254  -27.838  8.100  -41.425 0.2857142985
94955  -28.252  7.399  -42.719 0.2857142985
94970  -30.087  7.894  -42.779 0.2857142985
94972  -32.071  7.262  -43.812 0.2857142985
97262  -29.420  8.535  -42.599 0.2857142985
96081  -32.771  8.741  -44.271 0.2857142985
187388  -28.886  13.838  -41.708 0.5714285970
98391  -30.627  8.990  -43.846 0.2857142985
97284  -30.908  8.744  -44.666 0.2857142985
106661  -28.540  15.812  -41.886 0.2857142985
101886  -35.256  12.739  -45.140 0.2857142985
104413  -35.719  14.144  -45.123 0.2857142985
107778  -31.273  16.513  -43.556 0.7142857313
107779  -31.666  16.427  -44.221 0.5714285970
110075  -29.565  18.458  -42.744 0.4285714328
108925  -30.687  17.911  -43.130 0.5714285970
103185  -35.113  13.616  -46.195 0.4285714328
113758  -29.795  21.326  -43.619 0.2857142985
112576  -30.317  20.308  -43.683 0.5714285970
104439  -34.795  14.495  -46.921 0.2857142985
103208  -33.034  13.252  -48.722 0.4285714328
110122  -31.759  18.819  -45.411 0.7142857313
114947  -30.472  21.853  -43.974 0.2857142985
106762  -34.209  15.419  -47.558 0.1428571492
107861  -33.003  16.416  -48.496 0.4285714328
106771  -32.453  16.242  -49.114 0.4285714328
107849  -32.893  17.035  -48.184 0.1428571492
116248  -30.285  22.632  -49.012 0.8571428657
109000  -31.878  17.721  -48.545 0.1428571492
110205  -29.143  18.923  -51.731 0.5714285970
111429  -30.692  19.599  -51.087 0.2857142985
113875  -29.485  21.409  -52.712 0.5714285970
117370  -30.536  23.959  -51.137 0.7142857313
122670  -29.221  28.731  -48.559 0.8571428657
115038  -32.752  22.217  -52.232 0.2857142985
116265  -32.786  22.992  -52.222 0.1428571492
134973  -24.028  39.189  -47.914 0.2857142985
118551  -31.223  24.495  -51.334 0.4285714328
116264  -31.089  22.604  -52.237 0.4285714328
118557  -32.891  24.627  -51.557 0.1428571492
123748  -31.153  29.687  -50.109 0.5714285970
119647  -32.493  26.023  -50.848 0.1428571492
122690  -31.954  27.860  -50.077 0.1428571492
124775  -32.334  29.604  -50.690 0.1428571492
184267  -23.592  41.527  -46.599 0.1428571492
124787  -30.269  30.561  -50.807 0.5714285970
123750  -32.874  28.908  -50.607 0.1428571492
182568  -31.640  31.753  -50.765 0.1428571492
127782  -28.142  32.658  -46.096 0.2857142985
126819  -28.766  31.407  -46.861 0.2857142985
125843  -30.879  31.230  -48.675 0.2857142985
126831  -31.745  31.512  -48.909 0.1428571492
125814  -31.861  31.219  -47.360 0.1428571492
198277  -31.403  31.027  -46.814 0.1428571492
128690  -28.762  33.999  -44.325 0.2857142985
128680  -29.239  33.691  -43.811 0.2857142985
127748  -29.423  32.880  -43.769 0.1428571492
188959  -29.798  31.735  -44.219 0.1428571492
92620  -25.559  5.336  -37.897 0.1428571492
97271  -33.331  9.638  -43.919 0.2857142985
111420  -31.557  19.680  -49.783 0.2857142985
125771  -31.391  30.821  -44.411 0.1428571492
128681  -29.754  34.218  -43.348 0.2857142985
86681  -20.554  0.149  -35.896 0.2857142985
86683  -22.029  0.647  -35.321 0.2857142985
87798  -22.662  1.802  -35.254 0.1428571492
205375  -23.181  2.948  -35.594 0.1428571492
92677  -24.376  5.897  -40.107 0.1428571492
96038  -25.484  7.479  -40.810 0.2857142985
97242  -27.345  8.672  -40.968 0.4285714328
96044  -26.888  6.994  -41.897 0.2857142985
94935  -25.225  7.027  -40.914 0.1428571492
97255  -28.509  8.482  -41.705 0.2857142985
99581  -31.437  9.908  -45.129 0.4285714328
105594  -31.314  15.114  -42.818 0.5714285970
189070  -30.363  14.429  -42.141 0.4285714328
181221  -33.335  15.120  -49.464 0.4285714328
105606  -31.690  15.421  -43.517 0.7142857313
107832  -30.497  17.268  -47.532 0.7142857313
113864  -29.235  20.905  -50.976 0.7142857313
182573  -30.728  21.120  -46.778 0.8571428657
110160  -30.141  18.441  -48.114 0.8571428657
111389  -30.305  19.156  -47.962 0.8571428657
115019  -30.115  21.979  -49.308 0.8571428657
117341  -30.845  23.958  -47.284 0.8571428657
126853  -28.031  31.281  -49.458 0.7142857313
127790  -27.305  32.724  -47.157 0.5714285970
129717  -26.380  34.587  -47.293 0.2857142985
129706  -27.064  34.545  -46.400 0.2857142985
132821  -26.931  37.670  -47.918 0.2857142985
107876  -30.105  16.875  -50.599 0.4285714328
92639  -23.774  5.419  -38.982 0.1428571492
100631  -25.055  11.038  -41.097 0.5714285970
97269  -29.780  8.302  -42.909 0.2857142985
100722  -33.898  12.096  -47.787 0.4285714328
112598  -30.793  19.888  -46.651 0.5714285970
176120  -30.736  26.620  -47.561 0.8571428657
123715  -28.863  29.153  -49.123 0.8571428657
134981  -25.346  38.769  -48.076 0.2857142985
131778  -27.073  37.016  -47.819 0.2857142985
134975  -26.067  39.430  -47.973 0.2857142985
194444  -24.506  39.678  -47.844 0.2857142985
200389  -31.367  17.434  -46.256 0.8571428657
137074  -25.989  41.629  -47.353 0.2857142985
138988  -25.105  42.653  -47.224 0.1428571492
138080  -25.423  42.071  -47.288 0.2857142985
191030  -23.573  43.453  -46.316 0.1428571492
138086  -25.753  41.495  -47.299 0.2857142985
137076  -26.936  40.512  -47.185 0.2857142985
138079  -24.701  42.313  -47.195 0.1428571492
137084  -24.666  40.380  -47.319 0.1428571492
136036  -27.258  39.710  -47.324 0.2857142985
188779  -28.384  34.982  -44.964 0.2857142985
132808  -28.613  37.224  -46.091 0.2857142985
130717  -27.876  35.831  -45.918 0.2857142985
138077  -23.625  42.447  -46.232 0.1428571492
130716  -27.305  35.268  -46.288 0.2857142985
128700  -27.975  33.840  -45.452 0.2857142985
127767  -27.920  33.282  -45.899 0.2857142985
132822  -27.537  37.692  -47.804 0.2857142985
195866  -28.251  37.810  -47.329 0.2857142985
126807  -28.528  31.862  -46.334 0.2857142985
195070  -29.040  32.091  -45.091 0.1428571492
207595  -29.549  31.414  -45.436 0.1428571492
131761  -27.525  36.157  -46.551 0.2857142985
176202  -31.367  30.935  -46.123 0.1428571492
125812  -30.222  30.964  -47.386 0.1428571492
182829  -30.719  31.029  -44.920 0.1428571492
127769  -28.751  32.703  -44.954 0.1428571492
126856  -31.438  31.588  -49.897 0.1428571492
126840  -28.073  31.366  -48.760 0.5714285970
126841  -28.960  31.224  -48.565 0.4285714328
127808  -32.723  32.387  -50.345 0.1428571492
194950  -31.832  29.499  -50.347 0.1428571492
125811  -29.382  31.169  -47.106 0.2857142985
125828  -30.810  31.043  -47.959 0.2857142985
125842  -29.937  31.113  -48.702 0.4285714328
126854  -29.337  31.102  -50.017 0.5714285970
125856  -28.587  30.897  -50.910 0.7142857313
123736  -31.030  29.075  -49.665 0.4285714328
124773  -30.738  30.353  -50.581 0.5714285970
120710  -31.425  26.650  -49.765 0.5714285970
121665  -30.821  27.820  -48.852 0.7142857313
123717  -30.399  29.103  -49.288 0.7142857313
123746  -29.541  29.851  -50.325 0.7142857313
118547  -31.584  25.049  -50.881 0.5714285970
117376  -30.819  23.671  -52.083 0.4285714328
120662  -30.921  26.545  -48.411 0.8571428657
194326  -30.823  20.711  -45.151 0.5714285970
113815  -30.903  21.667  -46.008 0.5714285970
117301  -30.792  23.363  -44.583 0.4285714328
114948  -30.914  22.050  -44.633 0.4285714328
197517  -30.355  23.190  -49.098 0.8571428657
117367  -30.313  23.565  -50.409 0.8571428657
116261  -29.933  22.982  -52.242 0.4285714328
115036  -30.969  21.880  -52.278 0.5714285970
187309  -31.165  25.226  -49.568 0.8571428657
115029  -29.692  22.569  -51.097 0.7142857313
106677  -29.962  15.635  -42.093 0.5714285970
107788  -31.453  17.087  -44.008 0.7142857313
108936  -31.629  17.797  -44.409 0.7142857313
108937  -31.826  17.983  -45.211 0.7142857313
110095  -30.491  18.551  -43.265 0.4285714328
110114  -31.777  18.642  -44.792 0.5714285970
111349  -31.180  19.753  -44.685 0.5714285970
111329  -30.521  19.108  -43.542 0.4285714328
111313  -29.268  19.160  -42.885 0.2857142985
206694  -30.946  18.341  -46.671 0.7142857313
182393  -30.298  18.266  -47.684 0.8571428657
111431  -28.989  19.625  -52.260 0.5714285970
113867  -28.827  20.607  -52.257 0.7142857313
105584  -29.059  14.599  -41.748 0.5714285970
107871  -31.746  16.675  -49.507 0.4285714328
108999  -31.325  18.036  -48.972 0.2857142985
200521  -33.446  9.821  -46.649 0.2857142985
173963  -34.038  11.421  -46.657 0.4285714328
103210  -34.034  13.885  -48.590 0.4285714328
105679  -34.187  15.057  -47.867 0.4285714328
106772  -32.980  16.007  -48.863 0.4285714328
190203  -34.219  12.472  -47.796 0.4285714328
96050  -27.997  7.341  -42.609 0.2857142985
96057  -28.412  7.455  -42.693 0.2857142985
98409  -33.427  9.630  -45.966 0.2857142985
97297  -32.173  9.090  -45.832 0.2857142985
99583  -33.923  10.599  -45.361 0.2857142985
98406  -31.604  9.685  -45.615 0.2857142985
180252  -31.174  9.101  -45.087 0.2857142985
101906  -34.507  13.022  -46.730 0.4285714328
93749  -25.886  5.817  -39.294 0.1428571492
173824  -27.172  6.123  -41.279 0.2857142985
94971  -31.135  7.428  -43.796 0.2857142985
181864  -27.105  5.936  -39.645 0.1428571492
93802  -28.540  6.501  -41.573 0.2857142985
93803  -29.350  6.173  -41.588 0.2857142985
203897  -21.770  -0.621  -34.949 0.1428571492
198945  -22.885  0.126  -34.569 0.1428571492
207547  -32.105  16.720  -49.055 0.2857142985
190110  -23.331  41.638  -46.307 0.1428571492
86670  -22.877  0.832  -35.019 0.1428571492
90226  -23.727  2.969  -35.186 0.1428571492
137063  -23.269  40.949  -46.617 0.1428571492
121699  -25.985  27.980  -50.568 0.5714285970
120686  -25.982  26.953  -48.798 0.4285714328
120685  -25.462  26.574  -49.959 0.4285714328
121684  -26.238  27.847  -49.683 0.5714285970
120660  -26.378  26.968  -47.891 0.4285714328
121664  -26.501  27.674  -48.793 0.5714285970
122679  -26.683  28.376  -50.119 0.4285714328
119556  -27.974  25.859  -45.566 0.4285714328
120598  -27.824  26.431  -46.172 0.4285714328
120613  -26.987  26.232  -46.532 0.4285714328
120634  -27.422  26.797  -46.901 0.5714285970
121638  -27.053  27.314  -47.419 0.5714285970
121650  -26.832  27.629  -48.010 0.5714285970
209641  -30.379  24.445  -44.719 0.5714285970
100669  -34.417  11.050  -43.083 0.1428571492
100683  -34.947  11.758  -44.019 0.1428571492
175867  -35.436  12.837  -44.180 0.1428571492
188672  -33.700  10.161  -44.917 0.1428571492
200100  -33.740  10.204  -40.848 0.1428571492
99562  -33.897  10.402  -42.914 0.1428571492
100638  -33.920  10.869  -40.519 0.1428571492
203758  -34.233  10.928  -42.493 0.1428571492
206972  -34.054  11.436  -39.907 0.1428571492
94918  -21.175  6.890  -39.438 0.2857142985
96059  -32.639  8.294  -43.197 0.1428571492
97263  -32.983  8.913  -42.619 0.1428571492
97270  -32.976  9.032  -43.591 0.1428571492
98373  -33.327  9.422  -42.129 0.1428571492
99508  -33.731  9.956  -39.427 0.1428571492
177270  -33.306  9.253  -41.448 0.1428571492
100564  -34.057  10.966  -36.802 0.1428571492
99496  -33.826  10.442  -38.190 0.1428571492
206229  -34.426  11.999  -37.659 0.1428571492
93766  -21.151  6.058  -39.158 0.2857142985
93765  -20.318  5.899  -39.465 0.2857142985
92699  -30.596  5.476  -42.036 0.1428571492
91488  -31.712  4.779  -43.063 0.1428571492
92720  -32.062  5.966  -43.521 0.1428571492
93816  -30.692  6.419  -43.397 0.1428571492
208172  -32.597  6.355  -43.397 0.1428571492
207913  -32.731  7.524  -41.464 0.1428571492
188215  -32.857  6.494  -42.372 0.1428571492
97244  -32.988  8.039  -40.491 0.1428571492
188228  -32.627  7.406  -42.348 0.1428571492
189366  -33.466  8.447  -38.994 0.1428571492
192418  -33.662  8.910  -37.040 0.1428571492
99448  -33.928  10.216  -36.558 0.1428571492
99478  -33.845  10.357  -37.387 0.1428571492
92659  -20.723  5.272  -38.935 0.2857142985
93764  -19.876  5.154  -39.414 0.2857142985
189913  -20.262  4.600  -38.513 0.2857142985
92690  -30.419  5.059  -41.531 0.1428571492
91478  -30.927  4.670  -41.961 0.1428571492
91480  -31.935  4.364  -42.635 0.1428571492
188216  -33.206  6.423  -41.088 0.1428571492
91491  -33.296  4.738  -42.924 0.1428571492
94904  -33.174  6.925  -39.489 0.1428571492
188227  -33.579  8.435  -37.788 0.1428571492
198737  -33.133  7.139  -38.848 0.1428571492
100543  -34.661  11.271  -35.557 0.1428571492
99449  -34.159  10.801  -35.992 0.1428571492
93790  -28.358  5.996  -40.259 0.1428571492
183267  -29.822  5.106  -40.302 0.1428571492
92665  -29.381  4.821  -39.602 0.1428571492
90308  -30.781  3.278  -41.529 0.1428571492
91456  -30.239  4.130  -40.636 0.1428571492
90297  -32.863  4.181  -41.097 0.1428571492
91479  -31.401  4.393  -42.446 0.1428571492
92680  -33.557  5.093  -40.717 0.1428571492
90311  -32.665  4.012  -41.855 0.1428571492
93752  -33.451  6.139  -39.849 0.1428571492
97174  -33.760  8.651  -36.285 0.1428571492
94894  -33.119  6.893  -38.133 0.1428571492
99425  -34.100  9.985  -35.778 0.1428571492
98289  -33.835  9.418  -36.383 0.1428571492
92643  -29.080  4.628  -39.006 0.1428571492
93773  -27.709  5.981  -39.881 0.1428571492
89077  -29.930  2.709  -40.223 0.1428571492
90294  -30.103  3.409  -40.345 0.1428571492
91455  -29.837  4.101  -39.924 0.1428571492
90295  -30.364  3.089  -41.254 0.1428571492
92679  -30.256  4.791  -40.973 0.1428571492
91442  -32.887  4.014  -39.464 0.1428571492
89070  -32.040  3.154  -40.316 0.1428571492
92645  -33.454  5.595  -39.075 0.1428571492
182194  -33.195  5.968  -38.167 0.1428571492
92666  -33.609  5.427  -39.950 0.1428571492
190570  -33.599  8.148  -36.944 0.1428571492
89068  -29.405  2.174  -39.770 0.1428571492
90282  -29.651  3.195  -39.785 0.1428571492
91430  -29.433  3.927  -39.346 0.1428571492
89079  -30.527  2.319  -40.700 0.1428571492
87861  -29.792  1.793  -40.424 0.1428571492
90283  -32.528  3.556  -39.925 0.1428571492
89080  -31.585  2.650  -40.523 0.1428571492
94881  -33.192  6.828  -37.295 0.1428571492
92624  -33.156  4.803  -38.146 0.1428571492
89078  -30.267  2.350  -40.615 0.1428571492
91468  -30.657  4.077  -41.426 0.1428571492
89094  -31.613  2.775  -41.311 0.1428571492
190587  -33.318  4.373  -42.028 0.1428571492
192825  -31.568  6.132  -43.664 0.1428571492
99426  -34.479  10.548  -35.268 0.1428571492
100544  -35.164  11.712  -35.147 0.1428571492
98345  -33.576  9.384  -39.878 0.1428571492
98321  -33.752  9.735  -37.924 0.1428571492
99571  -34.037  10.613  -44.038 0.1428571492
101854  -34.733  11.637  -42.397 0.1428571492
187913  -33.458  7.386  -36.719 0.1428571492
97152  -33.901  8.398  -35.684 0.1428571492
100525  -34.890  11.094  -34.844 0.1428571492
101711  -35.620  12.230  -34.646 0.1428571492
118479  -29.197  25.085  -45.059 0.4285714328
101733  -34.872  11.916  -35.807 0.1428571492
100565  -34.515  11.469  -36.305 0.1428571492
202576  -34.279  11.801  -38.677 0.1428571492
192470  -34.566  12.337  -37.305 0.1428571492
103126  -35.485  13.096  -43.111 0.1428571492
103159  -35.659  13.399  -44.612 0.1428571492
121710  -25.032  27.802  -51.216 0.4285714328
124782  -25.623  29.870  -51.315 0.4285714328
128671  -30.039  33.498  -42.922 0.1428571492
122688  -26.486  28.610  -50.757 0.4285714328
92660  -21.000  4.929  -38.528 0.2857142985
187068  -29.245  35.195  -44.025 0.1428571492
100682  -34.488  11.136  -43.738 0.1428571492
92698  -30.234  6.022  -42.231 0.1428571492
93774  -29.064  5.567  -39.903 0.1428571492
93751  -28.393  5.693  -39.515 0.1428571492
92689  -30.053  5.825  -41.739 0.1428571492
96066  -32.295  7.963  -43.813 0.1428571492
105654  -35.096  14.785  -46.246 0.1428571492
105653  -34.620  15.166  -46.925 0.1428571492
98386  -33.166  9.419  -43.334 0.1428571492
178266  -34.082  10.636  -43.519 0.1428571492
101871  -34.917  11.715  -43.282 0.1428571492
99550  -33.886  10.506  -42.095 0.1428571492
100655  -34.227  11.162  -41.796 0.1428571492
100637  -33.734  10.091  -40.175 0.1428571492
98359  -33.496  9.475  -40.721 0.1428571492
98382  -33.425  9.723  -42.868 0.1428571492
100623  -33.861  10.693  -39.699 0.1428571492
101836  -35.200  12.377  -41.938 0.1428571492
101818  -34.888  12.327  -40.527 0.1428571492
100619  -34.010  11.265  -39.191 0.1428571492
94959  -32.654  6.704  -42.977 0.1428571492
94950  -32.557  7.440  -42.838 0.1428571492
191254  -32.892  8.805  -43.112 0.1428571492
97257  -32.987  8.717  -41.773 0.1428571492
190439  -33.837  10.546  -38.951 0.1428571492
97199  -33.677  9.026  -38.383 0.1428571492
186516  -33.111  8.700  -41.006 0.1428571492
100583  -34.005  11.053  -37.663 0.1428571492
92711  -31.276  5.384  -43.104 0.1428571492
92712  -32.486  5.108  -43.278 0.1428571492
93804  -33.335  5.954  -41.623 0.1428571492
94936  -32.889  7.201  -40.813 0.1428571492
91482  -33.370  4.582  -42.716 0.1428571492
97226  -33.171  8.189  -39.744 0.1428571492
94920  -33.166  6.840  -40.119 0.1428571492
205909  -33.549  8.429  -38.404 0.1428571492
90319  -32.051  3.911  -42.327 0.1428571492
90318  -31.463  3.742  -42.393 0.1428571492
93791  -33.599  5.765  -40.746 0.1428571492
175054  -33.479  4.672  -41.439 0.1428571492
93737  -33.247  6.403  -38.940 0.1428571492
95985  -33.342  7.594  -37.560 0.1428571492
92664  -28.918  5.258  -39.323 0.1428571492
195221  -30.242  2.666  -40.995 0.1428571492
91457  -32.857  4.153  -40.270 0.1428571492
205532  -31.848  2.890  -40.908 0.1428571492
90309  -31.419  3.361  -41.764 0.1428571492
89093  -31.009  2.595  -41.414 0.1428571492
91431  -33.199  4.611  -39.246 0.1428571492
92625  -33.346  5.309  -38.396 0.1428571492
93725  -33.135  6.052  -37.188 0.1428571492
189120  -31.152  2.544  -40.745 0.1428571492
83116  -19.927  -1.819  -35.719 0.1428571492
85533  -20.423  -0.564  -35.742 0.1428571492
83125  -19.109  -1.573  -36.501 0.1428571492
84286  -19.822  -1.077  -36.114 0.1428571492
85542  -19.966  -0.371  -36.411 0.1428571492
86689  -20.180  0.425  -36.753 0.1428571492
89036  -20.283  1.864  -37.851 0.1428571492
87829  -19.998  1.232  -37.885 0.1428571492
89067  -20.028  2.837  -38.196 0.1428571492
90271  -20.295  3.245  -38.024 0.1428571492
87847  -19.293  1.410  -37.818 0.1428571492
186038  -19.281  3.273  -38.125 0.1428571492
90281  -19.848  3.388  -38.222 0.1428571492
91439  -19.929  4.204  -38.384 0.1428571492
92657  -18.867  4.297  -39.126 0.1428571492
173796  -19.272  5.077  -39.427 0.1428571492
201323  -19.686  5.867  -39.641 0.1428571492
174313  -20.065  6.625  -39.647 0.2857142985
191014  -20.647  6.533  -39.486 0.1428571492
94917  -20.573  7.168  -39.670 0.1428571492
96034  -21.763  8.149  -40.085 0.1428571492
193620  -22.369  8.737  -40.807 0.2857142985
191753  -25.732  12.470  -42.040 0.4285714328
103106  -27.673  13.198  -41.673 0.4285714328
118461  -30.270  23.888  -44.427 0.2857142985
118459  -28.473  24.549  -44.619 0.2857142985
118480  -30.147  24.960  -45.013 0.2857142985
119637  -24.284  25.585  -50.820 0.2857142985
119638  -24.794  26.064  -50.690 0.2857142985
120709  -25.068  26.826  -50.934 0.2857142985
121697  -24.524  27.150  -51.397 0.4285714328
96023  -19.882  7.476  -39.866 0.1428571492
94930  -20.570  7.851  -39.723 0.2857142985
96035  -22.398  8.283  -40.389 0.1428571492
200006  -19.798  0.299  -37.417 0.1428571492
89065  -19.496  2.175  -37.888 0.1428571492
91437  -18.927  3.891  -39.124 0.1428571492
94916  -19.442  6.771  -39.632 0.1428571492
96032  -20.171  8.237  -39.999 0.2857142985
96033  -20.879  8.217  -40.002 0.2857142985
97235  -21.265  8.608  -40.749 0.2857142985
97236  -21.962  8.684  -40.822 0.2857142985
97253  -22.732  9.235  -40.918 0.2857142985
99547  -24.469  10.731  -41.228 0.4285714328
100650  -24.536  11.369  -41.687 0.4285714328
101850  -24.582  12.553  -42.827 0.2857142985
116179  -30.702  22.637  -44.324 0.2857142985
117299  -28.692  23.892  -44.101 0.2857142985
118460  -29.534  24.372  -44.558 0.2857142985
118457  -26.802  24.641  -45.106 0.2857142985
118477  -27.323  25.257  -45.295 0.2857142985
119555  -27.151  25.833  -45.824 0.2857142985
119612  -25.688  25.719  -47.987 0.2857142985
118542  -24.145  24.189  -49.959 0.2857142985
199691  -25.614  26.218  -49.195 0.2857142985
97252  -22.144  9.136  -41.233 0.2857142985
116178  -30.178  23.196  -44.182 0.2857142985
117298  -27.837  23.943  -44.183 0.2857142985
117283  -28.172  23.282  -43.780 0.2857142985
118475  -26.226  24.544  -45.607 0.2857142985
118525  -25.402  24.479  -47.749 0.2857142985
118476  -26.621  25.218  -45.628 0.2857142985
119576  -25.891  25.413  -46.817 0.2857142985
118536  -25.404  24.930  -48.575 0.2857142985
120632  -26.034  26.286  -47.555 0.2857142985
117312  -25.909  23.695  -45.734 0.2857142985
117327  -25.577  23.807  -46.741 0.2857142985
118508  -25.639  24.669  -46.882 0.2857142985
101829  -25.755  11.988  -41.532 0.4285714328
184236  -26.473  12.452  -41.662 0.4285714328
89057  -20.175  2.520  -38.168 0.1428571492
91440  -20.607  4.032  -38.074 0.1428571492
99526  -23.328  10.332  -41.412 0.4285714328
87818  -20.126  1.050  -37.429 0.1428571492
85553  -19.565  -0.334  -37.363 0.1428571492
120659  -25.843  26.331  -48.343 0.2857142985
119593  -25.842  25.744  -47.331 0.2857142985
94931  -21.133  7.670  -39.636 0.1428571492
92658  -19.431  4.475  -38.764 0.1428571492
86708  -19.553  0.562  -37.915 0.1428571492
197048  -20.058  2.012  -38.143 0.1428571492
90280  -19.596  3.341  -38.261 0.1428571492
91438  -19.220  3.900  -38.570 0.1428571492
101828  -25.050  12.122  -42.052 0.4285714328
119625  -24.347  24.834  -50.387 0.2857142985
99546  -23.888  10.835  -41.572 0.4285714328
117349  -24.979  23.596  -48.772 0.2857142985
206652  -26.504  13.843  -42.500 0.2857142985
104362  -26.846  13.572  -42.069 0.2857142985
105583  -28.407  15.115  -41.813 0.2857142985
136006  -28.699  40.067  -43.692 0.1428571492
134939  -29.120  39.427  -43.570 0.1428571492
134947  -28.875  38.959  -44.240 0.1428571492
191519  -29.189  36.812  -44.492 0.1428571492
131738  -29.305  36.297  -44.135 0.1428571492
137036  -28.805  40.728  -43.293 0.1428571492
193529  -29.002  37.831  -44.927 0.1428571492
136022  -27.880  39.880  -46.274 0.1428571492
138964  -25.775  43.134  -45.147 0.1428571492
105582  -27.612  14.851  -42.101 0.2857142985
197664  -27.030  14.996  -42.664 0.2857142985
130688  -29.877  35.643  -43.284 0.1428571492
133876  -29.976  38.280  -42.846 0.1428571492
130696  -29.104  35.689  -44.350 0.1428571492
133885  -29.131  38.162  -44.198 0.1428571492
193965  -29.425  36.891  -43.941 0.1428571492
130695  -28.658  35.627  -44.868 0.1428571492
134959  -28.230  39.267  -46.354 0.1428571492
131746  -28.977  36.328  -44.742 0.1428571492
137057  -27.855  40.697  -45.380 0.1428571492
138974  -26.343  42.424  -45.152 0.1428571492
137056  -27.304  41.071  -45.580 0.1428571492
177856  -26.268  41.922  -46.469 0.1428571492
139869  -25.152  43.096  -46.314 0.1428571492
137064  -26.735  41.052  -47.073 0.1428571492
132802  -28.960  37.135  -45.162 0.1428571492
133902  -28.774  37.985  -45.783 0.1428571492
188584  -26.978  12.931  -41.804 0.2857142985
134938  -28.640  39.535  -44.117 0.1428571492
189101  -28.380  40.672  -43.874 0.1428571492
188697  -29.236  38.742  -43.720 0.1428571492
133894  -28.501  38.903  -45.690 0.1428571492
134946  -28.488  39.388  -44.859 0.1428571492
137035  -28.429  41.316  -43.417 0.1428571492
195694  -27.985  40.226  -45.752 0.1428571492
132788  -29.464  37.536  -43.740 0.1428571492
116195  -26.396  23.276  -45.021 0.1428571492
117297  -27.002  23.867  -44.592 0.1428571492
117313  -26.419  24.041  -45.152 0.1428571492
117357  -24.657  23.814  -49.471 0.1428571492
117346  -21.334  23.884  -47.904 0.1428571492
117338  -22.648  24.121  -47.591 0.1428571492
116160  -28.696  22.697  -43.778 0.1428571492
199007  -23.733  23.780  -49.829 0.1428571492
118505  -21.453  24.998  -47.602 0.1428571492
118491  -22.632  24.886  -46.812 0.1428571492
119574  -22.202  25.625  -46.500 0.2857142985
108909  -29.991  17.844  -42.722 0.2857142985
110074  -28.768  18.440  -42.763 0.1428571492
113756  -28.206  21.161  -44.126 0.1428571492
114927  -28.504  21.656  -43.994 0.1428571492
114946  -27.190  22.476  -44.186 0.1428571492
180750  -31.840  20.984  -51.623 0.1428571492
116211  -25.567  22.976  -46.340 0.1428571492
205125  -23.663  24.591  -49.686 0.1428571492
120684  -23.813  25.869  -50.175 0.1428571492
119592  -23.477  25.656  -47.974 0.1428571492
120630  -23.191  26.237  -47.187 0.2857142985
180403  -23.881  27.585  -50.096 0.2857142985
125846  -23.492  31.652  -48.918 0.2857142985
126826  -22.805  31.763  -48.452 0.2857142985
128735  -23.070  33.930  -49.406 0.2857142985
191147  -23.689  39.447  -47.549 0.1428571492
130714  -23.193  35.527  -46.469 0.1428571492
121696  -24.200  27.623  -51.359 0.2857142985
188875  -23.721  26.957  -48.447 0.2857142985
122678  -24.115  28.393  -50.144 0.2857142985
194435  -25.052  30.998  -51.310 0.2857142985
179970  -24.623  29.934  -49.461 0.2857142985
124759  -24.036  30.539  -48.413 0.2857142985
126862  -24.239  31.673  -50.826 0.2857142985
204095  -23.775  31.136  -48.920 0.2857142985
125840  -23.319  31.148  -48.448 0.2857142985
200009  -24.279  33.756  -49.759 0.2857142985
131783  -22.472  35.978  -48.836 0.1428571492
127796  -21.528  32.844  -48.300 0.2857142985
133912  -23.793  38.168  -46.690 0.1428571492
133901  -23.583  38.285  -45.388 0.1428571492
124749  -22.156  30.716  -47.892 0.1428571492
124740  -22.272  29.993  -47.541 0.1428571492
119573  -21.446  25.956  -46.499 0.2857142985
126835  -22.312  32.350  -48.452 0.2857142985
129725  -21.869  34.721  -48.682 0.1428571492
127800  -21.378  33.680  -48.487 0.2857142985
130724  -22.315  35.463  -47.510 0.1428571492
129714  -21.214  34.607  -47.736 0.1428571492
119609  -19.559  26.207  -48.387 0.2857142985
127788  -20.040  33.368  -47.659 0.1428571492
129704  -23.143  34.954  -46.077 0.1428571492
128722  -21.268  33.981  -47.068 0.1428571492
121656  -15.273  27.186  -48.692 0.1428571492
113869  -32.558  21.375  -51.879 0.1428571492
110177  -31.719  18.586  -48.700 0.1428571492
112559  -28.625  20.567  -43.564 0.1428571492
183228  -26.915  21.736  -44.548 0.1428571492
203037  -32.612  21.473  -50.862 0.1428571492
205424  -26.306  22.064  -45.357 0.1428571492
191811  -24.877  22.242  -47.822 0.1428571492
179934  -24.840  22.627  -48.373 0.1428571492
116236  -24.968  23.113  -48.534 0.1428571492
116234  -21.664  22.953  -48.097 0.1428571492
118533  -23.409  24.211  -49.378 0.1428571492
119623  -19.513  25.518  -48.440 0.1428571492
118523  -23.472  24.873  -48.966 0.1428571492
119588  -20.536  26.010  -47.555 0.2857142985
185599  -23.691  27.727  -48.262 0.1428571492
122656  -23.679  28.508  -47.921 0.1428571492
123699  -24.153  29.257  -48.266 0.2857142985
123686  -22.765  29.279  -47.459 0.1428571492
124760  -24.504  29.951  -48.548 0.1428571492
127778  -20.058  33.555  -46.759 0.1428571492
125810  -21.186  31.981  -47.853 0.2857142985
127795  -20.757  33.619  -47.935 0.1428571492
129715  -21.773  34.754  -47.275 0.1428571492
131779  -22.136  36.576  -48.497 0.1428571492
198881  -22.561  34.510  -46.107 0.1428571492
130713  -22.847  35.756  -46.908 0.1428571492
111426  -31.342  19.847  -50.568 0.1428571492
112664  -31.702  20.509  -50.981 0.1428571492
209467  -32.319  21.074  -50.359 0.1428571492
126877  -24.657  31.323  -51.125 0.2857142985
127813  -24.508  32.547  -49.963 0.2857142985
131766  -22.269  36.292  -47.678 0.1428571492
131759  -23.400  36.095  -46.729 0.1428571492
128739  -23.776  33.164  -49.462 0.2857142985
129729  -22.438  34.496  -49.193 0.2857142985
199166  -22.936  34.988  -49.487 0.2857142985
198873  -22.251  35.578  -47.341 0.1428571492
133905  -23.407  38.206  -45.889 0.1428571492
122698  -24.862  28.639  -51.325 0.2857142985
112560  -29.434  20.582  -43.335 0.1428571492
111327  -28.991  19.909  -43.076 0.1428571492
190213  -25.025  29.818  -51.269 0.2857142985
179630  -29.416  22.463  -43.841 0.1428571492
110161  -32.130  18.321  -48.099 0.1428571492
123756  -24.732  29.139  -51.138 0.2857142985
119636  -24.205  25.624  -50.747 0.1428571492
119644  -24.273  26.161  -51.087 0.1428571492
120707  -23.994  26.259  -50.831 0.1428571492
116176  -26.855  23.049  -44.445 0.1428571492
116225  -25.385  23.143  -47.111 0.1428571492
116247  -24.623  23.268  -49.291 0.1428571492
114995  -25.145  22.427  -46.941 0.1428571492
179838  -25.523  22.178  -46.194 0.1428571492
117356  -23.439  23.492  -49.626 0.1428571492
117347  -22.483  23.379  -47.715 0.1428571492
118521  -20.982  24.710  -47.888 0.1428571492
117339  -23.054  24.420  -48.274 0.1428571492
195220  -28.402  22.140  -43.834 0.1428571492
119589  -21.124  25.610  -47.175 0.1428571492
118507  -22.786  24.487  -47.422 0.1428571492
203859  -23.641  25.485  -49.261 0.1428571492
113755  -27.821  21.782  -44.229 0.1428571492
177353  -23.737  26.609  -49.356 0.2857142985
191095  -23.072  27.095  -47.058 0.2857142985
122666  -23.985  28.263  -48.966 0.2857142985
190496  -23.991  27.811  -50.824 0.2857142985
121662  -23.799  26.749  -50.242 0.2857142985
126836  -23.052  32.341  -48.855 0.2857142985
127811  -24.069  32.313  -50.060 0.2857142985
127801  -22.195  32.990  -48.695 0.2857142985
130703  -23.644  35.507  -45.935 0.1428571492
123731  -24.533  29.168  -50.193 0.2857142985
192162  -24.857  29.827  -50.956 0.2857142985
124770  -24.565  30.638  -50.948 0.2857142985
125841  -24.432  30.628  -49.049 0.2857142985
125852  -24.213  31.309  -50.714 0.2857142985
183175  -23.176  29.788  -47.675 0.1428571492
126849  -24.037  31.726  -50.353 0.2857142985
130732  -22.259  35.006  -48.018 0.1428571492
192455  -23.210  39.731  -45.470 0.1428571492
128731  -20.992  34.224  -48.114 0.2857142985
121631  -22.289  27.192  -46.579 0.1428571492
122655  -23.062  28.598  -47.461 0.2857142985
129702  -22.001  34.259  -46.558 0.1428571492
96031  -19.424  8.232  -39.872 0.1428571492
97234  -20.458  8.629  -40.629 0.1428571492
97250  -20.872  9.140  -41.156 0.1428571492
97232  -18.820  8.863  -40.184 0.1428571492
98365  -19.730  9.960  -41.240 0.1428571492
98376  -20.186  10.236  -41.879 0.1428571492
97249  -20.051  9.235  -41.021 0.1428571492
99556  -20.753  10.489  -42.498 0.1428571492
180935  -20.476  9.762  -41.466 0.1428571492
98367  -21.908  9.691  -41.655 0.1428571492
99568  -21.904  11.307  -43.259 0.1428571492
100663  -22.820  11.461  -42.865 0.1428571492
99545  -23.197  11.023  -42.098 0.1428571492
197705  -23.878  12.283  -43.086 0.1428571492
100664  -23.498  11.682  -42.640 0.1428571492
99566  -20.754  10.969  -43.067 0.1428571492
101867  -22.918  12.100  -43.937 0.1428571492
103122  -24.754  13.176  -43.194 0.1428571492
104375  -25.424  13.871  -43.143 0.1428571492
106674  -27.429  15.545  -42.538 0.1428571492
175611  -27.957  16.196  -42.330 0.1428571492
120628  -20.405  26.741  -47.277 0.1428571492
98366  -21.278  9.691  -41.620 0.1428571492
98369  -22.886  9.881  -41.284 0.1428571492
96022  -19.069  7.619  -39.529 0.1428571492
96030  -18.771  8.265  -39.659 0.1428571492
125825  -21.678  31.350  -47.827 0.1428571492
186737  -28.887  17.286  -42.368 0.1428571492
103104  -25.931  12.934  -42.333 0.1428571492
97233  -19.655  8.699  -40.524 0.1428571492
97251  -21.622  9.064  -41.305 0.1428571492
98380  -22.735  10.308  -41.873 0.1428571492
104376  -26.120  13.468  -42.595 0.1428571492
177187  -18.637  9.546  -40.640 0.1428571492
98377  -20.932  10.137  -42.012 0.1428571492
99558  -22.013  10.704  -42.802 0.1428571492
98378  -21.640  10.178  -42.312 0.1428571492
98379  -22.216  10.209  -42.168 0.1428571492
202787  -22.554  11.781  -43.423 0.1428571492
99575  -21.949  11.721  -43.568 0.1428571492
99559  -22.545  10.756  -42.589 0.1428571492
101869  -24.260  12.853  -43.577 0.1428571492
99555  -20.003  10.674  -42.487 0.1428571492
96021  -18.144  7.721  -39.345 0.1428571492
86699  -19.238  -0.216  -38.031 0.1428571492
87807  -21.510  1.931  -36.051 0.4285714328
87828  -19.616  0.958  -37.906 0.1428571492
87839  -19.402  1.184  -37.841 0.1428571492
87848  -19.527  1.845  -37.938 0.1428571492
89038  -21.492  2.878  -36.926 0.2857142985
89047  -20.035  1.909  -38.187 0.1428571492
89048  -20.466  2.640  -38.020 0.1428571492
89066  -19.677  2.501  -38.253 0.1428571492
89092  -30.478  2.645  -41.207 0.1428571492
90272  -20.768  3.750  -37.884 0.2857142985
90296  -32.204  3.498  -41.043 0.1428571492
90310  -32.029  3.474  -41.616 0.1428571492
91416  -22.143  4.411  -37.965 0.4285714328
91418  -23.656  4.496  -37.910 0.1428571492
91443  -33.253  4.730  -39.947 0.1428571492
91458  -33.219  4.585  -40.678 0.1428571492
91469  -31.195  3.658  -42.221 0.1428571492
91481  -32.901  4.362  -42.498 0.1428571492
91489  -32.330  4.663  -43.235 0.1428571492
91490  -32.995  4.605  -43.132 0.1428571492
92638  -22.961  5.216  -38.607 0.4285714328
92640  -24.479  5.650  -39.184 0.1428571492
92644  -33.344  4.933  -38.809 0.1428571492
92678  -29.901  5.578  -41.096 0.1428571492
92691  -33.618  5.205  -41.516 0.1428571492
92700  -31.104  5.157  -42.416 0.1428571492
92701  -33.363  4.869  -42.746 0.1428571492
92710  -30.695  5.898  -42.699 0.1428571492
92713  -32.954  5.170  -43.073 0.1428571492
92714  -33.187  5.158  -42.861 0.1428571492
93769  -24.061  5.980  -39.864 0.1428571492
93770  -24.802  5.929  -40.434 0.1428571492
93771  -25.632  5.916  -40.110 0.1428571492
93772  -26.429  5.934  -39.832 0.1428571492
93785  -24.432  6.180  -40.352 0.2857142985
93798  -24.882  6.256  -41.043 0.1428571492
93799  -25.800  6.221  -41.703 0.1428571492
93801  -27.648  6.523  -41.708 0.2857142985
93808  -28.159  6.909  -42.229 0.2857142985
93809  -29.022  6.713  -41.995 0.2857142985
93810  -29.720  6.422  -42.013 0.2857142985
93811  -33.064  5.656  -42.737 0.1428571492
93817  -31.139  6.003  -43.332 0.1428571492
93818  -31.822  5.437  -43.297 0.1428571492
93819  -32.840  5.841  -42.975 0.1428571492
93828  -30.736  7.438  -43.081 0.2857142985
93829  -31.217  6.460  -44.052 0.1428571492
93830  -32.612  5.905  -43.277 0.1428571492
94942  -26.193  6.367  -41.977 0.2857142985
94943  -32.808  6.985  -41.686 0.1428571492
94949  -27.694  7.159  -42.250 0.2857142985
94956  -28.518  7.262  -42.853 0.2857142985
94969  -29.152  7.657  -42.499 0.2857142985
94973  -32.404  6.890  -43.622 0.1428571492
94982  -31.422  7.655  -44.179 0.2857142985
94984  -31.962  7.957  -44.086 0.2857142985
95998  -33.336  7.806  -38.430 0.1428571492
96008  -33.176  7.662  -39.243 0.1428571492
96036  -23.554  7.827  -39.951 0.7142857313
96040  -27.074  7.783  -41.277 0.2857142985
96045  -27.443  7.309  -42.068 0.2857142985
96046  -27.946  7.814  -41.782 0.2857142985
96049  -27.441  7.084  -42.092 0.2857142985
96051  -28.045  7.633  -42.821 0.2857142985
96052  -32.638  8.155  -42.718 0.1428571492
96056  -28.170  7.404  -42.748 0.2857142985
96058  -29.745  8.174  -42.853 0.2857142985
96063  -30.502  8.404  -43.640 0.2857142985
96067  -32.679  8.504  -43.717 0.1428571492
96077  -30.808  8.421  -44.394 0.2857142985
96078  -31.148  8.490  -44.825 0.2857142985
97211  -33.637  9.233  -39.160 0.1428571492
97224  -25.379  9.229  -40.070 0.5714285970
97225  -26.055  9.003  -40.385 0.4285714328
97241  -26.491  8.388  -40.835 0.4285714328
97256  -29.111  8.901  -41.968 0.2857142985
97268  -29.097  8.009  -42.574 0.2857142985
97275  -30.667  8.646  -44.279 0.2857142985
97276  -33.083  9.218  -44.091 0.2857142985
97285  -31.703  9.300  -45.615 0.2857142985
97286  -32.317  8.730  -45.157 0.2857142985
97288  -33.139  9.369  -44.606 0.2857142985
97289  -33.426  9.733  -44.465 0.2857142985
97298  -32.763  9.135  -45.662 0.2857142985
97299  -33.159  9.381  -45.229 0.2857142985
98268  -34.397  9.719  -35.033 0.1428571492
98311  -33.770  9.632  -37.167 0.1428571492
98333  -33.742  9.817  -38.682 0.1428571492
98344  -26.375  9.528  -40.505 0.5714285970
98356  -27.802  9.398  -40.913 0.5714285970
98358  -29.185  9.846  -41.194 0.5714285970
98368  -22.407  9.739  -41.532 0.1428571492
98381  -30.269  9.462  -42.614 0.4285714328
98387  -33.671  10.074  -43.601 0.1428571492
98392  -31.027  9.544  -44.454 0.4285714328
98393  -33.702  10.132  -44.265 0.1428571492
98396  -30.869  9.009  -44.723 0.4285714328
98408  -32.801  9.613  -46.104 0.2857142985
98413  -32.809  10.013  -46.876 0.2857142985
99405  -34.797  10.334  -34.418 0.1428571492
99517  -25.935  9.998  -40.391 0.5714285970
99527  -24.092  10.065  -41.044 0.4285714328
99529  -25.689  10.606  -40.714 0.5714285970
99531  -27.395  10.030  -40.762 0.5714285970
99533  -29.196  10.506  -41.011 0.5714285970
99534  -33.618  9.921  -41.572 0.1428571492
99535  -33.875  10.677  -41.317 0.1428571492
99549  -33.632  9.988  -42.340 0.1428571492
99557  -21.451  10.715  -42.905 0.1428571492
99560  -30.841  10.009  -42.755 0.5714285970
99567  -21.559  11.333  -43.340 0.1428571492
99569  -22.268  11.354  -43.143 0.1428571492
99576  -31.382  10.209  -44.554 0.4285714328
99577  -33.995  10.658  -44.662 0.1428571492
99588  -32.034  10.209  -46.390 0.4285714328
99589  -33.755  9.945  -46.702 0.2857142985
99598  -32.918  10.536  -46.886 0.4285714328
99599  -33.559  10.139  -46.862 0.2857142985
99600  -33.816  10.510  -46.831 0.2857142985
100584  -34.422  11.650  -37.186 0.1428571492
100609  -34.002  11.131  -38.453 0.1428571492
100610  -34.289  11.659  -37.976 0.1428571492
100632  -25.729  11.351  -41.138 0.5714285970
100649  -23.866  11.363  -42.070 0.1428571492
100652  -29.777  11.158  -41.143 0.5714285970
100665  -24.250  11.886  -42.411 0.4285714328
100666  -31.023  11.057  -42.092 0.7142857313
100667  -31.538  11.484  -42.660 0.7142857313
100678  -22.265  11.811  -43.649 0.1428571492
100679  -23.138  12.011  -43.287 0.1428571492
100700  -31.948  11.105  -45.483 0.5714285970
100701  -34.315  11.273  -45.159 0.2857142985
100711  -32.291  10.768  -46.702 0.4285714328
101750  -34.695  12.126  -36.552 0.1428571492
101751  -34.937  12.637  -36.006 0.1428571492
101817  -28.133  11.659  -41.125 0.7142857313
101851  -25.259  12.801  -42.581 0.2857142985
101853  -31.791  12.237  -42.979 0.7142857313
101855  -35.233  12.378  -42.783 0.1428571492
101868  -23.668  12.455  -43.772 0.1428571492
101870  -31.991  12.210  -43.695 0.7142857313
101872  -35.272  12.489  -43.632 0.1428571492
101885  -34.942  11.972  -44.713 0.1428571492
101896  -31.984  12.002  -45.415 0.7142857313
101898  -34.936  12.886  -45.882 0.4285714328
101911  -34.085  11.977  -47.157 0.4285714328
101917  -32.520  12.755  -47.656 0.7142857313
101919  -33.619  12.390  -48.111 0.4285714328
101921  -33.150  12.820  -48.663 0.5714285970
101922  -33.499  12.664  -48.672 0.4285714328
103105  -26.464  13.062  -42.071 0.2857142985
103109  -30.177  13.230  -41.900 0.7142857313
103110  -30.943  13.082  -42.271 0.5714285970
103123  -25.352  13.356  -42.888 0.1428571492
103192  -34.735  13.826  -46.866 0.4285714328
103199  -32.146  13.451  -47.804 0.7142857313
103200  -32.641  13.030  -48.285 0.5714285970
103207  -32.741  13.413  -48.747 0.5714285970
103209  -33.828  13.272  -48.696 0.4285714328
103211  -32.365  13.901  -49.066 0.7142857313
103213  -33.339  13.752  -49.286 0.4285714328
103214  -33.734  13.923  -49.026 0.4285714328
103215  -33.964  14.051  -48.920 0.4285714328
104364  -28.267  14.346  -41.816 0.5714285970
104377  -26.871  14.306  -42.457 0.2857142985
104378  -31.076  14.422  -42.436 0.4285714328
104380  -31.821  13.625  -43.037 0.7142857313
104395  -26.169  14.085  -42.909 0.1428571492
104412  -32.033  13.488  -45.108 0.7142857313
104426  -35.437  14.152  -45.846 0.2857142985
104454  -31.293  14.484  -48.512 0.7142857313
104455  -31.797  14.080  -48.087 0.7142857313
104456  -34.174  14.529  -48.300 0.4285714328
104463  -34.041  14.435  -48.715 0.4285714328
104466  -32.875  14.179  -49.529 0.4285714328
104467  -33.073  14.056  -49.529 0.4285714328
104468  -33.882  13.865  -48.996 0.4285714328
104469  -33.893  14.521  -48.926 0.4285714328
104470  -33.953  14.643  -48.741 0.4285714328
104471  -31.117  14.914  -50.347 0.8571428657
104472  -31.945  14.787  -50.167 0.5714285970
104474  -33.175  14.954  -49.849 0.4285714328
104475  -33.626  14.672  -49.268 0.4285714328
105607  -31.806  14.798  -43.284 0.8571428657
105651  -31.686  15.182  -46.496 0.8571428657
105667  -31.024  15.139  -47.705 0.7142857313
105669  -34.447  14.852  -47.408 0.4285714328
105685  -30.228  15.497  -48.705 0.8571428657
105686  -30.880  14.755  -48.976 0.7142857313
105687  -34.058  15.004  -48.208 0.4285714328
105693  -30.149  15.295  -49.807 0.8571428657
105694  -30.807  14.822  -49.687 0.7142857313
105697  -32.402  14.919  -50.034 0.5714285970
105698  -32.816  15.021  -49.800 0.5714285970
105699  -33.380  14.999  -49.477 0.4285714328
105700  -33.847  14.727  -48.907 0.4285714328
105702  -31.145  15.383  -50.614 0.5714285970
106662  -29.159  15.382  -41.800 0.4285714328
106673  -26.825  15.493  -43.106 0.1428571492
106675  -28.637  16.388  -42.035 0.4285714328
106676  -29.244  16.100  -41.976 0.5714285970
106692  -31.562  15.997  -43.758 0.5714285970
106701  -31.847  15.682  -44.323 0.7142857313
106731  -31.339  15.938  -46.776 0.7142857313
106773  -33.527  15.633  -48.728 0.4285714328
106774  -33.792  15.241  -48.725 0.4285714328
106779  -29.468  15.982  -50.262 0.8571428657
106780  -33.390  15.674  -48.938 0.4285714328
106781  -33.725  15.264  -48.796 0.4285714328
106782  -33.774  15.140  -48.740 0.4285714328
106784  -29.661  15.858  -50.598 0.5714285970
106785  -30.035  15.805  -50.684 0.5714285970
106788  -32.985  15.219  -49.646 0.4285714328
106789  -33.589  15.184  -49.139 0.4285714328
107765  -28.404  16.873  -42.372 0.1428571492
107767  -30.846  16.550  -42.832 0.7142857313
107789  -31.812  17.054  -44.841 0.8571428657
107831  -30.102  17.376  -47.949 1.0000000000
107858  -29.377  16.954  -49.160 0.8571428657
107859  -29.897  16.251  -48.710 0.8571428657
107860  -32.394  16.829  -48.632 0.2857142985
107868  -28.898  17.117  -50.660 0.8571428657
107875  -29.238  16.627  -50.484 0.5714285970
107877  -30.639  16.632  -50.457 0.4285714328
107878  -32.167  15.822  -49.800 0.4285714328
107879  -32.711  15.694  -49.383 0.4285714328
107880  -28.859  17.273  -50.950 0.8571428657
107882  -29.739  16.366  -50.832 0.5714285970
107883  -30.287  16.089  -50.699 0.4285714328
108926  -31.172  17.660  -43.730 0.5714285970
108945  -31.408  18.080  -46.100 0.8571428657
108986  -32.403  17.501  -48.237 0.1428571492
108998  -29.294  17.641  -49.254 0.8571428657
109008  -29.031  17.826  -49.973 0.8571428657
109010  -31.756  17.239  -49.010 0.2857142985
109014  -28.696  17.497  -51.061 0.8571428657
109016  -28.675  17.652  -51.223 0.8571428657
109018  -29.534  17.606  -50.990 0.7142857313
110076  -30.169  18.361  -42.943 0.2857142985
110094  -28.320  19.118  -43.113 0.2857142985
110132  -30.678  18.492  -47.133 0.8571428657
110146  -30.467  18.824  -47.457 0.7142857313
110176  -29.283  18.105  -49.449 0.8571428657
110192  -30.987  18.345  -49.588 0.4285714328
110198  -28.622  18.015  -51.271 0.8571428657
110199  -30.150  18.155  -50.619 0.4285714328
110202  -29.061  18.098  -51.384 0.5714285970
110204  -28.710  19.175  -51.856 0.7142857313
111314  -29.990  18.949  -42.997 0.4285714328
111330  -31.143  19.122  -44.288 0.5714285970
111357  -31.501  19.500  -45.473 0.5714285970
111377  -30.636  19.509  -47.265 0.5714285970
111405  -29.710  19.383  -49.365 0.8571428657
111406  -31.771  19.435  -49.070 0.1428571492
111419  -31.092  19.132  -49.940 0.2857142985
111424  -30.281  18.935  -50.806 0.5714285970
111427  -28.611  19.530  -51.848 0.7142857313
111430  -28.652  19.736  -52.260 0.5714285970
111433  -30.346  20.075  -51.797 0.4285714328
112588  -31.034  20.176  -45.324 0.5714285970
112599  -30.767  20.307  -45.975 0.5714285970
112656  -29.397  19.899  -49.960 1.0000000000
112658  -32.309  20.868  -49.753 0.1428571492
112660  -31.882  20.460  -50.280 0.1428571492
112661  -32.108  21.044  -50.957 0.1428571492
112662  -28.840  20.553  -51.907 0.7142857313
112665  -28.653  20.131  -52.177 0.5714285970
112666  -28.907  20.288  -52.435 0.5714285970
112668  -31.106  20.809  -51.899 0.4285714328
112669  -29.435  20.814  -52.596 0.5714285970
113757  -29.007  21.242  -43.624 0.2857142985
113777  -26.506  21.652  -45.154 0.1428571492
113799  -31.014  21.485  -45.140 0.5714285970
113860  -29.557  20.761  -50.017 0.8571428657
113868  -29.086  21.111  -51.941 0.7142857313
113871  -29.183  20.980  -52.458 0.7142857313
113872  -30.208  20.904  -52.281 0.5714285970
113874  -32.581  21.454  -52.004 0.4285714328
113876  -30.006  21.436  -52.629 0.5714285970
113877  -30.170  21.685  -52.716 0.5714285970
114928  -29.811  22.047  -43.785 0.1428571492
114945  -26.554  22.393  -44.815 0.1428571492
114965  -26.020  21.733  -45.669 0.1428571492
114997  -30.531  21.791  -47.383 1.0000000000
115010  -30.410  22.390  -47.810 1.0000000000
115018  -24.595  22.718  -49.113 0.1428571492
115026  -29.437  21.497  -50.396 0.7142857313
115028  -29.399  21.901  -51.166 0.7142857313
115032  -32.989  22.014  -52.000 0.2857142985
115034  -29.473  21.796  -52.637 0.5714285970
115035  -29.632  22.295  -52.841 0.4285714328
115037  -31.938  21.927  -52.216 0.4285714328
115040  -29.702  21.948  -52.884 0.5714285970
115041  -30.000  22.328  -52.745 0.5714285970
116159  -27.872  22.643  -43.695 0.1428571492
116161  -29.424  22.982  -43.930 0.1428571492
116162  -30.036  22.550  -43.960 0.1428571492
116177  -27.462  23.198  -43.982 0.2857142985
116180  -30.997  22.782  -44.904 0.4285714328
116194  -25.986  22.613  -45.554 0.1428571492
116224  -25.085  22.874  -47.732 0.1428571492
116238  -30.408  23.006  -48.384 0.8571428657
116258  -29.571  22.554  -51.854 0.7142857313
116259  -29.943  23.046  -51.504 0.4285714328
116263  -29.889  22.658  -52.561 0.2857142985
117284  -28.850  23.332  -43.820 0.2857142985
117300  -29.470  23.625  -44.172 0.2857142985
117314  -30.991  24.194  -45.515 0.5714285970
117328  -30.998  24.297  -46.391 0.7142857313
117340  -25.304  23.646  -47.840 0.1428571492
117348  -23.135  23.716  -48.170 0.1428571492
117358  -30.489  23.679  -49.598 0.8571428657
117359  -30.496  23.765  -48.801 0.8571428657
117365  -23.569  23.344  -49.853 0.1428571492
117366  -24.083  23.546  -49.754 0.1428571492
117368  -30.742  24.195  -50.273 0.8571428657
117373  -30.767  23.978  -51.716 0.4285714328
117375  -30.324  23.320  -52.227 0.4285714328
118458  -27.563  24.595  -44.795 0.2857142985
118478  -28.231  25.194  -45.145 0.2857142985
118481  -30.736  24.707  -45.145 0.7142857313
118492  -26.038  25.024  -46.174 0.2857142985
118506  -22.294  24.653  -47.307 0.1428571492
118509  -30.882  24.735  -47.120 0.8571428657
118522  -21.909  24.328  -47.723 0.1428571492
118524  -25.092  24.170  -48.622 0.1428571492
118534  -23.901  24.322  -49.896 0.2857142985
118535  -24.814  24.462  -49.516 0.2857142985
118553  -32.376  24.810  -51.201 0.1428571492
118555  -31.249  24.186  -51.636 0.1428571492
118556  -32.105  24.268  -51.548 0.1428571492
119558  -29.926  25.647  -45.367 0.8571428657
119559  -30.489  25.976  -45.688 1.0000000000
119575  -22.963  25.467  -46.889 0.1428571492
119577  -26.494  25.642  -46.296 0.2857142985
119590  -21.893  25.252  -46.829 0.1428571492
119591  -23.082  24.896  -47.606 0.1428571492
119594  -26.348  25.980  -46.953 0.4285714328
119610  -20.109  25.797  -48.132 0.2857142985
119611  -20.715  25.360  -47.840 0.1428571492
119613  -30.984  25.731  -48.349 0.8571428657
119624  -23.893  24.977  -50.109 0.1428571492
119626  -25.000  25.670  -49.970 0.2857142985
119645  -31.393  25.399  -50.337 0.8571428657
119650  -32.126  25.312  -50.936 0.2857142985
119651  -32.945  25.357  -51.279 0.1428571492
120612  -22.605  26.313  -46.581 0.2857142985
120614  -29.449  26.736  -46.335 0.7142857313
120629  -20.884  26.176  -46.813 0.1428571492
120631  -23.542  26.579  -47.786 0.2857142985
120633  -26.693  26.616  -47.176 0.5714285970
120636  -28.953  27.054  -46.885 1.0000000000
120637  -30.374  26.844  -47.220 0.8571428657
120658  -23.705  26.194  -48.768 0.2857142985
120661  -30.531  27.135  -47.927 0.8571428657
120687  -31.158  26.407  -49.230 0.7142857313
120708  -24.419  26.163  -51.092 0.1428571492
120711  -31.797  26.447  -50.231 0.5714285970
120717  -24.196  26.720  -51.334 0.4285714328
120718  -24.381  26.521  -51.305 0.1428571492
121637  -23.534  27.269  -47.715 0.1428571492
121639  -28.473  27.391  -47.223 0.8571428657
121649  -23.781  27.316  -49.220 0.2857142985
121651  -27.482  27.912  -47.732 0.5714285970
121663  -25.930  27.319  -49.447 0.4285714328
121682  -23.959  27.063  -51.005 0.2857142985
121683  -25.639  27.316  -50.359 0.2857142985
121685  -31.879  27.083  -50.092 0.5714285970
121698  -25.266  27.496  -51.039 0.5714285970
121700  -32.397  27.349  -50.426 0.2857142985
121709  -24.680  27.983  -51.329 0.2857142985
122646  -23.312  27.894  -47.448 0.1428571492
122657  -27.200  28.220  -48.372 0.8571428657
122667  -26.917  28.307  -49.191 0.7142857313
122671  -30.117  28.460  -48.753 0.8571428657
122672  -30.913  28.474  -49.243 0.7142857313
122681  -31.480  28.431  -49.783 0.7142857313
122687  -25.686  28.242  -50.988 0.4285714328
122697  -24.331  28.507  -51.335 0.2857142985
122699  -25.378  28.523  -51.283 0.2857142985
123698  -23.520  29.258  -47.726 0.1428571492
123713  -24.474  29.216  -49.098 0.2857142985
123714  -28.196  29.080  -49.179 1.0000000000
123716  -29.651  29.165  -49.106 0.8571428657
123734  -29.231  29.498  -49.801 0.8571428657
123737  -31.653  29.049  -50.034 0.1428571492
123744  -27.889  29.362  -50.723 1.0000000000
123747  -30.267  29.832  -50.072 0.5714285970
123757  -25.229  29.167  -51.331 0.4285714328
123760  -27.575  29.645  -51.240 0.8571428657
124750  -23.044  30.485  -48.027 0.2857142985
124751  -23.920  29.903  -48.001 0.2857142985
124765  -24.544  30.645  -49.984 0.2857142985
124772  -30.078  30.372  -50.776 0.5714285970
124774  -31.562  30.074  -50.481 0.1428571492
124780  -24.743  30.504  -51.220 0.2857142985
124781  -25.087  30.491  -51.350 0.2857142985
124783  -27.026  30.054  -51.332 0.8571428657
124785  -28.783  30.453  -51.341 0.5714285970
124786  -29.553  30.576  -51.252 0.7142857313
124788  -31.138  30.561  -50.686 0.1428571492
124789  -31.939  30.364  -50.781 0.1428571492
124790  -32.702  30.058  -50.848 0.1428571492
125769  -30.161  31.328  -44.528 0.1428571492
125782  -30.042  31.212  -45.340 0.1428571492
125783  -30.711  30.993  -45.723 0.1428571492
125784  -31.334  30.817  -45.302 0.1428571492
125793  -29.633  31.292  -45.900 0.1428571492
125795  -30.682  30.978  -46.581 0.1428571492
125813  -31.110  31.054  -47.371 0.2857142985
125826  -22.501  31.210  -48.141 0.2857142985
125827  -29.570  31.059  -47.924 0.2857142985
125829  -31.602  31.340  -48.133 0.1428571492
125847  -23.936  31.386  -49.756 0.2857142985
125853  -25.981  31.037  -50.886 0.4285714328
125854  -26.893  30.906  -51.119 0.8571428657
125859  -24.477  31.112  -51.055 0.2857142985
125860  -24.754  30.907  -51.236 0.2857142985
125862  -27.427  30.659  -51.333 0.8571428657
125863  -28.304  30.701  -51.307 0.7142857313
125865  -29.916  30.739  -50.823 0.4285714328
125868  -32.276  30.789  -51.007 0.1428571492
126781  -29.285  32.261  -44.382 0.1428571492
126782  -29.520  31.610  -44.903 0.1428571492
126808  -29.172  31.370  -46.383 0.2857142985
126816  -20.222  32.743  -47.816 0.1428571492
126824  -20.965  32.745  -48.011 0.2857142985
126825  -21.908  31.965  -48.104 0.2857142985
126828  -27.432  31.785  -48.184 0.7142857313
126830  -28.800  31.304  -47.558 0.4285714328
126838  -26.656  31.905  -49.158 0.8571428657
126843  -31.233  31.392  -49.345 0.1428571492
126848  -23.770  32.001  -49.504 0.2857142985
126852  -27.270  31.441  -49.638 0.8571428657
126855  -30.159  31.165  -49.826 0.4285714328
126863  -24.626  31.763  -50.761 0.2857142985
126864  -25.436  31.590  -50.584 0.5714285970
126867  -28.040  31.086  -50.156 0.7142857313
126868  -29.094  30.988  -50.580 0.5714285970
126870  -31.279  31.536  -50.429 0.4285714328
126871  -32.307  31.906  -50.815 0.1428571492
126878  -25.169  31.289  -51.208 0.2857142985
126879  -30.657  31.004  -50.306 0.2857142985
126880  -31.292  31.371  -50.672 0.4285714328
127756  -28.452  33.491  -44.867 0.2857142985
127757  -28.950  33.148  -44.338 0.1428571492
127781  -27.593  33.164  -46.465 0.2857142985
127799  -26.979  32.336  -47.775 0.5714285970
127804  -23.027  33.105  -49.035 0.2857142985
127807  -31.900  31.950  -50.393 0.1428571492
127812  -24.262  33.006  -49.784 0.2857142985
127814  -25.043  32.123  -50.087 0.5714285970
128699  -27.608  33.727  -45.988 0.2857142985
128712  -22.960  34.265  -45.646 0.1428571492
128721  -20.507  33.687  -47.384 0.1428571492
128724  -27.021  33.485  -46.966 0.4285714328
128730  -25.681  34.032  -48.226 0.7142857313
128733  -25.020  34.031  -49.033 0.5714285970
128734  -22.209  33.753  -48.966 0.2857142985
128736  -23.884  33.902  -49.661 0.4285714328
128738  -25.050  33.290  -49.355 0.5714285970
129675  -29.631  35.056  -43.598 0.1428571492
129683  -28.333  34.292  -44.863 0.2857142985
129684  -28.800  34.912  -44.447 0.1428571492
129703  -22.553  34.975  -46.764 0.1428571492
129705  -26.732  34.198  -46.800 0.2857142985
129723  -21.419  34.662  -48.143 0.1428571492
129726  -21.612  34.277  -48.618 0.2857142985
129727  -24.865  34.750  -48.861 0.5714285970
130687  -29.449  35.715  -43.805 0.1428571492
130705  -27.726  35.138  -45.718 0.2857142985
130706  -28.195  35.435  -45.361 0.2857142985
130723  -22.042  34.917  -47.394 0.1428571492
130725  -26.036  35.028  -47.727 0.7142857313
130726  -26.479  35.423  -47.355 0.2857142985
130729  -22.052  34.922  -47.567 0.1428571492
130733  -22.366  35.485  -48.196 0.1428571492
130735  -25.291  35.085  -48.424 0.5714285970
130736  -22.595  35.131  -48.662 0.1428571492
130737  -23.420  35.045  -49.551 0.4285714328
131739  -29.652  36.349  -43.503 0.1428571492
131768  -23.713  36.715  -46.897 0.1428571492
131769  -26.698  36.231  -47.510 0.2857142985
131770  -27.340  36.559  -47.249 0.2857142985
131773  -22.292  35.460  -47.956 0.1428571492
131774  -22.156  36.554  -48.112 0.1428571492
131775  -22.724  37.028  -47.909 0.1428571492
131776  -25.816  36.197  -48.156 0.4285714328
131780  -22.449  37.112  -48.582 0.2857142985
131781  -24.718  36.523  -48.857 0.4285714328
131784  -22.346  37.061  -48.690 0.2857142985
131786  -23.993  36.526  -49.146 0.4285714328
132789  -29.883  37.608  -43.131 0.1428571492
132796  -29.203  37.390  -44.413 0.1428571492
132814  -27.844  37.340  -47.476 0.2857142985
132815  -28.276  37.288  -46.864 0.2857142985
132825  -25.658  37.396  -48.282 0.4285714328
132826  -26.176  37.813  -48.054 0.4285714328
132828  -23.655  37.033  -48.826 0.2857142985
133886  -29.526  38.198  -43.457 0.1428571492
133895  -28.786  38.524  -44.952 0.1428571492
133913  -27.984  38.066  -47.714 0.2857142985
133914  -28.209  38.429  -47.343 0.2857142985
133923  -24.082  38.367  -48.265 0.2857142985
134940  -29.568  38.893  -43.145 0.1428571492
134953  -23.301  39.004  -45.665 0.1428571492
134954  -28.258  39.674  -45.696 0.1428571492
134966  -27.899  38.984  -47.451 0.2857142985
134967  -28.174  38.963  -46.980 0.2857142985
134972  -23.794  38.676  -47.884 0.2857142985
134974  -24.579  38.968  -48.128 0.2857142985
134976  -26.709  38.875  -47.793 0.2857142985
134977  -27.433  39.002  -47.639 0.2857142985
134982  -26.054  38.533  -47.962 0.2857142985
136013  -28.233  40.172  -45.146 0.1428571492
136021  -27.372  40.583  -46.270 0.1428571492
136026  -23.058  40.395  -46.384 0.1428571492
136027  -27.463  40.027  -46.786 0.2857142985
136046  -25.830  40.151  -47.712 0.2857142985
136051  -25.257  39.511  -47.908 0.2857142985
137034  -27.965  41.255  -43.992 0.1428571492
137085  -25.482  40.747  -47.375 0.2857142985
137086  -26.191  40.935  -47.544 0.2857142985
138052  -23.294  42.399  -45.774 0.1428571492
138064  -23.376  42.416  -45.977 0.1428571492
138065  -25.697  42.287  -46.961 0.1428571492
138066  -26.213  41.643  -47.257 0.2857142985
138085  -24.856  41.332  -47.193 0.1428571492
138986  -23.158  43.111  -45.979 0.1428571492
138998  -24.791  42.942  -47.003 0.1428571492
138999  -25.175  42.501  -47.382 0.2857142985
139874  -23.811  43.874  -46.615 0.1428571492
140672  -23.251  45.408  -46.015 0.1428571492
140675  -23.851  44.879  -46.384 0.1428571492
173178  -29.607  31.145  -49.356 0.4285714328
173231  -30.170  6.556  -42.486 0.1428571492
173427  -28.791  31.060  -50.337 0.7142857313
174611  -33.300  8.763  -40.230 0.1428571492
174645  -29.419  17.019  -50.849 0.4285714328
175249  -30.808  31.309  -49.698 0.2857142985
175324  -31.373  16.265  -50.125 0.4285714328
175601  -29.435  18.657  -49.384 0.8571428657
175778  -32.337  6.478  -43.725 0.2857142985
175847  -29.193  21.276  -51.627 0.7142857313
175929  -24.420  5.400  -38.654 0.1428571492
176023  -25.592  25.206  -47.495 0.2857142985
176809  -20.737  34.123  -47.756 0.1428571492
177672  -29.625  17.239  -42.454 0.1428571492
177860  -32.456  7.620  -43.371 0.1428571492
178476  -30.446  10.735  -41.662 0.7142857313
178872  -31.826  16.274  -44.790 0.7142857313
178894  -24.239  24.933  -50.388 0.1428571492
179207  -32.443  11.692  -46.623 0.5714285970
179273  -23.008  22.969  -48.074 0.1428571492
179653  -33.744  11.493  -47.078 0.4285714328
181087  -31.591  8.788  -45.133 0.2857142985
181412  -33.041  7.462  -39.975 0.1428571492
181815  -24.337  8.332  -40.267 0.7142857313
181963  -24.284  32.122  -50.327 0.2857142985
182410  -32.532  4.404  -42.782 0.1428571492
182633  -30.567  22.435  -47.194 1.0000000000
183528  -33.558  13.414  -48.895 0.4285714328
184693  -27.797  27.400  -47.273 0.5714285970
185074  -31.078  24.792  -50.111 0.7142857313
185244  -31.965  14.284  -45.428 0.7142857313
185338  -27.700  10.490  -40.873 0.5714285970
185359  -26.357  29.554  -51.143 0.5714285970
185849  -30.737  20.886  -45.923 0.5714285970
186846  -24.741  29.897  -50.383 0.2857142985
186879  -35.218  12.339  -44.231 0.1428571492
186974  -33.364  6.419  -40.530 0.1428571492
187231  -33.104  6.445  -37.694 0.1428571492
187332  -24.163  28.443  -51.188 0.2857142985
187479  -23.311  36.881  -47.432 0.2857142985
187560  -25.811  24.386  -46.172 0.2857142985
187593  -32.203  15.281  -50.179 0.4285714328
187725  -34.228  11.682  -40.590 0.1428571492
187726  -29.210  12.593  -41.483 0.5714285970
187805  -28.602  18.777  -51.491 0.5714285970
187899  -21.216  10.375  -42.455 0.1428571492
188287  -31.123  23.550  -45.998 0.8571428657
188507  -25.689  30.700  -51.300 0.2857142985
188850  -30.617  29.528  -49.747 0.5714285970
189068  -34.068  10.936  -45.773 0.2857142985
189163  -25.510  25.631  -48.934 0.2857142985
189606  -23.578  32.589  -49.331 0.2857142985
189724  -30.269  23.546  -51.811 0.7142857313
189998  -23.639  38.902  -47.584 0.2857142985
190084  -31.013  25.090  -48.771 0.8571428657
190103  -26.255  28.916  -51.062 0.5714285970
190643  -24.901  7.334  -40.637 0.5714285970
190650  -34.118  11.283  -41.123 0.1428571492
190921  -28.170  13.707  -41.735 0.4285714328
190972  -30.582  15.578  -50.694 0.5714285970
191134  -34.010  10.904  -46.370 0.2857142985
191183  -31.926  14.262  -49.324 0.5714285970
191542  -22.982  35.786  -49.135 0.2857142985
191596  -30.688  20.275  -47.103 1.0000000000
191964  -29.119  21.969  -43.775 0.1428571492
193070  -32.470  3.737  -40.517 0.1428571492
193685  -33.459  8.801  -39.595 0.1428571492
193919  -24.526  29.036  -51.076 0.2857142985
194203  -28.467  37.881  -46.710 0.2857142985
194245  -23.986  34.909  -49.488 0.4285714328
194698  -29.768  36.995  -43.375 0.1428571492
195064  -16.018  27.232  -48.948 0.1428571492
195183  -33.373  5.384  -42.248 0.1428571492
195767  -26.293  30.224  -51.285 0.5714285970
197485  -32.687  7.955  -42.011 0.1428571492
197798  -33.496  4.767  -42.216 0.1428571492
197891  -30.802  24.060  -44.854 0.5714285970
198094  -30.229  26.609  -46.486 0.8571428657
198139  -31.438  6.924  -44.176 0.2857142985
198294  -32.799  8.003  -41.268 0.1428571492
198438  -31.385  8.177  -44.619 0.2857142985
198446  -30.052  15.522  -50.567 0.5714285970
198653  -23.066  43.663  -45.817 0.1428571492
198925  -31.657  6.505  -44.161 0.1428571492
199074  -33.701  9.145  -37.666 0.1428571492
199567  -25.928  32.925  -48.501 0.7142857313
199787  -32.044  22.617  -52.212 0.4285714328
199938  -30.953  22.315  -46.099 0.8571428657
199999  -25.378  35.684  -48.338 0.5714285970
201099  -28.648  19.916  -51.769 0.7142857313
201129  -29.888  12.718  -41.551 0.5714285970
201203  -28.835  17.450  -50.608 0.8571428657
201443  -29.101  26.495  -45.784 0.7142857313
201598  -30.195  23.458  -51.134 0.8571428657
201754  -33.420  5.085  -39.393 0.1428571492
201760  -24.020  40.665  -47.077 0.1428571492
202279  -27.688  6.174  -40.528 0.1428571492
202284  -29.769  15.697  -49.906 0.8571428657
202753  -31.995  28.501  -50.150 0.1428571492
203159  -28.779  19.033  -50.623 0.8571428657
203723  -25.174  6.219  -41.406 0.1428571492
204350  -24.179  44.474  -46.714 0.1428571492
204698  -23.613  23.938  -49.753 0.1428571492
205382  -32.774  16.319  -48.774 0.4285714328
205905  -35.122  14.170  -46.417 0.4285714328
206086  -23.797  38.090  -48.107 0.2857142985
206183  -33.161  15.036  -49.608 0.4285714328
206196  -32.366  21.220  -51.941 0.4285714328
206310  -22.322  2.902  -36.091 0.4285714328
206861  -32.069  13.173  -44.653 0.7142857313
207052  -24.400  33.169  -49.747 0.2857142985
208340  -23.687  22.508  -49.613 0.1428571492
208490  -25.466  24.153  -47.286 0.2857142985
208580  -30.563  26.252  -46.078 1.0000000000
208737  -34.232  12.472  -46.940 0.4285714328
208767  -31.310  15.125  -50.453 0.5714285970
208796  -33.230  4.352  -42.290 0.1428571492
208884  -25.011  25.113  -49.453 0.2857142985
208919  -26.428  27.317  -48.345 0.4285714328
208980  -24.124  22.339  -49.424 0.1428571492
209103  -35.324  12.661  -44.580 0.2857142985
209207  -27.963  15.520  -42.043 0.2857142985
209451  -31.664  7.910  -44.251 0.2857142985
209661  -30.584  17.192  -50.209 0.4285714328
