#!ascii label  , from subject sub-v2s1x29893_ses-1 vox2ras=TkReg
1273
123045  45.225  20.546  17.347 0.0000000000
122031  49.560  19.050  3.745 0.0000000000
128158  53.322  25.211  4.536 0.0000000000
121070  55.243  18.336  -3.976 0.0000000000
121925  52.133  20.466  15.670 0.0000000000
129963  56.040  26.084  10.555 0.0000000000
121053  55.044  18.643  -1.948 0.0000000000
131732  45.824  27.886  -1.520 0.0000000000
185559  49.685  23.879  8.292 0.0000000000
119850  44.592  17.624  9.650 0.0000000000
118737  51.238  16.798  11.001 0.0000000000
129997  47.217  26.934  5.617 0.0000000000
128213  50.520  24.267  -0.268 0.0000000000
126209  55.163  22.702  4.924 0.0000000000
126265  55.692  22.746  -1.334 0.0000000000
208226  43.636  28.821  1.763 0.0000000000
183733  42.738  19.983  10.122 0.0000000000
120898  43.537  18.127  14.227 0.0000000000
120911  49.929  18.641  13.335 0.0000000000
129977  51.676  26.562  7.708 0.0000000000
177014  49.094  27.720  7.741 0.0000000000
128161  50.538  25.372  4.535 0.0000000000
128198  49.204  25.067  2.082 0.0000000000
127212  52.072  23.991  1.953 0.0000000000
124230  49.942  21.251  6.466 0.0000000000
126186  52.641  22.610  6.676 0.0000000000
125231  51.972  21.641  3.670 0.0000000000
121061  59.214  18.329  -3.436 0.0000000000
123192  57.870  21.334  -1.608 0.0000000000
124338  56.729  21.157  -4.257 0.0000000000
126292  53.826  22.814  -4.234 0.0000000000
123230  52.511  20.058  -5.481 0.0000000000
122097  50.157  19.268  -3.436 0.0000000000
124108  52.132  21.857  19.255 0.0000000000
123076  47.638  19.921  16.108 0.0000000000
129055  55.421  26.308  7.528 0.0000000000
118875  51.119  16.784  4.179 0.0000000000
122052  51.564  19.497  1.205 0.0000000000
118913  53.704  16.906  1.129 0.0000000000
118930  57.512  16.354  -1.028 0.0000000000
129029  49.502  25.844  9.993 0.0000000000
127152  45.901  23.479  9.246 0.0000000000
124226  46.578  20.890  7.821 0.0000000000
120960  47.107  18.380  6.560 0.0000000000
120914  47.108  18.092  13.365 0.0000000000
118758  47.682  16.388  10.678 0.0000000000
117849  49.461  16.063  7.116 0.0000000000
195579  52.327  15.803  8.600 0.0000000000
120817  50.575  18.554  20.859 0.0000000000
134191  46.779  30.962  6.077 0.0000000000
132503  44.082  29.298  5.183 0.0000000000
130028  46.524  26.834  2.504 0.0000000000
130041  48.712  26.789  -0.792 0.0000000000
129205  48.972  25.837  -2.911 0.0000000000
185111  52.606  25.065  9.288 0.0000000000
127154  56.141  24.425  7.772 0.0000000000
128154  57.475  25.188  4.863 0.0000000000
186764  54.312  21.396  0.971 0.0000000000
125248  57.118  22.773  1.623 0.0000000000
127221  54.901  23.781  1.401 0.0000000000
126267  52.947  23.331  -1.204 0.0000000000
203780  50.688  24.044  -3.784 0.0000000000
183255  42.447  29.643  1.249 0.0000000000
132518  42.721  29.821  3.305 0.0000000000
120879  42.350  18.673  14.429 0.0000000000
121940  44.660  19.074  16.066 0.0000000000
129078  52.784  25.659  5.992 0.0000000000
193512  51.008  25.886  6.558 0.0000000000
128159  52.383  25.167  4.745 0.0000000000
180566  51.442  24.825  3.743 0.0000000000
128185  53.291  24.600  3.471 0.0000000000
124257  49.450  20.623  5.149 0.0000000000
124255  50.940  21.352  4.885 0.0000000000
182581  50.575  20.684  3.347 0.0000000000
119984  57.305  17.938  -3.974 0.0000000000
123217  58.451  20.059  -3.944 0.0000000000
201922  55.768  19.854  -4.449 0.0000000000
123228  54.285  20.597  -4.896 0.0000000000
122107  53.971  19.137  -4.440 0.0000000000
121079  52.423  18.599  -5.014 0.0000000000
119987  53.561  17.946  -4.133 0.0000000000
120832  50.936  19.161  18.385 0.0000000000
129968  54.862  26.677  8.835 0.0000000000
129967  56.433  26.241  9.259 0.0000000000
118873  52.798  16.466  4.147 0.0000000000
118888  52.609  16.825  2.844 0.0000000000
118887  53.658  16.542  3.271 0.0000000000
174506  56.286  16.587  0.773 0.0000000000
118920  58.531  16.219  -0.682 0.0000000000
118939  58.842  16.080  -2.230 0.0000000000
120939  43.604  18.288  9.950 0.0000000000
124221  44.302  20.495  8.944 0.0000000000
121997  45.063  18.959  8.379 0.0000000000
123130  46.812  19.601  7.176 0.0000000000
119872  45.756  17.849  8.043 0.0000000000
194668  50.059  20.487  15.725 0.0000000000
121954  47.634  19.113  15.143 0.0000000000
121952  49.242  19.619  14.804 0.0000000000
119821  50.779  17.976  12.509 0.0000000000
119823  48.802  17.625  12.410 0.0000000000
118756  49.626  16.380  10.743 0.0000000000
117820  48.168  16.128  8.384 0.0000000000
117799  49.861  15.930  9.597 0.0000000000
117835  50.944  15.843  7.621 0.0000000000
117782  51.356  16.132  9.772 0.0000000000
118733  54.493  16.749  10.685 0.0000000000
131663  47.592  27.789  6.909 0.0000000000
132494  47.460  29.245  7.404 0.0000000000
132497  46.374  28.862  6.828 0.0000000000
133320  45.231  30.233  5.789 0.0000000000
130839  45.495  27.811  5.503 0.0000000000
183496  45.158  27.462  3.818 0.0000000000
130009  46.410  26.687  4.380 0.0000000000
128205  50.066  24.529  0.919 0.0000000000
129138  48.669  25.567  1.216 0.0000000000
208785  49.266  25.625  -0.367 0.0000000000
196916  49.111  26.498  -2.178 0.0000000000
195484  49.983  25.390  -1.782 0.0000000000
195796  49.529  24.664  8.962 0.0000000000
189304  51.493  25.751  10.067 0.0000000000
128116  51.619  24.638  8.754 0.0000000000
126199  53.855  22.547  5.825 0.0000000000
127169  53.988  23.274  7.078 0.0000000000
127176  55.374  23.288  6.327 0.0000000000
127166  57.340  24.520  6.043 0.0000000000
127183  56.814  23.814  4.915 0.0000000000
122067  53.523  19.230  -0.743 0.0000000000
124301  52.918  20.770  0.477 0.0000000000
123187  54.535  20.362  -0.878 0.0000000000
125287  57.565  21.892  -1.871 0.0000000000
124307  57.371  22.196  0.248 0.0000000000
126253  56.931  22.732  -0.123 0.0000000000
127219  56.819  23.591  1.775 0.0000000000
126245  55.061  23.198  0.117 0.0000000000
126246  53.979  23.344  0.049 0.0000000000
174799  54.633  22.905  -1.425 0.0000000000
126305  51.900  22.699  -6.269 0.0000000000
126285  52.273  23.520  -4.193 0.0000000000
126295  50.343  23.306  -5.101 0.0000000000
126286  49.689  23.590  -3.679 0.0000000000
129954  55.011  26.019  10.908 0.0000000000
131724  43.372  28.222  -0.135 0.0000000000
131712  44.731  28.258  0.284 0.0000000000
124212  42.093  21.455  10.297 0.0000000000
121979  41.626  19.515  11.961 0.0000000000
189275  42.678  18.132  11.698 0.0000000000
119829  43.565  17.429  12.071 0.0000000000
121965  50.672  19.622  14.302 0.0000000000
175683  50.377  26.709  7.505 0.0000000000
129994  49.714  26.324  6.450 0.0000000000
130006  48.663  26.296  5.341 0.0000000000
201115  48.575  25.629  3.944 0.0000000000
192760  50.287  24.875  3.388 0.0000000000
128196  50.495  24.246  1.820 0.0000000000
127225  51.251  23.876  0.803 0.0000000000
190270  49.636  22.298  7.522 0.0000000000
126171  51.143  22.825  7.548 0.0000000000
125196  51.183  21.972  6.491 0.0000000000
175964  52.264  22.054  5.277 0.0000000000
125229  53.454  22.067  4.188 0.0000000000
121051  57.290  18.323  -2.356 0.0000000000
123203  56.199  19.962  -1.904 0.0000000000
203134  58.590  19.807  -2.626 0.0000000000
124331  58.011  21.055  -2.977 0.0000000000
125296  55.723  22.076  -3.568 0.0000000000
125290  54.492  22.760  -2.934 0.0000000000
124340  54.982  21.723  -4.790 0.0000000000
124349  53.350  21.694  -6.060 0.0000000000
123241  51.289  20.995  -5.988 0.0000000000
121074  51.092  18.375  -4.349 0.0000000000
124127  47.835  21.335  18.335 0.0000000000
123061  46.404  20.212  16.768 0.0000000000
124149  49.696  21.761  17.643 0.0000000000
123042  51.704  21.441  17.411 0.0000000000
120852  50.973  19.360  16.816 0.0000000000
129969  52.361  26.852  8.317 0.0000000000
129982  54.081  26.292  7.274 0.0000000000
129060  54.622  26.002  6.509 0.0000000000
119912  50.033  17.934  3.567 0.0000000000
122046  50.809  19.524  2.262 0.0000000000
121004  51.370  18.352  1.969 0.0000000000
119935  52.784  17.775  0.793 0.0000000000
119944  53.761  17.643  -0.501 0.0000000000
118899  55.209  16.620  1.829 0.0000000000
118932  54.985  16.906  -0.310 0.0000000000
119953  55.814  17.336  -1.774 0.0000000000
119964  58.535  17.473  -2.286 0.0000000000
119973  58.757  17.020  -3.177 0.0000000000
119974  55.821  17.267  -3.275 0.0000000000
119975  54.774  17.229  -3.370 0.0000000000
197801  47.804  25.150  9.521 0.0000000000
194050  47.804  23.786  8.679 0.0000000000
199069  44.075  21.844  9.313 0.0000000000
191085  45.874  22.128  8.713 0.0000000000
125189  47.922  22.102  7.916 0.0000000000
124224  48.040  21.412  7.517 0.0000000000
122010  47.813  19.645  6.384 0.0000000000
120979  48.303  18.648  5.081 0.0000000000
121956  45.985  18.881  15.367 0.0000000000
119796  45.770  17.804  13.869 0.0000000000
118724  45.526  16.877  11.935 0.0000000000
120912  49.181  18.502  13.516 0.0000000000
119825  47.225  17.363  12.358 0.0000000000
206520  45.845  16.646  10.564 0.0000000000
118810  46.761  16.990  8.186 0.0000000000
119876  47.800  17.364  6.401 0.0000000000
119892  48.912  17.571  4.727 0.0000000000
118858  50.089  16.746  5.004 0.0000000000
117846  51.718  15.928  6.622 0.0000000000
117845  53.168  15.884  6.745 0.0000000000
185619  52.590  16.561  10.359 0.0000000000
117794  53.721  15.997  8.902 0.0000000000
199594  49.281  21.301  19.764 0.0000000000
120816  51.551  19.601  20.490 0.0000000000
120829  46.647  18.196  20.408 0.0000000000
134190  48.224  31.506  6.153 0.0000000000
135098  46.124  32.173  4.355 0.0000000000
131683  43.661  28.880  3.917 0.0000000000
130866  44.868  27.843  2.370 0.0000000000
198789  46.273  27.734  0.728 0.0000000000
129128  47.812  25.996  2.191 0.0000000000
130033  47.234  26.963  0.803 0.0000000000
130886  47.641  27.744  -0.955 0.0000000000
129038  54.789  25.337  9.894 0.0000000000
127147  52.898  23.954  8.110 0.0000000000
128126  54.000  24.206  8.234 0.0000000000
128113  56.309  25.113  9.480 0.0000000000
128123  58.317  25.505  8.406 0.0000000000
129058  57.815  25.731  6.606 0.0000000000
128156  56.085  25.290  4.278 0.0000000000
123168  51.333  20.567  1.878 0.0000000000
125253  52.986  21.744  2.786 0.0000000000
125251  54.409  21.985  2.551 0.0000000000
124309  56.517  21.162  -0.200 0.0000000000
125260  56.077  22.003  1.661 0.0000000000
125240  55.879  22.565  3.349 0.0000000000
126216  56.672  23.597  3.459 0.0000000000
128183  56.018  24.606  3.296 0.0000000000
128184  55.013  24.519  3.104 0.0000000000
183740  53.417  23.902  1.780 0.0000000000
127235  52.682  23.637  0.516 0.0000000000
199951  51.456  23.771  -1.006 0.0000000000
173599  53.123  23.059  -2.814 0.0000000000
127258  51.961  23.720  -2.250 0.0000000000
127259  51.168  24.046  -2.413 0.0000000000
128245  49.792  25.133  -3.113 0.0000000000
122089  48.886  19.300  -2.432 0.0000000000
133343  42.321  30.168  2.714 0.0000000000
134212  42.319  30.855  3.520 0.0000000000
121930  43.428  19.679  16.452 0.0000000000
183123  43.117  19.325  16.107 0.0000000000
121929  44.243  19.524  16.529 0.0000000000
129095  53.026  25.478  5.243 0.0000000000
192197  52.229  25.428  5.525 0.0000000000
128173  52.772  24.877  4.066 0.0000000000
128172  53.578  24.909  3.981 0.0000000000
122032  49.301  19.452  4.238 0.0000000000
123156  50.113  20.520  3.946 0.0000000000
123157  49.783  19.761  3.853 0.0000000000
182993  56.282  18.352  -4.065 0.0000000000
121069  57.116  18.863  -4.202 0.0000000000
122106  55.966  19.097  -4.239 0.0000000000
198679  54.896  19.286  -4.380 0.0000000000
121071  53.298  18.661  -4.663 0.0000000000
179182  54.206  18.526  -4.192 0.0000000000
129952  56.040  26.092  10.614 0.0000000000
130818  55.948  26.443  10.390 0.0000000000
129964  55.961  26.327  9.799 0.0000000000
118855  53.235  16.276  4.787 0.0000000000
118872  53.503  16.406  3.995 0.0000000000
118854  54.060  16.209  4.583 0.0000000000
117894  58.718  16.040  -0.025 0.0000000000
117900  59.222  15.518  -0.532 0.0000000000
117906  59.063  15.620  -1.260 0.0000000000
130897  45.526  27.418  -2.253 0.0000000000
119851  44.049  17.822  9.916 0.0000000000
121998  44.399  18.994  8.937 0.0000000000
120943  44.760  18.456  8.802 0.0000000000
120942  45.256  18.208  8.446 0.0000000000
119849  45.219  17.353  9.393 0.0000000000
123072  51.842  20.666  15.773 0.0000000000
123085  49.665  20.081  15.225 0.0000000000
121951  50.451  19.962  14.817 0.0000000000
119843  50.791  17.208  11.718 0.0000000000
118738  49.869  16.884  11.438 0.0000000000
185237  50.421  16.612  10.895 0.0000000000
117784  49.384  16.023  10.079 0.0000000000
196263  50.130  16.161  10.222 0.0000000000
117783  50.590  15.998  9.701 0.0000000000
118755  50.909  16.355  10.312 0.0000000000
130837  47.786  27.170  6.193 0.0000000000
131664  46.834  28.333  6.815 0.0000000000
130834  46.962  27.565  6.176 0.0000000000
131667  45.894  28.211  6.090 0.0000000000
198822  46.609  27.165  5.541 0.0000000000
180624  46.026  27.209  5.031 0.0000000000
194495  46.978  26.471  4.566 0.0000000000
128214  50.111  24.527  0.139 0.0000000000
128215  49.576  25.092  0.091 0.0000000000
192021  50.001  24.768  -0.585 0.0000000000
128118  49.941  24.357  8.647 0.0000000000
128117  50.678  24.502  8.652 0.0000000000
127150  50.341  23.888  8.321 0.0000000000
126210  54.376  22.525  5.249 0.0000000000
126184  54.419  23.013  6.416 0.0000000000
126198  55.028  22.869  5.715 0.0000000000
126197  55.856  23.158  5.196 0.0000000000
126208  56.106  23.064  4.548 0.0000000000
121040  53.958  18.730  -1.206 0.0000000000
123188  53.756  19.959  -0.758 0.0000000000
123194  54.443  19.873  -1.259 0.0000000000
125282  56.754  22.356  -1.316 0.0000000000
125275  57.260  22.377  -0.487 0.0000000000
126264  56.417  22.751  -0.704 0.0000000000
182808  56.075  22.980  -0.116 0.0000000000
126254  55.334  22.950  -0.715 0.0000000000
126255  54.321  23.096  -0.657 0.0000000000
126306  50.731  22.652  -6.466 0.0000000000
126301  50.435  23.019  -5.925 0.0000000000
125315  49.800  22.388  -5.825 0.0000000000
125306  49.494  22.461  -4.982 0.0000000000
132529  43.227  29.075  1.436 0.0000000000
199258  42.773  29.091  0.769 0.0000000000
131704  43.454  28.700  0.616 0.0000000000
131713  44.091  28.310  0.079 0.0000000000
179298  44.288  28.497  0.796 0.0000000000
121989  41.129  20.124  11.580 0.0000000000
203761  41.473  19.273  12.794 0.0000000000
120899  42.795  18.349  13.960 0.0000000000
120916  42.601  18.233  13.133 0.0000000000
120915  43.290  18.001  13.361 0.0000000000
119830  42.980  17.729  11.867 0.0000000000
119809  43.747  17.577  12.813 0.0000000000
129970  51.507  27.055  8.284 0.0000000000
207176  50.903  27.320  8.284 0.0000000000
206263  50.992  26.476  7.452 0.0000000000
129080  50.644  25.734  5.901 0.0000000000
129064  50.307  26.076  6.506 0.0000000000
129081  49.945  26.040  5.871 0.0000000000
129995  49.242  26.359  5.963 0.0000000000
183549  49.793  25.664  4.571 0.0000000000
127201  52.161  24.193  2.672 0.0000000000
128187  51.448  24.512  3.046 0.0000000000
128195  51.326  24.184  2.317 0.0000000000
206145  50.732  24.113  1.135 0.0000000000
127213  51.302  23.959  1.556 0.0000000000
125197  49.650  21.717  7.138 0.0000000000
125186  50.830  22.290  7.203 0.0000000000
124229  50.584  21.456  6.127 0.0000000000
124254  51.434  21.428  4.307 0.0000000000
125221  51.609  21.761  5.069 0.0000000000
173889  52.086  21.880  4.519 0.0000000000
174305  52.833  22.035  4.795 0.0000000000
125230  52.610  21.911  4.128 0.0000000000
121050  58.838  18.119  -2.606 0.0000000000
122085  58.177  19.183  -2.414 0.0000000000
122084  58.929  19.072  -2.868 0.0000000000
123218  57.395  20.372  -4.254 0.0000000000
124337  57.886  20.758  -3.844 0.0000000000
124332  57.327  21.389  -3.456 0.0000000000
125295  56.487  21.717  -3.871 0.0000000000
173851  55.055  22.162  -4.121 0.0000000000
124339  55.810  21.320  -4.561 0.0000000000
123229  53.411  20.120  -5.173 0.0000000000
124345  53.763  21.097  -5.537 0.0000000000
123239  52.971  20.852  -5.874 0.0000000000
124350  52.547  21.533  -6.266 0.0000000000
123240  52.149  20.774  -6.071 0.0000000000
123231  51.713  20.148  -5.486 0.0000000000
119994  52.111  18.050  -4.823 0.0000000000
121080  51.719  18.649  -5.042 0.0000000000
124126  48.928  21.618  18.297 0.0000000000
124150  48.341  21.293  17.705 0.0000000000
124125  49.950  21.800  18.295 0.0000000000
121911  51.546  20.455  17.973 0.0000000000
121922  50.936  19.322  17.573 0.0000000000
121921  51.561  20.413  17.126 0.0000000000
120853  50.146  18.620  17.243 0.0000000000
184445  55.070  26.594  8.178 0.0000000000
129975  53.714  26.537  7.939 0.0000000000
119900  50.575  17.248  3.786 0.0000000000
119911  50.773  17.579  3.142 0.0000000000
119910  51.473  17.306  2.813 0.0000000000
178236  53.713  16.809  1.793 0.0000000000
119927  52.516  17.561  1.497 0.0000000000
119934  53.368  17.290  0.655 0.0000000000
121022  53.199  17.993  0.056 0.0000000000
184476  53.626  17.303  0.099 0.0000000000
118885  55.108  16.529  2.632 0.0000000000
174541  56.062  16.509  2.265 0.0000000000
118921  56.826  16.560  -0.145 0.0000000000
118922  55.610  16.640  0.230 0.0000000000
118931  56.014  16.681  -0.605 0.0000000000
118942  55.330  17.037  -1.104 0.0000000000
118941  56.737  16.820  -1.328 0.0000000000
119965  56.470  17.695  -2.181 0.0000000000
119952  57.460  17.025  -2.003 0.0000000000
117937  58.537  15.977  -2.859 0.0000000000
118948  58.896  16.354  -2.675 0.0000000000
118959  57.983  16.532  -2.981 0.0000000000
177735  57.296  17.212  -3.396 0.0000000000
118960  56.517  16.731  -2.900 0.0000000000
118961  55.332  16.797  -2.867 0.0000000000
187279  45.840  24.205  9.438 0.0000000000
129046  46.580  25.341  9.734 0.0000000000
180886  46.893  24.812  9.375 0.0000000000
128120  48.009  24.401  8.967 0.0000000000
181005  46.710  23.472  8.965 0.0000000000
123111  42.541  20.701  10.108 0.0000000000
187218  43.381  21.681  9.556 0.0000000000
124216  43.181  20.935  9.627 0.0000000000
199079  44.988  20.484  8.498 0.0000000000
124219  45.353  21.376  8.628 0.0000000000
124218  46.192  21.468  8.301 0.0000000000
125182  46.622  22.166  8.476 0.0000000000
125191  46.924  21.581  8.089 0.0000000000
191258  48.472  21.956  7.671 0.0000000000
124225  47.297  21.105  7.648 0.0000000000
122012  46.647  18.814  6.992 0.0000000000
123129  47.459  19.965  6.864 0.0000000000
122011  47.309  19.113  6.540 0.0000000000
122021  47.909  19.062  5.799 0.0000000000
120970  47.534  18.528  6.080 0.0000000000
123060  47.228  20.361  16.639 0.0000000000
121927  45.971  19.632  16.379 0.0000000000
121938  46.376  19.309  15.819 0.0000000000
120894  47.440  18.384  14.132 0.0000000000
181783  46.403  18.610  14.841 0.0000000000
120895  46.569  18.156  13.860 0.0000000000
119807  45.386  17.489  13.201 0.0000000000
119795  46.273  17.670  13.189 0.0000000000
120891  50.726  19.224  13.765 0.0000000000
120892  49.799  19.051  13.885 0.0000000000
118721  48.424  16.959  11.737 0.0000000000
119824  48.005  17.497  12.387 0.0000000000
118741  47.250  16.593  11.182 0.0000000000
118742  46.466  16.582  11.028 0.0000000000
118759  47.036  16.409  10.464 0.0000000000
118773  46.354  16.700  9.415 0.0000000000
118772  46.959  16.370  9.730 0.0000000000
117838  48.609  16.070  7.918 0.0000000000
118808  48.008  16.531  7.641 0.0000000000
118825  48.205  16.749  6.821 0.0000000000
118845  48.392  16.962  6.055 0.0000000000
118844  49.104  16.712  5.850 0.0000000000
118859  49.309  16.956  5.139 0.0000000000
118823  49.670  16.268  6.402 0.0000000000
117816  51.407  15.814  8.468 0.0000000000
117847  51.010  15.949  6.778 0.0000000000
178665  52.133  15.782  7.194 0.0000000000
192402  52.439  15.889  6.608 0.0000000000
117833  52.594  15.781  7.780 0.0000000000
119840  53.297  17.302  11.595 0.0000000000
205013  54.109  16.356  9.997 0.0000000000
174895  54.238  16.193  9.378 0.0000000000
121903  52.220  20.262  21.199 0.0000000000
181225  52.490  21.179  20.737 0.0000000000
120826  50.459  18.537  20.171 0.0000000000
200960  49.791  18.353  20.646 0.0000000000
134188  47.241  30.615  6.582 0.0000000000
134187  47.931  30.956  6.623 0.0000000000
180598  47.515  31.274  6.105 0.0000000000
135081  48.271  31.977  4.953 0.0000000000
135082  47.464  31.965  4.953 0.0000000000
135097  47.072  32.332  4.247 0.0000000000
135083  46.624  31.867  4.967 0.0000000000
133323  44.541  29.613  5.567 0.0000000000
204753  43.747  29.612  4.946 0.0000000000
132512  43.171  29.533  4.009 0.0000000000
204724  43.882  28.717  4.430 0.0000000000
204599  45.674  27.208  3.459 0.0000000000
130860  45.272  27.503  2.986 0.0000000000
130865  45.516  27.578  2.175 0.0000000000
130873  45.791  27.748  1.290 0.0000000000
130864  46.183  27.349  1.923 0.0000000000
205186  48.760  25.341  3.064 0.0000000000
129117  48.353  25.551  3.256 0.0000000000
129127  48.408  25.544  2.066 0.0000000000
130042  48.174  26.630  -0.050 0.0000000000
129152  48.249  26.081  0.663 0.0000000000
130043  47.567  27.312  -0.034 0.0000000000
130051  48.244  27.369  -0.822 0.0000000000
130895  47.393  27.649  -1.834 0.0000000000
130885  48.068  27.544  -1.636 0.0000000000
129192  49.045  26.184  -2.742 0.0000000000
199982  50.938  26.254  10.612 0.0000000000
189305  51.618  25.196  9.413 0.0000000000
129027  52.374  25.838  10.398 0.0000000000
129040  52.473  25.525  9.870 0.0000000000
129039  53.590  25.347  9.871 0.0000000000
128104  53.865  24.967  9.259 0.0000000000
126170  51.802  22.897  7.429 0.0000000000
127156  52.185  23.496  7.710 0.0000000000
198042  52.780  23.460  7.550 0.0000000000
177224  54.571  23.920  7.679 0.0000000000
128125  55.354  24.606  8.504 0.0000000000
184446  54.672  24.804  8.910 0.0000000000
173500  57.131  25.049  9.211 0.0000000000
128124  57.931  25.076  8.529 0.0000000000
179911  57.446  24.677  5.119 0.0000000000
128146  58.039  25.426  6.383 0.0000000000
197938  57.750  25.419  5.287 0.0000000000
129075  56.571  25.708  5.788 0.0000000000
128155  57.019  25.169  4.361 0.0000000000
122053  51.152  19.878  1.685 0.0000000000
123169  50.951  20.194  2.230 0.0000000000
123175  51.647  20.212  1.250 0.0000000000
124289  53.481  21.231  1.024 0.0000000000
124290  52.684  21.063  1.243 0.0000000000
124279  53.265  21.459  1.676 0.0000000000
125252  53.503  21.756  2.327 0.0000000000
125261  54.137  21.692  1.685 0.0000000000
180572  57.243  20.706  -1.511 0.0000000000
123193  55.949  20.354  -1.428 0.0000000000
124319  57.220  21.107  -0.845 0.0000000000
125268  57.142  22.088  0.754 0.0000000000
124298  56.260  21.726  0.925 0.0000000000
125259  56.985  22.256  1.331 0.0000000000
190238  56.016  22.180  2.242 0.0000000000
125239  56.560  22.600  2.673 0.0000000000
126225  56.552  23.045  3.209 0.0000000000
126224  56.939  23.349  2.701 0.0000000000
127220  55.995  23.758  1.571 0.0000000000
127208  56.252  23.911  2.275 0.0000000000
127198  55.666  24.242  2.711 0.0000000000
193906  54.651  24.183  2.530 0.0000000000
127210  53.690  24.079  2.398 0.0000000000
186256  54.290  23.945  1.908 0.0000000000
126256  53.466  23.260  -0.611 0.0000000000
127234  53.542  23.572  0.633 0.0000000000
126257  52.806  23.441  -0.617 0.0000000000
127242  52.362  23.587  -0.213 0.0000000000
127249  52.173  23.584  -0.975 0.0000000000
126282  54.443  22.654  -3.768 0.0000000000
126276  53.815  22.967  -2.486 0.0000000000
175120  53.106  23.075  -3.735 0.0000000000
127273  51.349  23.852  -3.939 0.0000000000
127265  51.866  23.775  -3.110 0.0000000000
127266  50.944  24.152  -3.305 0.0000000000
128237  50.331  24.689  -2.938 0.0000000000
128244  50.231  24.435  -3.339 0.0000000000
126287  49.232  23.155  -3.202 0.0000000000
207336  49.465  23.907  -3.295 0.0000000000
122109  50.112  19.731  -4.361 0.0000000000
122098  49.107  19.662  -3.222 0.0000000000
201404  41.684  29.576  1.038 0.0000000000
175553  42.829  29.512  2.300 0.0000000000
132524  43.490  28.935  2.285 0.0000000000
198641  41.729  19.061  14.243 0.0000000000
121957  42.161  18.897  15.085 0.0000000000
200510  42.893  18.478  15.031 0.0000000000
120878  43.834  18.321  15.050 0.0000000000
129062  52.484  25.876  6.637 0.0000000000
129985  51.337  26.132  7.131 0.0000000000
195090  52.121  25.667  6.147 0.0000000000
129079  51.472  25.571  5.887 0.0000000000
129096  51.692  25.292  5.065 0.0000000000
128160  51.316  25.147  4.452 0.0000000000
195854  51.985  24.915  4.187 0.0000000000
128186  52.287  24.515  3.460 0.0000000000
124246  49.385  20.809  5.985 0.0000000000
124244  50.582  21.290  5.427 0.0000000000
124256  50.142  20.955  4.755 0.0000000000
124264  50.682  21.063  4.092 0.0000000000
124263  51.209  21.145  3.504 0.0000000000
121068  58.455  18.369  -4.134 0.0000000000
122104  58.874  19.226  -3.937 0.0000000000
122105  57.937  19.498  -4.157 0.0000000000
192425  56.765  19.812  -4.382 0.0000000000
123219  56.143  20.599  -4.490 0.0000000000
123227  55.102  21.032  -4.727 0.0000000000
123220  55.018  20.204  -4.569 0.0000000000
122115  54.143  19.772  -4.645 0.0000000000
122116  53.502  19.366  -4.809 0.0000000000
121078  52.831  19.296  -5.112 0.0000000000
121072  52.767  18.043  -4.563 0.0000000000
119988  52.338  17.601  -4.526 0.0000000000
120825  51.158  19.291  19.663 0.0000000000
121908  51.497  20.336  18.932 0.0000000000
208769  50.885  18.917  19.026 0.0000000000
179404  53.878  27.414  9.750 0.0000000000
130819  54.827  26.970  9.387 0.0000000000
129974  56.172  26.359  8.442 0.0000000000
118874  52.025  16.647  3.953 0.0000000000
118889  52.059  16.876  3.165 0.0000000000
181121  52.828  16.624  3.454 0.0000000000
208737  53.132  16.694  2.861 0.0000000000
118901  53.702  16.675  2.553 0.0000000000
118898  56.985  16.521  1.371 0.0000000000
173647  57.533  16.313  0.364 0.0000000000
118940  58.611  16.586  -1.752 0.0000000000
118929  58.903  16.123  -1.784 0.0000000000
117912  58.874  15.604  -1.891 0.0000000000
127143  45.247  23.940  9.535 0.0000000000
120940  43.201  18.906  10.141 0.0000000000
123115  43.662  20.361  9.358 0.0000000000
121999  44.041  19.696  9.124 0.0000000000
123120  44.651  19.696  8.637 0.0000000000
123119  45.275  19.764  8.195 0.0000000000
123124  46.353  20.088  7.633 0.0000000000
122002  45.549  19.226  7.924 0.0000000000
120951  45.682  18.546  7.848 0.0000000000
120950  46.181  18.054  7.560 0.0000000000
123075  48.402  20.211  15.857 0.0000000000
121936  48.020  19.617  15.505 0.0000000000
123086  48.776  19.938  15.231 0.0000000000
121953  48.415  19.411  14.903 0.0000000000
189164  48.315  18.587  14.115 0.0000000000
119803  50.037  18.095  12.774 0.0000000000
119804  49.298  18.100  12.950 0.0000000000
119822  50.038  17.481  12.153 0.0000000000
118739  49.072  16.671  11.222 0.0000000000
196271  48.157  16.154  10.290 0.0000000000
205182  48.015  15.984  9.754 0.0000000000
117785  48.637  15.932  9.878 0.0000000000
117819  48.975  15.907  8.573 0.0000000000
117837  49.258  15.965  7.827 0.0000000000
117836  50.041  15.894  7.718 0.0000000000
117817  50.574  15.848  8.404 0.0000000000
117798  50.997  15.893  9.119 0.0000000000
117797  51.776  15.915  9.217 0.0000000000
119839  54.112  17.278  11.564 0.0000000000
119838  55.005  17.359  11.537 0.0000000000
130831  48.321  27.944  7.446 0.0000000000
204891  48.186  28.504  7.642 0.0000000000
131661  47.555  28.535  7.405 0.0000000000
132496  46.859  29.019  7.196 0.0000000000
133318  46.490  30.211  6.565 0.0000000000
134192  46.020  30.609  6.027 0.0000000000
133319  45.748  29.817  6.398 0.0000000000
132500  45.151  29.303  5.964 0.0000000000
131673  44.788  28.159  5.284 0.0000000000
130847  44.568  28.037  4.680 0.0000000000
130846  45.144  27.575  4.722 0.0000000000
130854  45.752  27.109  4.178 0.0000000000
130022  46.274  26.753  3.481 0.0000000000
182690  49.809  24.709  1.634 0.0000000000
128206  49.340  25.114  1.022 0.0000000000
129151  48.823  25.823  0.105 0.0000000000
181039  49.110  26.101  -0.868 0.0000000000
130049  49.001  26.724  -1.498 0.0000000000
129178  49.474  26.170  -1.697 0.0000000000
129191  49.570  26.035  -2.508 0.0000000000
129204  49.468  25.764  -2.990 0.0000000000
198707  50.065  25.478  9.565 0.0000000000
129028  50.463  25.857  10.046 0.0000000000
129041  50.774  25.384  9.490 0.0000000000
128105  50.947  24.943  9.045 0.0000000000
126200  53.098  22.436  6.132 0.0000000000
126168  53.098  23.157  7.094 0.0000000000
127168  55.046  23.597  6.978 0.0000000000
181741  56.313  23.898  6.684 0.0000000000
127167  57.572  24.659  7.299 0.0000000000
207841  57.080  24.100  5.416 0.0000000000
127182  57.193  24.472  4.482 0.0000000000
122059  52.490  19.424  0.195 0.0000000000
122060  51.976  19.834  0.637 0.0000000000
123181  52.573  20.123  0.214 0.0000000000
123180  53.264  20.376  -0.170 0.0000000000
124300  53.899  20.991  0.227 0.0000000000
186935  57.882  21.644  -1.397 0.0000000000
124318  57.776  21.686  -0.885 0.0000000000
125274  57.465  22.019  -0.379 0.0000000000
192260  57.355  22.526  0.245 0.0000000000
190213  57.150  22.880  0.840 0.0000000000
126236  57.029  23.078  1.364 0.0000000000
126237  56.664  23.383  1.053 0.0000000000
197072  56.034  23.221  0.477 0.0000000000
127232  55.538  23.525  0.894 0.0000000000
127233  54.472  23.539  0.738 0.0000000000
126266  53.716  23.095  -1.295 0.0000000000
125314  52.732  22.752  -5.857 0.0000000000
178646  52.189  23.205  -5.478 0.0000000000
126294  51.277  23.431  -4.934 0.0000000000
127274  50.666  23.690  -4.362 0.0000000000
127267  50.214  23.943  -3.808 0.0000000000
126296  49.972  23.153  -4.448 0.0000000000
126297  49.345  22.699  -4.046 0.0000000000
129024  55.804  25.921  10.657 0.0000000000
132536  42.166  29.226  0.663 0.0000000000
131722  44.783  28.046  -0.482 0.0000000000
131711  45.419  28.155  0.088 0.0000000000
123108  41.645  20.297  11.053 0.0000000000
121992  42.162  20.003  10.542 0.0000000000
120917  42.055  18.665  12.964 0.0000000000
120928  42.053  18.898  12.263 0.0000000000
120934  42.649  18.637  11.198 0.0000000000
120936  43.058  18.286  10.547 0.0000000000
119844  43.511  17.432  11.326 0.0000000000
118763  44.080  17.127  10.904 0.0000000000
123083  52.282  20.434  15.288 0.0000000000
121934  52.337  20.291  15.286 0.0000000000
121949  52.352  19.912  14.903 0.0000000000
121963  52.599  19.625  14.357 0.0000000000
120910  50.851  18.703  13.180 0.0000000000
120926  51.530  18.510  12.900 0.0000000000
188634  51.511  17.869  12.276 0.0000000000
119842  51.680  17.278  11.625 0.0000000000
195858  51.896  16.942  11.076 0.0000000000
130827  49.924  27.956  8.382 0.0000000000
198656  49.645  27.589  7.981 0.0000000000
181489  50.651  26.253  7.042 0.0000000000
129986  49.932  26.472  7.029 0.0000000000
129979  48.882  27.304  7.294 0.0000000000
178886  49.146  26.725  6.811 0.0000000000
129987  48.514  26.720  6.129 0.0000000000
129996  47.934  26.637  5.566 0.0000000000
130015  47.596  26.265  4.452 0.0000000000
129098  48.946  25.893  4.625 0.0000000000
129107  48.949  25.365  3.427 0.0000000000
128189  49.794  24.860  2.816 0.0000000000
198643  50.897  24.747  3.379 0.0000000000
128188  50.566  24.469  2.739 0.0000000000
128197  49.967  24.654  2.233 0.0000000000
128204  50.599  24.174  0.470 0.0000000000
196161  49.900  22.693  7.640 0.0000000000
127158  50.731  23.384  7.920 0.0000000000
126172  50.451  22.779  7.618 0.0000000000
126188  51.510  22.402  7.103 0.0000000000
125195  51.929  22.293  6.556 0.0000000000
125211  51.139  21.648  5.645 0.0000000000
125210  51.757  22.016  5.831 0.0000000000
125209  52.443  22.248  6.011 0.0000000000
125208  53.030  22.205  5.541 0.0000000000
125220  53.635  22.263  5.056 0.0000000000
125219  54.349  22.373  4.589 0.0000000000
121052  55.822  18.479  -2.243 0.0000000000
122087  55.440  19.285  -2.016 0.0000000000
122086  56.712  19.271  -2.167 0.0000000000
123202  57.767  20.262  -2.162 0.0000000000
123201  58.154  20.541  -2.678 0.0000000000
202120  59.007  19.731  -3.643 0.0000000000
124325  57.947  21.466  -2.113 0.0000000000
124326  57.807  21.655  -2.619 0.0000000000
189940  56.466  22.204  -2.086 0.0000000000
125289  55.460  22.410  -2.568 0.0000000000
126274  55.203  22.704  -1.869 0.0000000000
125297  55.013  22.458  -3.375 0.0000000000
125304  54.436  22.336  -4.570 0.0000000000
124344  54.422  21.471  -5.249 0.0000000000
125312  54.266  22.059  -5.317 0.0000000000
125313  53.563  22.365  -5.784 0.0000000000
125320  52.736  22.264  -6.215 0.0000000000
125322  51.278  22.235  -6.482 0.0000000000
123233  50.056  20.867  -5.203 0.0000000000
122108  50.708  19.087  -4.193 0.0000000000
122117  52.047  19.290  -5.249 0.0000000000
121081  51.151  18.791  -4.890 0.0000000000
122096  50.779  18.681  -3.560 0.0000000000
124152  46.515  20.998  17.776 0.0000000000
123062  45.581  20.093  16.860 0.0000000000
123043  46.847  20.762  17.193 0.0000000000
124178  47.716  20.884  17.127 0.0000000000
124177  48.745  21.083  17.078 0.0000000000
124123  51.879  21.783  18.228 0.0000000000
124148  51.082  21.786  17.421 0.0000000000
124176  49.966  21.418  16.932 0.0000000000
124175  51.208  21.389  16.749 0.0000000000
123056  51.746  20.828  16.256 0.0000000000
121926  51.814  20.283  16.276 0.0000000000
130825  52.056  27.352  8.812 0.0000000000
181582  53.388  26.742  8.434 0.0000000000
129983  52.997  26.134  7.238 0.0000000000
129061  53.360  25.889  6.594 0.0000000000
129077  53.697  25.680  5.820 0.0000000000
129094  53.988  25.396  5.052 0.0000000000
120986  49.573  18.429  3.771 0.0000000000
122040  49.912  19.335  3.396 0.0000000000
120995  50.403  18.303  2.895 0.0000000000
121005  50.810  18.720  2.345 0.0000000000
121014  51.689  18.734  1.381 0.0000000000
119918  52.246  17.433  2.029 0.0000000000
119928  51.947  17.990  1.681 0.0000000000
121024  52.038  19.085  0.760 0.0000000000
121031  53.006  18.942  -0.244 0.0000000000
121030  53.546  18.419  -0.657 0.0000000000
121039  54.521  18.313  -1.593 0.0000000000
175036  54.394  16.359  3.812 0.0000000000
118886  54.373  16.535  2.965 0.0000000000
118912  54.433  16.745  1.297 0.0000000000
174543  55.924  16.573  1.479 0.0000000000
118911  55.338  16.658  1.043 0.0000000000
118923  54.729  16.805  0.475 0.0000000000
119943  54.425  17.363  -0.823 0.0000000000
119954  54.803  17.646  -1.456 0.0000000000
119966  55.262  17.947  -2.017 0.0000000000
119962  59.067  17.769  -3.076 0.0000000000
119951  58.887  16.690  -2.413 0.0000000000
119963  58.980  17.224  -2.793 0.0000000000
119972  58.924  17.460  -3.326 0.0000000000
119983  58.491  17.519  -3.787 0.0000000000
119985  56.148  17.714  -3.818 0.0000000000
119986  54.436  17.774  -3.809 0.0000000000
118962  54.309  16.749  -3.036 0.0000000000
129043  48.771  25.288  9.660 0.0000000000
196380  48.809  24.655  9.084 0.0000000000
127151  48.491  24.035  8.522 0.0000000000
125179  43.032  22.261  9.824 0.0000000000
125178  43.621  22.350  9.574 0.0000000000
126166  45.000  22.656  9.238 0.0000000000
208420  44.326  21.247  9.083 0.0000000000
125183  45.191  22.152  8.998 0.0000000000
126165  45.573  22.736  9.085 0.0000000000
125181  47.083  22.862  8.589 0.0000000000
126162  48.194  23.347  8.322 0.0000000000
126161  49.030  23.539  8.089 0.0000000000
125188  49.084  22.134  7.595 0.0000000000
124223  48.839  21.511  7.293 0.0000000000
124231  49.224  21.084  6.739 0.0000000000
123123  47.048  20.400  7.399 0.0000000000
123128  48.129  20.250  6.657 0.0000000000
123127  48.796  20.477  6.392 0.0000000000
123140  48.844  20.259  5.548 0.0000000000
122020  48.456  19.486  5.245 0.0000000000
122026  48.795  19.052  4.633 0.0000000000
121928  45.117  19.550  16.467 0.0000000000
120865  45.134  18.722  15.504 0.0000000000
120877  44.746  18.362  14.977 0.0000000000
121955  46.797  19.006  15.260 0.0000000000
120876  45.612  18.469  14.913 0.0000000000
119797  44.900  17.748  13.764 0.0000000000
119808  44.537  17.493  13.019 0.0000000000
118725  44.725  16.891  11.758 0.0000000000
200749  45.083  16.718  11.309 0.0000000000
121966  49.616  19.348  14.375 0.0000000000
120893  49.054  18.828  14.031 0.0000000000
120913  47.924  18.241  13.543 0.0000000000
119806  47.583  17.900  12.904 0.0000000000
189863  46.924  17.727  12.837 0.0000000000
119826  46.387  17.216  12.347 0.0000000000
118743  45.690  16.675  11.186 0.0000000000
118761  45.138  16.712  10.686 0.0000000000
118793  45.838  17.072  9.080 0.0000000000
119857  46.078  17.330  8.415 0.0000000000
119878  46.578  17.776  7.278 0.0000000000
118790  47.474  16.534  8.286 0.0000000000
118809  47.307  16.884  7.724 0.0000000000
119877  47.111  17.723  6.792 0.0000000000
120969  47.904  18.289  5.571 0.0000000000
119893  48.324  17.902  5.058 0.0000000000
120987  49.163  18.652  4.123 0.0000000000
119902  49.318  17.888  4.108 0.0000000000
118876  50.344  16.958  4.377 0.0000000000
118857  50.873  16.619  4.867 0.0000000000
117862  50.436  16.143  6.228 0.0000000000
118842  50.651  16.409  5.546 0.0000000000
118856  51.636  16.513  4.715 0.0000000000
185231  52.016  16.294  5.209 0.0000000000
117859  52.891  15.990  6.050 0.0000000000
118822  53.661  15.928  6.197 0.0000000000
118754  51.775  16.529  10.448 0.0000000000
117781  52.139  16.114  9.867 0.0000000000
117796  52.436  15.971  9.343 0.0000000000
118734  53.656  16.948  11.017 0.0000000000
118753  53.463  16.583  10.336 0.0000000000
117795  53.027  15.980  9.111 0.0000000000
117815  53.161  15.860  8.358 0.0000000000
117844  53.919  15.894  6.913 0.0000000000
124153  45.696  20.957  17.830 0.0000000000
192355  47.014  21.133  18.284 0.0000000000
176799  48.413  21.397  19.033 0.0000000000
124109  50.920  21.923  19.437 0.0000000000
124093  50.592  21.556  20.107 0.0000000000
124092  51.941  21.857  19.968 0.0000000000
121905  52.194  20.984  19.856 0.0000000000
190700  48.040  18.449  20.724 0.0000000000
120828  47.408  18.321  20.232 0.0000000000
119741  46.792  18.030  19.678 0.0000000000
136040  46.418  32.692  3.740 0.0000000000
193283  45.652  30.977  5.590 0.0000000000
135099  45.269  32.056  4.384 0.0000000000
136041  45.619  32.602  3.840 0.0000000000
133331  42.719  30.331  4.005 0.0000000000
132517  43.286  29.163  3.155 0.0000000000
131690  43.903  28.511  3.045 0.0000000000
131682  44.183  28.308  4.074 0.0000000000
131695  44.365  28.213  2.486 0.0000000000
131702  44.506  28.290  1.662 0.0000000000
131701  45.105  28.130  0.894 0.0000000000
131710  46.157  28.055  -0.174 0.0000000000
129109  47.044  26.300  3.857 0.0000000000
130021  46.910  26.417  3.067 0.0000000000
130027  47.189  26.442  2.313 0.0000000000
129139  48.042  25.998  1.411 0.0000000000
182200  47.465  26.485  1.504 0.0000000000
130034  46.818  27.029  1.518 0.0000000000
130871  46.814  27.500  0.565 0.0000000000
197690  46.907  27.841  -0.348 0.0000000000
131720  46.344  28.027  -1.003 0.0000000000
205675  46.917  27.635  -1.948 0.0000000000
130055  48.288  27.130  -2.142 0.0000000000
129955  53.895  25.814  11.063 0.0000000000
129025  54.626  25.698  10.417 0.0000000000
129037  55.708  25.725  10.105 0.0000000000
127149  51.112  24.028  8.243 0.0000000000
127148  51.961  24.019  8.226 0.0000000000
128115  52.696  24.518  8.713 0.0000000000
127155  53.504  23.631  7.627 0.0000000000
128114  53.543  24.503  8.630 0.0000000000
128103  55.589  25.137  9.680 0.0000000000
129051  56.604  25.493  9.669 0.0000000000
192814  57.253  25.402  9.628 0.0000000000
129049  57.475  26.087  9.234 0.0000000000
129054  56.947  26.224  8.183 0.0000000000
189659  58.201  25.241  7.813 0.0000000000
128122  58.191  25.494  7.330 0.0000000000
129059  56.356  26.037  6.920 0.0000000000
207379  55.446  25.822  6.182 0.0000000000
129076  54.899  25.635  5.596 0.0000000000
203629  54.988  25.404  4.830 0.0000000000
123163  50.604  20.085  2.762 0.0000000000
124273  51.081  20.801  2.669 0.0000000000
124272  51.657  21.230  3.012 0.0000000000
124291  51.964  20.868  1.543 0.0000000000
124280  52.617  21.386  2.108 0.0000000000
124271  52.277  21.547  2.883 0.0000000000
125243  52.816  21.839  3.479 0.0000000000
125242  53.724  21.991  3.229 0.0000000000
125228  54.322  22.240  3.892 0.0000000000
204217  55.007  20.212  -1.303 0.0000000000
124310  54.956  20.923  -0.275 0.0000000000
124299  55.049  21.331  0.580 0.0000000000
176906  56.949  21.679  0.336 0.0000000000
180951  55.975  21.309  0.303 0.0000000000
124288  55.125  21.738  1.297 0.0000000000
173945  55.132  21.980  2.018 0.0000000000
125250  55.455  22.197  2.717 0.0000000000
125227  55.289  22.559  4.091 0.0000000000
126217  56.295  23.054  3.825 0.0000000000
126207  56.699  23.748  4.169 0.0000000000
127189  56.729  24.223  3.908 0.0000000000
127207  56.751  23.668  2.458 0.0000000000
128182  56.526  24.501  3.603 0.0000000000
128169  56.972  24.825  4.195 0.0000000000
128170  56.463  24.952  3.865 0.0000000000
128171  55.454  24.929  3.653 0.0000000000
196209  54.264  24.747  3.547 0.0000000000
127199  53.969  24.377  2.982 0.0000000000
127200  53.024  24.222  2.891 0.0000000000
127211  52.845  24.019  2.242 0.0000000000
127222  53.932  23.755  1.275 0.0000000000
127223  53.070  23.738  1.186 0.0000000000
127224  52.120  23.813  1.152 0.0000000000
127236  51.827  23.726  0.304 0.0000000000
127237  51.092  23.903  0.040 0.0000000000
127244  50.999  23.979  -0.682 0.0000000000
126275  54.551  22.825  -2.178 0.0000000000
197974  53.944  22.982  -1.860 0.0000000000
126277  53.181  23.140  -1.964 0.0000000000
126284  52.594  23.379  -3.215 0.0000000000
127264  52.538  23.452  -2.477 0.0000000000
127257  52.427  23.511  -1.732 0.0000000000
127250  51.678  23.754  -1.607 0.0000000000
127251  51.019  24.034  -1.448 0.0000000000
128221  50.455  24.416  -1.121 0.0000000000
128229  50.471  24.643  -2.131 0.0000000000
128238  49.924  25.442  -2.737 0.0000000000
128239  49.278  25.281  -3.126 0.0000000000
127268  49.738  24.437  -3.322 0.0000000000
127260  49.239  24.185  -2.913 0.0000000000
179894  52.906  17.507  -4.070 0.0000000000
117786  47.549  16.143  10.046 0.0000000000
117800  49.138  15.894  9.388 0.0000000000
117801  47.567  16.108  9.416 0.0000000000
117818  49.783  15.873  8.423 0.0000000000
117821  47.675  16.162  8.835 0.0000000000
117832  53.373  15.845  7.539 0.0000000000
117834  51.819  15.771  7.812 0.0000000000
117848  50.251  15.967  6.964 0.0000000000
117860  52.037  16.082  5.895 0.0000000000
117861  51.211  16.144  6.080 0.0000000000
117925  58.782  15.860  -2.506 0.0000000000
118720  49.281  17.187  11.901 0.0000000000
118722  47.600  16.923  11.804 0.0000000000
118723  46.855  16.821  11.769 0.0000000000
118736  52.343  16.869  10.850 0.0000000000
118740  48.345  16.513  10.955 0.0000000000
118744  44.598  16.852  11.131 0.0000000000
118745  44.102  17.079  11.564 0.0000000000
118757  48.869  16.251  10.522 0.0000000000
118760  46.362  16.567  10.151 0.0000000000
118762  44.583  16.939  10.638 0.0000000000
118770  53.579  16.193  9.601 0.0000000000
118771  52.875  16.239  9.784 0.0000000000
118774  45.648  16.825  9.904 0.0000000000
118775  44.912  17.097  10.101 0.0000000000
118791  47.004  16.504  8.943 0.0000000000
118792  46.385  16.885  8.790 0.0000000000
118807  48.741  16.289  7.310 0.0000000000
118824  48.922  16.499  6.589 0.0000000000
118826  47.529  17.072  7.097 0.0000000000
118839  53.411  16.045  5.523 0.0000000000
118840  52.660  16.191  5.359 0.0000000000
118841  51.405  16.359  5.394 0.0000000000
118843  49.876  16.527  5.696 0.0000000000
118890  51.316  16.993  3.468 0.0000000000
118900  54.429  16.648  2.184 0.0000000000
118902  52.887  16.964  2.179 0.0000000000
118903  52.156  17.132  2.546 0.0000000000
118910  58.357  16.263  0.739 0.0000000000
118914  53.143  17.177  1.346 0.0000000000
118924  53.961  16.906  0.562 0.0000000000
118933  54.161  17.051  -0.138 0.0000000000
119798  44.044  17.771  13.597 0.0000000000
119805  48.465  18.077  13.035 0.0000000000
119810  43.026  17.731  12.598 0.0000000000
119827  45.011  17.239  12.459 0.0000000000
119828  44.259  17.283  12.268 0.0000000000
119845  42.969  17.863  11.163 0.0000000000
119847  43.599  17.680  10.533 0.0000000000
119858  45.480  17.604  8.700 0.0000000000
119859  44.901  17.910  9.018 0.0000000000
119870  46.910  17.346  7.461 0.0000000000
119871  46.343  17.562  7.793 0.0000000000
119884  48.625  17.263  5.360 0.0000000000
119885  48.068  17.623  5.702 0.0000000000
119886  47.516  17.952  6.092 0.0000000000
119891  49.598  17.238  4.525 0.0000000000
119901  49.940  17.444  4.054 0.0000000000
119919  51.684  17.651  2.237 0.0000000000
119920  51.019  17.928  2.504 0.0000000000
119955  54.022  17.956  -1.172 0.0000000000
119961  59.137  18.046  -3.294 0.0000000000
119982  58.938  17.856  -3.762 0.0000000000
120818  48.916  18.393  20.823 0.0000000000
120857  51.151  19.367  16.135 0.0000000000
120858  50.302  18.570  16.549 0.0000000000
120866  44.218  18.630  15.642 0.0000000000
120867  43.363  18.711  15.727 0.0000000000
120874  47.996  18.800  14.631 0.0000000000
120875  47.186  18.684  14.754 0.0000000000
120896  45.261  18.094  14.389 0.0000000000
120897  44.382  18.027  14.357 0.0000000000
120900  42.156  18.624  13.690 0.0000000000
120927  42.503  18.195  12.357 0.0000000000
120935  42.195  19.161  11.568 0.0000000000
120938  44.280  18.293  9.372 0.0000000000
120961  46.588  18.186  7.042 0.0000000000
120978  48.733  18.241  4.556 0.0000000000
120996  49.894  18.697  3.321 0.0000000000
121013  52.208  18.277  1.035 0.0000000000
121015  51.169  19.146  1.765 0.0000000000
121023  52.590  18.589  0.401 0.0000000000
121049  59.113  18.386  -3.071 0.0000000000
121062  50.494  18.470  -2.915 0.0000000000
121067  59.133  18.423  -3.727 0.0000000000
121073  51.542  18.160  -4.706 0.0000000000
121935  52.210  20.093  15.665 0.0000000000
121937  47.222  19.440  15.686 0.0000000000
121939  45.542  19.166  15.946 0.0000000000
121941  43.788  19.094  16.147 0.0000000000
121942  42.607  19.171  15.752 0.0000000000
121950  51.824  20.168  14.831 0.0000000000
121964  51.858  19.783  14.350 0.0000000000
121967  48.777  19.133  14.450 0.0000000000
121968  41.565  18.997  13.476 0.0000000000
121974  51.630  19.298  13.787 0.0000000000
121975  41.123  19.255  13.311 0.0000000000
121980  40.911  19.774  12.307 0.0000000000
121987  42.341  19.304  10.862 0.0000000000
121988  41.835  19.747  11.229 0.0000000000
121991  42.726  19.440  10.351 0.0000000000
121994  43.723  19.029  9.507 0.0000000000
121995  43.177  19.544  9.875 0.0000000000
122001  46.130  19.220  7.531 0.0000000000
122039  50.296  19.217  2.839 0.0000000000
122068  52.994  19.723  -0.352 0.0000000000
122075  55.141  19.866  -1.665 0.0000000000
122076  54.578  19.188  -1.572 0.0000000000
122077  53.998  19.411  -1.144 0.0000000000
122095  59.264  19.032  -3.479 0.0000000000
123019  52.300  21.693  19.946 0.0000000000
123025  52.082  21.837  19.232 0.0000000000
123030  51.959  21.618  18.325 0.0000000000
123044  46.038  20.633  17.285 0.0000000000
123057  50.018  20.860  16.261 0.0000000000
123058  49.000  20.704  16.402 0.0000000000
123059  48.070  20.540  16.511 0.0000000000
123063  44.741  20.022  16.922 0.0000000000
123064  43.890  20.050  16.893 0.0000000000
123073  50.889  20.930  16.063 0.0000000000
123074  49.249  20.321  15.781 0.0000000000
123077  46.802  19.802  16.238 0.0000000000
123084  50.771  20.426  15.421 0.0000000000
123112  41.844  20.779  10.628 0.0000000000
123116  43.131  20.217  9.750 0.0000000000
123125  45.793  19.768  7.844 0.0000000000
123141  48.283  19.885  6.003 0.0000000000
123148  49.619  20.248  4.445 0.0000000000
123149  49.063  19.892  4.852 0.0000000000
123164  50.162  19.965  3.330 0.0000000000
123174  52.204  20.504  0.821 0.0000000000
123186  55.596  20.628  -0.892 0.0000000000
123200  58.871  19.725  -3.212 0.0000000000
123210  58.558  20.312  -3.448 0.0000000000
124124  50.683  21.801  18.037 0.0000000000
124147  51.668  21.524  17.341 0.0000000000
124151  47.346  21.096  17.701 0.0000000000
124174  51.601  21.178  16.834 0.0000000000
124182  51.660  21.008  16.405 0.0000000000
124211  42.750  21.547  9.898 0.0000000000
124220  44.724  21.050  8.804 0.0000000000
124227  45.775  20.566  8.083 0.0000000000
124232  48.487  20.892  6.968 0.0000000000
124233  47.762  20.672  7.184 0.0000000000
124245  50.015  21.068  5.648 0.0000000000
124281  51.786  21.096  2.330 0.0000000000
124308  57.433  21.689  -0.253 0.0000000000
124311  53.999  20.546  -0.422 0.0000000000
124351  51.740  21.530  -6.335 0.0000000000
124352  50.947  21.700  -6.370 0.0000000000
125177  44.122  22.484  9.418 0.0000000000
125184  44.604  22.289  9.248 0.0000000000
125187  50.165  22.239  7.342 0.0000000000
125190  47.301  22.182  8.218 0.0000000000
125241  54.828  22.231  3.320 0.0000000000
125249  56.781  22.374  2.009 0.0000000000
125267  57.325  22.613  0.886 0.0000000000
125281  57.626  21.903  -0.995 0.0000000000
125283  55.885  22.496  -1.830 0.0000000000
125288  56.737  21.944  -2.884 0.0000000000
125303  55.851  21.724  -4.393 0.0000000000
125305  53.929  22.605  -5.072 0.0000000000
125321  52.098  22.163  -6.457 0.0000000000
125323  50.379  22.257  -6.580 0.0000000000
126156  45.106  23.221  9.365 0.0000000000
126157  44.510  22.886  9.411 0.0000000000
126163  47.619  23.234  8.537 0.0000000000
126164  46.296  22.805  8.840 0.0000000000
126169  52.414  22.991  7.256 0.0000000000
126173  49.340  22.800  7.766 0.0000000000
126174  48.544  22.635  7.991 0.0000000000
126175  47.764  22.726  8.264 0.0000000000
126185  53.496  22.817  6.529 0.0000000000
126187  52.067  22.553  7.059 0.0000000000
126244  56.770  22.971  0.404 0.0000000000
126247  53.136  23.427  -0.022 0.0000000000
126283  53.792  22.928  -3.313 0.0000000000
126293  53.097  22.909  -4.919 0.0000000000
126300  51.335  23.017  -5.863 0.0000000000
126302  49.902  22.786  -5.624 0.0000000000
126307  50.086  22.573  -6.369 0.0000000000
127141  47.246  24.135  9.031 0.0000000000
127142  46.458  24.136  9.257 0.0000000000
127157  51.469  23.474  7.820 0.0000000000
127159  49.897  23.332  7.890 0.0000000000
127175  56.319  23.546  5.772 0.0000000000
127196  56.581  23.889  3.191 0.0000000000
127197  56.356  24.130  2.963 0.0000000000
127209  55.297  23.990  2.063 0.0000000000
127243  51.615  23.728  -0.424 0.0000000000
128106  50.189  24.956  9.073 0.0000000000
128107  48.186  24.929  9.404 0.0000000000
128108  47.584  24.817  9.304 0.0000000000
128109  46.168  24.785  9.527 0.0000000000
128112  57.852  25.559  9.259 0.0000000000
128119  49.240  24.205  8.576 0.0000000000
128134  58.083  25.232  6.750 0.0000000000
128147  57.901  25.351  5.662 0.0000000000
128157  54.464  25.118  4.267 0.0000000000
128174  50.767  25.041  3.914 0.0000000000
128175  50.084  25.290  3.959 0.0000000000
128176  49.619  25.176  3.415 0.0000000000
128190  49.157  25.158  2.916 0.0000000000
129042  49.473  25.163  9.382 0.0000000000
129044  48.079  25.418  9.792 0.0000000000
129045  47.373  25.345  9.690 0.0000000000
129050  57.429  25.733  9.668 0.0000000000
129053  57.905  25.893  7.804 0.0000000000
129063  51.733  25.862  6.617 0.0000000000
129074  57.881  25.385  5.627 0.0000000000
129082  49.510  26.094  5.206 0.0000000000
129092  57.358  25.358  4.854 0.0000000000
129093  55.911  25.484  5.058 0.0000000000
129097  50.974  25.433  5.181 0.0000000000
129099  48.243  26.006  4.452 0.0000000000
129106  49.344  25.525  3.983 0.0000000000
129108  47.880  25.907  3.848 0.0000000000
129118  47.610  25.990  3.058 0.0000000000
129164  49.592  25.542  -0.875 0.0000000000
129953  55.842  26.044  10.760 0.0000000000
129971  50.947  26.883  7.882 0.0000000000
129976  52.650  26.478  7.776 0.0000000000
129978  49.551  26.987  7.587 0.0000000000
129984  52.117  26.184  7.172 0.0000000000
130007  48.051  26.316  4.960 0.0000000000
130008  46.723  26.772  5.047 0.0000000000
130032  47.761  26.580  0.703 0.0000000000
130050  48.611  27.226  -1.449 0.0000000000
130067  48.570  26.626  -2.447 0.0000000000
130812  55.969  26.406  10.632 0.0000000000
130830  50.269  27.310  8.035 0.0000000000
130833  48.367  27.279  6.805 0.0000000000
130835  46.439  28.034  6.290 0.0000000000
130838  46.238  27.632  5.775 0.0000000000
130855  44.689  27.789  4.156 0.0000000000
130861  44.600  27.888  3.278 0.0000000000
130872  46.384  27.484  1.188 0.0000000000
130874  45.126  27.891  1.681 0.0000000000
130879  46.425  27.849  0.234 0.0000000000
130880  45.894  27.983  0.503 0.0000000000
130887  46.964  27.859  -1.340 0.0000000000
130896  46.366  27.635  -2.001 0.0000000000
131665  46.246  28.499  6.530 0.0000000000
131668  45.211  28.485  5.871 0.0000000000
131674  43.701  29.223  4.622 0.0000000000
131696  43.953  28.566  2.091 0.0000000000
131703  43.843  28.689  1.361 0.0000000000
131721  45.646  28.071  -0.707 0.0000000000
132492  48.817  28.530  7.972 0.0000000000
132493  48.146  29.120  7.667 0.0000000000
132499  45.798  28.943  6.427 0.0000000000
132501  44.566  28.839  5.557 0.0000000000
133313  47.839  29.853  7.355 0.0000000000
133315  47.071  29.814  7.096 0.0000000000
133316  46.333  29.441  6.835 0.0000000000
133330  43.403  29.997  4.609 0.0000000000
133338  42.296  30.400  3.410 0.0000000000
134194  47.084  31.600  5.574 0.0000000000
134195  46.314  31.304  5.554 0.0000000000
134213  42.009  30.696  2.928 0.0000000000
135070  48.583  31.809  5.578 0.0000000000
135071  47.839  31.744  5.582 0.0000000000
135084  45.691  31.575  5.029 0.0000000000
174551  54.959  16.429  3.302 0.0000000000
174829  50.225  25.682  5.213 0.0000000000
175035  49.707  21.731  18.885 0.0000000000
176111  51.034  22.060  18.681 0.0000000000
177469  46.075  18.198  14.411 0.0000000000
178371  44.298  17.356  10.290 0.0000000000
179390  50.243  15.870  9.051 0.0000000000
179451  50.420  21.793  6.806 0.0000000000
180929  47.411  26.559  5.044 0.0000000000
181529  52.385  16.384  4.690 0.0000000000
181727  45.940  27.254  2.762 0.0000000000
181800  44.205  28.620  4.901 0.0000000000
184328  42.813  18.923  10.640 0.0000000000
185977  51.706  19.002  13.388 0.0000000000
186443  49.607  15.884  9.005 0.0000000000
188292  51.667  21.004  16.696 0.0000000000
188423  48.161  25.637  2.673 0.0000000000
188628  49.485  17.679  12.459 0.0000000000
190081  48.644  25.328  2.683 0.0000000000
192073  48.298  15.924  9.168 0.0000000000
192131  43.539  19.752  9.494 0.0000000000
192366  42.431  18.644  11.827 0.0000000000
192684  44.720  21.670  9.031 0.0000000000
193905  46.188  16.753  11.685 0.0000000000
196088  45.724  17.308  12.636 0.0000000000
197093  57.987  25.899  8.745 0.0000000000
197131  48.467  26.117  4.854 0.0000000000
198271  43.808  21.088  9.308 0.0000000000
198332  52.712  23.890  1.671 0.0000000000
198788  53.973  21.770  -5.765 0.0000000000
199006  51.520  15.829  7.201 0.0000000000
199517  47.668  30.370  6.955 0.0000000000
199910  56.975  22.872  2.204 0.0000000000
201056  51.832  25.129  4.603 0.0000000000
201802  48.597  18.431  13.669 0.0000000000
203344  51.325  19.216  21.132 0.0000000000
203417  52.737  15.813  7.171 0.0000000000
203537  47.861  16.666  11.272 0.0000000000
203901  46.734  18.424  14.384 0.0000000000
204013  47.286  23.494  8.763 0.0000000000
204178  57.011  23.292  1.988 0.0000000000
204402  54.067  26.913  8.870 0.0000000000
204562  50.620  26.404  10.995 0.0000000000
205324  55.233  17.637  -3.646 0.0000000000
207481  59.121  17.955  -3.404 0.0000000000
207803  46.246  18.542  7.414 0.0000000000
207985  48.770  26.931  -1.942 0.0000000000
209475  47.490  21.684  7.874 0.0000000000
209513  51.691  20.430  15.181 0.0000000000
