#!ascii label  , from subject sub-v2s1x29900_ses-1 vox2ras=TkReg
1812
100290  -36.850  10.808  11.627 0.0000000000
98873  -47.828  9.930  -5.117 0.0000000000
103622  -45.993  14.386  12.496 0.0000000000
96986  -46.152  7.850  5.060 0.0000000000
94912  -47.734  5.875  14.955 0.0000000000
102930  -42.683  13.869  0.808 0.0000000000
107542  -50.235  19.048  -0.267 0.0000000000
106700  -44.204  18.515  7.727 0.0000000000
163686  -40.328  6.596  21.256 0.0000000000
97833  -40.902  8.442  7.342 0.0000000000
98772  -42.782  9.409  2.128 0.0000000000
102034  -39.440  13.500  6.156 0.0000000000
103653  -52.018  15.339  12.235 0.0000000000
105324  -48.831  16.400  6.291 0.0000000000
106724  -53.543  19.193  6.849 0.0000000000
107469  -47.180  19.087  4.369 0.0000000000
107406  -49.000  19.231  9.516 0.0000000000
98882  -43.707  9.393  -5.985 0.0000000000
144779  -35.529  13.670  15.702 0.0000000000
102829  -41.691  13.386  12.813 0.0000000000
138017  -51.567  10.034  7.252 0.0000000000
95004  -46.746  6.181  9.640 0.0000000000
93940  -40.367  4.808  11.966 0.0000000000
91885  -40.704  2.538  17.319 0.0000000000
99636  -44.324  10.184  -3.745 0.0000000000
102967  -43.008  13.799  -4.128 0.0000000000
137525  -44.233  15.717  6.208 0.0000000000
106091  -45.575  17.665  -0.456 0.0000000000
106131  -44.665  17.851  -5.694 0.0000000000
108324  -44.674  20.800  -2.068 0.0000000000
108280  -42.043  20.837  2.133 0.0000000000
98676  -37.970  9.711  9.231 0.0000000000
159223  -39.467  10.613  6.573 0.0000000000
102016  -38.096  12.811  9.272 0.0000000000
105269  -51.527  16.596  11.331 0.0000000000
105291  -52.877  17.083  9.622 0.0000000000
139667  -53.454  19.850  10.337 0.0000000000
106690  -51.554  19.316  8.508 0.0000000000
98884  -45.746  9.677  -6.022 0.0000000000
103573  -35.208  14.296  18.800 0.0000000000
103597  -37.943  15.140  15.753 0.0000000000
94932  -46.633  5.740  12.339 0.0000000000
94984  -44.156  5.772  10.899 0.0000000000
93920  -43.770  5.181  13.904 0.0000000000
92773  -40.607  3.728  20.253 0.0000000000
94882  -33.033  5.642  16.736 0.0000000000
97755  -32.125  8.683  16.048 0.0000000000
95859  -30.409  7.100  17.559 0.0000000000
97923  -47.248  8.442  2.085 0.0000000000
100368  -42.056  11.673  1.044 0.0000000000
98816  -43.760  9.512  -0.480 0.0000000000
101233  -42.698  11.940  -1.113 0.0000000000
100422  -43.049  11.216  -4.324 0.0000000000
102955  -43.329  13.831  -2.096 0.0000000000
151119  -44.033  13.851  12.656 0.0000000000
103680  -42.444  15.163  9.777 0.0000000000
152560  -45.511  14.901  9.469 0.0000000000
159018  -49.946  17.489  3.345 0.0000000000
105374  -47.330  16.994  3.544 0.0000000000
106094  -47.976  18.011  -0.487 0.0000000000
106112  -45.915  17.700  -3.017 0.0000000000
106837  -48.607  18.944  -3.842 0.0000000000
107573  -45.301  19.687  -4.658 0.0000000000
108327  -47.092  20.224  -1.525 0.0000000000
106755  -45.771  18.613  4.969 0.0000000000
108272  -44.989  19.921  2.983 0.0000000000
107483  -43.581  19.433  4.182 0.0000000000
108260  -40.780  20.441  3.800 0.0000000000
164096  -41.860  19.233  6.354 0.0000000000
96967  -43.229  7.880  6.066 0.0000000000
97891  -43.999  8.491  3.252 0.0000000000
98729  -41.740  9.311  4.687 0.0000000000
100346  -40.533  11.603  3.670 0.0000000000
102918  -40.859  13.869  3.115 0.0000000000
103625  -49.009  14.727  13.255 0.0000000000
104468  -47.555  15.568  9.137 0.0000000000
105288  -50.076  15.986  9.146 0.0000000000
106006  -51.935  17.183  6.482 0.0000000000
107490  -51.620  19.069  3.468 0.0000000000
107520  -48.732  19.329  2.002 0.0000000000
107452  -49.641  19.261  5.066 0.0000000000
106704  -47.978  18.344  7.052 0.0000000000
106670  -46.754  18.676  8.980 0.0000000000
99672  -42.245  10.650  -6.054 0.0000000000
99480  -37.550  10.250  15.199 0.0000000000
101989  -38.779  12.727  12.658 0.0000000000
101117  -39.589  11.538  15.823 0.0000000000
102812  -41.937  13.167  15.914 0.0000000000
103604  -44.620  14.197  16.310 0.0000000000
105930  -43.499  17.537  16.761 0.0000000000
103582  -46.904  14.728  16.430 0.0000000000
144294  -48.576  9.033  6.322 0.0000000000
97820  -49.160  8.434  8.284 0.0000000000
96937  -46.453  7.427  7.309 0.0000000000
95986  -43.156  6.662  8.396 0.0000000000
95951  -40.594  6.991  9.368 0.0000000000
94883  -47.621  5.651  17.679 0.0000000000
94836  -44.246  5.932  21.158 0.0000000000
92795  -44.515  3.992  19.280 0.0000000000
158480  -44.098  4.190  16.386 0.0000000000
92862  -40.846  3.713  14.316 0.0000000000
96856  -35.904  8.186  13.543 0.0000000000
99640  -48.385  10.846  -4.036 0.0000000000
137527  -45.099  8.362  0.664 0.0000000000
97974  -46.093  9.071  -2.053 0.0000000000
99654  -46.928  11.171  -5.121 0.0000000000
100431  -45.014  11.058  -6.733 0.0000000000
101264  -43.385  12.254  -7.696 0.0000000000
102127  -41.947  13.605  -7.655 0.0000000000
153565  -39.933  14.890  9.636 0.0000000000
104510  -41.332  15.526  6.537 0.0000000000
104551  -42.520  16.083  3.473 0.0000000000
104529  -46.310  15.788  6.231 0.0000000000
152720  -44.774  17.113  3.296 0.0000000000
104585  -43.479  15.484  0.185 0.0000000000
104610  -44.443  16.037  -2.150 0.0000000000
103805  -42.972  15.957  -6.238 0.0000000000
104639  -41.819  15.949  -7.371 0.0000000000
108298  -45.785  20.343  1.183 0.0000000000
108983  -43.178  21.152  -0.408 0.0000000000
107529  -40.797  19.992  0.221 0.0000000000
108293  -38.720  20.593  0.482 0.0000000000
108949  -37.008  21.188  2.135 0.0000000000
98668  -37.287  9.796  10.259 0.0000000000
100304  -37.877  11.104  9.112 0.0000000000
101151  -37.427  12.059  10.538 0.0000000000
105967  -52.525  17.682  10.353 0.0000000000
156770  -53.256  20.110  10.176 0.0000000000
98008  -46.908  9.231  -5.078 0.0000000000
139731  -47.425  5.829  13.555 0.0000000000
94931  -45.885  5.744  12.893 0.0000000000
156644  -45.680  5.646  14.511 0.0000000000
94873  -32.737  5.350  18.126 0.0000000000
94880  -32.038  6.122  17.254 0.0000000000
97893  -47.156  8.449  4.143 0.0000000000
147428  -46.496  8.022  3.129 0.0000000000
102072  -42.273  13.129  1.109 0.0000000000
100378  -42.550  11.567  0.078 0.0000000000
152341  -42.791  12.584  -0.632 0.0000000000
152339  -42.779  12.620  -1.406 0.0000000000
102942  -43.317  13.811  -0.493 0.0000000000
102834  -45.378  14.032  12.854 0.0000000000
103647  -44.560  14.561  11.197 0.0000000000
141436  -45.736  14.798  11.005 0.0000000000
106787  -50.560  17.934  1.355 0.0000000000
106071  -49.371  18.034  1.262 0.0000000000
106800  -49.874  18.464  -0.228 0.0000000000
106820  -49.419  18.648  -2.483 0.0000000000
106830  -50.052  18.746  -2.340 0.0000000000
107566  -48.227  19.740  -3.249 0.0000000000
107548  -49.682  19.358  -0.776 0.0000000000
140663  -45.226  18.358  6.746 0.0000000000
106754  -44.911  18.464  5.219 0.0000000000
106734  -43.865  18.467  6.236 0.0000000000
107450  -42.614  19.062  5.649 0.0000000000
106733  -43.076  18.677  6.278 0.0000000000
96950  -42.255  7.957  6.987 0.0000000000
97864  -42.735  8.397  5.601 0.0000000000
97862  -41.337  8.885  6.071 0.0000000000
101185  -39.238  12.227  6.352 0.0000000000
99532  -40.096  10.860  5.231 0.0000000000
101198  -39.999  12.343  4.428 0.0000000000
162463  -40.489  12.730  3.320 0.0000000000
102913  -40.186  13.593  4.320 0.0000000000
139821  -50.700  14.784  12.753 0.0000000000
104453  -49.456  15.425  10.541 0.0000000000
104454  -50.987  15.348  10.897 0.0000000000
105997  -53.980  17.768  7.622 0.0000000000
105996  -52.768  17.374  7.239 0.0000000000
106008  -53.502  18.504  6.487 0.0000000000
106036  -52.511  18.590  4.318 0.0000000000
107474  -52.293  19.160  4.751 0.0000000000
107472  -50.337  19.218  4.388 0.0000000000
106742  -51.054  19.336  5.723 0.0000000000
106673  -49.477  18.952  8.941 0.0000000000
162676  -49.359  18.652  7.865 0.0000000000
106688  -48.888  18.513  8.266 0.0000000000
106703  -47.416  18.382  7.798 0.0000000000
106671  -47.613  18.795  8.989 0.0000000000
98890  -43.122  10.423  -6.526 0.0000000000
101115  -37.132  11.869  15.777 0.0000000000
100270  -38.520  10.955  15.551 0.0000000000
101970  -37.839  13.090  15.707 0.0000000000
104412  -39.717  15.964  15.746 0.0000000000
102811  -40.427  14.284  15.740 0.0000000000
146044  -41.211  15.421  15.731 0.0000000000
102814  -43.708  12.733  16.273 0.0000000000
143021  -42.482  15.912  15.865 0.0000000000
106598  -43.775  18.263  18.371 0.0000000000
148320  -45.032  16.375  16.644 0.0000000000
105230  -46.702  16.465  17.405 0.0000000000
103608  -48.660  14.735  16.043 0.0000000000
105219  -48.554  16.407  17.907 0.0000000000
138731  -49.485  9.647  5.337 0.0000000000
98704  -49.722  9.430  6.684 0.0000000000
96904  -49.062  7.706  9.408 0.0000000000
95976  -47.703  7.276  8.924 0.0000000000
96939  -47.861  8.018  7.776 0.0000000000
95974  -46.341  6.721  8.437 0.0000000000
95988  -44.564  6.663  7.565 0.0000000000
161028  -45.135  6.069  8.723 0.0000000000
93954  -42.127  5.506  11.826 0.0000000000
95936  -42.181  6.377  10.010 0.0000000000
94957  -40.559  5.610  11.013 0.0000000000
155656  -42.408  6.519  21.239 0.0000000000
92775  -42.797  3.924  20.308 0.0000000000
91875  -42.733  3.214  18.310 0.0000000000
92823  -44.676  3.944  18.100 0.0000000000
91899  -42.936  3.515  16.765 0.0000000000
92850  -42.574  3.845  15.551 0.0000000000
138427  -41.303  3.120  16.120 0.0000000000
98655  -35.921  8.968  15.331 0.0000000000
138195  -34.467  8.381  15.597 0.0000000000
144057  -49.591  10.861  -3.618 0.0000000000
97920  -43.343  8.776  2.487 0.0000000000
97921  -44.605  8.365  2.014 0.0000000000
97932  -43.814  8.850  1.111 0.0000000000
148208  -43.711  9.785  -1.932 0.0000000000
98832  -44.737  9.048  -1.632 0.0000000000
98859  -45.419  9.902  -3.232 0.0000000000
98860  -46.299  10.231  -3.227 0.0000000000
98872  -45.154  10.378  -4.014 0.0000000000
99664  -46.414  11.080  -5.939 0.0000000000
99652  -44.943  10.938  -5.058 0.0000000000
158230  -42.770  12.494  -4.169 0.0000000000
100429  -43.480  11.529  -5.590 0.0000000000
102116  -42.768  13.198  -5.782 0.0000000000
102128  -42.771  12.679  -8.002 0.0000000000
146579  -42.524  13.955  -6.557 0.0000000000
101990  -39.990  13.101  12.839 0.0000000000
102848  -39.200  13.982  11.122 0.0000000000
147091  -40.506  14.412  11.213 0.0000000000
138663  -43.122  15.528  7.858 0.0000000000
104481  -42.381  15.659  8.279 0.0000000000
104512  -42.784  15.865  6.112 0.0000000000
104538  -42.393  15.984  4.893 0.0000000000
104539  -43.133  16.326  4.596 0.0000000000
139037  -48.313  16.001  7.289 0.0000000000
159217  -47.143  15.780  7.181 0.0000000000
104531  -47.691  16.042  6.098 0.0000000000
106070  -46.093  17.686  1.269 0.0000000000
106044  -46.004  17.391  2.874 0.0000000000
106069  -45.390  17.583  1.381 0.0000000000
105380  -44.210  17.201  2.062 0.0000000000
149006  -44.526  16.969  0.198 0.0000000000
104594  -44.291  16.039  -0.853 0.0000000000
105407  -44.765  16.778  -1.257 0.0000000000
106126  -45.289  18.055  -5.689 0.0000000000
105422  -44.641  16.542  -4.086 0.0000000000
105438  -44.088  17.124  -6.409 0.0000000000
104640  -42.241  16.236  -7.232 0.0000000000
159543  -43.011  17.241  -7.206 0.0000000000
105435  -42.294  16.548  -6.172 0.0000000000
106130  -43.147  17.498  -6.533 0.0000000000
107564  -44.746  19.957  -3.303 0.0000000000
106834  -43.939  18.578  -3.264 0.0000000000
107503  -47.577  19.530  3.278 0.0000000000
108300  -47.285  19.819  1.134 0.0000000000
108285  -46.548  20.064  2.332 0.0000000000
140763  -43.340  20.357  2.795 0.0000000000
108296  -43.677  20.859  1.430 0.0000000000
108295  -42.803  21.083  1.146 0.0000000000
108981  -41.352  20.860  -0.832 0.0000000000
108975  -41.139  21.112  0.108 0.0000000000
142623  -40.208  20.304  0.022 0.0000000000
148182  -40.788  21.193  0.932 0.0000000000
108259  -40.091  20.518  4.078 0.0000000000
108943  -38.723  21.173  2.954 0.0000000000
108258  -38.705  20.819  3.815 0.0000000000
108940  -36.253  21.071  3.215 0.0000000000
97816  -39.343  8.625  8.414 0.0000000000
98702  -40.176  9.499  6.635 0.0000000000
99511  -39.073  10.075  7.634 0.0000000000
100318  -38.784  11.432  7.349 0.0000000000
102028  -38.754  12.871  7.427 0.0000000000
105280  -52.213  16.036  10.262 0.0000000000
105271  -52.235  16.699  10.562 0.0000000000
105981  -53.579  18.055  9.527 0.0000000000
106691  -53.581  19.022  8.565 0.0000000000
107428  -52.598  19.254  7.037 0.0000000000
107420  -52.972  19.684  8.254 0.0000000000
143733  -51.745  19.857  9.808 0.0000000000
98883  -45.043  9.640  -6.328 0.0000000000
103593  -34.854  14.659  16.198 0.0000000000
102808  -36.681  14.559  15.777 0.0000000000
104398  -36.323  15.669  16.648 0.0000000000
94964  -47.041  5.925  10.871 0.0000000000
140660  -44.812  5.713  10.280 0.0000000000
136972  -45.624  5.702  11.562 0.0000000000
94943  -43.566  5.604  12.320 0.0000000000
93931  -42.046  4.904  12.793 0.0000000000
151766  -40.590  5.401  21.044 0.0000000000
138714  -38.657  3.236  19.418 0.0000000000
94899  -33.965  6.120  15.725 0.0000000000
96834  -33.041  7.747  15.858 0.0000000000
155322  -31.983  7.402  16.406 0.0000000000
97742  -30.737  8.268  16.735 0.0000000000
99574  -42.435  10.483  1.329 0.0000000000
98801  -43.122  9.787  0.723 0.0000000000
99583  -42.911  10.331  0.378 0.0000000000
99609  -42.940  10.647  -0.921 0.0000000000
99622  -43.440  10.224  -2.503 0.0000000000
99650  -43.262  10.718  -3.840 0.0000000000
100406  -42.833  11.274  -2.506 0.0000000000
101245  -42.763  12.552  -3.405 0.0000000000
102960  -43.258  13.898  -3.121 0.0000000000
102830  -42.507  13.342  12.952 0.0000000000
102851  -41.921  14.216  11.625 0.0000000000
103646  -43.260  14.256  11.431 0.0000000000
103682  -44.172  14.820  9.618 0.0000000000
104482  -44.843  15.094  8.088 0.0000000000
155940  -49.263  16.969  4.361 0.0000000000
105346  -48.122  16.493  4.956 0.0000000000
136288  -48.589  17.235  2.442 0.0000000000
159444  -48.266  17.577  1.195 0.0000000000
137434  -47.017  17.802  -0.291 0.0000000000
142264  -45.674  17.676  -1.182 0.0000000000
106104  -47.234  17.929  -1.868 0.0000000000
106836  -47.892  18.555  -4.190 0.0000000000
149552  -46.667  18.942  -5.855 0.0000000000
106851  -45.278  18.655  -5.671 0.0000000000
107581  -46.932  19.440  -5.519 0.0000000000
108340  -46.371  20.359  -3.946 0.0000000000
108325  -45.515  20.934  -2.271 0.0000000000
107468  -46.605  18.965  4.294 0.0000000000
107502  -46.367  19.655  3.334 0.0000000000
107485  -45.410  19.226  3.949 0.0000000000
107499  -44.033  19.633  3.662 0.0000000000
108270  -42.554  20.401  2.868 0.0000000000
108269  -41.602  20.598  2.861 0.0000000000
107481  -42.156  19.722  4.478 0.0000000000
108245  -40.828  20.127  4.666 0.0000000000
107448  -40.641  19.746  5.968 0.0000000000
96969  -44.680  7.628  5.609 0.0000000000
96997  -45.388  7.915  3.946 0.0000000000
97878  -43.652  8.328  4.576 0.0000000000
97889  -43.020  8.655  4.124 0.0000000000
98758  -42.065  9.605  3.215 0.0000000000
99524  -40.376  10.047  5.513 0.0000000000
99543  -40.873  10.214  4.223 0.0000000000
146919  -41.756  10.204  2.775 0.0000000000
100359  -41.288  11.482  2.381 0.0000000000
102066  -41.334  12.946  2.229 0.0000000000
149486  -41.757  14.110  1.975 0.0000000000
103633  -47.338  14.719  12.341 0.0000000000
139852  -46.905  14.913  10.839 0.0000000000
103670  -48.096  15.089  10.658 0.0000000000
136852  -49.127  15.973  9.212 0.0000000000
105314  -49.644  16.514  7.765 0.0000000000
105303  -51.352  16.667  8.570 0.0000000000
105315  -50.780  16.603  7.623 0.0000000000
105335  -50.073  16.715  6.041 0.0000000000
106025  -50.811  17.487  4.312 0.0000000000
106048  -51.021  18.421  3.078 0.0000000000
107522  -50.812  18.755  1.418 0.0000000000
107521  -49.902  19.420  1.518 0.0000000000
107506  -50.054  19.430  2.810 0.0000000000
156895  -49.179  19.454  3.812 0.0000000000
106769  -48.557  18.871  4.251 0.0000000000
106723  -50.864  18.967  6.612 0.0000000000
106740  -49.203  18.750  5.636 0.0000000000
106739  -47.685  18.631  5.525 0.0000000000
106738  -47.114  18.516  5.656 0.0000000000
137163  -46.589  18.347  7.366 0.0000000000
106701  -45.492  18.444  8.132 0.0000000000
100281  -37.225  10.655  13.268 0.0000000000
101141  -37.560  11.988  12.054 0.0000000000
100282  -38.343  11.141  14.088 0.0000000000
101128  -39.631  11.636  14.133 0.0000000000
101130  -41.241  11.463  14.987 0.0000000000
145444  -39.046  13.692  15.689 0.0000000000
101973  -40.764  12.140  15.891 0.0000000000
101131  -41.989  11.654  15.099 0.0000000000
101986  -43.354  12.265  14.737 0.0000000000
101983  -44.649  12.462  15.188 0.0000000000
162008  -45.952  13.549  14.824 0.0000000000
105938  -42.282  17.073  16.045 0.0000000000
104416  -44.151  15.441  16.281 0.0000000000
103605  -45.508  14.002  16.277 0.0000000000
102827  -47.044  14.144  14.807 0.0000000000
136626  -48.004  14.541  14.435 0.0000000000
103619  -49.937  14.742  14.028 0.0000000000
103616  -51.444  15.260  14.544 0.0000000000
97881  -48.505  9.029  4.971 0.0000000000
97867  -47.372  8.624  5.629 0.0000000000
138911  -50.368  8.328  9.034 0.0000000000
97837  -50.264  8.891  7.802 0.0000000000
136526  -48.916  8.679  7.514 0.0000000000
97835  -47.601  8.355  6.974 0.0000000000
96971  -46.294  7.795  5.991 0.0000000000
96953  -44.630  7.330  6.297 0.0000000000
96936  -43.352  7.138  7.267 0.0000000000
96934  -41.966  7.686  7.645 0.0000000000
95000  -43.656  5.942  9.755 0.0000000000
95969  -42.003  6.934  8.828 0.0000000000
96920  -40.773  7.677  8.356 0.0000000000
96900  -39.231  7.695  9.363 0.0000000000
94838  -46.002  5.911  20.925 0.0000000000
93818  -42.695  5.024  21.039 0.0000000000
93820  -44.455  5.202  20.768 0.0000000000
141847  -45.929  4.982  20.063 0.0000000000
93859  -46.255  4.605  19.066 0.0000000000
93879  -45.785  4.836  17.132 0.0000000000
93901  -45.508  5.248  15.788 0.0000000000
93899  -44.138  4.763  15.321 0.0000000000
92873  -42.579  4.541  14.119 0.0000000000
92879  -40.890  4.202  13.085 0.0000000000
98662  -36.360  9.511  12.513 0.0000000000
98658  -36.549  9.275  14.408 0.0000000000
158753  -36.187  10.170  15.678 0.0000000000
156771  -35.316  11.709  15.702 0.0000000000
101966  -33.857  13.048  15.825 0.0000000000
99642  -50.136  10.960  -3.660 0.0000000000
99641  -49.192  10.725  -4.230 0.0000000000
136356  -48.642  10.845  -4.766 0.0000000000
97017  -45.753  7.981  2.730 0.0000000000
97934  -46.013  8.228  0.912 0.0000000000
98803  -44.301  8.938  -0.260 0.0000000000
97957  -45.644  8.550  -0.782 0.0000000000
98834  -46.821  9.242  -1.983 0.0000000000
144319  -47.252  9.910  -2.539 0.0000000000
136715  -47.574  11.209  -4.479 0.0000000000
98887  -47.966  10.795  -5.423 0.0000000000
98895  -46.933  10.730  -5.995 0.0000000000
98893  -45.597  10.392  -6.499 0.0000000000
99674  -44.581  10.913  -7.023 0.0000000000
100430  -44.188  11.143  -5.676 0.0000000000
99684  -44.042  11.171  -7.119 0.0000000000
99683  -43.985  11.280  -7.227 0.0000000000
162779  -43.369  11.851  -7.686 0.0000000000
101263  -42.071  12.226  -7.438 0.0000000000
102121  -41.094  13.429  -7.119 0.0000000000
144511  -37.844  12.915  10.609 0.0000000000
103677  -38.900  14.244  9.273 0.0000000000
103702  -39.360  14.408  7.872 0.0000000000
104451  -41.081  15.280  9.801 0.0000000000
104494  -40.608  15.436  7.897 0.0000000000
103720  -40.226  14.600  6.145 0.0000000000
103737  -40.924  14.747  4.196 0.0000000000
103745  -41.623  15.026  3.101 0.0000000000
103754  -42.519  15.128  1.733 0.0000000000
103684  -46.324  15.003  9.728 0.0000000000
104501  -46.235  15.523  7.717 0.0000000000
104528  -45.477  15.748  6.139 0.0000000000
142277  -46.821  16.579  4.327 0.0000000000
105344  -46.213  16.364  4.766 0.0000000000
105342  -44.763  16.457  4.517 0.0000000000
105370  -43.938  16.903  3.287 0.0000000000
104575  -43.029  16.122  1.316 0.0000000000
103767  -43.242  14.810  0.545 0.0000000000
103775  -43.661  14.871  -0.652 0.0000000000
102961  -43.551  14.570  -3.190 0.0000000000
105416  -44.781  16.587  -2.881 0.0000000000
104616  -44.064  15.772  -3.674 0.0000000000
103798  -43.168  15.069  -4.724 0.0000000000
103809  -42.519  15.572  -7.118 0.0000000000
102987  -41.407  15.261  -8.220 0.0000000000
106125  -43.777  17.875  -4.919 0.0000000000
107540  -48.275  19.464  0.715 0.0000000000
108318  -47.017  20.148  -0.608 0.0000000000
108317  -45.582  20.809  -0.704 0.0000000000
108297  -45.143  20.388  1.636 0.0000000000
140018  -44.711  20.815  0.363 0.0000000000
108989  -43.302  20.989  -1.200 0.0000000000
108314  -42.189  20.766  -1.347 0.0000000000
106799  -41.938  19.066  0.112 0.0000000000
106067  -41.499  18.198  1.284 0.0000000000
108963  -39.688  21.254  1.494 0.0000000000
108961  -38.000  21.177  1.326 0.0000000000
106668  -45.144  19.151  9.102 0.0000000000
136545  -44.021  18.817  8.479 0.0000000000
106681  -42.443  19.050  8.278 0.0000000000
107435  -40.743  19.500  6.829 0.0000000000
107446  -39.453  19.867  6.763 0.0000000000
152514  -37.022  10.536  10.850 0.0000000000
100297  -37.302  11.257  10.375 0.0000000000
100294  -37.163  11.450  11.129 0.0000000000
147731  -48.412  5.947  14.379 0.0000000000
94921  -48.239  5.923  13.660 0.0000000000
146163  -47.178  5.819  14.361 0.0000000000
94920  -46.757  5.812  13.875 0.0000000000
144084  -46.432  5.770  14.493 0.0000000000
93853  -33.168  5.058  18.776 0.0000000000
97892  -46.683  8.197  4.613 0.0000000000
164637  -46.988  8.272  3.500 0.0000000000
97906  -46.578  8.075  3.853 0.0000000000
102073  -42.646  13.200  0.497 0.0000000000
102082  -42.878  13.224  -0.196 0.0000000000
144955  -43.078  13.799  0.137 0.0000000000
103631  -45.317  14.364  12.075 0.0000000000
136667  -45.850  14.668  11.724 0.0000000000
106795  -50.665  18.446  1.001 0.0000000000
106794  -50.478  18.401  0.492 0.0000000000
106801  -50.395  18.742  -0.591 0.0000000000
106821  -50.174  18.795  -2.100 0.0000000000
106810  -50.303  18.836  -1.492 0.0000000000
107558  -50.109  18.982  -1.745 0.0000000000
107549  -50.351  18.956  -1.056 0.0000000000
140758  -44.412  18.404  6.924 0.0000000000
106735  -44.690  18.380  6.057 0.0000000000
106718  -43.562  18.532  7.068 0.0000000000
97834  -41.583  8.236  7.197 0.0000000000
97849  -41.814  8.447  6.528 0.0000000000
97848  -41.129  8.667  6.727 0.0000000000
102040  -39.359  12.848  6.073 0.0000000000
101186  -39.484  12.298  5.736 0.0000000000
102041  -39.650  13.117  5.495 0.0000000000
102048  -39.918  13.020  4.744 0.0000000000
102905  -40.029  13.767  5.050 0.0000000000
103636  -51.552  15.007  12.595 0.0000000000
103652  -51.282  15.047  11.776 0.0000000000
103672  -52.101  15.257  11.506 0.0000000000
106709  -53.813  18.428  7.130 0.0000000000
151265  -53.708  17.953  6.987 0.0000000000
106725  -53.421  19.102  6.294 0.0000000000
106743  -53.149  19.159  5.769 0.0000000000
107439  -53.181  19.447  6.197 0.0000000000
107453  -51.735  19.386  5.190 0.0000000000
107438  -52.020  19.259  6.067 0.0000000000
106672  -48.481  18.735  8.979 0.0000000000
98006  -44.180  8.910  -5.571 0.0000000000
98881  -43.066  9.588  -5.895 0.0000000000
163363  -43.644  10.041  -6.498 0.0000000000
101968  -36.278  12.790  15.699 0.0000000000
149304  -37.686  12.360  15.749 0.0000000000
101969  -37.107  12.956  15.713 0.0000000000
105239  -40.204  16.557  15.873 0.0000000000
104413  -40.478  15.819  15.705 0.0000000000
104414  -41.134  16.343  15.766 0.0000000000
145339  -41.869  15.726  15.789 0.0000000000
105240  -41.986  16.489  15.855 0.0000000000
105218  -47.114  17.167  17.927 0.0000000000
156153  -47.810  16.657  18.020 0.0000000000
98705  -51.635  10.240  6.478 0.0000000000
148355  -50.676  9.682  6.674 0.0000000000
95975  -47.038  6.971  8.653 0.0000000000
95955  -46.571  6.435  9.068 0.0000000000
95017  -45.897  6.172  8.855 0.0000000000
161129  -45.525  5.931  9.297 0.0000000000
93953  -41.497  5.225  11.621 0.0000000000
94958  -41.281  5.635  11.115 0.0000000000
93952  -40.833  5.148  11.500 0.0000000000
94956  -39.864  5.772  11.057 0.0000000000
93951  -40.115  5.224  11.455 0.0000000000
151974  -41.358  6.248  21.142 0.0000000000
92807  -41.949  2.956  18.557 0.0000000000
91886  -42.167  2.988  17.643 0.0000000000
91887  -42.834  3.274  17.515 0.0000000000
157676  -41.887  3.206  16.371 0.0000000000
91897  -40.868  2.857  16.509 0.0000000000
96837  -35.192  7.107  15.079 0.0000000000
157710  -35.297  7.798  15.098 0.0000000000
96836  -34.699  7.576  15.435 0.0000000000
98836  -48.087  9.784  -1.496 0.0000000000
136608  -43.906  8.660  1.833 0.0000000000
98773  -43.320  9.125  1.663 0.0000000000
98844  -44.092  9.710  -2.800 0.0000000000
98845  -44.874  9.367  -2.526 0.0000000000
98858  -44.728  9.794  -3.237 0.0000000000
102110  -42.822  13.170  -4.586 0.0000000000
150262  -42.796  12.526  -5.080 0.0000000000
102974  -42.769  13.992  -5.226 0.0000000000
102828  -40.744  13.466  12.641 0.0000000000
102838  -39.964  13.632  12.188 0.0000000000
146859  -40.587  14.021  11.854 0.0000000000
104498  -43.781  15.506  7.367 0.0000000000
163832  -43.082  15.680  7.253 0.0000000000
104513  -43.488  15.725  6.639 0.0000000000
104525  -42.955  16.003  5.382 0.0000000000
104540  -43.755  16.099  5.189 0.0000000000
104518  -49.011  16.413  7.027 0.0000000000
104517  -48.317  16.120  6.514 0.0000000000
105333  -48.392  16.329  5.733 0.0000000000
106080  -45.573  17.667  0.475 0.0000000000
163979  -45.820  17.632  1.742 0.0000000000
106079  -44.753  17.383  0.823 0.0000000000
106090  -44.977  17.437  -0.057 0.0000000000
105402  -44.648  16.880  -0.477 0.0000000000
106102  -45.171  17.407  -0.824 0.0000000000
150290  -44.412  17.442  -5.920 0.0000000000
106134  -43.803  17.348  -6.546 0.0000000000
105437  -43.413  17.290  -6.957 0.0000000000
106133  -43.370  17.368  -6.903 0.0000000000
145131  -43.745  17.542  -6.162 0.0000000000
107555  -44.393  20.392  -2.287 0.0000000000
107563  -44.078  19.747  -2.448 0.0000000000
107554  -43.518  20.331  -1.854 0.0000000000
107487  -47.328  19.360  3.907 0.0000000000
107518  -46.923  19.860  2.871 0.0000000000
141952  -46.931  19.606  3.497 0.0000000000
108281  -42.945  20.774  2.060 0.0000000000
108966  -42.123  21.088  1.242 0.0000000000
108976  -42.061  21.171  0.168 0.0000000000
108965  -41.528  21.127  1.348 0.0000000000
108974  -40.374  20.986  -0.029 0.0000000000
141951  -39.370  20.561  4.364 0.0000000000
139866  -39.033  9.386  8.124 0.0000000000
98683  -38.449  9.540  8.682 0.0000000000
101169  -37.934  11.983  9.183 0.0000000000
152045  -38.159  11.529  8.625 0.0000000000
101175  -38.285  12.265  8.485 0.0000000000
101176  -38.555  12.161  7.680 0.0000000000
102027  -38.499  12.771  8.025 0.0000000000
105270  -52.059  16.159  11.097 0.0000000000
106661  -53.459  18.822  10.252 0.0000000000
106675  -53.558  19.013  9.459 0.0000000000
105982  -53.855  18.133  8.791 0.0000000000
107409  -53.401  19.617  9.464 0.0000000000
107389  -52.582  20.557  10.595 0.0000000000
147298  -45.955  8.952  -5.284 0.0000000000
103581  -35.082  14.885  16.914 0.0000000000
103594  -35.482  15.054  16.280 0.0000000000
104390  -35.751  15.388  17.075 0.0000000000
138330  -47.473  5.885  12.127 0.0000000000
94947  -46.887  5.782  11.591 0.0000000000
94963  -46.300  5.716  11.115 0.0000000000
94946  -46.280  5.728  11.739 0.0000000000
94930  -44.365  5.559  13.457 0.0000000000
94944  -44.444  5.702  12.576 0.0000000000
93933  -43.654  5.410  13.130 0.0000000000
93932  -42.833  5.195  12.819 0.0000000000
93919  -43.063  4.979  13.636 0.0000000000
92833  -34.872  3.805  16.395 0.0000000000
159505  -34.154  4.535  16.153 0.0000000000
93896  -33.982  5.268  15.915 0.0000000000
145674  -33.415  5.746  16.100 0.0000000000
94898  -32.902  6.981  16.025 0.0000000000
94890  -32.894  6.296  16.295 0.0000000000
96828  -31.317  7.466  16.762 0.0000000000
96821  -30.284  7.742  17.294 0.0000000000
99573  -42.109  11.071  1.294 0.0000000000
143752  -42.752  10.276  0.926 0.0000000000
100369  -42.473  11.017  0.717 0.0000000000
100385  -42.713  11.341  -0.672 0.0000000000
100395  -42.807  11.147  -1.597 0.0000000000
145822  -43.160  10.381  -1.711 0.0000000000
99621  -42.994  10.691  -2.274 0.0000000000
101239  -42.713  11.953  -1.935 0.0000000000
102094  -42.923  13.220  -1.740 0.0000000000
147649  -42.735  12.620  -2.123 0.0000000000
102100  -42.816  13.106  -2.692 0.0000000000
102831  -43.325  13.415  13.001 0.0000000000
102841  -42.814  13.731  12.447 0.0000000000
102853  -43.362  13.923  12.170 0.0000000000
103683  -44.944  14.770  9.965 0.0000000000
103667  -44.369  14.716  10.478 0.0000000000
161727  -44.865  14.843  9.286 0.0000000000
103694  -44.460  14.960  8.779 0.0000000000
103695  -45.226  14.970  8.728 0.0000000000
105363  -49.931  17.267  3.989 0.0000000000
105362  -49.187  17.182  3.737 0.0000000000
150563  -49.379  17.581  2.868 0.0000000000
106083  -48.644  18.031  0.157 0.0000000000
106082  -47.534  17.774  0.428 0.0000000000
106093  -47.542  17.946  -1.202 0.0000000000
106829  -49.471  19.053  -2.952 0.0000000000
106828  -48.752  18.643  -3.247 0.0000000000
136564  -47.173  18.802  -5.339 0.0000000000
106845  -47.664  18.999  -4.884 0.0000000000
106853  -47.036  19.007  -5.616 0.0000000000
107582  -47.592  19.211  -4.900 0.0000000000
107556  -47.961  19.849  -2.135 0.0000000000
108341  -47.097  20.107  -3.540 0.0000000000
108332  -46.902  20.386  -2.439 0.0000000000
108331  -46.034  20.776  -3.059 0.0000000000
160787  -46.082  20.831  -2.304 0.0000000000
106756  -46.405  18.711  4.742 0.0000000000
107467  -45.977  18.940  4.342 0.0000000000
107466  -44.084  18.894  4.831 0.0000000000
107484  -44.519  19.243  4.095 0.0000000000
108262  -43.223  19.980  3.502 0.0000000000
107482  -42.800  19.680  4.146 0.0000000000
108261  -42.164  20.096  3.669 0.0000000000
107449  -41.916  19.338  5.827 0.0000000000
107464  -42.061  19.473  5.164 0.0000000000
107463  -41.270  19.719  5.422 0.0000000000
108232  -40.557  19.998  5.343 0.0000000000
139931  -41.325  19.453  6.183 0.0000000000
96968  -43.975  7.699  5.841 0.0000000000
96983  -44.142  7.917  5.150 0.0000000000
97865  -43.443  8.146  5.353 0.0000000000
97876  -42.233  8.846  5.138 0.0000000000
97877  -42.905  8.544  4.869 0.0000000000
98730  -42.427  9.023  4.435 0.0000000000
98745  -42.562  9.120  3.692 0.0000000000
98744  -41.902  9.457  3.965 0.0000000000
99517  -39.591  9.971  7.001 0.0000000000
158948  -40.412  9.636  6.078 0.0000000000
98714  -39.971  10.183  6.228 0.0000000000
100337  -40.407  11.000  4.339 0.0000000000
99533  -40.500  10.316  4.822 0.0000000000
99552  -40.842  10.817  3.596 0.0000000000
99544  -41.384  10.063  3.542 0.0000000000
100353  -41.268  10.787  2.919 0.0000000000
157337  -41.652  10.802  2.277 0.0000000000
100352  -40.916  11.510  3.048 0.0000000000
102059  -40.831  12.997  2.893 0.0000000000
102924  -41.262  13.666  2.429 0.0000000000
161595  -41.672  13.492  1.949 0.0000000000
103634  -48.279  14.765  12.518 0.0000000000
159834  -47.810  14.816  11.776 0.0000000000
161759  -48.585  14.762  11.936 0.0000000000
104470  -49.826  15.756  9.930 0.0000000000
139568  -48.826  15.671  9.866 0.0000000000
105301  -49.376  16.312  8.518 0.0000000000
157418  -52.368  16.396  9.876 0.0000000000
105290  -52.187  16.209  9.461 0.0000000000
105995  -51.609  16.950  7.196 0.0000000000
105326  -50.860  16.815  6.691 0.0000000000
105336  -51.069  17.221  5.886 0.0000000000
105349  -50.490  16.940  5.190 0.0000000000
106026  -51.422  17.623  5.026 0.0000000000
106771  -52.381  18.748  3.912 0.0000000000
106035  -52.336  18.399  3.912 0.0000000000
106770  -51.974  18.817  3.494 0.0000000000
106061  -50.862  18.413  2.296 0.0000000000
107507  -50.737  19.082  2.479 0.0000000000
138378  -50.379  19.195  1.943 0.0000000000
136222  -50.768  19.190  3.113 0.0000000000
106760  -50.625  19.173  5.025 0.0000000000
107471  -49.389  19.471  4.427 0.0000000000
106759  -48.780  18.734  4.881 0.0000000000
106707  -51.420  19.291  7.673 0.0000000000
106705  -48.877  18.376  7.317 0.0000000000
155050  -49.527  18.746  6.503 0.0000000000
106722  -48.473  18.354  6.203 0.0000000000
158123  -48.437  18.520  5.396 0.0000000000
106721  -47.557  18.453  6.282 0.0000000000
164504  -47.279  18.508  8.511 0.0000000000
106686  -46.693  18.398  8.249 0.0000000000
106702  -46.109  18.397  7.986 0.0000000000
106685  -46.051  18.552  8.577 0.0000000000
99662  -42.428  9.959  -5.620 0.0000000000
100428  -41.397  11.076  -5.651 0.0000000000
99483  -37.456  10.267  14.435 0.0000000000
156211  -37.793  10.785  13.989 0.0000000000
99484  -38.149  10.597  14.992 0.0000000000
100271  -39.278  11.051  15.549 0.0000000000
100277  -39.514  10.907  15.413 0.0000000000
100278  -40.050  10.995  15.376 0.0000000000
101129  -40.320  11.381  14.772 0.0000000000
100273  -40.693  11.246  15.502 0.0000000000
102810  -38.109  14.010  15.698 0.0000000000
148544  -38.723  14.635  15.716 0.0000000000
154967  -41.022  13.231  15.813 0.0000000000
101974  -41.621  12.148  15.958 0.0000000000
147933  -41.697  11.671  15.832 0.0000000000
101119  -42.072  11.941  15.843 0.0000000000
101132  -42.688  11.839  15.284 0.0000000000
101120  -42.649  11.987  15.794 0.0000000000
147182  -44.195  13.350  16.312 0.0000000000
160244  -44.368  12.597  16.251 0.0000000000
101978  -44.573  12.462  15.861 0.0000000000
102820  -45.138  12.697  15.441 0.0000000000
102815  -45.064  13.029  16.136 0.0000000000
158694  -43.494  18.143  17.818 0.0000000000
105917  -42.260  17.791  17.171 0.0000000000
163646  -43.033  17.477  16.632 0.0000000000
105242  -43.563  16.411  16.193 0.0000000000
105227  -43.892  17.063  16.543 0.0000000000
104418  -46.367  15.021  16.584 0.0000000000
104417  -45.756  14.735  16.405 0.0000000000
103606  -46.159  14.395  16.241 0.0000000000
102822  -46.321  13.844  15.327 0.0000000000
102818  -46.956  14.287  15.487 0.0000000000
103613  -47.733  14.471  15.332 0.0000000000
103609  -49.970  15.059  16.389 0.0000000000
138392  -50.073  14.950  15.555 0.0000000000
140382  -50.844  14.967  14.788 0.0000000000
103615  -51.070  15.294  15.305 0.0000000000
98733  -50.737  10.030  4.847 0.0000000000
98718  -49.147  9.405  6.043 0.0000000000
98731  -48.937  9.324  5.374 0.0000000000
98717  -48.484  9.058  5.711 0.0000000000
137764  -47.864  8.865  5.323 0.0000000000
97851  -47.878  8.774  6.162 0.0000000000
97806  -49.443  8.235  8.973 0.0000000000
138150  -49.770  7.892  9.607 0.0000000000
149186  -50.520  8.679  8.408 0.0000000000
137601  -49.496  8.804  7.900 0.0000000000
98692  -49.538  9.152  7.345 0.0000000000
97819  -48.546  8.161  8.011 0.0000000000
96938  -47.166  7.772  7.512 0.0000000000
96955  -46.795  7.887  6.779 0.0000000000
96972  -47.118  8.354  6.177 0.0000000000
96954  -46.156  7.508  6.697 0.0000000000
138382  -45.493  7.384  6.344 0.0000000000
96004  -45.032  6.934  6.934 0.0000000000
95987  -43.766  6.646  7.872 0.0000000000
96002  -43.972  6.872  7.211 0.0000000000
157836  -43.062  6.991  7.819 0.0000000000
96935  -42.669  7.451  7.448 0.0000000000
96922  -42.431  7.116  8.163 0.0000000000
95001  -44.320  5.835  9.639 0.0000000000
141292  -44.084  5.808  10.216 0.0000000000
95935  -41.442  6.455  10.059 0.0000000000
152726  -41.126  6.770  9.566 0.0000000000
95968  -41.193  7.107  8.956 0.0000000000
96902  -40.547  7.365  8.912 0.0000000000
96919  -40.182  7.707  8.677 0.0000000000
96901  -39.977  7.390  9.223 0.0000000000
148067  -47.909  5.875  17.073 0.0000000000
95818  -43.916  6.768  21.470 0.0000000000
95819  -44.738  6.643  21.447 0.0000000000
95820  -45.580  6.563  21.397 0.0000000000
94837  -45.124  5.767  21.031 0.0000000000
92759  -40.392  4.632  20.742 0.0000000000
93817  -41.894  4.896  21.022 0.0000000000
92760  -41.721  4.228  20.786 0.0000000000
92794  -43.776  3.829  19.417 0.0000000000
92776  -43.515  4.042  20.098 0.0000000000
92777  -44.256  4.173  19.886 0.0000000000
93840  -45.332  4.824  20.094 0.0000000000
93858  -45.694  4.593  19.530 0.0000000000
158536  -46.534  4.973  19.718 0.0000000000
92796  -45.197  4.142  19.146 0.0000000000
158393  -44.537  4.051  17.406 0.0000000000
92824  -45.202  4.318  17.491 0.0000000000
92839  -45.282  4.727  16.791 0.0000000000
93889  -45.691  5.063  16.453 0.0000000000
93888  -45.051  4.884  16.226 0.0000000000
93900  -44.813  5.006  15.552 0.0000000000
92852  -44.412  4.587  15.990 0.0000000000
91923  -41.455  3.623  14.887 0.0000000000
92863  -42.771  4.245  14.864 0.0000000000
156019  -41.511  3.918  14.250 0.0000000000
92872  -41.913  4.305  13.880 0.0000000000
92871  -41.203  4.038  13.726 0.0000000000
96850  -35.959  7.411  13.499 0.0000000000
95907  -36.609  7.230  12.236 0.0000000000
96857  -36.239  7.946  12.760 0.0000000000
142267  -36.361  8.782  12.165 0.0000000000
97774  -36.136  8.816  13.007 0.0000000000
98660  -36.371  9.412  13.364 0.0000000000
97769  -36.093  8.791  13.868 0.0000000000
98652  -35.730  9.614  15.633 0.0000000000
98653  -36.481  9.609  15.451 0.0000000000
97756  -32.840  8.535  15.844 0.0000000000
143166  -33.348  9.008  15.769 0.0000000000
98649  -32.694  9.343  15.862 0.0000000000
101111  -32.796  12.215  15.951 0.0000000000
101112  -33.515  12.281  15.783 0.0000000000
101965  -33.137  12.870  15.965 0.0000000000
102798  -33.872  14.089  16.545 0.0000000000
99643  -50.953  11.322  -3.591 0.0000000000
99625  -50.167  11.180  -3.198 0.0000000000
137918  -48.803  10.611  -3.349 0.0000000000
96996  -44.740  8.173  3.612 0.0000000000
97008  -45.315  8.021  3.325 0.0000000000
97905  -44.815  8.242  2.812 0.0000000000
138386  -45.215  8.219  1.473 0.0000000000
156915  -43.357  9.841  0.166 0.0000000000
98802  -43.715  9.251  0.406 0.0000000000
98833  -45.387  9.054  -2.067 0.0000000000
97965  -45.506  8.756  -1.499 0.0000000000
97966  -46.279  8.741  -1.434 0.0000000000
98847  -46.600  9.702  -2.608 0.0000000000
99638  -46.840  10.724  -4.037 0.0000000000
99655  -47.765  11.045  -5.328 0.0000000000
99666  -47.490  10.882  -5.723 0.0000000000
99665  -47.102  10.915  -5.844 0.0000000000
99663  -45.655  11.106  -5.982 0.0000000000
99676  -46.257  10.807  -6.218 0.0000000000
100432  -45.800  10.889  -6.339 0.0000000000
99675  -45.368  10.784  -6.724 0.0000000000
100423  -43.445  10.995  -4.620 0.0000000000
100439  -43.816  11.577  -7.007 0.0000000000
149393  -44.137  11.301  -6.732 0.0000000000
100445  -43.524  11.736  -7.467 0.0000000000
99682  -43.513  11.386  -7.276 0.0000000000
141263  -42.218  13.681  -7.534 0.0000000000
152569  -42.794  12.437  -8.061 0.0000000000
101268  -42.297  12.903  -7.965 0.0000000000
101267  -41.724  12.965  -7.545 0.0000000000
102126  -41.690  13.634  -7.691 0.0000000000
101142  -38.091  12.342  12.384 0.0000000000
101145  -37.854  12.511  11.817 0.0000000000
101996  -38.345  12.907  11.992 0.0000000000
103641  -39.480  14.365  10.534 0.0000000000
102866  -38.877  14.046  10.430 0.0000000000
103661  -39.315  14.503  9.895 0.0000000000
103691  -39.142  14.389  8.579 0.0000000000
103692  -39.740  14.860  8.475 0.0000000000
103665  -42.360  14.853  10.558 0.0000000000
103664  -41.572  15.085  10.256 0.0000000000
104464  -41.654  15.443  9.476 0.0000000000
141458  -41.843  15.754  7.088 0.0000000000
140036  -41.134  15.658  8.075 0.0000000000
104495  -41.090  15.568  7.348 0.0000000000
103704  -40.467  15.179  7.268 0.0000000000
103721  -40.840  15.034  5.915 0.0000000000
104523  -41.523  15.511  5.755 0.0000000000
139740  -42.477  16.093  4.193 0.0000000000
146641  -41.912  15.637  4.385 0.0000000000
104559  -42.137  15.523  2.931 0.0000000000
103753  -41.968  14.858  2.242 0.0000000000
104567  -42.374  15.456  2.335 0.0000000000
103669  -47.399  15.077  10.385 0.0000000000
153148  -46.807  14.988  10.229 0.0000000000
103685  -47.140  15.214  9.726 0.0000000000
104502  -46.863  15.660  7.755 0.0000000000
104515  -46.448  15.676  7.057 0.0000000000
138303  -45.818  15.638  6.727 0.0000000000
105360  -47.751  16.711  4.265 0.0000000000
105372  -45.611  17.108  3.517 0.0000000000
105359  -45.966  16.663  4.184 0.0000000000
105358  -45.173  16.727  4.054 0.0000000000
105343  -45.469  16.328  4.809 0.0000000000
105357  -44.390  16.720  3.948 0.0000000000
105371  -44.214  17.231  2.743 0.0000000000
105395  -44.145  16.741  0.734 0.0000000000
105387  -43.648  16.697  1.485 0.0000000000
104576  -43.464  16.165  0.661 0.0000000000
104584  -43.099  15.532  0.818 0.0000000000
103768  -43.541  14.804  -0.039 0.0000000000
104593  -43.712  15.480  -0.496 0.0000000000
104601  -44.388  16.027  -1.493 0.0000000000
144014  -43.961  15.603  -1.689 0.0000000000
152871  -43.734  15.082  -2.000 0.0000000000
103786  -43.716  15.139  -2.855 0.0000000000
106103  -46.327  17.785  -2.094 0.0000000000
105408  -45.422  17.377  -1.807 0.0000000000
105417  -45.300  17.166  -2.894 0.0000000000
104626  -44.326  16.455  -5.411 0.0000000000
104625  -43.611  15.760  -4.992 0.0000000000
103797  -42.811  14.911  -5.549 0.0000000000
104645  -41.779  15.606  -7.904 0.0000000000
104638  -41.318  15.596  -7.764 0.0000000000
102981  -41.128  14.911  -7.783 0.0000000000
104631  -41.177  15.762  -6.726 0.0000000000
106844  -44.910  18.926  -5.275 0.0000000000
106843  -44.217  18.402  -4.416 0.0000000000
106111  -43.491  18.107  -2.637 0.0000000000
106110  -43.155  17.486  -3.045 0.0000000000
107532  -49.281  19.584  1.084 0.0000000000
108299  -46.523  20.157  1.605 0.0000000000
108309  -46.546  20.235  0.511 0.0000000000
143334  -46.163  20.482  -0.375 0.0000000000
108308  -45.552  20.561  0.228 0.0000000000
107501  -45.627  19.556  3.419 0.0000000000
108273  -45.743  19.899  2.863 0.0000000000
108283  -45.105  20.198  2.364 0.0000000000
108307  -43.901  20.995  0.495 0.0000000000
153508  -44.522  20.680  1.170 0.0000000000
108984  -44.052  21.019  -0.408 0.0000000000
108315  -42.721  20.787  -1.488 0.0000000000
108988  -42.503  20.937  -1.152 0.0000000000
107537  -41.029  20.718  -0.698 0.0000000000
107530  -41.418  19.812  -0.133 0.0000000000
106793  -41.543  18.999  0.741 0.0000000000
108294  -39.594  20.803  0.059 0.0000000000
107528  -39.310  20.266  0.677 0.0000000000
146433  -38.007  20.291  0.543 0.0000000000
108268  -40.841  20.678  3.084 0.0000000000
108953  -40.917  20.918  2.487 0.0000000000
108952  -40.271  21.026  2.475 0.0000000000
108950  -37.897  21.295  2.287 0.0000000000
144065  -38.627  21.302  2.157 0.0000000000
108960  -37.110  21.116  1.223 0.0000000000
108290  -36.638  20.752  0.566 0.0000000000
107419  -43.459  19.214  8.962 0.0000000000
106682  -43.170  18.937  8.431 0.0000000000
107418  -42.680  19.265  8.894 0.0000000000
148607  -41.306  19.355  8.538 0.0000000000
107434  -39.960  19.647  7.237 0.0000000000
98675  -37.581  9.922  9.689 0.0000000000
99504  -38.133  10.284  8.816 0.0000000000
99499  -37.711  10.407  9.396 0.0000000000
101162  -37.509  11.702  9.810 0.0000000000
101152  -37.686  12.497  9.887 0.0000000000
105966  -51.834  17.385  10.929 0.0000000000
106654  -52.896  18.880  10.955 0.0000000000
107390  -53.372  20.286  10.735 0.0000000000
98885  -46.577  9.892  -5.841 0.0000000000
163948  -35.694  13.771  19.872 0.0000000000
104384  -36.124  15.054  18.524 0.0000000000
155059  -48.071  5.945  12.817 0.0000000000
94933  -47.248  5.811  12.797 0.0000000000
138541  -46.670  5.787  13.186 0.0000000000
158358  -45.472  5.703  13.499 0.0000000000
94918  -44.954  5.591  13.772 0.0000000000
93876  -33.032  5.345  17.501 0.0000000000
94889  -32.428  6.220  16.791 0.0000000000
94881  -32.541  5.733  17.365 0.0000000000
97908  -48.306  8.769  3.555 0.0000000000
97907  -47.533  8.597  3.536 0.0000000000
139269  -47.113  8.342  2.880 0.0000000000
137860  -46.514  8.070  2.354 0.0000000000
101215  -41.942  12.335  1.382 0.0000000000
152309  -42.320  11.832  0.561 0.0000000000
101216  -42.377  12.447  0.837 0.0000000000
152449  -42.644  12.437  0.166 0.0000000000
102088  -42.996  13.246  -0.921 0.0000000000
102948  -43.408  13.818  -1.218 0.0000000000
102833  -44.737  13.675  13.181 0.0000000000
102842  -44.071  14.267  11.798 0.0000000000
103630  -44.777  14.373  11.751 0.0000000000
146143  -45.218  14.585  11.404 0.0000000000
147769  -45.648  14.849  10.255 0.0000000000
136769  -50.383  17.674  2.029 0.0000000000
106059  -49.381  17.837  2.026 0.0000000000
106084  -49.294  18.174  0.641 0.0000000000
106808  -48.991  18.389  -0.754 0.0000000000
106807  -48.529  18.310  -1.468 0.0000000000
154646  -49.417  18.555  -1.570 0.0000000000
139307  -49.989  18.698  -2.614 0.0000000000
106839  -49.869  18.834  -2.778 0.0000000000
106838  -49.120  19.075  -3.402 0.0000000000
107567  -49.759  19.117  -2.581 0.0000000000
107557  -49.094  19.480  -1.784 0.0000000000
140438  -47.783  19.811  -1.283 0.0000000000
106736  -45.527  18.382  5.804 0.0000000000
106753  -44.178  18.508  5.548 0.0000000000
107451  -43.413  18.695  5.545 0.0000000000
107465  -42.930  19.258  4.856 0.0000000000
107437  -42.379  19.007  6.289 0.0000000000
97850  -42.521  8.198  6.313 0.0000000000
97863  -42.025  8.647  5.833 0.0000000000
98716  -41.559  9.158  5.402 0.0000000000
100323  -39.218  11.379  6.622 0.0000000000
100324  -39.688  10.962  5.977 0.0000000000
100331  -39.719  11.615  5.466 0.0000000000
100336  -39.994  11.637  4.772 0.0000000000
100345  -40.212  11.779  4.174 0.0000000000
101199  -40.287  12.410  3.756 0.0000000000
102054  -40.397  13.253  3.588 0.0000000000
144536  -40.567  14.111  3.857 0.0000000000
103635  -49.464  14.701  12.480 0.0000000000
103651  -49.257  14.816  11.641 0.0000000000
104438  -50.123  14.853  11.260 0.0000000000
105305  -53.942  17.591  8.438 0.0000000000
105304  -52.767  16.986  8.771 0.0000000000
105316  -52.996  17.387  8.040 0.0000000000
106007  -52.851  17.779  6.431 0.0000000000
106027  -52.470  18.078  4.613 0.0000000000
106017  -52.873  18.294  5.715 0.0000000000
107475  -52.579  18.910  4.444 0.0000000000
137679  -52.250  19.015  3.882 0.0000000000
107473  -51.572  19.392  4.193 0.0000000000
106689  -50.119  18.672  8.337 0.0000000000
155099  -48.209  18.348  7.809 0.0000000000
106687  -47.963  18.494  8.420 0.0000000000
100269  -37.738  10.909  15.672 0.0000000000
99476  -38.077  10.571  15.415 0.0000000000
101116  -38.056  11.569  15.778 0.0000000000
149159  -38.935  12.152  15.787 0.0000000000
104411  -38.991  15.996  15.806 0.0000000000
164263  -39.061  14.986  15.726 0.0000000000
103599  -40.016  15.199  15.722 0.0000000000
103600  -40.684  15.052  15.727 0.0000000000
148537  -41.347  14.348  15.748 0.0000000000
102813  -42.841  12.958  16.132 0.0000000000
148536  -42.310  14.078  15.848 0.0000000000
147570  -43.220  13.825  16.079 0.0000000000
103603  -43.651  14.628  16.085 0.0000000000
105918  -44.386  17.659  17.034 0.0000000000
155432  -44.546  16.954  16.685 0.0000000000
105931  -45.179  17.058  16.965 0.0000000000
140876  -46.497  15.715  16.984 0.0000000000
104401  -47.175  15.248  16.929 0.0000000000
103583  -47.970  14.951  16.769 0.0000000000
104393  -48.090  15.541  17.342 0.0000000000
104402  -48.789  15.237  17.288 0.0000000000
143886  -50.248  9.682  5.271 0.0000000000
98720  -50.880  10.090  5.750 0.0000000000
98719  -50.029  9.606  5.948 0.0000000000
96903  -48.394  7.474  9.163 0.0000000000
96925  -48.804  7.937  8.712 0.0000000000
96923  -47.452  7.551  8.237 0.0000000000
95991  -46.776  7.256  7.988 0.0000000000
95990  -46.071  6.938  7.770 0.0000000000
95989  -45.353  6.742  7.618 0.0000000000
95973  -45.645  6.513  8.250 0.0000000000
147837  -45.022  6.440  8.098 0.0000000000
95972  -44.444  6.265  8.297 0.0000000000
94959  -42.577  5.808  11.208 0.0000000000
94982  -42.590  6.052  10.468 0.0000000000
94981  -41.860  6.013  10.667 0.0000000000
94980  -40.999  6.037  10.541 0.0000000000
95934  -40.638  6.550  9.981 0.0000000000
95933  -39.885  6.626  10.161 0.0000000000
94979  -40.246  6.082  10.531 0.0000000000
92792  -40.892  3.099  19.633 0.0000000000
140383  -41.514  3.604  20.221 0.0000000000
138007  -41.743  3.140  19.417 0.0000000000
91870  -42.586  3.318  19.146 0.0000000000
91871  -43.276  3.511  18.890 0.0000000000
92809  -44.782  3.941  18.769 0.0000000000
91876  -43.406  3.453  18.092 0.0000000000
91888  -43.464  3.614  17.298 0.0000000000
92837  -43.545  3.917  16.544 0.0000000000
92851  -43.701  4.289  15.810 0.0000000000
91912  -42.443  3.437  16.213 0.0000000000
91911  -41.854  3.450  15.678 0.0000000000
139036  -41.138  3.301  15.494 0.0000000000
95893  -36.203  6.556  13.694 0.0000000000
95892  -35.807  7.003  14.156 0.0000000000
96849  -35.792  7.694  14.035 0.0000000000
97763  -36.093  8.825  14.749 0.0000000000
97762  -35.618  8.321  14.933 0.0000000000
136406  -35.096  9.030  15.556 0.0000000000
99624  -49.205  10.662  -2.724 0.0000000000
99611  -48.407  10.371  -2.360 0.0000000000
99623  -48.148  10.501  -3.050 0.0000000000
144882  -44.115  8.528  2.488 0.0000000000
97933  -44.463  8.487  1.266 0.0000000000
97945  -44.345  8.676  0.498 0.0000000000
98831  -44.017  9.425  -1.366 0.0000000000
98817  -44.351  9.146  -0.905 0.0000000000
146580  -44.261  9.415  -2.061 0.0000000000
98846  -45.784  9.490  -2.602 0.0000000000
99637  -46.052  10.807  -3.996 0.0000000000
99653  -45.904  11.124  -5.042 0.0000000000
160944  -45.129  11.199  -6.026 0.0000000000
101252  -42.894  11.818  -4.866 0.0000000000
101258  -43.344  12.365  -6.490 0.0000000000
102122  -43.019  13.009  -7.446 0.0000000000
146462  -39.446  12.766  12.967 0.0000000000
101997  -38.862  13.220  12.091 0.0000000000
102837  -39.291  13.650  11.838 0.0000000000
102849  -39.903  14.057  11.530 0.0000000000
148959  -40.455  14.700  10.706 0.0000000000
104466  -43.074  15.344  8.572 0.0000000000
104465  -42.346  15.525  9.021 0.0000000000
104497  -42.443  15.752  7.543 0.0000000000
104511  -42.020  15.778  6.336 0.0000000000
104524  -42.216  15.846  5.608 0.0000000000
159964  -42.967  16.402  3.912 0.0000000000
104486  -47.940  15.780  8.506 0.0000000000
104485  -47.212  15.638  8.432 0.0000000000
104503  -47.637  15.827  7.725 0.0000000000
104516  -47.696  15.913  6.863 0.0000000000
104530  -46.981  16.044  5.655 0.0000000000
106057  -47.347  17.456  2.042 0.0000000000
106045  -46.862  17.317  2.824 0.0000000000
106056  -46.361  17.552  2.049 0.0000000000
106055  -45.486  17.517  2.186 0.0000000000
106043  -44.785  17.387  2.504 0.0000000000
106068  -44.800  17.419  1.732 0.0000000000
104586  -44.067  16.189  -0.073 0.0000000000
106119  -45.619  17.686  -4.299 0.0000000000
105423  -45.070  17.029  -3.783 0.0000000000
105431  -44.991  17.292  -5.043 0.0000000000
105430  -44.612  16.924  -5.497 0.0000000000
104633  -43.747  16.853  -6.610 0.0000000000
104641  -43.151  17.089  -7.346 0.0000000000
105441  -42.341  16.485  -7.172 0.0000000000
104632  -41.724  16.142  -6.313 0.0000000000
105436  -42.702  17.158  -6.252 0.0000000000
107565  -45.413  20.344  -3.887 0.0000000000
106835  -44.489  19.155  -3.952 0.0000000000
106827  -44.210  19.207  -3.009 0.0000000000
106826  -43.812  18.788  -2.430 0.0000000000
107504  -48.424  19.342  2.828 0.0000000000
107531  -48.047  19.540  1.591 0.0000000000
107519  -47.795  19.597  2.487 0.0000000000
108286  -47.111  19.861  2.050 0.0000000000
108271  -44.090  20.031  3.050 0.0000000000
156038  -44.483  20.225  2.540 0.0000000000
108282  -43.835  20.440  2.319 0.0000000000
108977  -43.009  21.166  0.426 0.0000000000
108982  -42.248  21.081  -0.605 0.0000000000
108306  -40.212  20.814  -0.236 0.0000000000
108305  -40.014  20.841  -0.093 0.0000000000
108973  -39.933  21.066  0.460 0.0000000000
108267  -40.139  20.819  3.261 0.0000000000
108266  -39.424  20.889  3.505 0.0000000000
149395  -37.563  21.201  2.766 0.0000000000
108941  -37.135  21.070  3.161 0.0000000000
108256  -37.023  20.861  4.103 0.0000000000
97832  -40.272  8.637  7.547 0.0000000000
97847  -40.493  8.894  6.940 0.0000000000
98691  -39.944  9.244  7.249 0.0000000000
98690  -39.449  9.512  7.558 0.0000000000
99516  -39.114  10.692  7.146 0.0000000000
100311  -38.297  10.877  8.409 0.0000000000
100312  -38.685  10.774  7.776 0.0000000000
101180  -38.909  12.171  6.993 0.0000000000
102033  -39.123  13.022  6.706 0.0000000000
104439  -52.126  15.478  11.506 0.0000000000
104440  -52.194  16.026  10.786 0.0000000000
105975  -53.166  17.679  9.993 0.0000000000
105292  -53.671  17.508  9.038 0.0000000000
106692  -54.051  18.221  8.023 0.0000000000
106708  -53.676  19.087  7.666 0.0000000000
107408  -52.323  19.401  9.282 0.0000000000
106674  -50.766  19.196  9.074 0.0000000000
107407  -50.132  19.412  9.586 0.0000000000
107387  -49.590  19.723  9.905 0.0000000000
159992  -44.461  9.702  -6.382 0.0000000000
102807  -35.417  14.515  15.911 0.0000000000
145419  -36.468  13.705  15.695 0.0000000000
103595  -36.069  15.009  15.960 0.0000000000
164672  -36.574  15.136  15.877 0.0000000000
104409  -37.462  15.921  16.003 0.0000000000
104391  -36.470  15.633  17.663 0.0000000000
104399  -36.954  16.047  16.793 0.0000000000
105236  -38.055  16.351  16.075 0.0000000000
94985  -47.730  6.268  10.734 0.0000000000
137539  -46.383  5.857  10.263 0.0000000000
95002  -45.561  5.761  9.918 0.0000000000
136968  -45.604  5.633  10.701 0.0000000000
94962  -44.913  5.691  11.155 0.0000000000
94945  -45.329  5.741  12.345 0.0000000000
137150  -44.923  5.746  11.873 0.0000000000
94960  -43.445  5.748  11.475 0.0000000000
94942  -42.806  5.541  12.020 0.0000000000
163360  -42.314  5.260  12.353 0.0000000000
93942  -41.753  5.040  12.203 0.0000000000
94833  -40.080  6.023  21.146 0.0000000000
93815  -39.839  5.335  20.953 0.0000000000
92758  -39.629  4.724  20.729 0.0000000000
92772  -39.804  3.957  20.384 0.0000000000
136736  -38.459  3.977  20.063 0.0000000000
92791  -40.001  3.171  19.701 0.0000000000
158200  -39.320  3.023  19.352 0.0000000000
95876  -34.616  6.645  15.438 0.0000000000
96835  -33.864  7.725  15.682 0.0000000000
160897  -33.423  7.196  15.828 0.0000000000
96833  -32.321  7.971  16.017 0.0000000000
95861  -31.807  6.723  16.903 0.0000000000
97749  -31.490  8.752  16.384 0.0000000000
99564  -42.404  10.074  1.877 0.0000000000
98786  -42.847  9.766  1.380 0.0000000000
99595  -43.187  10.211  -0.312 0.0000000000
99594  -42.769  10.854  -0.095 0.0000000000
99610  -43.472  10.003  -1.097 0.0000000000
99635  -43.652  10.297  -3.367 0.0000000000
99634  -43.115  10.650  -3.000 0.0000000000
147228  -42.921  11.246  -3.379 0.0000000000
141073  -42.735  12.093  -2.830 0.0000000000
139195  -42.801  11.827  -3.817 0.0000000000
102104  -42.839  13.186  -3.649 0.0000000000
102839  -41.362  13.905  12.098 0.0000000000
102840  -42.164  13.799  12.297 0.0000000000
103645  -42.494  14.486  11.204 0.0000000000
155150  -42.961  14.787  10.188 0.0000000000
137740  -43.833  14.550  11.001 0.0000000000
103666  -43.608  14.704  10.269 0.0000000000
103681  -43.297  14.865  9.646 0.0000000000
103693  -43.662  15.039  8.979 0.0000000000
160663  -43.944  15.216  8.140 0.0000000000
104514  -44.354  15.565  6.835 0.0000000000
105347  -48.990  16.667  5.028 0.0000000000
105361  -48.605  16.715  4.275 0.0000000000
105375  -48.367  17.012  3.424 0.0000000000
106046  -47.749  17.263  2.748 0.0000000000
155141  -48.676  17.417  1.786 0.0000000000
106058  -48.128  17.363  2.055 0.0000000000
140416  -46.983  17.621  1.275 0.0000000000
106081  -46.544  17.732  0.529 0.0000000000
141926  -46.156  17.804  -0.146 0.0000000000
106092  -46.420  17.816  -1.019 0.0000000000
106113  -46.783  18.033  -3.265 0.0000000000
106819  -48.230  18.245  -2.225 0.0000000000
106818  -47.649  18.124  -2.887 0.0000000000
106120  -46.567  18.196  -4.282 0.0000000000
106127  -46.187  18.555  -5.452 0.0000000000
106852  -45.835  18.791  -5.737 0.0000000000
107587  -46.454  19.117  -5.870 0.0000000000
107579  -45.717  19.166  -5.714 0.0000000000
107580  -46.085  19.739  -5.490 0.0000000000
107576  -48.111  19.418  -4.197 0.0000000000
107575  -46.280  20.114  -4.771 0.0000000000
107574  -45.756  20.219  -4.595 0.0000000000
108339  -45.771  20.597  -3.902 0.0000000000
108330  -45.262  20.627  -2.974 0.0000000000
107486  -46.735  19.346  3.883 0.0000000000
142767  -46.171  19.290  3.862 0.0000000000
107500  -44.798  19.561  3.517 0.0000000000
145970  -45.142  18.832  4.519 0.0000000000
108954  -41.264  21.045  1.987 0.0000000000
141257  -41.364  20.377  3.529 0.0000000000
108246  -41.473  20.095  4.180 0.0000000000
108244  -40.021  20.242  4.904 0.0000000000
108231  -39.950  20.004  5.656 0.0000000000
96985  -45.468  7.791  4.668 0.0000000000
139327  -44.801  7.778  4.957 0.0000000000
141319  -44.807  7.950  4.293 0.0000000000
97879  -44.181  8.287  4.035 0.0000000000
97890  -43.583  8.506  3.871 0.0000000000
97904  -43.137  8.705  3.355 0.0000000000
97919  -42.682  9.202  2.891 0.0000000000
98771  -42.257  9.760  2.505 0.0000000000
98703  -40.726  9.139  6.345 0.0000000000
98715  -40.894  9.415  5.714 0.0000000000
98728  -40.994  9.688  4.916 0.0000000000
98743  -41.336  9.706  4.250 0.0000000000
162657  -42.006  10.294  2.224 0.0000000000
99563  -42.017  10.677  1.744 0.0000000000
100360  -41.732  11.449  1.701 0.0000000000
101210  -41.026  12.230  2.578 0.0000000000
101211  -41.496  12.242  1.971 0.0000000000
102067  -41.820  12.995  1.685 0.0000000000
102929  -42.081  13.712  1.445 0.0000000000
103623  -46.801  14.424  12.915 0.0000000000
103632  -46.542  14.676  12.048 0.0000000000
140065  -47.056  14.829  11.555 0.0000000000
103649  -47.571  14.928  11.071 0.0000000000
104452  -47.961  15.435  9.903 0.0000000000
103671  -48.925  15.034  10.954 0.0000000000
151196  -48.596  15.335  10.376 0.0000000000
104469  -48.333  15.715  9.179 0.0000000000
104487  -48.644  15.944  8.536 0.0000000000
104504  -48.863  16.229  7.872 0.0000000000
104455  -52.079  15.577  10.938 0.0000000000
104471  -51.073  15.968  9.993 0.0000000000
105289  -50.924  16.243  9.113 0.0000000000
105988  -52.095  16.719  7.848 0.0000000000
105302  -50.346  16.222  8.402 0.0000000000
105325  -49.935  16.591  6.930 0.0000000000
140475  -49.673  16.826  5.371 0.0000000000
136612  -50.654  17.690  3.465 0.0000000000
137704  -51.989  17.893  4.123 0.0000000000
106034  -51.431  18.279  3.778 0.0000000000
106047  -50.526  17.713  2.576 0.0000000000
106060  -50.654  17.902  1.796 0.0000000000
107534  -50.697  18.945  1.078 0.0000000000
107533  -50.115  19.188  0.673 0.0000000000
107505  -49.542  19.880  2.448 0.0000000000
161415  -50.917  19.290  3.662 0.0000000000
107489  -49.952  19.477  3.651 0.0000000000
136773  -49.308  19.712  3.171 0.0000000000
107488  -48.283  19.236  3.671 0.0000000000
107470  -47.747  19.197  4.326 0.0000000000
106741  -50.101  18.857  5.786 0.0000000000
106706  -49.963  18.629  7.400 0.0000000000
106758  -47.831  18.890  4.844 0.0000000000
106757  -47.026  18.715  4.920 0.0000000000
106737  -46.411  18.461  5.520 0.0000000000
137162  -47.285  18.370  6.992 0.0000000000
106720  -46.847  18.364  6.359 0.0000000000
106719  -46.068  18.363  6.501 0.0000000000
136974  -45.735  18.388  7.419 0.0000000000
137446  -44.966  18.402  7.580 0.0000000000
99489  -36.930  10.788  12.318 0.0000000000
100291  -37.163  11.483  11.827 0.0000000000
100286  -37.340  11.385  12.505 0.0000000000
100287  -37.788  11.311  13.237 0.0000000000
101136  -38.400  11.910  13.203 0.0000000000
100276  -38.793  10.802  15.408 0.0000000000
101127  -39.014  11.458  14.125 0.0000000000
101137  -39.185  12.206  13.424 0.0000000000
101138  -39.982  12.339  13.600 0.0000000000
144751  -40.537  12.842  13.280 0.0000000000
101991  -41.262  12.812  13.395 0.0000000000
145362  -37.266  13.826  15.707 0.0000000000
101971  -38.592  12.991  15.706 0.0000000000
101972  -39.367  12.625  15.749 0.0000000000
148543  -39.510  14.508  15.720 0.0000000000
145418  -40.025  13.232  15.747 0.0000000000
144820  -40.412  11.502  15.756 0.0000000000
101118  -41.176  11.578  15.816 0.0000000000
101985  -41.689  12.117  14.249 0.0000000000
142012  -42.493  12.179  14.453 0.0000000000
101993  -42.910  12.780  13.710 0.0000000000
101994  -43.559  12.883  13.845 0.0000000000
101977  -43.911  12.317  16.015 0.0000000000
101982  -44.063  12.261  15.414 0.0000000000
102832  -44.107  13.246  13.492 0.0000000000
102824  -44.812  13.104  14.288 0.0000000000
139540  -45.401  13.628  13.742 0.0000000000
102835  -46.136  13.979  13.474 0.0000000000
105241  -42.749  16.509  15.983 0.0000000000
104415  -43.197  15.682  15.985 0.0000000000
156638  -44.821  15.748  16.463 0.0000000000
140341  -45.077  14.929  16.392 0.0000000000
102816  -45.819  13.753  15.967 0.0000000000
102826  -46.427  13.780  14.415 0.0000000000
103618  -47.027  14.206  13.899 0.0000000000
103624  -47.832  14.640  13.316 0.0000000000
161831  -48.737  14.706  13.922 0.0000000000
103614  -48.692  14.662  15.195 0.0000000000
137526  -49.421  14.700  14.688 0.0000000000
103626  -50.372  14.750  13.344 0.0000000000
103627  -51.494  15.021  13.355 0.0000000000
98732  -49.912  9.661  4.550 0.0000000000
144371  -49.113  9.391  4.749 0.0000000000
98746  -48.682  9.010  4.207 0.0000000000
97894  -47.866  8.809  4.401 0.0000000000
97880  -47.279  8.587  4.940 0.0000000000
97866  -46.804  8.299  5.429 0.0000000000
97853  -49.028  9.135  6.808 0.0000000000
97852  -48.389  8.704  6.855 0.0000000000
97836  -48.263  8.384  7.424 0.0000000000
96970  -45.451  7.629  5.501 0.0000000000
161534  -45.073  7.473  5.932 0.0000000000
96952  -43.767  7.349  6.605 0.0000000000
96003  -44.397  6.959  6.908 0.0000000000
96951  -42.956  7.663  6.773 0.0000000000
96933  -41.246  7.933  7.776 0.0000000000
145240  -44.961  5.825  9.466 0.0000000000
95016  -44.427  5.952  8.966 0.0000000000
95954  -43.227  6.254  9.117 0.0000000000
94999  -42.922  6.141  9.870 0.0000000000
95953  -42.460  6.554  9.360 0.0000000000
95970  -42.646  6.706  8.770 0.0000000000
96921  -41.605  7.416  8.292 0.0000000000
97818  -40.637  8.160  7.820 0.0000000000
97817  -40.071  8.238  8.196 0.0000000000
97805  -38.967  8.366  9.000 0.0000000000
97804  -38.298  8.896  9.225 0.0000000000
98669  -37.672  9.278  9.730 0.0000000000
99491  -36.670  10.160  11.474 0.0000000000
94903  -47.261  5.821  15.751 0.0000000000
95806  -46.825  7.109  21.710 0.0000000000
95821  -46.414  6.503  21.336 0.0000000000
94839  -46.812  5.924  20.823 0.0000000000
94834  -41.301  5.539  21.085 0.0000000000
152502  -42.048  5.834  21.136 0.0000000000
144861  -43.596  5.240  20.998 0.0000000000
92761  -42.421  4.309  20.799 0.0000000000
92762  -43.183  4.421  20.712 0.0000000000
94850  -46.366  5.412  20.388 0.0000000000
148639  -47.190  5.490  20.177 0.0000000000
93841  -47.231  5.168  19.593 0.0000000000
137857  -46.951  4.913  19.062 0.0000000000
93871  -47.308  5.204  18.383 0.0000000000
92810  -45.373  4.150  18.455 0.0000000000
92825  -45.901  4.536  17.908 0.0000000000
93881  -46.998  5.243  17.642 0.0000000000
93891  -46.737  5.372  17.054 0.0000000000
94891  -46.815  5.635  16.420 0.0000000000
94911  -46.869  5.801  15.111 0.0000000000
93912  -45.258  5.380  15.086 0.0000000000
93911  -44.590  5.114  14.862 0.0000000000
93910  -43.927  4.949  14.625 0.0000000000
137341  -43.124  4.173  15.454 0.0000000000
93909  -43.256  4.752  14.373 0.0000000000
93918  -42.335  4.790  13.443 0.0000000000
92880  -41.656  4.424  13.235 0.0000000000
92884  -40.643  4.405  12.459 0.0000000000
91896  -40.002  2.627  16.677 0.0000000000
91910  -40.483  3.063  15.760 0.0000000000
91921  -39.811  3.312  15.038 0.0000000000
92860  -39.237  3.637  14.501 0.0000000000
92861  -40.022  3.600  14.393 0.0000000000
92877  -39.537  4.140  13.394 0.0000000000
92878  -40.088  4.205  12.953 0.0000000000
93929  -39.969  4.479  12.409 0.0000000000
98664  -36.493  9.549  11.778 0.0000000000
99488  -36.610  10.174  12.073 0.0000000000
99486  -36.653  10.094  12.848 0.0000000000
99482  -36.882  9.884  13.876 0.0000000000
98657  -37.032  9.776  14.868 0.0000000000
98656  -36.549  9.386  15.134 0.0000000000
99474  -36.823  10.151  15.556 0.0000000000
101114  -36.145  11.803  15.750 0.0000000000
149280  -35.369  12.626  15.687 0.0000000000
97757  -33.613  8.432  15.730 0.0000000000
98651  -34.113  9.172  15.705 0.0000000000
100266  -33.932  11.494  15.733 0.0000000000
101113  -34.460  12.287  15.700 0.0000000000
101967  -34.645  13.305  15.741 0.0000000000
102799  -34.365  14.299  16.173 0.0000000000
103577  -34.416  14.538  16.763 0.0000000000
103578  -34.733  14.564  17.726 0.0000000000
101949  -33.402  13.387  18.487 0.0000000000
102789  -34.391  13.374  19.380 0.0000000000
155142  -34.641  14.079  18.568 0.0000000000
98864  -50.188  10.694  -3.772 0.0000000000
98876  -49.422  10.697  -4.067 0.0000000000
98863  -49.416  10.340  -4.138 0.0000000000
98875  -49.002  10.602  -4.569 0.0000000000
98874  -48.571  10.523  -4.977 0.0000000000
97009  -45.947  7.915  3.535 0.0000000000
152958  -45.257  8.146  2.175 0.0000000000
97922  -45.901  8.007  1.846 0.0000000000
97935  -46.629  8.223  1.531 0.0000000000
98787  -43.368  9.364  1.064 0.0000000000
136583  -44.994  8.564  -0.131 0.0000000000
97956  -44.918  8.762  -0.881 0.0000000000
97958  -46.417  8.568  -0.685 0.0000000000
97967  -46.984  8.912  -1.304 0.0000000000
98835  -47.415  9.515  -1.786 0.0000000000
98848  -47.753  10.567  -3.221 0.0000000000
98861  -47.152  10.488  -3.408 0.0000000000
99639  -47.836  11.052  -4.018 0.0000000000
137408  -48.137  11.125  -4.727 0.0000000000
99656  -48.246  10.900  -5.091 0.0000000000
98886  -47.363  10.437  -5.675 0.0000000000
98894  -46.223  10.400  -6.152 0.0000000000
98892  -44.991  10.379  -6.871 0.0000000000
98891  -44.301  10.252  -6.764 0.0000000000
99651  -43.825  10.643  -4.318 0.0000000000
99673  -43.967  10.748  -7.041 0.0000000000
99681  -42.827  11.115  -6.831 0.0000000000
101269  -43.187  12.163  -7.868 0.0000000000
100444  -42.795  11.972  -7.655 0.0000000000
100438  -42.148  11.393  -6.690 0.0000000000
100437  -41.531  11.765  -6.303 0.0000000000
101144  -37.517  12.226  11.337 0.0000000000
102008  -38.033  13.139  9.910 0.0000000000
102847  -38.401  13.558  10.905 0.0000000000
102865  -38.308  13.611  10.201 0.0000000000
102872  -38.350  13.631  9.415 0.0000000000
102879  -38.657  13.839  8.650 0.0000000000
102884  -39.070  13.696  7.388 0.0000000000
162171  -39.355  13.745  6.733 0.0000000000
102850  -41.171  14.337  11.412 0.0000000000
103643  -41.023  14.741  10.821 0.0000000000
103679  -40.497  15.171  9.731 0.0000000000
104480  -41.566  15.646  8.665 0.0000000000
104463  -40.957  15.459  9.239 0.0000000000
104462  -40.223  15.209  9.056 0.0000000000
103703  -40.003  14.908  7.691 0.0000000000
103711  -40.092  14.724  6.862 0.0000000000
102899  -39.894  13.948  5.770 0.0000000000
103727  -40.330  14.488  5.399 0.0000000000
102906  -40.420  14.339  4.626 0.0000000000
103729  -41.406  15.201  4.517 0.0000000000
103738  -41.469  15.144  3.884 0.0000000000
103744  -41.013  14.612  3.405 0.0000000000
103759  -42.361  14.429  1.374 0.0000000000
103648  -46.379  14.820  11.292 0.0000000000
103668  -46.292  14.903  10.556 0.0000000000
103696  -46.009  15.121  8.882 0.0000000000
104484  -46.469  15.451  8.329 0.0000000000
104483  -45.669  15.241  8.071 0.0000000000
104500  -45.186  15.321  7.564 0.0000000000
137757  -45.139  15.531  6.921 0.0000000000
138333  -44.818  15.655  6.394 0.0000000000
105332  -47.698  16.279  5.477 0.0000000000
155154  -46.686  16.257  5.020 0.0000000000
105373  -46.436  17.040  3.579 0.0000000000
104543  -46.076  16.014  5.420 0.0000000000
104542  -45.316  15.981  5.470 0.0000000000
142410  -44.230  15.897  5.661 0.0000000000
105341  -44.043  16.416  4.560 0.0000000000
105356  -43.594  16.585  3.921 0.0000000000
105369  -43.115  16.575  3.209 0.0000000000
148041  -43.575  16.844  2.463 0.0000000000
105379  -42.952  16.455  2.479 0.0000000000
157089  -42.817  15.512  1.381 0.0000000000
103760  -42.849  14.895  1.098 0.0000000000
102937  -43.295  14.265  0.377 0.0000000000
102943  -43.535  14.266  -0.207 0.0000000000
102949  -43.660  14.333  -0.837 0.0000000000
104600  -43.856  15.526  -1.096 0.0000000000
102968  -43.362  14.409  -3.884 0.0000000000
149996  -44.831  16.676  -2.029 0.0000000000
104617  -44.436  16.061  -2.901 0.0000000000
103791  -43.573  15.109  -3.798 0.0000000000
156140  -43.024  14.393  -4.622 0.0000000000
151518  -42.613  14.639  -6.283 0.0000000000
102983  -42.262  14.878  -7.699 0.0000000000
103816  -42.014  15.605  -7.840 0.0000000000
158116  -41.884  14.590  -7.864 0.0000000000
145691  -41.184  14.199  -7.620 0.0000000000
106850  -44.532  18.148  -5.560 0.0000000000
106124  -43.272  17.610  -5.535 0.0000000000
106118  -43.604  17.987  -3.677 0.0000000000
106117  -43.193  17.498  -4.280 0.0000000000
107541  -49.578  19.534  0.256 0.0000000000
140708  -48.523  19.377  -0.024 0.0000000000
108310  -47.575  19.760  0.214 0.0000000000
108326  -46.154  20.719  -1.449 0.0000000000
139139  -45.127  20.983  -1.456 0.0000000000
108284  -45.868  20.146  2.129 0.0000000000
142086  -44.458  20.467  1.927 0.0000000000
158990  -45.148  20.520  0.938 0.0000000000
108316  -44.877  20.925  -0.548 0.0000000000
108990  -44.208  20.940  -1.322 0.0000000000
108323  -43.536  20.773  -1.707 0.0000000000
107553  -42.742  20.687  -1.581 0.0000000000
107546  -42.272  20.293  -1.225 0.0000000000
108987  -41.879  20.837  -1.131 0.0000000000
107538  -41.747  20.125  -0.733 0.0000000000
107539  -42.368  19.223  -0.493 0.0000000000
106077  -41.948  18.087  0.639 0.0000000000
107517  -40.374  19.587  1.111 0.0000000000
107516  -39.933  19.216  1.815 0.0000000000
108964  -40.495  21.158  1.690 0.0000000000
108972  -38.926  21.078  0.725 0.0000000000
108951  -39.418  21.214  2.511 0.0000000000
108962  -38.877  21.226  1.452 0.0000000000
108971  -38.200  20.810  0.640 0.0000000000
108265  -35.751  20.792  2.144 0.0000000000
107404  -47.233  19.115  9.501 0.0000000000
150382  -46.568  19.089  9.453 0.0000000000
106669  -45.940  18.900  9.157 0.0000000000
106684  -45.351  18.704  8.702 0.0000000000
138344  -44.787  18.563  8.273 0.0000000000
107401  -44.623  19.664  9.353 0.0000000000
106699  -43.500  18.660  7.844 0.0000000000
106717  -42.762  18.806  6.999 0.0000000000
144322  -42.139  19.076  6.770 0.0000000000
107417  -41.962  19.308  8.772 0.0000000000
107427  -41.251  19.288  7.673 0.0000000000
107436  -41.563  19.240  6.851 0.0000000000
107447  -39.984  19.778  6.411 0.0000000000
91898  -42.316  3.156  16.893 0.0000000000
91922  -40.621  3.387  14.969 0.0000000000
92774  -42.196  3.876  20.457 0.0000000000
92778  -44.961  4.345  19.699 0.0000000000
92790  -39.217  3.566  19.957 0.0000000000
92793  -43.057  3.681  19.634 0.0000000000
92797  -45.714  4.303  18.990 0.0000000000
92808  -44.058  3.759  18.640 0.0000000000
92811  -45.968  4.427  18.576 0.0000000000
92821  -41.317  2.679  17.941 0.0000000000
92822  -44.040  3.749  17.768 0.0000000000
92832  -34.311  4.210  16.928 0.0000000000
92836  -43.046  3.894  16.055 0.0000000000
92838  -44.675  4.371  16.733 0.0000000000
92849  -42.154  3.865  15.097 0.0000000000
92864  -43.481  4.543  15.071 0.0000000000
92868  -38.732  4.035  14.095 0.0000000000
92870  -40.280  3.968  13.703 0.0000000000
93816  -41.163  4.790  20.950 0.0000000000
93819  -43.965  4.583  20.469 0.0000000000
93821  -45.643  5.332  20.527 0.0000000000
93839  -44.679  4.690  20.232 0.0000000000
93870  -46.552  4.816  18.299 0.0000000000
93877  -33.456  5.057  17.098 0.0000000000
93880  -46.385  4.994  17.452 0.0000000000
93886  -33.618  5.087  16.351 0.0000000000
93890  -46.273  5.216  16.751 0.0000000000
93902  -46.166  5.434  16.076 0.0000000000
93921  -44.430  5.304  14.171 0.0000000000
93922  -45.036  5.453  14.399 0.0000000000
93930  -41.366  4.539  12.595 0.0000000000
93939  -39.525  4.954  11.993 0.0000000000
93941  -41.095  4.829  12.048 0.0000000000
93950  -39.518  5.458  11.445 0.0000000000
94872  -32.031  5.739  17.839 0.0000000000
94892  -47.260  5.630  17.044 0.0000000000
94902  -46.620  5.698  15.745 0.0000000000
94910  -46.051  5.655  15.289 0.0000000000
94919  -46.041  5.740  13.772 0.0000000000
94961  -44.241  5.772  11.738 0.0000000000
94983  -43.362  5.884  10.555 0.0000000000
95003  -46.113  5.983  9.498 0.0000000000
95015  -43.900  5.974  9.195 0.0000000000
95805  -46.028  7.180  21.789 0.0000000000
95868  -32.391  6.815  16.401 0.0000000000
95875  -33.979  6.967  15.643 0.0000000000
95950  -40.116  6.911  9.680 0.0000000000
95952  -41.736  6.715  9.469 0.0000000000
95971  -43.821  6.198  8.613 0.0000000000
96005  -45.758  7.098  7.087 0.0000000000
96822  -30.700  7.473  17.047 0.0000000000
96918  -39.599  7.956  8.772 0.0000000000
96924  -48.140  7.739  8.470 0.0000000000
96984  -44.305  8.050  4.595 0.0000000000
96998  -46.068  7.892  4.268 0.0000000000
97758  -35.237  8.336  15.359 0.0000000000
97768  -35.833  8.240  14.329 0.0000000000
97793  -37.303  8.989  10.378 0.0000000000
97821  -49.851  8.553  8.417 0.0000000000
97831  -39.650  8.911  7.811 0.0000000000
98648  -31.841  9.395  16.186 0.0000000000
99475  -37.423  10.371  15.467 0.0000000000
99479  -37.030  9.883  15.317 0.0000000000
99498  -37.388  10.492  10.039 0.0000000000
99505  -38.579  10.141  8.213 0.0000000000
100272  -39.957  11.131  15.530 0.0000000000
100283  -39.616  11.073  14.930 0.0000000000
100303  -37.513  11.011  9.739 0.0000000000
100317  -38.422  11.497  8.024 0.0000000000
100330  -39.440  11.679  6.022 0.0000000000
101123  -41.502  11.454  15.568 0.0000000000
101124  -42.088  11.704  15.607 0.0000000000
101135  -37.782  11.832  12.651 0.0000000000
101191  -39.749  12.335  5.091 0.0000000000
101204  -40.654  12.239  3.189 0.0000000000
101226  -42.658  11.985  -0.427 0.0000000000
101960  -32.847  13.206  16.492 0.0000000000
101961  -33.424  13.562  16.147 0.0000000000
101975  -42.413  12.323  16.015 0.0000000000
101976  -43.184  12.335  16.078 0.0000000000
101981  -43.341  12.099  15.653 0.0000000000
101984  -40.841  12.148  14.037 0.0000000000
101987  -44.091  12.699  14.478 0.0000000000
101992  -42.118  12.736  13.545 0.0000000000
101998  -39.378  13.208  12.413 0.0000000000
102000  -38.615  13.465  11.584 0.0000000000
102021  -38.376  13.153  8.635 0.0000000000
102022  -38.662  13.399  8.002 0.0000000000
102053  -40.121  12.931  4.152 0.0000000000
102805  -34.131  13.764  15.949 0.0000000000
102806  -34.780  14.091  15.913 0.0000000000
102809  -37.402  14.569  15.740 0.0000000000
102817  -46.529  14.328  15.918 0.0000000000
102821  -45.606  13.312  15.556 0.0000000000
102825  -45.496  13.286  14.649 0.0000000000
102843  -44.712  14.109  12.362 0.0000000000
102852  -42.678  14.061  11.850 0.0000000000
102873  -38.672  14.074  9.852 0.0000000000
102885  -39.591  14.289  7.141 0.0000000000
102892  -39.779  14.131  6.452 0.0000000000
102919  -41.285  14.428  2.620 0.0000000000
102982  -41.559  14.630  -7.994 0.0000000000
103579  -35.406  14.873  18.009 0.0000000000
103584  -49.168  15.024  16.873 0.0000000000
103596  -37.063  15.220  15.821 0.0000000000
103598  -38.706  15.383  15.752 0.0000000000
103601  -41.864  14.951  15.788 0.0000000000
103602  -42.648  15.005  15.883 0.0000000000
103607  -47.402  14.581  16.039 0.0000000000
103620  -51.304  14.989  14.080 0.0000000000
103642  -39.938  14.409  10.905 0.0000000000
103644  -41.740  14.673  10.984 0.0000000000
103650  -48.337  14.873  11.319 0.0000000000
103662  -40.057  14.749  10.253 0.0000000000
103663  -40.775  14.989  10.267 0.0000000000
103678  -39.509  14.750  9.172 0.0000000000
103712  -40.663  15.117  6.660 0.0000000000
103728  -41.007  14.983  5.059 0.0000000000
103814  -41.217  15.341  -8.008 0.0000000000
103815  -41.731  15.258  -8.169 0.0000000000
103821  -41.455  15.401  -8.156 0.0000000000
104394  -49.253  16.033  17.597 0.0000000000
104400  -45.615  15.563  16.582 0.0000000000
104408  -36.584  15.577  16.050 0.0000000000
104410  -38.273  15.956  15.881 0.0000000000
104427  -51.224  15.359  15.039 0.0000000000
104467  -46.794  15.350  9.041 0.0000000000
104478  -40.264  15.248  8.360 0.0000000000
104479  -40.779  15.528  8.568 0.0000000000
104496  -41.731  15.735  7.847 0.0000000000
104499  -44.554  15.352  7.476 0.0000000000
104526  -43.575  15.879  5.866 0.0000000000
104527  -44.810  15.829  5.848 0.0000000000
104537  -41.735  15.565  5.046 0.0000000000
104541  -44.649  16.125  5.158 0.0000000000
104550  -42.013  15.607  3.680 0.0000000000
104560  -42.585  16.025  2.751 0.0000000000
104568  -42.726  15.908  1.996 0.0000000000
104609  -44.043  15.661  -2.437 0.0000000000
105228  -44.323  16.372  16.428 0.0000000000
105229  -45.828  16.383  16.946 0.0000000000
105231  -47.393  15.951  17.425 0.0000000000
105238  -39.374  16.457  15.928 0.0000000000
105281  -52.460  16.751  10.151 0.0000000000
105334  -49.190  16.628  5.829 0.0000000000
105345  -47.335  16.404  4.952 0.0000000000
105348  -49.840  16.990  4.703 0.0000000000
105386  -43.102  16.494  1.929 0.0000000000
105388  -44.305  17.112  1.374 0.0000000000
105939  -43.077  17.123  16.321 0.0000000000
106016  -52.272  17.523  5.609 0.0000000000
106018  -53.291  18.894  5.895 0.0000000000
106028  -52.794  18.797  5.143 0.0000000000
106072  -50.748  18.246  1.387 0.0000000000
106617  -43.580  17.968  17.257 0.0000000000
106683  -44.286  19.205  9.001 0.0000000000
106698  -42.866  18.817  7.757 0.0000000000
106716  -42.124  19.046  7.486 0.0000000000
106779  -51.021  18.841  2.854 0.0000000000
106788  -50.858  18.881  2.024 0.0000000000
106809  -50.126  18.693  -1.176 0.0000000000
106822  -50.177  18.839  -1.934 0.0000000000
106846  -48.228  19.103  -4.272 0.0000000000
107440  -53.162  19.317  5.883 0.0000000000
107454  -52.655  19.216  5.581 0.0000000000
107455  -52.828  19.065  5.346 0.0000000000
107545  -41.742  20.843  -1.040 0.0000000000
107547  -48.211  19.593  -0.658 0.0000000000
108274  -46.325  19.961  2.744 0.0000000000
108304  -39.501  20.762  0.145 0.0000000000
108346  -47.148  19.858  -4.612 0.0000000000
108942  -38.031  21.083  3.232 0.0000000000
108948  -36.113  21.029  2.143 0.0000000000
136250  -44.072  3.947  17.003 0.0000000000
136442  -32.522  5.094  18.784 0.0000000000
136475  -38.943  10.888  15.019 0.0000000000
136589  -41.542  2.948  16.930 0.0000000000
136960  -45.740  15.494  7.336 0.0000000000
136975  -45.952  5.741  12.163 0.0000000000
137338  -42.075  4.099  14.516 0.0000000000
137416  -50.504  14.721  12.033 0.0000000000
137613  -50.539  18.667  0.363 0.0000000000
137863  -42.976  14.393  0.841 0.0000000000
138705  -49.359  16.624  6.443 0.0000000000
138785  -47.049  15.846  6.494 0.0000000000
139758  -42.380  3.545  19.904 0.0000000000
141463  -49.034  19.434  -2.767 0.0000000000
142295  -45.078  14.720  10.723 0.0000000000
142830  -38.055  12.956  11.374 0.0000000000
143569  -41.872  5.683  11.305 0.0000000000
144350  -43.175  18.665  7.421 0.0000000000
144736  -43.088  14.591  10.767 0.0000000000
146083  -38.981  13.946  8.091 0.0000000000
146787  -40.763  6.133  21.141 0.0000000000
147299  -31.652  8.094  16.363 0.0000000000
147859  -38.818  11.484  15.760 0.0000000000
148358  -38.316  12.272  15.760 0.0000000000
149450  -44.721  18.851  8.726 0.0000000000
150556  -40.061  12.075  15.847 0.0000000000
150678  -45.078  5.693  13.082 0.0000000000
153303  -47.802  5.851  14.179 0.0000000000
153646  -41.080  4.214  20.691 0.0000000000
153765  -42.572  17.464  16.542 0.0000000000
155332  -41.822  19.182  8.162 0.0000000000
155541  -39.326  15.370  15.733 0.0000000000
155618  -48.283  15.934  7.984 0.0000000000
155739  -42.581  15.799  6.838 0.0000000000
156424  -35.984  15.446  16.272 0.0000000000
157355  -42.971  15.171  9.193 0.0000000000
157789  -45.056  5.133  20.556 0.0000000000
158413  -45.876  13.649  14.194 0.0000000000
158446  -45.325  17.362  2.898 0.0000000000
159644  -41.557  19.828  4.797 0.0000000000
160056  -33.401  6.533  15.920 0.0000000000
160255  -36.012  14.316  15.791 0.0000000000
161237  -40.025  10.506  5.737 0.0000000000
161259  -36.490  10.501  15.694 0.0000000000
161330  -32.488  7.374  16.080 0.0000000000
163097  -47.294  19.096  -5.324 0.0000000000
163355  -45.423  5.646  13.994 0.0000000000
163496  -50.829  18.493  1.733 0.0000000000
