#!ascii label  , from subject sub-v2s1x29900_ses-1 vox2ras=TkReg
1635
143525  46.848  -5.527  27.326 0.0000000000
58838  40.257  -20.444  41.944 0.0000000000
50742  27.593  -28.084  42.530 0.0000000000
49454  20.974  -28.542  45.306 0.0000000000
53095  36.781  -25.572  46.537 0.0000000000
54346  32.471  -24.484  38.599 0.0000000000
135006  44.930  -9.209  28.847 0.0000000000
82727  50.280  -1.497  22.707 0.0000000000
71101  47.385  -10.768  38.263 0.0000000000
135272  42.757  -18.435  34.915 0.0000000000
62157  33.749  -18.574  32.956 0.0000000000
49445  29.843  -28.714  46.367 0.0000000000
49464  24.705  -28.670  44.699 0.0000000000
47203  27.082  -29.991  49.320 0.0000000000
135141  32.213  -25.597  45.132 0.0000000000
75421  49.359  -7.668  36.838 0.0000000000
55376  42.026  -23.641  47.485 0.0000000000
137737  45.595  -19.592  43.388 0.0000000000
63222  46.355  -17.612  39.949 0.0000000000
62057  41.559  -17.885  39.245 0.0000000000
62152  38.098  -17.921  34.016 0.0000000000
61014  37.550  -19.624  37.977 0.0000000000
142707  27.177  -24.777  37.205 0.0000000000
55554  28.758  -23.300  33.810 0.0000000000
80656  48.131  -3.086  25.107 0.0000000000
78646  49.656  -4.916  20.980 0.0000000000
50802  26.329  -27.964  39.121 0.0000000000
49552  22.267  -28.356  39.702 0.0000000000
55428  38.959  -23.722  43.970 0.0000000000
56662  36.895  -22.644  40.666 0.0000000000
53194  34.919  -25.697  41.847 0.0000000000
53216  29.758  -25.335  41.370 0.0000000000
146738  47.270  -7.982  28.448 0.0000000000
142968  22.274  -28.959  50.827 0.0000000000
46237  18.066  -30.643  46.716 0.0000000000
81623  49.841  -1.777  28.801 0.0000000000
142324  49.330  -5.150  31.097 0.0000000000
142928  49.103  -8.897  32.331 0.0000000000
73402  45.389  -9.469  33.806 0.0000000000
157883  43.598  -12.765  33.232 0.0000000000
67350  50.506  -14.178  40.850 0.0000000000
65404  46.592  -15.746  35.746 0.0000000000
64413  41.122  -16.601  30.790 0.0000000000
62207  38.402  -18.152  29.030 0.0000000000
57817  33.511  -21.780  35.876 0.0000000000
49433  31.212  -28.052  48.915 0.0000000000
147909  28.348  -29.902  47.759 0.0000000000
47170  30.612  -30.169  50.790 0.0000000000
153994  31.337  -26.592  47.178 0.0000000000
58796  42.103  -21.372  44.904 0.0000000000
59917  43.476  -19.652  43.235 0.0000000000
60981  43.946  -18.828  41.207 0.0000000000
60983  40.950  -19.137  41.149 0.0000000000
62059  39.725  -18.555  38.742 0.0000000000
59959  39.079  -20.128  40.249 0.0000000000
158745  25.626  -26.642  36.115 0.0000000000
143400  25.952  -25.294  34.212 0.0000000000
79648  47.050  -4.349  26.085 0.0000000000
153993  47.761  -5.097  24.001 0.0000000000
77586  47.256  -5.588  25.571 0.0000000000
50771  26.763  -28.169  40.521 0.0000000000
49549  24.662  -28.193  39.815 0.0000000000
49515  25.348  -28.447  41.736 0.0000000000
49451  23.379  -28.604  45.132 0.0000000000
49500  21.626  -28.642  42.568 0.0000000000
48346  20.344  -29.151  43.454 0.0000000000
47247  18.653  -30.466  43.844 0.0000000000
55403  39.261  -24.346  46.047 0.0000000000
54237  37.402  -25.030  44.891 0.0000000000
54260  36.564  -24.936  43.301 0.0000000000
53137  36.120  -26.050  44.041 0.0000000000
52003  29.866  -26.377  43.900 0.0000000000
53181  31.068  -25.137  42.795 0.0000000000
52016  28.909  -26.464  42.123 0.0000000000
52036  27.930  -26.364  40.410 0.0000000000
73491  46.224  -9.259  28.515 0.0000000000
73560  47.276  -9.606  26.049 0.0000000000
160499  46.604  -10.234  25.671 0.0000000000
144017  17.631  -32.246  48.462 0.0000000000
76507  49.852  -7.467  31.774 0.0000000000
75463  51.783  -7.196  33.192 0.0000000000
152906  48.442  -8.908  38.053 0.0000000000
74427  47.485  -8.845  35.677 0.0000000000
72289  46.269  -10.202  36.529 0.0000000000
71143  44.360  -11.044  34.356 0.0000000000
69888  45.508  -11.715  36.102 0.0000000000
62082  45.206  -18.079  37.905 0.0000000000
64351  46.762  -17.145  37.834 0.0000000000
63264  44.897  -17.840  35.150 0.0000000000
65411  44.257  -16.198  33.736 0.0000000000
62162  42.700  -17.929  32.907 0.0000000000
63322  40.167  -17.697  29.624 0.0000000000
138334  40.352  -17.913  32.151 0.0000000000
134978  35.987  -17.044  31.454 0.0000000000
55485  34.843  -23.689  39.599 0.0000000000
57797  35.462  -22.017  38.307 0.0000000000
56697  33.034  -23.200  37.170 0.0000000000
56760  29.845  -22.854  32.130 0.0000000000
82743  53.170  -0.747  19.871 0.0000000000
82746  51.049  -1.631  20.667 0.0000000000
49460  28.678  -28.482  44.725 0.0000000000
49480  26.770  -28.781  43.289 0.0000000000
48308  27.902  -29.501  45.539 0.0000000000
48293  25.660  -29.266  46.500 0.0000000000
48281  24.099  -29.316  47.753 0.0000000000
157653  34.545  -25.668  46.897 0.0000000000
51978  34.321  -26.263  45.041 0.0000000000
53099  32.130  -25.710  46.405 0.0000000000
50719  30.562  -27.012  46.071 0.0000000000
76435  51.567  -6.005  36.273 0.0000000000
73297  49.529  -9.611  39.532 0.0000000000
63205  45.840  -18.027  42.106 0.0000000000
153413  44.398  -18.574  39.621 0.0000000000
135021  42.091  -18.005  37.056 0.0000000000
62138  41.012  -17.874  35.033 0.0000000000
62086  40.007  -18.023  37.172 0.0000000000
62105  38.155  -18.369  36.258 0.0000000000
61059  35.726  -19.552  35.526 0.0000000000
153444  29.525  -24.257  38.088 0.0000000000
55515  31.171  -23.746  36.643 0.0000000000
55527  28.058  -23.622  35.445 0.0000000000
80664  48.734  -2.724  23.469 0.0000000000
80689  49.869  -2.799  21.742 0.0000000000
79689  48.356  -4.330  22.754 0.0000000000
158107  23.505  -28.272  42.562 0.0000000000
56565  40.820  -22.941  45.816 0.0000000000
154880  39.298  -22.294  42.767 0.0000000000
58856  38.464  -21.384  41.000 0.0000000000
160923  37.692  -23.229  42.026 0.0000000000
55464  35.522  -24.324  40.952 0.0000000000
54311  33.342  -25.296  39.916 0.0000000000
139438  33.123  -25.703  43.260 0.0000000000
53214  32.069  -25.444  41.164 0.0000000000
135383  31.504  -25.025  39.816 0.0000000000
54335  28.453  -24.734  39.004 0.0000000000
52059  26.583  -26.394  38.103 0.0000000000
76550  47.126  -6.522  28.301 0.0000000000
76603  47.831  -6.983  26.172 0.0000000000
75583  47.612  -7.883  26.068 0.0000000000
48217  24.260  -30.061  50.682 0.0000000000
142458  22.381  -29.584  47.727 0.0000000000
160625  19.780  -28.900  47.724 0.0000000000
142172  19.103  -29.037  46.069 0.0000000000
81673  49.916  -1.437  25.394 0.0000000000
80641  48.282  -2.781  26.748 0.0000000000
80629  47.662  -3.581  27.923 0.0000000000
78579  47.404  -5.359  29.433 0.0000000000
76526  47.761  -6.937  29.890 0.0000000000
74496  47.911  -8.523  30.379 0.0000000000
73435  47.040  -8.976  31.074 0.0000000000
74444  49.453  -8.299  34.500 0.0000000000
73399  48.175  -9.145  33.103 0.0000000000
73424  45.300  -9.111  31.351 0.0000000000
72345  43.336  -9.888  31.578 0.0000000000
71172  42.153  -11.536  31.040 0.0000000000
155582  49.443  -12.354  39.246 0.0000000000
150533  48.625  -15.814  40.140 0.0000000000
66329  48.840  -14.940  37.912 0.0000000000
68585  47.854  -13.185  37.126 0.0000000000
66360  45.081  -14.271  34.526 0.0000000000
66376  42.610  -14.712  32.131 0.0000000000
63298  38.557  -17.660  32.019 0.0000000000
58892  37.252  -21.038  39.272 0.0000000000
60011  35.863  -20.561  37.090 0.0000000000
60040  33.846  -20.203  34.698 0.0000000000
57820  31.534  -22.722  35.032 0.0000000000
58953  31.185  -21.367  33.417 0.0000000000
48242  30.927  -29.572  49.489 0.0000000000
49408  31.914  -27.225  51.297 0.0000000000
58816  41.359  -21.013  43.623 0.0000000000
58814  42.507  -20.360  43.873 0.0000000000
59918  41.952  -19.794  42.916 0.0000000000
60973  42.051  -19.209  42.172 0.0000000000
59944  40.569  -19.765  41.567 0.0000000000
60984  40.313  -19.477  40.866 0.0000000000
59945  39.980  -20.133  41.247 0.0000000000
78611  46.886  -4.968  26.629 0.0000000000
78617  46.986  -5.059  25.820 0.0000000000
77575  47.028  -5.737  26.447 0.0000000000
50755  27.427  -27.893  41.720 0.0000000000
49532  26.285  -28.488  40.912 0.0000000000
49514  26.483  -28.442  41.725 0.0000000000
49453  21.743  -28.653  45.236 0.0000000000
49484  21.583  -28.501  43.822 0.0000000000
139559  20.180  -28.904  44.108 0.0000000000
47246  19.220  -30.042  43.468 0.0000000000
48330  19.796  -28.914  44.648 0.0000000000
53074  36.904  -25.651  47.241 0.0000000000
53073  37.318  -25.469  46.963 0.0000000000
53093  38.007  -25.096  46.317 0.0000000000
53116  36.879  -25.502  45.789 0.0000000000
53155  36.626  -25.339  44.505 0.0000000000
154101  36.217  -25.921  44.570 0.0000000000
50740  28.732  -27.385  43.208 0.0000000000
52010  29.118  -26.687  42.820 0.0000000000
52011  28.543  -27.126  42.477 0.0000000000
50769  27.838  -27.363  41.364 0.0000000000
73467  45.656  -9.200  28.981 0.0000000000
73517  46.230  -9.350  27.752 0.0000000000
73518  45.645  -9.389  27.365 0.0000000000
78544  53.632  -4.572  33.146 0.0000000000
148695  52.408  -5.744  32.610 0.0000000000
77497  53.686  -5.667  34.068 0.0000000000
73314  47.935  -9.444  38.223 0.0000000000
143641  47.243  -9.028  37.218 0.0000000000
72273  47.047  -10.322  37.718 0.0000000000
71129  45.653  -10.747  36.122 0.0000000000
71117  46.431  -11.432  37.150 0.0000000000
62100  43.676  -18.012  36.250 0.0000000000
63258  44.991  -17.774  36.093 0.0000000000
62134  44.105  -18.313  34.831 0.0000000000
155841  43.685  -18.166  33.553 0.0000000000
62148  42.640  -18.192  33.342 0.0000000000
142072  41.522  -17.927  32.462 0.0000000000
62149  42.093  -18.171  33.843 0.0000000000
55487  33.794  -24.231  38.915 0.0000000000
55494  33.916  -23.666  38.563 0.0000000000
55496  32.819  -24.076  37.988 0.0000000000
82734  51.625  -1.197  21.208 0.0000000000
82735  50.905  -1.505  21.413 0.0000000000
48306  29.253  -28.880  45.709 0.0000000000
48325  28.225  -29.337  44.938 0.0000000000
48289  29.257  -29.233  46.440 0.0000000000
47207  28.212  -30.113  48.536 0.0000000000
48277  27.463  -29.572  47.464 0.0000000000
48263  26.614  -29.424  47.714 0.0000000000
48280  25.099  -29.236  47.271 0.0000000000
48246  25.610  -29.593  48.845 0.0000000000
53077  33.969  -25.089  47.202 0.0000000000
136164  33.796  -25.436  47.223 0.0000000000
53078  33.009  -25.359  48.037 0.0000000000
50710  30.745  -27.698  47.210 0.0000000000
50716  30.937  -27.180  46.778 0.0000000000
50717  30.251  -27.843  46.447 0.0000000000
50721  29.487  -27.847  45.390 0.0000000000
59884  45.441  -20.026  44.464 0.0000000000
61988  46.168  -18.946  44.647 0.0000000000
63195  46.029  -18.252  43.567 0.0000000000
64278  45.789  -17.106  42.699 0.0000000000
62009  45.822  -18.738  42.718 0.0000000000
62042  42.914  -18.338  40.353 0.0000000000
62041  44.092  -18.644  40.102 0.0000000000
62054  43.701  -18.307  39.836 0.0000000000
62069  43.847  -17.812  38.405 0.0000000000
62056  42.349  -17.685  38.753 0.0000000000
134901  41.352  -18.064  36.813 0.0000000000
62071  40.832  -17.944  38.168 0.0000000000
61013  38.279  -19.349  38.210 0.0000000000
61027  38.715  -18.715  37.720 0.0000000000
61028  37.991  -19.117  37.501 0.0000000000
61057  36.886  -19.106  36.022 0.0000000000
61030  36.760  -19.833  37.010 0.0000000000
54366  28.375  -24.249  37.403 0.0000000000
55518  28.486  -23.974  36.739 0.0000000000
54380  27.325  -24.356  36.376 0.0000000000
80665  48.305  -3.053  24.125 0.0000000000
79688  48.806  -3.399  22.767 0.0000000000
79680  47.971  -4.077  23.606 0.0000000000
77620  48.375  -5.565  23.275 0.0000000000
50822  25.330  -28.034  37.793 0.0000000000
49586  24.439  -28.096  38.054 0.0000000000
49481  25.387  -28.565  43.639 0.0000000000
142380  24.898  -28.409  43.220 0.0000000000
49482  24.088  -28.363  43.508 0.0000000000
48370  20.642  -29.605  41.981 0.0000000000
48368  21.542  -28.776  41.934 0.0000000000
156350  39.189  -23.960  44.845 0.0000000000
56566  40.350  -23.446  46.053 0.0000000000
56584  39.532  -23.588  44.595 0.0000000000
161296  40.573  -22.291  44.216 0.0000000000
56602  39.247  -23.162  43.613 0.0000000000
56617  38.944  -22.701  42.768 0.0000000000
56618  38.572  -23.383  43.162 0.0000000000
54262  35.713  -25.201  42.468 0.0000000000
55454  36.515  -24.162  41.953 0.0000000000
54275  35.331  -25.365  41.829 0.0000000000
54308  35.028  -24.661  40.620 0.0000000000
53211  34.448  -25.559  41.178 0.0000000000
141641  32.986  -25.773  45.253 0.0000000000
51991  34.347  -26.179  44.138 0.0000000000
53160  32.653  -25.647  43.874 0.0000000000
54263  30.680  -25.072  42.055 0.0000000000
53198  31.536  -25.269  41.948 0.0000000000
53215  31.100  -25.234  41.197 0.0000000000
54293  31.786  -25.330  40.459 0.0000000000
54313  30.154  -24.802  40.254 0.0000000000
54333  30.131  -24.609  39.428 0.0000000000
53225  28.826  -25.172  40.513 0.0000000000
50801  26.820  -27.222  39.415 0.0000000000
52046  27.279  -26.371  39.248 0.0000000000
52047  26.421  -27.213  38.651 0.0000000000
146654  47.252  -7.263  28.612 0.0000000000
147464  47.242  -7.347  27.147 0.0000000000
75541  47.181  -8.065  27.673 0.0000000000
139744  47.841  -9.880  25.827 0.0000000000
136632  22.873  -29.858  50.921 0.0000000000
48249  22.944  -29.549  49.320 0.0000000000
48250  22.473  -29.091  49.084 0.0000000000
46230  18.055  -30.522  47.508 0.0000000000
48287  18.779  -29.340  47.187 0.0000000000
48300  19.319  -28.979  46.702 0.0000000000
47214  18.265  -29.936  46.205 0.0000000000
47221  18.362  -30.109  45.418 0.0000000000
45343  18.107  -31.678  45.667 0.0000000000
137687  49.519  -1.665  24.789 0.0000000000
81654  50.608  -0.992  26.933 0.0000000000
81641  49.135  -2.180  27.698 0.0000000000
80635  48.318  -2.895  27.465 0.0000000000
80627  49.076  -2.484  28.499 0.0000000000
79603  49.263  -3.913  30.698 0.0000000000
79618  48.701  -4.114  30.103 0.0000000000
78577  48.858  -4.633  30.506 0.0000000000
139229  47.753  -5.642  29.902 0.0000000000
77529  48.475  -6.216  30.657 0.0000000000
75486  49.748  -8.164  31.851 0.0000000000
75495  49.260  -7.830  31.366 0.0000000000
74487  48.759  -8.454  31.217 0.0000000000
74489  47.506  -8.879  30.747 0.0000000000
73434  47.793  -8.904  31.457 0.0000000000
75419  50.607  -7.037  36.247 0.0000000000
75433  50.768  -7.323  35.195 0.0000000000
157609  49.750  -7.567  36.231 0.0000000000
74447  46.637  -9.232  34.778 0.0000000000
155279  48.060  -8.963  34.432 0.0000000000
73401  46.305  -9.220  33.539 0.0000000000
144268  46.235  -9.090  32.192 0.0000000000
73411  45.782  -9.252  32.921 0.0000000000
148176  44.486  -9.282  31.333 0.0000000000
73412  44.859  -9.488  33.140 0.0000000000
147239  43.971  -11.603  33.953 0.0000000000
72334  43.089  -10.674  32.621 0.0000000000
149528  42.727  -11.866  32.257 0.0000000000
139980  42.677  -12.692  32.132 0.0000000000
68567  50.381  -13.393  39.191 0.0000000000
64308  46.913  -16.479  40.659 0.0000000000
65347  47.484  -16.031  40.825 0.0000000000
64322  47.372  -16.645  39.809 0.0000000000
64374  46.860  -16.390  36.713 0.0000000000
65381  47.963  -16.272  38.057 0.0000000000
66340  47.929  -15.292  36.854 0.0000000000
67381  48.197  -13.940  37.244 0.0000000000
150211  47.546  -14.384  36.382 0.0000000000
68603  46.162  -13.477  35.801 0.0000000000
66356  46.408  -14.972  35.464 0.0000000000
149056  42.969  -16.241  32.741 0.0000000000
65416  43.409  -15.347  32.974 0.0000000000
150017  41.569  -15.456  31.546 0.0000000000
67459  40.836  -14.268  30.334 0.0000000000
65434  40.120  -15.829  29.957 0.0000000000
64420  40.210  -16.710  29.586 0.0000000000
62191  39.779  -17.985  30.059 0.0000000000
63362  39.468  -17.788  28.553 0.0000000000
62140  39.613  -17.867  34.890 0.0000000000
62151  39.247  -17.664  33.413 0.0000000000
63287  38.092  -17.642  32.760 0.0000000000
136552  36.229  -17.069  29.448 0.0000000000
57750  37.561  -22.337  41.020 0.0000000000
58871  38.160  -21.055  40.290 0.0000000000
57782  36.917  -21.663  39.643 0.0000000000
57804  34.594  -22.051  37.387 0.0000000000
58912  35.789  -21.390  38.005 0.0000000000
58934  34.668  -21.161  36.469 0.0000000000
60025  34.999  -20.597  36.179 0.0000000000
58941  33.822  -21.155  35.612 0.0000000000
56718  29.800  -23.477  35.077 0.0000000000
56716  31.248  -23.303  35.373 0.0000000000
56728  30.226  -23.107  34.562 0.0000000000
57851  30.768  -21.907  33.015 0.0000000000
58959  31.361  -20.632  33.047 0.0000000000
80698  49.466  -3.634  21.578 0.0000000000
80696  50.442  -2.970  20.783 0.0000000000
76602  48.380  -6.570  25.689 0.0000000000
49434  30.871  -28.769  48.069 0.0000000000
48275  29.612  -29.573  47.282 0.0000000000
48260  29.975  -29.786  48.014 0.0000000000
47200  29.722  -30.446  49.011 0.0000000000
47187  28.724  -30.649  49.889 0.0000000000
49440  31.066  -27.903  48.000 0.0000000000
57679  42.327  -21.938  46.337 0.0000000000
56548  43.596  -22.730  46.814 0.0000000000
58794  43.837  -21.241  45.383 0.0000000000
59886  44.223  -20.467  44.064 0.0000000000
60951  44.953  -19.718  43.238 0.0000000000
60960  44.734  -19.265  42.605 0.0000000000
136445  43.535  -19.219  42.609 0.0000000000
143735  42.584  -18.854  41.419 0.0000000000
62044  41.063  -18.332  39.933 0.0000000000
62058  40.581  -18.181  39.064 0.0000000000
62045  40.466  -18.728  39.809 0.0000000000
60992  39.431  -19.509  39.884 0.0000000000
59975  38.801  -19.846  39.546 0.0000000000
53266  26.193  -25.824  36.764 0.0000000000
146723  26.481  -24.826  35.695 0.0000000000
53290  25.700  -25.836  34.783 0.0000000000
80650  47.566  -3.696  25.653 0.0000000000
79669  47.772  -3.893  24.415 0.0000000000
79670  47.331  -4.540  24.695 0.0000000000
77602  47.530  -5.482  24.853 0.0000000000
50786  26.571  -28.029  39.809 0.0000000000
155447  25.298  -28.232  39.194 0.0000000000
49548  25.737  -28.457  39.762 0.0000000000
139720  25.217  -28.455  40.469 0.0000000000
49534  23.814  -28.178  41.048 0.0000000000
49450  24.139  -28.711  45.211 0.0000000000
49483  23.314  -28.303  43.672 0.0000000000
139986  22.437  -28.351  43.627 0.0000000000
48345  21.100  -28.866  43.134 0.0000000000
46284  18.732  -31.426  42.737 0.0000000000
54235  38.948  -24.593  45.882 0.0000000000
54248  37.868  -24.676  44.258 0.0000000000
55430  37.402  -24.487  43.394 0.0000000000
54249  36.948  -24.965  44.021 0.0000000000
53156  36.301  -25.474  43.780 0.0000000000
137583  35.563  -26.094  43.147 0.0000000000
53142  30.419  -25.782  44.256 0.0000000000
53162  31.066  -25.283  43.690 0.0000000000
53163  30.270  -25.650  43.520 0.0000000000
53183  29.467  -25.948  42.468 0.0000000000
53200  29.294  -25.840  41.770 0.0000000000
53218  28.483  -25.918  40.817 0.0000000000
52027  28.187  -26.693  41.068 0.0000000000
50785  27.116  -27.584  40.194 0.0000000000
74521  47.018  -8.710  28.273 0.0000000000
74537  47.002  -8.817  27.507 0.0000000000
73544  46.724  -9.310  27.340 0.0000000000
73561  46.751  -9.882  26.208 0.0000000000
46231  17.814  -31.105  47.903 0.0000000000
46238  17.782  -31.318  47.179 0.0000000000
145499  17.651  -32.605  46.573 0.0000000000
139031  17.477  -33.161  47.563 0.0000000000
78555  50.562  -4.900  31.752 0.0000000000
77528  49.215  -6.105  31.159 0.0000000000
145694  50.754  -6.520  32.033 0.0000000000
75484  50.760  -7.646  32.400 0.0000000000
75475  50.544  -8.152  32.771 0.0000000000
75405  48.978  -8.004  37.242 0.0000000000
153988  48.950  -7.932  36.189 0.0000000000
74409  47.928  -8.490  37.092 0.0000000000
74411  46.942  -9.169  35.980 0.0000000000
73367  46.140  -9.393  35.172 0.0000000000
73389  44.935  -9.921  34.326 0.0000000000
72304  45.428  -10.369  35.577 0.0000000000
71136  44.817  -11.150  34.973 0.0000000000
69899  44.982  -12.359  34.924 0.0000000000
63232  45.914  -18.266  38.898 0.0000000000
63240  46.768  -17.149  38.971 0.0000000000
63248  46.284  -17.598  37.642 0.0000000000
64375  46.339  -16.946  36.362 0.0000000000
64386  46.259  -16.444  35.696 0.0000000000
65408  45.642  -15.990  34.849 0.0000000000
64397  44.699  -17.061  34.032 0.0000000000
64403  43.431  -17.056  32.989 0.0000000000
64409  42.112  -17.087  31.636 0.0000000000
63321  40.587  -17.330  29.848 0.0000000000
151004  41.015  -17.681  31.062 0.0000000000
62183  40.229  -17.882  30.852 0.0000000000
62184  39.617  -17.998  30.789 0.0000000000
62153  37.334  -18.053  34.182 0.0000000000
63288  37.257  -17.534  32.795 0.0000000000
138791  35.784  -17.305  32.200 0.0000000000
161480  34.771  -17.287  30.728 0.0000000000
62238  34.210  -18.636  28.700 0.0000000000
56664  35.575  -23.316  39.961 0.0000000000
57784  35.692  -22.282  38.994 0.0000000000
56688  35.079  -22.612  38.681 0.0000000000
56695  34.277  -22.724  37.666 0.0000000000
56705  33.375  -22.597  36.864 0.0000000000
56738  29.383  -23.110  33.459 0.0000000000
55588  28.977  -24.063  31.549 0.0000000000
83731  52.965  -0.486  20.678 0.0000000000
82744  52.492  -1.118  20.149 0.0000000000
82755  51.925  -1.612  19.629 0.0000000000
49478  28.246  -28.482  44.173 0.0000000000
49494  27.238  -28.531  42.941 0.0000000000
49479  27.860  -28.993  44.284 0.0000000000
48327  27.097  -29.393  44.576 0.0000000000
138999  26.257  -29.314  45.137 0.0000000000
143370  28.140  -29.568  47.049 0.0000000000
48292  26.996  -29.406  46.124 0.0000000000
48310  25.381  -29.184  45.751 0.0000000000
134153  24.396  -29.093  45.940 0.0000000000
141638  23.603  -29.212  46.283 0.0000000000
48296  22.802  -29.387  46.495 0.0000000000
159604  35.849  -25.840  46.486 0.0000000000
51976  35.752  -26.100  45.708 0.0000000000
53097  34.620  -25.893  46.801 0.0000000000
155109  33.206  -25.855  45.962 0.0000000000
53119  31.905  -25.619  45.711 0.0000000000
51959  31.735  -26.004  47.046 0.0000000000
53100  31.440  -25.786  46.091 0.0000000000
53120  31.346  -25.579  45.256 0.0000000000
51993  30.080  -26.550  44.637 0.0000000000
50724  29.205  -27.821  44.836 0.0000000000
73493  44.422  -9.149  28.231 0.0000000000
73547  44.639  -9.457  26.511 0.0000000000
72432  44.143  -9.671  25.995 0.0000000000
77451  52.510  -5.428  35.935 0.0000000000
75404  50.325  -6.977  37.952 0.0000000000
75392  49.826  -7.793  37.987 0.0000000000
73313  48.715  -9.202  38.528 0.0000000000
72233  48.433  -10.316  38.948 0.0000000000
64294  46.041  -17.008  41.871 0.0000000000
62028  46.017  -18.053  40.455 0.0000000000
62019  44.913  -18.610  41.611 0.0000000000
62039  45.424  -18.455  40.172 0.0000000000
62052  45.347  -18.540  39.348 0.0000000000
62068  44.722  -18.259  38.530 0.0000000000
148485  43.566  -17.797  37.026 0.0000000000
62101  42.872  -18.068  36.427 0.0000000000
135538  41.508  -17.975  34.497 0.0000000000
134900  41.309  -18.059  36.126 0.0000000000
62121  40.116  -18.013  35.809 0.0000000000
62122  39.401  -18.003  35.649 0.0000000000
62072  40.200  -18.126  38.329 0.0000000000
62104  38.919  -18.106  36.341 0.0000000000
138573  38.576  -18.054  35.616 0.0000000000
62142  37.339  -18.283  35.034 0.0000000000
62144  35.965  -18.620  34.472 0.0000000000
61079  34.623  -19.026  33.962 0.0000000000
55498  31.139  -24.202  37.976 0.0000000000
55506  31.571  -23.945  37.312 0.0000000000
55507  30.692  -23.962  37.346 0.0000000000
134343  29.462  -23.633  35.764 0.0000000000
153296  28.249  -23.422  34.507 0.0000000000
55529  26.996  -23.986  35.247 0.0000000000
55556  27.441  -23.729  34.095 0.0000000000
81688  49.816  -1.643  23.325 0.0000000000
153259  50.287  -1.914  21.818 0.0000000000
81689  49.240  -2.494  22.950 0.0000000000
80690  49.307  -3.093  22.218 0.0000000000
78641  48.846  -4.870  22.091 0.0000000000
78632  48.011  -4.941  23.400 0.0000000000
78634  48.532  -5.240  22.730 0.0000000000
141660  25.908  -28.460  42.160 0.0000000000
136287  24.659  -28.356  42.012 0.0000000000
157608  23.205  -28.158  41.437 0.0000000000
49498  23.007  -28.295  42.977 0.0000000000
48381  21.789  -28.628  41.187 0.0000000000
57680  41.588  -22.685  46.497 0.0000000000
57695  40.937  -22.322  44.725 0.0000000000
57704  40.830  -21.765  43.780 0.0000000000
58839  39.969  -21.146  42.331 0.0000000000
58854  39.646  -20.775  41.650 0.0000000000
57732  39.113  -22.091  42.315 0.0000000000
56638  38.539  -22.373  42.029 0.0000000000
56652  37.221  -23.050  41.412 0.0000000000
55440  37.773  -23.732  42.725 0.0000000000
55462  36.715  -23.595  41.526 0.0000000000
56653  36.517  -23.283  40.962 0.0000000000
55473  35.185  -24.089  40.230 0.0000000000
55474  34.291  -24.438  39.516 0.0000000000
54330  32.910  -24.904  39.228 0.0000000000
51990  34.944  -26.315  44.624 0.0000000000
53158  35.019  -26.208  43.437 0.0000000000
53177  34.808  -25.943  42.619 0.0000000000
53161  32.129  -25.497  43.360 0.0000000000
53179  32.757  -25.594  42.579 0.0000000000
53195  34.227  -25.755  41.807 0.0000000000
155686  33.330  -25.419  40.639 0.0000000000
54312  32.387  -25.194  39.828 0.0000000000
54331  32.013  -24.766  39.223 0.0000000000
54348  30.664  -24.462  38.648 0.0000000000
54350  28.996  -24.372  38.528 0.0000000000
54352  27.469  -24.983  38.023 0.0000000000
53226  28.240  -25.588  40.138 0.0000000000
53245  27.203  -25.795  38.551 0.0000000000
53255  26.878  -25.462  37.770 0.0000000000
52094  25.760  -26.786  36.713 0.0000000000
161171  47.013  -6.102  27.668 0.0000000000
153808  47.030  -6.130  27.106 0.0000000000
76568  47.134  -6.661  27.469 0.0000000000
74560  47.389  -8.758  26.152 0.0000000000
145678  47.815  -9.034  25.823 0.0000000000
71263  46.064  -10.476  25.229 0.0000000000
155289  30.682  -28.115  51.329 0.0000000000
47157  30.182  -30.612  52.635 0.0000000000
135965  27.834  -30.405  51.356 0.0000000000
148235  26.007  -30.057  52.542 0.0000000000
47190  25.926  -30.009  50.313 0.0000000000
144275  24.249  -29.416  48.597 0.0000000000
143197  23.107  -29.487  47.767 0.0000000000
144769  21.524  -29.336  46.483 0.0000000000
140513  21.698  -28.840  48.849 0.0000000000
48284  21.146  -29.280  47.450 0.0000000000
48298  20.991  -29.190  46.896 0.0000000000
49455  20.173  -28.586  45.371 0.0000000000
48331  18.759  -29.624  44.976 0.0000000000
82714  50.489  -1.241  23.441 0.0000000000
81681  49.901  -1.493  24.299 0.0000000000
81682  48.970  -2.146  24.196 0.0000000000
81674  48.885  -2.236  24.875 0.0000000000
81667  50.307  -1.158  25.998 0.0000000000
81662  49.263  -2.049  26.330 0.0000000000
80649  48.261  -2.853  25.992 0.0000000000
80642  47.607  -3.520  26.418 0.0000000000
142467  47.303  -4.052  27.558 0.0000000000
79631  47.268  -4.408  28.247 0.0000000000
80621  48.566  -3.350  28.973 0.0000000000
78591  47.524  -4.598  29.137 0.0000000000
78592  47.129  -5.151  28.710 0.0000000000
77547  47.176  -5.916  28.946 0.0000000000
76536  47.359  -6.838  29.185 0.0000000000
152902  47.667  -7.577  29.594 0.0000000000
76517  48.833  -6.994  31.016 0.0000000000
75503  48.087  -7.851  30.207 0.0000000000
75504  47.703  -8.265  29.685 0.0000000000
74497  47.362  -8.757  29.980 0.0000000000
73445  46.972  -9.075  30.339 0.0000000000
73447  45.739  -9.123  29.689 0.0000000000
76466  52.233  -6.628  34.647 0.0000000000
75448  50.955  -7.621  34.124 0.0000000000
147395  49.497  -9.100  33.296 0.0000000000
74445  48.653  -8.654  34.650 0.0000000000
74460  48.504  -9.049  33.843 0.0000000000
74470  48.695  -9.109  32.563 0.0000000000
73422  47.393  -8.963  31.785 0.0000000000
73436  46.258  -9.084  31.120 0.0000000000
73448  44.982  -9.070  29.991 0.0000000000
73449  43.987  -9.206  30.149 0.0000000000
73450  43.131  -9.405  29.895 0.0000000000
72333  43.608  -10.281  32.995 0.0000000000
72340  42.889  -10.568  31.838 0.0000000000
71080  49.824  -11.142  39.816 0.0000000000
69862  48.752  -11.969  38.918 0.0000000000
66309  49.590  -15.111  40.106 0.0000000000
64349  48.012  -16.434  38.761 0.0000000000
65379  49.128  -15.464  38.996 0.0000000000
67366  49.785  -14.462  38.921 0.0000000000
68568  49.799  -13.700  38.789 0.0000000000
69871  48.459  -12.755  38.449 0.0000000000
69880  47.200  -11.978  37.682 0.0000000000
139041  46.481  -12.697  36.872 0.0000000000
68604  45.680  -13.244  35.422 0.0000000000
68619  44.482  -13.217  33.991 0.0000000000
150020  44.439  -15.262  33.899 0.0000000000
67430  44.304  -14.395  33.707 0.0000000000
68629  43.041  -13.345  32.548 0.0000000000
68640  42.153  -13.542  31.567 0.0000000000
63338  39.863  -17.542  29.058 0.0000000000
63384  38.981  -17.409  27.191 0.0000000000
150862  40.562  -17.721  33.601 0.0000000000
63297  39.214  -17.837  31.986 0.0000000000
63323  38.289  -18.036  29.750 0.0000000000
63311  37.512  -17.284  31.312 0.0000000000
63324  37.554  -17.556  29.869 0.0000000000
58870  38.731  -20.717  40.653 0.0000000000
59960  38.446  -20.409  39.938 0.0000000000
59977  37.549  -20.433  38.940 0.0000000000
57796  36.073  -21.708  38.604 0.0000000000
58911  36.390  -21.093  38.280 0.0000000000
60010  36.465  -20.330  37.344 0.0000000000
60023  36.243  -20.130  36.716 0.0000000000
61060  35.088  -19.727  35.293 0.0000000000
61073  34.194  -19.591  34.339 0.0000000000
55514  31.903  -23.647  36.740 0.0000000000
56706  32.777  -22.925  36.582 0.0000000000
57819  32.108  -22.305  35.379 0.0000000000
57831  30.661  -22.678  34.131 0.0000000000
57829  31.742  -21.928  34.783 0.0000000000
57828  32.407  -21.649  35.057 0.0000000000
58951  32.438  -20.708  34.037 0.0000000000
60052  32.269  -19.638  33.110 0.0000000000
81710  50.629  -2.188  21.071 0.0000000000
81717  50.904  -2.494  20.387 0.0000000000
155897  51.626  -2.237  19.418 0.0000000000
140088  47.720  -6.222  26.061 0.0000000000
58824  40.562  -20.751  42.636 0.0000000000
59905  41.231  -20.366  42.970 0.0000000000
59931  40.881  -20.119  42.211 0.0000000000
59930  41.433  -19.758  42.446 0.0000000000
49513  27.064  -28.312  42.097 0.0000000000
49468  21.278  -28.519  44.573 0.0000000000
49469  20.515  -28.621  44.658 0.0000000000
53056  37.109  -25.584  47.216 0.0000000000
53094  37.171  -25.474  46.202 0.0000000000
51975  36.288  -25.848  45.528 0.0000000000
50730  28.340  -27.971  43.566 0.0000000000
50741  28.171  -27.779  42.876 0.0000000000
50754  28.006  -27.563  42.099 0.0000000000
73492  45.445  -9.328  28.164 0.0000000000
77510  54.001  -4.878  33.757 0.0000000000
77479  54.022  -5.011  34.564 0.0000000000
72255  47.432  -10.012  38.170 0.0000000000
72274  46.574  -10.694  37.167 0.0000000000
71116  46.962  -11.247  37.640 0.0000000000
62118  43.405  -18.374  35.437 0.0000000000
62117  44.252  -18.070  35.711 0.0000000000
62135  43.428  -18.523  34.473 0.0000000000
62136  42.814  -18.433  34.110 0.0000000000
55488  33.238  -24.493  38.690 0.0000000000
55495  33.467  -23.950  38.304 0.0000000000
82726  50.944  -1.333  22.372 0.0000000000
82725  51.578  -1.047  22.138 0.0000000000
48244  27.419  -29.922  48.641 0.0000000000
48245  26.540  -29.672  48.581 0.0000000000
48264  25.804  -29.355  47.978 0.0000000000
48226  26.226  -29.773  49.480 0.0000000000
54211  33.454  -24.527  48.037 0.0000000000
153432  30.427  -28.515  47.203 0.0000000000
49444  29.654  -28.264  45.818 0.0000000000
59900  45.323  -19.906  43.843 0.0000000000
60943  45.797  -19.730  44.571 0.0000000000
145391  45.902  -19.634  43.901 0.0000000000
61998  46.125  -18.864  43.768 0.0000000000
62008  46.018  -18.703  43.209 0.0000000000
60950  45.911  -19.264  43.225 0.0000000000
62055  42.628  -17.884  39.640 0.0000000000
141556  41.558  -17.846  38.364 0.0000000000
158978  41.116  -17.939  38.699 0.0000000000
61029  37.325  -19.496  37.270 0.0000000000
157385  27.814  -24.560  37.547 0.0000000000
54379  27.841  -24.289  36.923 0.0000000000
50803  25.911  -27.836  38.373 0.0000000000
49585  25.331  -28.089  38.540 0.0000000000
49463  25.413  -28.729  44.249 0.0000000000
149878  24.706  -28.491  43.960 0.0000000000
48383  20.762  -29.815  41.270 0.0000000000
56601  39.857  -23.023  44.178 0.0000000000
53176  35.485  -25.721  42.684 0.0000000000
54276  34.937  -25.435  41.289 0.0000000000
53139  32.773  -25.691  44.532 0.0000000000
53140  31.860  -25.444  44.356 0.0000000000
54277  30.350  -25.191  41.519 0.0000000000
54294  30.304  -25.026  40.932 0.0000000000
54295  29.555  -24.993  40.745 0.0000000000
48209  22.779  -29.922  51.832 0.0000000000
48230  22.566  -29.447  50.294 0.0000000000
47210  18.338  -29.854  46.986 0.0000000000
48301  18.658  -29.352  46.472 0.0000000000
46247  18.153  -30.780  45.933 0.0000000000
46248  17.936  -31.369  46.440 0.0000000000
82699  50.423  -1.026  25.037 0.0000000000
82691  50.585  -0.511  25.683 0.0000000000
81640  49.995  -1.389  27.915 0.0000000000
78565  49.388  -4.470  30.983 0.0000000000
154295  49.031  -4.900  30.825 0.0000000000
77536  48.725  -5.364  30.633 0.0000000000
74478  49.801  -8.616  32.382 0.0000000000
74479  49.246  -8.550  31.800 0.0000000000
74480  48.573  -8.913  31.803 0.0000000000
75420  50.356  -7.120  37.110 0.0000000000
73387  46.018  -9.342  34.431 0.0000000000
73386  46.872  -9.174  34.126 0.0000000000
69907  43.638  -12.169  33.423 0.0000000000
71155  43.135  -11.500  32.886 0.0000000000
69921  42.326  -12.104  31.646 0.0000000000
157058  43.184  -12.528  32.808 0.0000000000
68557  50.727  -13.537  39.661 0.0000000000
64323  46.703  -16.903  40.238 0.0000000000
64307  47.314  -16.476  40.294 0.0000000000
63221  46.741  -17.072  39.559 0.0000000000
65398  47.007  -15.737  36.241 0.0000000000
65397  47.430  -15.815  36.801 0.0000000000
66353  47.478  -15.085  36.369 0.0000000000
150806  46.991  -15.231  35.885 0.0000000000
66354  47.052  -14.620  36.020 0.0000000000
65422  42.025  -16.175  31.901 0.0000000000
160893  42.495  -15.976  32.282 0.0000000000
65426  41.121  -15.837  31.105 0.0000000000
65433  40.693  -15.799  30.578 0.0000000000
64419  40.667  -16.648  30.186 0.0000000000
136928  39.066  -18.128  29.513 0.0000000000
62206  39.057  -18.082  28.771 0.0000000000
62233  38.345  -18.139  28.314 0.0000000000
134313  38.898  -17.845  34.247 0.0000000000
63277  38.469  -17.731  33.441 0.0000000000
57765  37.238  -22.002  40.317 0.0000000000
57766  36.593  -22.309  39.983 0.0000000000
57809  34.354  -21.752  36.771 0.0000000000
58935  34.103  -21.458  36.187 0.0000000000
56729  29.320  -23.217  34.351 0.0000000000
56717  30.569  -23.445  35.166 0.0000000000
79698  49.699  -4.095  21.005 0.0000000000
48259  30.672  -29.350  48.495 0.0000000000
48225  30.956  -29.624  50.427 0.0000000000
47185  30.502  -30.156  49.743 0.0000000000
47186  29.769  -30.638  49.862 0.0000000000
47171  29.602  -30.609  50.899 0.0000000000
50699  31.473  -27.047  49.205 0.0000000000
58795  42.810  -21.237  45.452 0.0000000000
134377  42.632  -19.881  43.426 0.0000000000
158155  43.533  -20.478  44.248 0.0000000000
59903  43.355  -20.168  43.854 0.0000000000
59901  44.750  -20.077  43.779 0.0000000000
59902  44.219  -20.021  43.483 0.0000000000
154725  44.198  -19.548  42.929 0.0000000000
142027  41.701  -18.849  41.407 0.0000000000
62031  42.277  -18.521  40.854 0.0000000000
62032  41.389  -18.580  40.695 0.0000000000
60990  40.697  -18.917  40.429 0.0000000000
59958  39.711  -19.837  40.553 0.0000000000
60991  40.082  -19.237  40.170 0.0000000000
53277  25.772  -26.092  36.106 0.0000000000
157912  25.814  -25.749  35.494 0.0000000000
52113  25.537  -26.458  35.477 0.0000000000
79657  47.108  -4.476  25.345 0.0000000000
78623  47.214  -5.068  25.100 0.0000000000
77585  47.916  -5.912  25.372 0.0000000000
49547  26.274  -28.459  40.118 0.0000000000
49533  25.590  -28.525  41.028 0.0000000000
135252  24.431  -28.250  40.586 0.0000000000
134941  24.717  -28.371  41.254 0.0000000000
49466  22.938  -28.397  44.422 0.0000000000
49485  20.818  -28.686  43.942 0.0000000000
48356  20.505  -29.377  42.702 0.0000000000
47258  20.117  -29.967  42.353 0.0000000000
47268  19.803  -30.562  42.042 0.0000000000
47259  19.516  -30.308  42.708 0.0000000000
46270  18.903  -30.702  43.082 0.0000000000
157381  18.448  -32.199  43.344 0.0000000000
46271  18.516  -31.203  43.537 0.0000000000
54214  38.178  -24.922  46.377 0.0000000000
54225  37.874  -25.061  45.708 0.0000000000
54224  38.460  -24.839  45.914 0.0000000000
54236  38.324  -24.737  45.263 0.0000000000
141680  36.261  -25.820  44.156 0.0000000000
142242  35.975  -25.930  43.534 0.0000000000
52009  29.658  -26.144  43.184 0.0000000000
52026  28.718  -26.253  41.455 0.0000000000
52017  28.376  -26.925  41.758 0.0000000000
50770  27.300  -27.792  40.944 0.0000000000
73490  46.788  -9.118  28.807 0.0000000000
73516  46.677  -9.149  28.058 0.0000000000
73545  46.262  -9.501  26.845 0.0000000000
72450  47.199  -10.290  25.757 0.0000000000
45331  17.649  -31.777  47.827 0.0000000000
45338  17.651  -32.082  47.091 0.0000000000
141601  17.567  -32.503  47.731 0.0000000000
77520  50.623  -5.684  31.893 0.0000000000
76504  51.553  -5.882  32.227 0.0000000000
76496  52.347  -6.484  33.050 0.0000000000
147276  51.731  -6.703  32.705 0.0000000000
75474  51.209  -7.496  32.777 0.0000000000
75464  51.198  -7.798  33.273 0.0000000000
74393  48.674  -8.468  37.662 0.0000000000
73347  46.818  -9.448  36.532 0.0000000000
74410  47.302  -8.824  36.529 0.0000000000
73348  46.324  -9.548  35.883 0.0000000000
73349  45.690  -9.757  35.470 0.0000000000
72290  45.811  -10.076  35.959 0.0000000000
71128  46.067  -11.123  36.660 0.0000000000
71135  45.238  -11.067  35.567 0.0000000000
69895  45.076  -11.758  35.273 0.0000000000
63242  45.829  -18.095  38.147 0.0000000000
63249  45.726  -17.797  37.351 0.0000000000
148257  45.434  -17.514  35.651 0.0000000000
63257  45.716  -17.526  36.408 0.0000000000
63262  45.907  -17.111  35.674 0.0000000000
63263  45.493  -17.254  35.089 0.0000000000
64387  45.824  -16.583  35.177 0.0000000000
63271  45.058  -17.373  34.600 0.0000000000
62161  43.247  -18.182  33.222 0.0000000000
63276  43.663  -17.769  33.246 0.0000000000
63283  43.070  -17.613  32.904 0.0000000000
64404  42.902  -17.029  32.637 0.0000000000
63284  42.511  -17.441  32.334 0.0000000000
161159  41.581  -17.250  31.046 0.0000000000
63296  41.752  -17.637  31.818 0.0000000000
62173  41.016  -17.884  31.957 0.0000000000
62174  40.530  -17.961  31.475 0.0000000000
62175  39.841  -17.979  31.526 0.0000000000
63280  36.100  -17.836  33.422 0.0000000000
63279  36.886  -17.819  33.437 0.0000000000
63290  35.632  -17.684  32.870 0.0000000000
63327  34.270  -17.420  30.285 0.0000000000
63343  34.429  -17.488  29.608 0.0000000000
63344  33.863  -17.637  29.916 0.0000000000
56677  35.315  -22.922  39.341 0.0000000000
56678  34.739  -23.146  39.060 0.0000000000
56690  33.806  -23.300  38.032 0.0000000000
56696  33.635  -22.957  37.419 0.0000000000
57805  34.003  -22.337  37.106 0.0000000000
82733  52.305  -0.874  20.961 0.0000000000
82745  51.764  -1.374  20.389 0.0000000000
49461  28.189  -29.040  44.702 0.0000000000
48326  27.782  -29.504  44.719 0.0000000000
48309  27.074  -29.502  45.272 0.0000000000
48261  29.217  -29.941  47.793 0.0000000000
48276  28.841  -29.648  47.095 0.0000000000
48278  26.827  -29.391  46.933 0.0000000000
156522  26.339  -29.344  46.516 0.0000000000
135246  26.272  -29.354  45.868 0.0000000000
48311  24.794  -28.942  45.332 0.0000000000
48294  24.943  -29.211  46.447 0.0000000000
48295  24.256  -29.287  46.772 0.0000000000
48313  23.028  -29.028  45.794 0.0000000000
136916  23.413  -29.398  47.030 0.0000000000
53076  34.915  -25.491  46.916 0.0000000000
54209  35.488  -25.248  46.923 0.0000000000
143254  35.594  -25.613  46.811 0.0000000000
53096  35.108  -25.881  46.832 0.0000000000
51957  35.176  -26.105  46.327 0.0000000000
53098  33.000  -25.627  46.754 0.0000000000
145406  33.857  -25.884  46.450 0.0000000000
53118  32.556  -25.682  45.826 0.0000000000
51938  31.825  -26.289  48.175 0.0000000000
53079  32.295  -25.730  48.309 0.0000000000
51960  31.135  -26.463  46.430 0.0000000000
51979  30.854  -26.197  45.719 0.0000000000
51992  30.597  -25.956  45.006 0.0000000000
51980  30.298  -26.730  45.366 0.0000000000
49448  29.154  -28.488  45.274 0.0000000000
50729  28.849  -27.754  44.063 0.0000000000
73548  43.956  -9.381  26.770 0.0000000000
74378  50.217  -8.016  38.706 0.0000000000
74367  49.563  -8.844  39.057 0.0000000000
73298  48.850  -9.638  39.065 0.0000000000
57664  44.161  -21.854  46.075 0.0000000000
63213  46.084  -17.691  41.194 0.0000000000
60970  44.379  -18.851  41.931 0.0000000000
60969  44.925  -18.989  42.193 0.0000000000
62029  44.893  -18.628  40.756 0.0000000000
62040  44.725  -18.682  39.856 0.0000000000
62053  44.825  -18.594  39.177 0.0000000000
62067  45.322  -18.443  38.662 0.0000000000
62070  42.994  -17.685  38.230 0.0000000000
62084  43.502  -17.709  37.769 0.0000000000
138229  42.837  -17.810  37.399 0.0000000000
135020  41.998  -18.128  36.255 0.0000000000
62085  40.744  -18.006  37.333 0.0000000000
62102  40.582  -18.054  36.480 0.0000000000
62103  39.709  -18.020  36.429 0.0000000000
62088  38.440  -18.502  36.963 0.0000000000
62087  39.210  -18.183  37.106 0.0000000000
62123  37.812  -18.245  35.598 0.0000000000
62124  37.244  -18.603  35.648 0.0000000000
61058  36.322  -19.348  35.781 0.0000000000
62125  36.745  -18.777  35.401 0.0000000000
61070  36.136  -18.977  35.148 0.0000000000
61078  35.298  -18.885  34.226 0.0000000000
61071  35.512  -19.225  34.878 0.0000000000
55499  30.249  -24.223  38.025 0.0000000000
55508  29.698  -24.036  37.398 0.0000000000
55519  27.938  -23.932  36.214 0.0000000000
55517  29.341  -23.826  36.567 0.0000000000
136285  28.667  -23.737  36.004 0.0000000000
55526  28.903  -23.506  35.196 0.0000000000
53289  26.105  -25.123  35.102 0.0000000000
149315  26.574  -24.418  35.163 0.0000000000
54417  26.368  -24.619  34.412 0.0000000000
54439  26.801  -24.330  33.682 0.0000000000
54458  27.188  -24.715  32.843 0.0000000000
137000  49.259  -2.055  23.634 0.0000000000
79696  48.940  -4.018  22.091 0.0000000000
79681  47.609  -4.616  24.045 0.0000000000
49567  24.480  -28.043  38.940 0.0000000000
49587  23.588  -28.034  38.683 0.0000000000
49495  26.580  -28.513  42.513 0.0000000000
49496  25.851  -28.564  42.988 0.0000000000
49497  24.239  -28.341  42.686 0.0000000000
136810  25.156  -28.377  42.479 0.0000000000
49516  23.850  -28.253  41.888 0.0000000000
49499  22.308  -28.369  42.755 0.0000000000
137980  21.162  -29.207  41.570 0.0000000000
49517  22.096  -28.408  41.988 0.0000000000
56556  39.638  -23.923  46.136 0.0000000000
55402  39.807  -23.894  46.069 0.0000000000
57694  41.420  -22.187  45.552 0.0000000000
57705  40.176  -22.268  43.675 0.0000000000
58825  40.317  -21.461  43.063 0.0000000000
57715  39.689  -21.912  42.741 0.0000000000
57731  39.385  -21.480  41.994 0.0000000000
56639  38.252  -23.011  42.386 0.0000000000
56651  37.935  -22.685  41.685 0.0000000000
55441  36.940  -24.290  42.655 0.0000000000
54274  35.828  -24.725  41.725 0.0000000000
55463  36.174  -23.956  41.263 0.0000000000
55472  35.884  -23.657  40.592 0.0000000000
54290  34.625  -25.148  40.671 0.0000000000
54309  34.632  -24.646  40.129 0.0000000000
54310  34.117  -25.041  39.956 0.0000000000
54329  33.662  -24.836  39.318 0.0000000000
51977  35.090  -26.264  45.373 0.0000000000
53159  33.418  -25.805  43.960 0.0000000000
150469  34.072  -25.931  43.301 0.0000000000
160089  31.545  -25.208  43.133 0.0000000000
53197  32.402  -25.531  41.878 0.0000000000
53196  33.295  -25.583  41.853 0.0000000000
53212  33.721  -25.542  41.166 0.0000000000
53213  32.909  -25.501  41.187 0.0000000000
54292  32.641  -25.447  40.491 0.0000000000
54332  31.115  -24.681  39.257 0.0000000000
54334  29.192  -24.561  39.262 0.0000000000
54351  28.251  -24.568  38.162 0.0000000000
53227  27.713  -26.001  39.729 0.0000000000
154929  26.818  -26.581  38.815 0.0000000000
153317  27.587  -25.699  39.138 0.0000000000
53256  26.503  -25.918  37.439 0.0000000000
52075  26.158  -26.616  37.427 0.0000000000
138302  47.488  -7.382  26.541 0.0000000000
156739  47.029  -8.988  26.892 0.0000000000
73559  48.475  -9.344  25.580 0.0000000000
72431  44.953  -9.740  25.899 0.0000000000
72451  45.224  -10.193  25.222 0.0000000000
49387  31.079  -27.474  51.434 0.0000000000
47133  29.966  -29.935  52.766 0.0000000000
46197  28.919  -30.689  52.721 0.0000000000
145891  28.829  -30.607  51.469 0.0000000000
47160  27.409  -30.232  52.108 0.0000000000
148168  25.658  -30.096  51.384 0.0000000000
48216  25.026  -30.068  50.549 0.0000000000
48227  25.354  -29.854  49.686 0.0000000000
48228  24.522  -29.838  49.932 0.0000000000
48267  22.760  -29.378  48.443 0.0000000000
48266  23.500  -29.471  48.543 0.0000000000
48297  22.089  -29.591  46.729 0.0000000000
48283  22.072  -29.634  47.244 0.0000000000
48271  19.392  -29.070  48.199 0.0000000000
48270  20.346  -28.943  48.043 0.0000000000
48251  20.758  -28.650  48.813 0.0000000000
48269  21.345  -29.143  48.090 0.0000000000
48285  20.239  -28.953  47.329 0.0000000000
48299  20.133  -28.802  46.726 0.0000000000
49446  19.782  -28.613  46.089 0.0000000000
156627  20.719  -28.607  46.142 0.0000000000
48316  19.319  -29.054  45.332 0.0000000000
46254  18.266  -30.902  45.105 0.0000000000
45352  17.830  -32.468  45.845 0.0000000000
81661  50.610  -0.987  26.513 0.0000000000
81655  49.249  -2.054  26.986 0.0000000000
80636  47.620  -3.450  27.194 0.0000000000
80620  49.167  -2.746  29.343 0.0000000000
80609  48.815  -3.488  29.735 0.0000000000
78578  48.109  -4.910  29.954 0.0000000000
79619  48.220  -4.064  29.440 0.0000000000
77537  47.956  -6.251  30.145 0.0000000000
77538  47.492  -6.126  29.612 0.0000000000
76515  50.001  -6.510  31.709 0.0000000000
76516  49.423  -6.988  31.411 0.0000000000
146126  48.313  -8.318  30.744 0.0000000000
75496  48.584  -7.794  30.857 0.0000000000
74504  47.191  -8.607  29.120 0.0000000000
73446  46.435  -9.175  29.993 0.0000000000
149939  46.552  -9.125  30.591 0.0000000000
77466  52.089  -5.792  35.861 0.0000000000
76450  52.816  -5.997  34.979 0.0000000000
76451  51.997  -6.277  35.621 0.0000000000
75449  50.185  -7.942  34.344 0.0000000000
75465  50.510  -8.306  33.434 0.0000000000
74458  49.783  -8.638  33.662 0.0000000000
74426  48.291  -8.339  35.720 0.0000000000
74461  47.727  -9.090  33.918 0.0000000000
137681  48.978  -9.123  33.218 0.0000000000
159479  48.208  -9.122  32.539 0.0000000000
73409  47.565  -9.081  32.497 0.0000000000
159559  45.979  -9.095  31.684 0.0000000000
73423  46.680  -9.008  31.624 0.0000000000
138228  45.735  -9.095  30.499 0.0000000000
73468  44.514  -9.136  29.438 0.0000000000
73437  44.704  -9.098  30.733 0.0000000000
73426  43.975  -9.580  31.747 0.0000000000
138416  43.795  -9.460  31.012 0.0000000000
73438  43.291  -9.578  30.491 0.0000000000
160023  42.667  -9.854  29.669 0.0000000000
72356  42.788  -10.078  30.244 0.0000000000
72327  44.415  -10.319  34.068 0.0000000000
73404  44.157  -9.945  33.432 0.0000000000
71156  42.813  -11.163  32.278 0.0000000000
141973  42.557  -10.886  31.234 0.0000000000
71184  42.392  -10.777  30.598 0.0000000000
69860  50.230  -12.070  39.494 0.0000000000
71081  49.324  -11.603  39.429 0.0000000000
145863  48.772  -11.037  39.178 0.0000000000
65346  48.394  -15.740  40.720 0.0000000000
65332  48.032  -15.571  41.467 0.0000000000
65331  48.920  -15.230  41.301 0.0000000000
66301  49.536  -14.985  40.913 0.0000000000
65345  49.073  -15.457  40.487 0.0000000000
64335  47.365  -16.771  39.169 0.0000000000
64350  47.220  -16.833  38.400 0.0000000000
65389  48.447  -15.644  37.895 0.0000000000
155990  48.418  -15.994  38.441 0.0000000000
65380  48.875  -15.547  38.446 0.0000000000
66318  49.546  -15.084  39.300 0.0000000000
66328  49.309  -14.979  38.592 0.0000000000
67373  49.358  -14.346  38.282 0.0000000000
68577  48.291  -13.372  37.863 0.0000000000
69879  47.883  -12.440  37.758 0.0000000000
68586  47.223  -12.579  37.248 0.0000000000
68593  47.170  -13.253  36.745 0.0000000000
67411  46.015  -14.022  35.370 0.0000000000
67420  45.471  -13.759  34.892 0.0000000000
68611  45.205  -13.013  34.906 0.0000000000
67421  44.969  -13.487  34.435 0.0000000000
155016  44.847  -16.071  34.264 0.0000000000
150021  45.170  -15.267  34.547 0.0000000000
66371  43.120  -14.672  32.599 0.0000000000
66366  43.919  -14.863  33.368 0.0000000000
66370  43.567  -14.591  32.966 0.0000000000
67438  43.365  -14.017  32.794 0.0000000000
67443  42.887  -14.044  32.306 0.0000000000
68639  42.585  -13.439  31.990 0.0000000000
67444  42.402  -14.084  31.829 0.0000000000
67460  40.320  -14.312  29.705 0.0000000000
157643  40.249  -17.300  29.391 0.0000000000
62232  38.928  -17.941  27.900 0.0000000000
141035  39.287  -17.534  27.926 0.0000000000
63385  38.423  -17.760  26.941 0.0000000000
134840  40.666  -17.732  34.396 0.0000000000
63286  38.926  -17.706  32.707 0.0000000000
158461  39.433  -17.738  32.888 0.0000000000
63309  39.097  -17.874  31.308 0.0000000000
63310  38.310  -17.636  31.267 0.0000000000
63300  36.777  -17.202  32.042 0.0000000000
153917  36.786  -17.014  31.271 0.0000000000
63364  36.181  -17.460  28.863 0.0000000000
63325  36.743  -16.915  29.935 0.0000000000
63341  36.939  -17.292  29.232 0.0000000000
58855  39.067  -21.099  41.323 0.0000000000
58872  37.536  -21.341  39.976 0.0000000000
58891  37.858  -20.726  39.596 0.0000000000
58910  36.957  -20.758  38.598 0.0000000000
57783  36.319  -21.995  39.299 0.0000000000
58923  35.516  -21.106  37.410 0.0000000000
58922  36.162  -20.843  37.663 0.0000000000
59995  36.691  -20.533  37.957 0.0000000000
60024  35.616  -20.342  36.462 0.0000000000
60035  34.135  -20.528  35.352 0.0000000000
60034  34.750  -20.302  35.611 0.0000000000
60039  34.489  -19.972  34.994 0.0000000000
60046  33.488  -19.826  34.030 0.0000000000
134045  32.292  -23.891  37.357 0.0000000000
56707  32.188  -23.238  36.294 0.0000000000
56715  31.866  -23.014  35.649 0.0000000000
56714  32.479  -22.668  35.950 0.0000000000
56749  29.947  -22.809  33.001 0.0000000000
56737  30.039  -22.897  33.816 0.0000000000
57841  30.958  -22.077  33.781 0.0000000000
57840  31.398  -21.563  34.173 0.0000000000
58948  32.021  -21.267  34.437 0.0000000000
58947  32.785  -21.056  34.691 0.0000000000
58952  31.729  -20.965  33.739 0.0000000000
60054  31.201  -20.408  32.272 0.0000000000
60048  31.982  -20.292  33.425 0.0000000000
61087  31.986  -19.430  32.443 0.0000000000
83751  53.942  -0.593  19.691 0.0000000000
152462  50.306  -2.685  21.361 0.0000000000
81716  51.308  -1.890  19.966 0.0000000000
76584  47.303  -6.621  26.710 0.0000000000
49421  31.260  -27.758  49.934 0.0000000000
48241  31.095  -28.873  49.144 0.0000000000
48224  31.108  -28.674  50.082 0.0000000000
48214  30.889  -28.406  50.834 0.0000000000
58815  42.006  -20.919  44.064 0.0000000000
59904  41.900  -20.373  43.492 0.0000000000
60961  42.752  -19.380  42.787 0.0000000000
60974  41.231  -19.453  41.844 0.0000000000
59946  39.350  -20.427  40.963 0.0000000000
49531  26.929  -28.267  41.284 0.0000000000
156340  25.957  -28.538  41.489 0.0000000000
49452  22.552  -28.653  45.188 0.0000000000
49467  22.092  -28.451  44.486 0.0000000000
47245  19.877  -29.690  43.077 0.0000000000
48347  19.597  -29.345  43.920 0.0000000000
47232  18.936  -29.810  44.221 0.0000000000
54207  37.719  -25.208  46.661 0.0000000000
54215  38.154  -24.959  46.417 0.0000000000
53072  37.838  -25.234  46.512 0.0000000000
53115  37.507  -25.295  45.935 0.0000000000
145875  37.064  -25.270  45.293 0.0000000000
53136  36.496  -25.655  44.922 0.0000000000
52004  29.305  -26.929  43.566 0.0000000000
72430  45.899  -9.837  25.903 0.0000000000
44402  17.426  -32.732  49.056 0.0000000000
77512  53.120  -4.987  32.762 0.0000000000
76480  52.927  -6.089  33.501 0.0000000000
76481  52.320  -6.732  33.716 0.0000000000
73332  47.797  -8.886  37.674 0.0000000000
73315  47.290  -9.482  37.765 0.0000000000
73333  46.838  -9.846  37.172 0.0000000000
69887  46.134  -11.983  36.747 0.0000000000
62099  44.310  -17.795  36.669 0.0000000000
63250  45.061  -17.779  36.997 0.0000000000
63272  44.535  -17.851  34.351 0.0000000000
62146  43.906  -18.304  34.060 0.0000000000
62147  43.334  -18.397  33.743 0.0000000000
62163  42.148  -17.924  32.647 0.0000000000
134765  41.802  -18.061  33.086 0.0000000000
62164  40.959  -17.910  32.819 0.0000000000
55486  34.288  -23.718  39.039 0.0000000000
55505  33.275  -23.597  37.693 0.0000000000
83718  52.133  -0.561  21.866 0.0000000000
49449  28.670  -28.979  45.142 0.0000000000
48307  28.689  -29.253  45.580 0.0000000000
48262  27.696  -29.836  48.097 0.0000000000
48279  26.041  -29.305  47.161 0.0000000000
48265  24.944  -29.366  48.253 0.0000000000
135150  32.361  -25.625  47.274 0.0000000000
50720  30.016  -27.520  45.685 0.0000000000
155781  45.303  -20.211  44.840 0.0000000000
59874  45.481  -20.042  44.887 0.0000000000
60935  45.969  -19.468  45.223 0.0000000000
63186  45.740  -17.261  43.671 0.0000000000
63196  45.961  -18.014  43.017 0.0000000000
62018  45.380  -18.581  42.196 0.0000000000
150596  43.101  -18.724  40.798 0.0000000000
62030  43.724  -18.730  40.667 0.0000000000
161024  43.558  -18.562  40.368 0.0000000000
150494  44.262  -18.264  39.168 0.0000000000
144272  43.325  -17.801  39.059 0.0000000000
136401  42.169  -17.783  37.879 0.0000000000
135828  41.445  -17.966  37.591 0.0000000000
61012  38.975  -18.989  38.454 0.0000000000
61042  37.743  -18.974  36.800 0.0000000000
62106  37.465  -18.763  36.189 0.0000000000
61043  37.109  -19.344  36.623 0.0000000000
61044  36.547  -19.640  36.382 0.0000000000
54365  28.937  -24.191  37.819 0.0000000000
55509  28.937  -24.015  37.205 0.0000000000
80675  48.367  -3.533  23.300 0.0000000000
77611  48.066  -5.484  23.834 0.0000000000
49568  23.691  -28.043  39.481 0.0000000000
48344  26.128  -28.810  43.748 0.0000000000
48369  21.061  -29.051  42.313 0.0000000000
55413  39.618  -24.024  45.650 0.0000000000
56583  40.024  -23.564  45.377 0.0000000000
157414  40.444  -22.897  44.864 0.0000000000
57716  39.520  -22.540  43.268 0.0000000000
54261  36.267  -24.819  42.543 0.0000000000
54289  35.228  -25.033  41.141 0.0000000000
54291  33.976  -25.379  40.532 0.0000000000
53117  33.703  -26.079  45.560 0.0000000000
53138  33.572  -25.961  44.729 0.0000000000
137887  30.931  -25.049  40.411 0.0000000000
152070  30.766  -24.828  39.827 0.0000000000
54314  29.363  -24.748  40.038 0.0000000000
54315  28.629  -24.901  39.783 0.0000000000
52037  27.416  -26.793  39.941 0.0000000000
153571  26.170  -27.171  38.002 0.0000000000
52076  25.713  -27.480  37.485 0.0000000000
146500  47.193  -7.292  27.941 0.0000000000
75563  47.250  -8.160  26.752 0.0000000000
47176  23.590  -30.064  51.933 0.0000000000
48218  23.533  -30.121  51.180 0.0000000000
48229  23.717  -29.857  50.332 0.0000000000
159820  23.132  -29.739  50.039 0.0000000000
48268  22.085  -29.271  48.240 0.0000000000
47208  18.487  -29.842  47.880 0.0000000000
48286  19.390  -29.036  47.421 0.0000000000
48317  18.635  -29.433  45.739 0.0000000000
80628  48.406  -3.116  28.199 0.0000000000
157918  49.118  -3.543  30.325 0.0000000000
154723  48.190  -5.659  30.257 0.0000000000
74488  48.115  -8.709  31.093 0.0000000000
76452  51.264  -6.603  35.976 0.0000000000
75434  49.975  -7.691  35.319 0.0000000000
138419  47.960  -8.781  35.032 0.0000000000
74446  47.365  -9.038  34.756 0.0000000000
73400  47.234  -9.141  33.300 0.0000000000
73410  46.670  -9.069  32.738 0.0000000000
144002  45.277  -9.220  32.237 0.0000000000
73425  44.639  -9.323  31.843 0.0000000000
73413  44.208  -9.612  32.551 0.0000000000
72328  43.838  -10.748  33.685 0.0000000000
71151  43.568  -11.373  33.437 0.0000000000
71163  42.530  -11.349  31.725 0.0000000000
69932  41.960  -12.406  31.054 0.0000000000
68566  50.776  -12.811  39.545 0.0000000000
139108  50.111  -12.956  39.097 0.0000000000
65348  46.714  -16.125  41.168 0.0000000000
65333  47.020  -15.758  41.630 0.0000000000
65360  47.980  -16.165  40.115 0.0000000000
64362  47.276  -16.514  37.477 0.0000000000
65390  47.944  -15.800  37.361 0.0000000000
66339  48.328  -15.152  37.318 0.0000000000
143289  48.439  -14.576  37.399 0.0000000000
66352  48.027  -14.588  36.810 0.0000000000
67396  47.782  -13.813  36.636 0.0000000000
67397  47.124  -13.918  36.309 0.0000000000
67410  46.568  -14.060  35.855 0.0000000000
66357  45.635  -14.612  34.987 0.0000000000
65415  43.657  -16.240  33.227 0.0000000000
150019  43.915  -15.567  33.451 0.0000000000
65421  42.782  -15.383  32.474 0.0000000000
66377  42.062  -14.709  31.697 0.0000000000
66382  41.610  -14.650  31.271 0.0000000000
156498  41.017  -15.016  30.916 0.0000000000
66388  40.430  -15.029  30.212 0.0000000000
66389  39.878  -15.037  29.502 0.0000000000
156022  39.367  -16.406  28.660 0.0000000000
63339  39.643  -17.971  29.240 0.0000000000
158744  40.107  -17.729  34.638 0.0000000000
135439  39.868  -17.646  34.044 0.0000000000
63299  37.758  -17.446  32.049 0.0000000000
63326  35.851  -17.002  30.046 0.0000000000
63312  36.349  -16.918  30.705 0.0000000000
63342  35.353  -17.361  29.345 0.0000000000
57764  37.868  -21.691  40.660 0.0000000000
57803  35.188  -21.727  37.699 0.0000000000
58924  34.890  -21.394  37.118 0.0000000000
58933  35.253  -20.853  36.781 0.0000000000
58940  34.439  -20.896  35.886 0.0000000000
152568  30.140  -23.580  35.592 0.0000000000
55525  30.762  -23.630  35.902 0.0000000000
56727  30.913  -22.975  34.776 0.0000000000
57852  30.314  -22.361  32.569 0.0000000000
75581  49.006  -7.107  25.609 0.0000000000
49441  29.908  -29.115  46.950 0.0000000000
48274  30.287  -29.249  47.630 0.0000000000
157547  29.629  -30.153  48.367 0.0000000000
48243  30.290  -29.981  48.828 0.0000000000
47206  28.984  -30.217  48.412 0.0000000000
47201  28.917  -30.533  49.127 0.0000000000
47202  27.984  -30.286  49.220 0.0000000000
47188  27.673  -30.326  49.940 0.0000000000
51922  32.099  -26.219  49.022 0.0000000000
51923  31.275  -26.991  47.884 0.0000000000
57666  42.112  -23.385  46.564 0.0000000000
57665  43.404  -22.532  46.182 0.0000000000
153576  43.800  -21.704  45.857 0.0000000000
139569  44.396  -21.236  45.395 0.0000000000
58806  42.814  -20.693  44.433 0.0000000000
137127  43.648  -20.750  44.702 0.0000000000
58805  44.533  -20.714  44.765 0.0000000000
59885  44.959  -20.233  44.291 0.0000000000
60959  45.431  -19.221  42.821 0.0000000000
159206  44.101  -19.095  42.462 0.0000000000
60971  43.699  -18.962  41.927 0.0000000000
60972  42.996  -19.037  42.036 0.0000000000
60982  43.359  -18.917  41.279 0.0000000000
62043  41.930  -18.139  40.187 0.0000000000
60999  39.891  -18.876  39.496 0.0000000000
61000  39.197  -19.242  39.168 0.0000000000
61001  38.557  -19.615  38.859 0.0000000000
59993  37.902  -19.899  38.598 0.0000000000
54381  26.651  -24.909  36.444 0.0000000000
53276  26.133  -25.377  35.946 0.0000000000
52131  25.377  -26.572  34.521 0.0000000000
52148  25.455  -26.793  33.676 0.0000000000
80657  47.502  -3.955  25.016 0.0000000000
77612  47.501  -5.050  24.488 0.0000000000
147348  47.736  -5.405  24.310 0.0000000000
49565  26.236  -28.365  39.522 0.0000000000
49566  25.921  -28.256  39.057 0.0000000000
158236  25.860  -28.559  40.423 0.0000000000
49550  23.746  -28.112  40.287 0.0000000000
49551  22.965  -28.120  39.990 0.0000000000
49465  23.882  -28.436  44.386 0.0000000000
136056  21.798  -28.537  43.191 0.0000000000
54223  38.705  -24.759  46.212 0.0000000000
55414  39.073  -24.354  45.487 0.0000000000
55415  38.590  -24.219  44.577 0.0000000000
55429  38.193  -24.045  43.646 0.0000000000
53175  35.965  -25.387  43.161 0.0000000000
53141  31.015  -25.533  44.541 0.0000000000
161517  30.597  -25.205  43.230 0.0000000000
53182  30.211  -25.464  42.760 0.0000000000
53199  29.940  -25.462  41.995 0.0000000000
53217  29.114  -25.607  41.124 0.0000000000
52028  27.622  -27.109  40.658 0.0000000000
153750  46.912  -9.486  26.636 0.0000000000
46226  18.080  -30.503  48.419 0.0000000000
160810  17.755  -31.689  46.769 0.0000000000
160798  17.572  -32.727  47.171 0.0000000000
78564  50.064  -4.616  31.366 0.0000000000
77527  49.924  -5.511  31.485 0.0000000000
76505  51.139  -7.021  32.327 0.0000000000
76506  50.480  -7.245  32.046 0.0000000000
75485  50.265  -7.981  32.168 0.0000000000
75422  48.488  -8.139  36.610 0.0000000000
135759  47.828  -8.467  36.376 0.0000000000
74428  46.809  -9.196  35.372 0.0000000000
73388  45.428  -9.629  34.507 0.0000000000
142327  45.656  -9.578  34.949 0.0000000000
72315  45.264  -10.037  34.973 0.0000000000
72316  44.764  -10.514  34.693 0.0000000000
72305  45.063  -10.624  35.200 0.0000000000
69900  44.552  -11.865  34.587 0.0000000000
69906  44.234  -12.448  33.984 0.0000000000
63231  46.379  -17.724  39.253 0.0000000000
63241  46.438  -17.601  38.445 0.0000000000
63256  46.155  -17.443  36.972 0.0000000000
64363  46.610  -17.044  37.170 0.0000000000
150861  46.608  -16.250  36.140 0.0000000000
65405  46.126  -15.866  35.292 0.0000000000
64396  45.323  -16.662  34.627 0.0000000000
63275  44.152  -17.788  33.706 0.0000000000
64400  44.005  -17.056  33.477 0.0000000000
64408  42.534  -16.700  32.218 0.0000000000
64412  41.598  -16.471  31.350 0.0000000000
63308  41.025  -17.301  30.449 0.0000000000
135159  40.500  -17.735  30.297 0.0000000000
63278  37.686  -17.808  33.436 0.0000000000
63289  36.396  -17.479  32.838 0.0000000000
63301  35.031  -17.279  31.470 0.0000000000
63313  35.464  -17.095  30.773 0.0000000000
142896  34.985  -17.251  30.117 0.0000000000
56663  36.267  -22.988  40.275 0.0000000000
56676  35.989  -22.642  39.634 0.0000000000
56689  34.412  -23.067  38.433 0.0000000000
57798  34.841  -22.361  38.008 0.0000000000
57810  33.757  -22.038  36.502 0.0000000000
55571  28.771  -23.401  33.099 0.0000000000
137270  28.838  -23.671  32.308 0.0000000000
56750  29.365  -23.177  32.629 0.0000000000
55587  29.401  -23.426  31.806 0.0000000000
55607  29.597  -23.888  30.965 0.0000000000
82754  52.694  -1.385  19.381 0.0000000000
49493  27.830  -28.421  43.465 0.0000000000
145282  27.419  -28.825  43.786 0.0000000000
49462  27.950  -29.292  44.604 0.0000000000
48342  27.635  -29.250  44.338 0.0000000000
48343  26.978  -29.099  43.988 0.0000000000
48328  26.223  -29.067  44.439 0.0000000000
48329  25.443  -29.020  44.951 0.0000000000
48290  28.449  -29.413  46.347 0.0000000000
48291  27.622  -29.453  46.578 0.0000000000
48312  23.712  -28.955  45.673 0.0000000000
48314  22.148  -29.131  45.989 0.0000000000
53075  36.216  -25.428  46.903 0.0000000000
144835  36.089  -25.587  46.717 0.0000000000
51958  34.458  -26.177  45.974 0.0000000000
50723  29.775  -27.274  45.045 0.0000000000
51994  29.497  -27.110  44.341 0.0000000000
73519  44.747  -9.266  27.321 0.0000000000
72452  44.403  -10.049  25.284 0.0000000000
76436  50.978  -6.349  36.868 0.0000000000
142157  49.962  -7.480  37.516 0.0000000000
74379  49.201  -8.535  38.315 0.0000000000
73299  48.332  -9.748  38.665 0.0000000000
72254  47.917  -10.210  38.499 0.0000000000
65334  46.356  -16.074  41.872 0.0000000000
138338  46.433  -16.790  41.063 0.0000000000
142214  46.325  -17.428  40.556 0.0000000000
63214  45.522  -18.277  41.206 0.0000000000
155411  44.448  -18.703  41.205 0.0000000000
63223  45.962  -18.234  39.668 0.0000000000
62083  44.300  -17.780  37.622 0.0000000000
154656  42.585  -18.290  35.676 0.0000000000
62137  42.217  -18.245  34.545 0.0000000000
62119  41.787  -18.099  35.355 0.0000000000
62120  40.850  -18.007  35.683 0.0000000000
62139  40.320  -17.802  35.147 0.0000000000
159095  39.859  -17.926  35.392 0.0000000000
152469  38.934  -17.972  35.046 0.0000000000
153677  40.264  -17.986  37.786 0.0000000000
62073  39.556  -18.295  37.920 0.0000000000
62141  38.143  -18.024  34.817 0.0000000000
62154  36.466  -18.161  33.992 0.0000000000
62143  36.676  -18.424  34.689 0.0000000000
62155  35.734  -18.337  33.853 0.0000000000
141292  35.088  -18.488  33.636 0.0000000000
55497  32.015  -24.192  37.944 0.0000000000
55516  30.287  -23.805  36.666 0.0000000000
161100  30.004  -23.702  36.097 0.0000000000
54399  26.903  -24.376  35.778 0.0000000000
55528  27.428  -23.943  35.673 0.0000000000
55540  26.866  -24.010  34.603 0.0000000000
55539  27.449  -23.682  34.947 0.0000000000
55555  28.123  -23.551  33.586 0.0000000000
81700  49.755  -2.205  22.436 0.0000000000
49535  23.062  -28.124  40.764 0.0000000000
49536  22.347  -28.262  40.523 0.0000000000
155048  23.613  -28.298  43.087 0.0000000000
137857  22.912  -28.255  42.138 0.0000000000
134853  22.528  -28.213  41.332 0.0000000000
139237  21.757  -28.689  40.218 0.0000000000
56555  40.197  -23.495  46.209 0.0000000000
148413  41.507  -22.887  46.610 0.0000000000
57667  41.600  -23.411  47.006 0.0000000000
153760  42.102  -21.736  45.883 0.0000000000
58807  41.427  -21.616  44.377 0.0000000000
137253  40.842  -21.062  43.224 0.0000000000
57748  38.808  -21.759  41.661 0.0000000000
57749  38.209  -22.047  41.340 0.0000000000
55453  37.174  -23.678  42.021 0.0000000000
161090  34.710  -24.231  39.873 0.0000000000
52001  35.802  -26.228  44.654 0.0000000000
52002  35.207  -26.318  44.067 0.0000000000
53157  35.782  -26.208  43.736 0.0000000000
53180  31.906  -25.379  42.612 0.0000000000
53178  33.725  -25.764  42.545 0.0000000000
54347  31.582  -24.430  38.618 0.0000000000
54349  29.776  -24.384  38.674 0.0000000000
154226  28.043  -25.296  39.427 0.0000000000
54336  27.770  -25.090  38.756 0.0000000000
54367  26.635  -25.298  37.151 0.0000000000
50853  25.448  -27.256  36.103 0.0000000000
74573  47.789  -8.309  25.818 0.0000000000
73546  45.363  -9.473  26.622 0.0000000000
156331  31.752  -26.866  51.578 0.0000000000
48215  30.850  -29.643  51.379 0.0000000000
144841  30.244  -30.225  52.150 0.0000000000
141587  30.340  -30.304  51.820 0.0000000000
47172  28.292  -30.525  50.651 0.0000000000
47189  26.781  -30.100  50.078 0.0000000000
47149  26.951  -30.099  52.929 0.0000000000
47161  26.565  -30.127  51.820 0.0000000000
47174  26.544  -30.133  50.875 0.0000000000
48248  23.820  -29.671  49.393 0.0000000000
48315  21.437  -28.853  45.840 0.0000000000
48231  22.100  -28.586  49.762 0.0000000000
142942  21.774  -29.539  47.592 0.0000000000
138231  21.607  -29.596  47.051 0.0000000000
161655  19.252  -29.346  44.609 0.0000000000
47233  18.502  -30.285  44.625 0.0000000000
45344  17.802  -31.981  46.395 0.0000000000
82713  50.973  -1.068  23.173 0.0000000000
81668  49.045  -2.144  25.640 0.0000000000
79643  47.166  -4.166  26.885 0.0000000000
78604  47.011  -4.711  27.445 0.0000000000
154897  46.985  -5.100  28.001 0.0000000000
79630  47.885  -3.861  28.668 0.0000000000
77558  46.995  -5.703  28.174 0.0000000000
75512  47.431  -7.795  29.087 0.0000000000
76525  48.250  -7.010  30.496 0.0000000000
73465  46.918  -9.132  29.574 0.0000000000
73466  46.351  -9.189  29.256 0.0000000000
77481  53.768  -5.658  34.944 0.0000000000
76465  52.951  -6.151  34.348 0.0000000000
75447  51.701  -7.245  33.893 0.0000000000
76467  51.441  -6.947  34.920 0.0000000000
74468  49.894  -8.724  33.062 0.0000000000
74469  49.316  -8.975  32.855 0.0000000000
74425  49.143  -8.051  35.429 0.0000000000
74459  49.181  -8.895  33.776 0.0000000000
73421  48.097  -9.017  32.108 0.0000000000
150601  46.931  -8.976  32.132 0.0000000000
135254  45.182  -9.138  29.387 0.0000000000
153915  44.209  -9.134  28.888 0.0000000000
73403  44.703  -9.793  33.769 0.0000000000
72339  43.434  -10.037  32.241 0.0000000000
72346  42.952  -10.142  31.006 0.0000000000
72231  49.585  -10.371  39.769 0.0000000000
72232  49.007  -10.299  39.370 0.0000000000
71082  48.113  -11.107  38.645 0.0000000000
66300  49.983  -14.496  41.291 0.0000000000
66308  50.074  -14.673  40.501 0.0000000000
64321  48.022  -16.384  39.432 0.0000000000
65370  48.612  -15.957  39.061 0.0000000000
65358  49.060  -15.607  39.680 0.0000000000
66317  50.022  -14.645  39.678 0.0000000000
67358  50.450  -14.149  40.050 0.0000000000
67365  50.243  -13.995  39.316 0.0000000000
69861  49.184  -12.931  38.874 0.0000000000
67374  48.680  -14.169  37.828 0.0000000000
68576  48.961  -13.626  38.355 0.0000000000
69872  48.111  -11.969  38.435 0.0000000000
69873  47.473  -11.587  38.218 0.0000000000
69881  46.669  -12.023  37.294 0.0000000000
68594  46.510  -13.362  36.353 0.0000000000
68595  45.877  -12.735  36.205 0.0000000000
69894  45.329  -12.464  35.504 0.0000000000
68612  44.731  -12.749  34.463 0.0000000000
153747  43.943  -12.954  33.575 0.0000000000
159852  45.818  -15.362  35.021 0.0000000000
66361  44.713  -14.610  34.159 0.0000000000
147619  44.633  -13.931  34.059 0.0000000000
68620  44.154  -13.666  33.610 0.0000000000
68628  43.597  -13.351  33.124 0.0000000000
147584  42.217  -12.902  31.576 0.0000000000
67452  41.353  -14.145  30.906 0.0000000000
64426  39.914  -16.938  29.003 0.0000000000
63361  39.600  -17.221  28.330 0.0000000000
62150  41.304  -17.984  33.672 0.0000000000
62165  39.998  -17.729  33.041 0.0000000000
63285  39.627  -17.875  32.365 0.0000000000
62192  38.905  -18.004  30.434 0.0000000000
135495  37.223  -17.088  30.609 0.0000000000
134529  37.988  -17.676  30.535 0.0000000000
59976  38.199  -20.158  39.225 0.0000000000
59994  37.252  -20.201  38.291 0.0000000000
58893  36.613  -21.329  38.971 0.0000000000
60009  36.973  -20.000  37.652 0.0000000000
61045  35.982  -19.878  36.110 0.0000000000
60033  35.360  -20.075  35.864 0.0000000000
61072  34.864  -19.414  34.621 0.0000000000
61080  33.811  -19.097  33.623 0.0000000000
161613  32.783  -23.694  37.427 0.0000000000
56698  32.497  -23.493  36.908 0.0000000000
56708  31.573  -23.492  36.044 0.0000000000
57811  33.098  -22.323  36.252 0.0000000000
57818  32.802  -22.045  35.629 0.0000000000
57842  30.482  -22.486  33.397 0.0000000000
57830  31.179  -22.310  34.470 0.0000000000
58942  33.131  -21.417  35.316 0.0000000000
58946  33.503  -20.807  35.015 0.0000000000
60041  33.155  -20.445  34.382 0.0000000000
60047  32.715  -20.044  33.752 0.0000000000
61081  32.984  -19.373  33.420 0.0000000000
61086  33.252  -18.900  33.064 0.0000000000
81720  52.151  -2.077  18.908 0.0000000000
79704  50.014  -4.560  20.507 0.0000000000
46189  28.942  -30.550  53.091 0.0000000000
46196  29.542  -30.790  53.146 0.0000000000
46206  29.788  -30.835  52.822 0.0000000000
46207  28.968  -30.646  51.916 0.0000000000
47134  29.428  -30.433  53.209 0.0000000000
47146  29.935  -30.692  52.959 0.0000000000
47158  29.892  -30.687  51.958 0.0000000000
47159  28.284  -30.450  52.198 0.0000000000
47173  27.334  -30.308  50.656 0.0000000000
48208  30.403  -29.245  51.318 0.0000000000
48247  24.768  -29.617  49.104 0.0000000000
48282  22.611  -29.595  47.151 0.0000000000
49398  31.655  -27.096  51.754 0.0000000000
50645  30.893  -27.633  51.468 0.0000000000
50654  31.437  -26.985  51.788 0.0000000000
53057  36.815  -25.559  47.037 0.0000000000
55366  41.860  -23.419  47.739 0.0000000000
55375  42.596  -23.324  47.729 0.0000000000
55385  42.510  -23.516  47.103 0.0000000000
55386  42.082  -23.637  46.989 0.0000000000
56549  41.521  -23.616  47.621 0.0000000000
57678  43.270  -21.908  46.069 0.0000000000
58804  45.197  -20.315  44.726 0.0000000000
62168  33.217  -18.569  32.521 0.0000000000
62210  33.850  -18.046  29.382 0.0000000000
65359  48.486  -16.015  39.683 0.0000000000
67437  43.843  -14.138  33.249 0.0000000000
67451  41.913  -14.064  31.358 0.0000000000
76495  52.841  -5.794  32.955 0.0000000000
77450  52.762  -5.350  35.610 0.0000000000
77465  53.110  -5.587  35.358 0.0000000000
77480  53.923  -5.428  34.968 0.0000000000
77496  54.067  -5.276  34.486 0.0000000000
77511  53.509  -5.410  33.204 0.0000000000
78491  52.175  -5.270  35.897 0.0000000000
78518  53.851  -4.940  34.771 0.0000000000
78533  54.159  -4.796  34.177 0.0000000000
79559  54.045  -4.678  34.324 0.0000000000
79581  53.817  -4.323  33.513 0.0000000000
79582  53.450  -4.063  33.300 0.0000000000
137143  44.281  -18.712  40.550 0.0000000000
144316  44.772  -21.135  45.606 0.0000000000
145941  19.741  -28.849  47.053 0.0000000000
146995  49.267  -10.899  39.521 0.0000000000
148541  27.099  -30.249  51.314 0.0000000000
150018  42.210  -15.397  32.044 0.0000000000
154075  43.381  -10.880  33.163 0.0000000000
154463  31.007  -28.860  48.578 0.0000000000
154813  27.121  -29.676  48.101 0.0000000000
157459  30.169  -30.425  52.726 0.0000000000
158138  45.282  -16.017  34.569 0.0000000000
161715  42.793  -22.875  46.382 0.0000000000
