#!ascii label  , from subject sub-v2s1x29900_ses-1 vox2ras=TkReg
1679
149037  35.306  -77.679  -19.064 0.5000000000
159014  31.293  -69.566  -28.572 0.6000000238
8022  31.586  -69.277  -28.991 0.6000000238
8024  29.896  -69.141  -29.349 0.6000000238
8808  31.529  -69.032  -28.851 0.6999999881
8809  30.474  -68.783  -28.805 0.6000000238
9534  31.584  -68.123  -28.148 0.6999999881
9535  30.773  -68.091  -28.215 0.6000000238
4925  27.921  -73.843  -22.596 0.5000000000
3767  30.941  -75.185  -24.444 0.6000000238
3768  30.003  -75.194  -24.336 0.6000000238
4291  29.058  -74.132  -22.981 0.5000000000
4326  32.831  -74.827  -24.609 0.5000000000
157836  31.697  -75.059  -24.445 0.4000000060
4309  30.637  -74.428  -23.748 0.5000000000
4310  29.673  -74.477  -23.544 0.6000000238
6158  24.792  -73.198  -28.063 0.5000000000
3301  37.027  -75.916  -23.285 0.4000000060
5606  25.394  -73.704  -29.277 0.5000000000
5616  24.690  -73.211  -29.205 0.5000000000
5613  26.658  -73.124  -30.093 0.6000000238
6723  29.207  -71.241  -29.111 0.6000000238
7321  30.733  -69.938  -28.460 0.6000000238
8006  30.793  -68.872  -26.774 0.6999999881
7330  30.108  -70.535  -29.066 0.6000000238
8017  31.600  -69.219  -28.320 0.6999999881
8753  30.772  -67.713  -25.463 0.6000000238
8774  31.244  -68.184  -26.652 0.6999999881
9489  31.472  -66.459  -25.012 0.6000000238
9498  31.610  -67.470  -26.554 0.6000000238
9512  31.819  -67.383  -27.609 0.6999999881
10190  31.815  -65.808  -24.663 0.6999999881
8789  29.379  -67.893  -27.701 0.6000000238
4294  26.507  -74.472  -23.170 0.5000000000
4311  28.656  -74.797  -23.635 0.6000000238
4293  27.386  -74.420  -23.108 0.5000000000
3806  31.706  -76.275  -25.858 0.6000000238
3787  30.285  -75.985  -25.136 0.6999999881
3769  29.018  -75.375  -24.382 0.6000000238
4325  33.503  -74.624  -24.673 0.4000000060
6725  25.731  -72.503  -27.705 0.5000000000
6157  25.409  -73.423  -28.448 0.5000000000
140776  35.814  -77.303  -21.408 0.5000000000
6156  26.123  -72.480  -28.275 0.5000000000
7323  27.951  -69.931  -26.636 0.6999999881
6155  27.133  -72.200  -28.738 0.6000000238
7309  28.327  -69.411  -26.003 0.6999999881
157110  28.758  -70.629  -27.769 0.6000000238
150099  27.743  -71.225  -28.011 0.6000000238
7322  29.526  -69.941  -27.360 0.6999999881
8018  29.552  -69.166  -26.327 0.6999999881
9490  30.133  -67.382  -24.503 0.6000000238
8007  29.675  -68.544  -25.532 0.6000000238
10206  30.692  -66.815  -24.458 0.6000000238
8775  30.468  -68.270  -25.804 0.6000000238
10176  30.616  -65.588  -23.346 0.6000000238
10971  31.425  -65.431  -23.836 0.6999999881
10241  30.964  -66.388  -27.380 0.6999999881
9500  29.022  -66.713  -26.218 0.5000000000
9497  31.981  -66.759  -26.119 0.6999999881
9532  32.194  -66.727  -27.599 0.6999999881
9513  30.888  -67.202  -27.706 0.6000000238
3790  27.224  -76.717  -25.583 0.5000000000
4313  26.763  -75.219  -23.746 0.5000000000
4314  25.906  -75.216  -23.851 0.5000000000
3319  28.572  -77.126  -26.013 0.6999999881
3770  28.013  -75.685  -24.491 0.6000000238
3326  32.601  -76.095  -26.812 0.5000000000
3328  30.918  -76.751  -26.579 0.6999999881
3317  30.302  -76.771  -26.002 0.6999999881
3788  29.287  -76.131  -25.152 0.6000000238
3789  28.243  -76.545  -25.407 0.6000000238
3783  34.590  -74.893  -25.528 0.4000000060
3784  33.810  -75.066  -25.441 0.4000000060
3805  32.494  -76.044  -25.981 0.5000000000
6138  25.398  -72.968  -27.218 0.5000000000
6705  26.177  -70.572  -26.107 0.5000000000
6715  25.850  -71.727  -26.926 0.5000000000
6724  26.469  -71.671  -27.653 0.5000000000
7310  27.266  -69.637  -25.758 0.6000000238
159100  27.505  -70.426  -27.011 0.5000000000
143433  27.602  -68.829  -24.580 0.6999999881
8704  27.931  -67.598  -23.081 0.6000000238
8755  28.082  -68.388  -24.270 0.6999999881
7990  28.501  -68.776  -25.185 0.6999999881
9460  28.232  -67.048  -22.695 0.6000000238
8731  28.573  -67.757  -23.849 0.6000000238
139214  29.006  -68.163  -24.667 0.6999999881
10158  28.863  -65.964  -22.033 0.6999999881
9459  29.010  -66.773  -23.023 0.6000000238
8730  29.406  -67.701  -24.320 0.6000000238
11662  29.655  -64.784  -21.564 0.6000000238
10929  29.392  -65.401  -21.963 0.6999999881
134393  30.005  -66.006  -23.153 0.6999999881
12392  30.887  -63.752  -21.852 0.6000000238
10927  30.679  -64.418  -22.232 0.6000000238
10950  30.009  -65.490  -22.661 0.6999999881
11014  29.567  -65.278  -25.797 0.6000000238
10949  31.199  -64.994  -23.163 0.6999999881
11034  32.443  -66.264  -27.542 0.6999999881
9499  29.958  -66.517  -26.724 0.6000000238
12391  31.314  -63.094  -21.892 0.6999999881
137726  31.340  -64.120  -22.421 0.6000000238
10948  31.919  -64.870  -23.629 0.8000000119
10970  32.239  -65.240  -24.395 0.6999999881
10992  32.712  -65.501  -25.369 0.6999999881
10213  33.068  -65.759  -27.156 0.6999999881
3791  26.444  -76.509  -25.521 0.6000000238
3337  29.836  -76.585  -27.346 0.6999999881
3339  28.148  -77.021  -26.982 0.6999999881
3331  27.790  -77.139  -26.355 0.6000000238
3335  31.912  -76.181  -27.278 0.5000000000
150334  30.497  -76.768  -27.185 0.6999999881
3804  34.024  -75.401  -26.417 0.4000000060
144361  33.277  -75.792  -26.223 0.5000000000
5587  25.304  -73.442  -27.339 0.5000000000
4973  24.869  -74.328  -27.187 0.5000000000
147591  25.652  -72.072  -25.951 0.5000000000
7311  26.501  -69.967  -25.583 0.6000000238
7978  26.582  -69.223  -23.697 0.6000000238
7296  26.770  -69.558  -25.065 0.6999999881
7324  26.881  -70.091  -26.289 0.6999999881
7954  26.898  -68.606  -23.154 0.6999999881
7992  26.882  -69.173  -24.468 0.6999999881
9461  27.493  -67.433  -22.340 0.6000000238
8705  27.206  -68.018  -22.745 0.6000000238
8732  27.587  -68.148  -23.511 0.6999999881
10115  27.831  -65.773  -20.152 0.6999999881
10137  27.964  -66.005  -20.897 0.6999999881
9443  27.844  -66.855  -21.958 0.6999999881
11691  29.250  -63.656  -25.504 0.6000000238
10892  28.699  -64.561  -20.340 0.6000000238
10912  28.340  -65.331  -20.631 0.6999999881
10178  28.583  -66.477  -22.364 0.6999999881
13990  30.114  -61.840  -20.617 0.6000000238
12384  30.145  -63.142  -20.918 0.6000000238
12371  29.539  -63.223  -20.410 0.6000000238
11654  29.464  -64.370  -21.008 0.6000000238
10911  29.044  -65.012  -21.157 0.6999999881
11702  29.788  -64.327  -25.947 0.6000000238
13186  31.045  -62.498  -21.488 0.6000000238
11653  29.863  -63.771  -20.928 0.6000000238
11698  33.607  -64.749  -26.637 0.6999999881
11699  33.097  -64.652  -26.970 0.6000000238
11705  31.459  -64.952  -26.937 0.6999999881
11013  30.385  -65.001  -26.457 0.6000000238
14010  30.746  -61.883  -21.118 0.5000000000
14020  31.722  -62.410  -22.008 0.6000000238
12390  31.974  -63.179  -22.391 0.8000000119
11669  32.843  -63.817  -23.458 0.8000000119
142954  33.437  -64.187  -24.293 0.8000000119
152977  33.077  -65.024  -25.083 0.8000000119
10991  33.618  -64.969  -26.194 0.6999999881
11703  33.318  -65.136  -27.119 0.6999999881
12397  32.072  -63.837  -22.804 0.8000000119
11670  32.433  -64.320  -23.504 0.8000000119
3809  27.467  -76.883  -26.521 0.6999999881
3810  26.656  -76.662  -26.215 0.6999999881
3321  26.231  -76.408  -26.049 0.6999999881
3773  25.324  -75.706  -24.806 0.6000000238
3820  30.871  -75.773  -27.633 0.6999999881
4346  24.990  -75.155  -26.599 0.6000000238
3830  31.446  -75.770  -27.641 0.6000000238
4347  24.856  -75.073  -26.678 0.5000000000
4957  25.734  -73.767  -25.838 0.5000000000
15663  24.726  -59.570  -23.749 0.6000000238
5571  25.533  -73.094  -26.089 0.5000000000
14889  25.314  -59.928  -24.027 0.5000000000
6119  25.902  -71.320  -24.914 0.5000000000
14887  26.550  -60.678  -24.549 0.6000000238
6676  26.414  -70.408  -23.477 0.6999999881
7298  26.126  -70.181  -24.725 0.6000000238
7955  26.614  -68.995  -22.827 0.6999999881
7286  26.347  -69.928  -23.981 0.6999999881
13221  27.917  -62.020  -25.109 0.6000000238
8658  27.085  -67.841  -21.214 0.6999999881
8659  26.810  -68.333  -21.816 0.6000000238
10098  27.933  -66.153  -19.112 0.6999999881
9422  27.442  -66.893  -20.071 0.6999999881
9430  27.309  -67.119  -20.768 0.6999999881
13229  29.464  -63.177  -25.534 0.6000000238
142446  28.463  -62.288  -25.187 0.6000000238
10893  28.163  -65.097  -19.841 0.6000000238
10138  27.548  -66.453  -20.431 0.6999999881
12411  31.108  -63.381  -25.386 0.6000000238
12412  28.644  -63.424  -25.070 0.6000000238
13163  28.572  -63.094  -18.556 0.6000000238
12358  28.889  -63.327  -19.846 0.6000000238
12410  32.305  -63.448  -25.398 0.6999999881
12419  32.120  -63.966  -26.257 0.6000000238
12421  29.922  -63.715  -25.885 0.6000000238
13175  29.810  -62.511  -20.451 0.6000000238
13205  34.447  -62.745  -24.357 0.6000000238
12408  34.688  -62.980  -25.754 0.6000000238
12417  34.001  -63.900  -25.731 0.6999999881
12418  33.379  -64.263  -26.336 0.6000000238
11701  30.599  -64.294  -26.354 0.6000000238
145832  33.748  -61.984  -23.560 0.6000000238
11679  34.082  -63.818  -24.851 0.8000000119
145163  33.033  -62.885  -23.150 0.6000000238
153142  33.633  -63.422  -23.912 0.6999999881
11690  33.866  -64.248  -25.861 0.8000000119
4342  28.627  -75.617  -26.838 0.6999999881
4343  27.743  -75.911  -26.580 0.6999999881
4344  26.855  -76.157  -26.300 0.6999999881
4358  30.580  -75.374  -27.497 0.6999999881
4359  29.564  -75.700  -27.273 0.6999999881
4327  26.673  -74.673  -25.815 0.6000000238
4328  25.790  -74.672  -25.980 0.6000000238
16519  24.695  -58.972  -23.104 0.6000000238
147545  23.903  -58.942  -23.101 0.6000000238
16534  24.982  -59.316  -23.747 0.6000000238
138671  24.283  -59.298  -23.550 0.6000000238
5570  26.241  -72.887  -25.003 0.6000000238
16533  25.551  -59.393  -23.948 0.5000000000
6675  26.906  -70.797  -22.901 0.6999999881
134824  26.328  -70.984  -23.863 0.6999999881
15677  27.196  -60.125  -24.274 0.4000000060
15678  26.319  -60.109  -24.459 0.5000000000
7257  26.976  -69.777  -21.949 0.6999999881
6662  26.657  -70.025  -22.691 0.8000000119
14885  27.880  -60.622  -24.297 0.5000000000
7909  27.102  -68.815  -21.123 0.6000000238
7273  26.486  -69.610  -23.160 0.6999999881
14040  28.658  -61.198  -24.213 0.6000000238
8633  27.282  -67.563  -20.366 0.6999999881
7889  27.181  -68.363  -20.643 0.6999999881
14051  30.031  -62.147  -24.461 0.6999999881
14052  28.917  -61.901  -24.825 0.6000000238
10072  28.461  -66.133  -18.591 0.6999999881
142706  28.198  -66.648  -18.887 0.6999999881
14049  32.025  -61.700  -24.563 0.5000000000
13218  30.237  -62.842  -25.029 0.6000000238
11603  29.166  -64.197  -17.634 0.6000000238
11616  28.316  -64.274  -18.695 0.6000000238
140114  28.159  -65.546  -18.764 0.6999999881
13217  31.338  -62.773  -24.771 0.6999999881
12347  28.487  -63.628  -18.260 0.6000000238
11630  28.365  -64.403  -19.457 0.6000000238
13215  33.672  -62.587  -25.484 0.5000000000
13216  32.438  -62.855  -24.943 0.6000000238
13176  29.150  -62.596  -19.872 0.6000000238
14036  34.612  -61.818  -24.374 0.6000000238
13213  35.219  -62.303  -25.885 0.5000000000
12409  33.576  -63.469  -25.712 0.6999999881
143399  33.163  -61.293  -22.925 0.6000000238
4971  28.529  -74.384  -26.035 0.6999999881
4955  27.454  -73.487  -25.184 0.6000000238
4956  26.524  -73.557  -25.308 0.6000000238
16504  23.614  -58.510  -22.266 0.4000000060
16520  23.227  -58.782  -22.894 0.5000000000
5569  27.185  -72.791  -24.674 0.6000000238
16502  25.768  -58.905  -21.791 0.5000000000
15664  22.901  -59.393  -23.302 0.6000000238
6116  28.089  -71.843  -23.682 0.6999999881
6096  27.507  -71.408  -23.230 0.6999999881
5549  26.727  -72.113  -24.299 0.6000000238
15661  26.594  -59.726  -23.899 0.5000000000
7256  27.688  -70.271  -21.790 0.6999999881
15660  28.111  -60.178  -23.438 0.4000000060
8605  29.698  -67.904  -19.255 0.6999999881
7868  29.312  -68.456  -19.587 0.6999999881
7223  28.509  -69.415  -20.508 0.6999999881
14873  28.771  -60.586  -23.454 0.6000000238
10070  30.185  -66.154  -18.224 0.6999999881
9402  30.091  -67.330  -18.966 0.6999999881
7870  27.606  -68.031  -19.945 0.6999999881
7888  27.939  -68.772  -20.188 0.6999999881
14883  30.296  -60.805  -23.622 0.5000000000
14039  29.676  -61.446  -23.974 0.5000000000
157677  29.200  -65.352  -17.988 0.6000000238
10071  29.240  -66.031  -18.275 0.6999999881
9403  29.220  -67.323  -18.942 0.6999999881
9404  28.279  -67.237  -19.136 0.6999999881
14038  30.639  -61.413  -23.970 0.5000000000
12328  29.494  -63.471  -17.316 0.5000000000
10833  29.525  -64.865  -17.669 0.6000000238
10834  28.839  -64.844  -17.928 0.6000000238
4953  29.238  -73.365  -25.375 0.6999999881
4954  28.349  -73.427  -25.234 0.6999999881
140697  23.286  -58.038  -21.471 0.4000000060
5566  29.744  -72.650  -24.754 0.6999999881
5568  28.070  -72.802  -24.590 0.6999999881
145588  22.284  -57.892  -22.265 0.4000000060
5547  28.526  -72.292  -24.112 0.6999999881
16522  22.097  -58.802  -22.891 0.6000000238
6077  28.729  -71.143  -22.611 0.8000000119
6115  28.895  -71.868  -23.639 0.6999999881
7238  29.869  -69.935  -20.972 0.6000000238
6659  29.027  -70.771  -22.054 0.6000000238
16538  19.677  -58.878  -22.805 0.6000000238
7886  29.805  -68.977  -20.037 0.6999999881
7222  29.415  -69.487  -20.459 0.6999999881
7239  29.012  -69.926  -20.939 0.6000000238
9401  30.907  -67.383  -19.085 0.6000000238
10069  31.075  -66.222  -18.254 0.6000000238
156453  17.834  -59.247  -22.085 0.5000000000
10832  30.311  -64.954  -17.541 0.6000000238
10044  30.673  -65.601  -17.833 0.6999999881
11579  30.769  -63.910  -17.050 0.5000000000
157617  29.560  -71.826  -23.683 0.6999999881
17427  21.558  -57.150  -22.072 0.4000000060
6094  29.327  -71.446  -23.133 0.8000000119
17439  21.797  -58.039  -22.581 0.5000000000
6644  30.233  -70.355  -21.598 0.8000000119
17441  19.741  -57.266  -21.913 0.4000000060
17440  20.763  -57.621  -22.294 0.4000000060
6658  29.792  -70.750  -22.129 0.6999999881
17442  19.129  -58.078  -22.014 0.4000000060
16537  20.578  -59.000  -22.882 0.5000000000
145011  31.579  -67.481  -19.211 0.6000000238
7867  30.291  -68.466  -19.623 0.6000000238
154978  30.485  -68.976  -20.113 0.6999999881
17428  19.600  -57.484  -21.322 0.4000000060
10068  31.925  -66.213  -18.296 0.6000000238
9382  30.588  -66.797  -18.618 0.6000000238
15639  17.921  -59.135  -21.426 0.4000000060
15668  18.517  -59.001  -22.572 0.6000000238
10831  31.172  -64.986  -17.492 0.6000000238
156070  31.217  -64.337  -17.210 0.5000000000
12297  31.644  -63.779  -16.960 0.5000000000
19330  21.112  -56.301  -21.643 0.4000000060
6114  30.079  -71.547  -23.441 0.8000000119
18363  20.421  -56.679  -21.912 0.4000000060
141751  30.510  -70.694  -22.283 0.6999999881
17429  19.427  -57.277  -21.615 0.4000000060
149002  31.480  -69.474  -20.903 0.6000000238
7237  30.764  -69.836  -21.081 0.6999999881
8604  31.159  -68.057  -19.503 0.6000000238
8631  31.759  -68.455  -19.951 0.6000000238
16489  20.764  -58.654  -20.814 0.4000000060
16490  19.567  -58.616  -21.218 0.4000000060
10042  32.180  -65.747  -17.962 0.6000000238
15630  19.184  -59.196  -20.885 0.4000000060
10830  32.022  -65.199  -17.646 0.4000000060
19321  20.530  -55.659  -21.218 0.4000000060
156936  31.104  -70.606  -22.454 0.6999999881
18354  20.045  -56.366  -20.972 0.4000000060
7236  32.027  -69.514  -21.361 0.6999999881
7255  31.489  -69.866  -21.562 0.6000000238
18343  20.020  -56.732  -20.975 0.4000000060
9400  32.233  -67.235  -19.150 0.6000000238
136474  32.497  -68.166  -20.008 0.6000000238
136465  20.376  -59.201  -20.488 0.4000000060
10067  32.671  -66.063  -18.290 0.6000000238
15618  20.826  -59.639  -19.729 0.3000000119
10829  32.733  -65.469  -17.872 0.4000000060
11600  32.714  -64.701  -17.524 0.4000000060
11599  33.543  -64.464  -17.579 0.4000000060
17415  21.502  -57.786  -20.147 0.4000000060
16488  21.691  -58.568  -20.188 0.4000000060
147934  33.556  -66.885  -19.185 0.6000000238
9379  33.289  -66.452  -18.709 0.6000000238
9378  33.927  -66.607  -18.994 0.6000000238
10827  34.758  -64.831  -17.856 0.4000000060
10850  35.191  -65.344  -18.253 0.5000000000
11598  34.271  -64.264  -17.638 0.4000000060
14734  21.130  -60.681  -14.907 0.3000000119
11597  35.008  -64.111  -17.725 0.4000000060
19275  23.121  -56.061  -18.472 0.4000000060
15564  22.442  -60.048  -16.212 0.3000000119
14720  19.560  -60.778  -12.854 0.4000000060
20268  23.285  -55.252  -18.435 0.4000000060
18302  23.981  -57.311  -17.642 0.4000000060
15557  22.960  -59.191  -15.488 0.3000000119
16444  23.399  -59.123  -16.208 0.3000000119
14729  20.938  -60.622  -14.205 0.3000000119
14733  21.787  -60.357  -15.130 0.3000000119
156492  20.179  -60.553  -13.178 0.3000000119
19261  24.408  -56.667  -17.306 0.4000000060
18286  24.593  -57.000  -16.560 0.4000000060
17379  23.991  -58.086  -17.325 0.4000000060
15558  22.008  -59.843  -14.689 0.3000000119
15554  21.618  -59.819  -14.121 0.3000000119
18223  16.691  -56.848  -12.595 0.4000000060
19171  15.426  -56.367  -13.023 0.3000000119
19191  15.839  -55.991  -13.706 0.3000000119
14718  21.132  -59.774  -13.635 0.3000000119
16429  19.856  -59.207  -12.567 0.3000000119
18270  24.437  -57.191  -15.921 0.4000000060
146837  24.044  -57.876  -15.871 0.4000000060
17360  23.438  -58.482  -15.541 0.3000000119
141388  22.940  -58.696  -15.023 0.3000000119
15553  22.078  -59.179  -14.277 0.3000000119
17299  17.503  -58.136  -11.985 0.3000000119
16435  21.543  -59.118  -13.813 0.3000000119
19170  16.265  -56.356  -13.043 0.3000000119
156825  20.401  -58.948  -13.027 0.3000000119
19190  16.693  -55.975  -13.763 0.4000000060
20176  17.175  -55.522  -14.533 0.3000000119
20177  16.269  -55.563  -14.374 0.3000000119
18254  23.956  -57.280  -15.330 0.4000000060
17347  23.105  -58.071  -14.916 0.4000000060
158343  22.217  -57.856  -14.208 0.3000000119
18205  17.119  -57.449  -12.274 0.4000000060
134144  21.640  -57.693  -13.981 0.3000000119
18204  17.986  -57.550  -12.408 0.3000000119
19169  17.103  -56.419  -13.206 0.4000000060
18222  17.527  -56.957  -12.794 0.4000000060
20203  16.575  -55.246  -15.112 0.3000000119
134199  23.691  -56.725  -14.815 0.4000000060
19212  22.975  -56.856  -14.426 0.4000000060
18237  22.209  -57.073  -14.131 0.4000000060
17336  20.823  -57.510  -13.750 0.4000000060
17318  20.612  -58.306  -13.331 0.3000000119
18220  19.536  -57.325  -13.269 0.3000000119
157843  18.994  -57.062  -13.273 0.3000000119
19188  18.373  -56.060  -13.998 0.3000000119
19213  18.004  -55.569  -14.439 0.5000000000
19189  17.550  -55.995  -13.873 0.4000000060
20224  16.650  -54.823  -15.802 0.3000000119
135621  22.578  -56.237  -14.086 0.4000000060
134690  21.902  -56.379  -13.987 0.4000000060
134418  20.617  -56.697  -13.990 0.3000000119
139788  19.857  -55.901  -14.194 0.3000000119
20201  19.183  -55.127  -14.599 0.3000000119
21250  19.131  -54.553  -14.713 0.3000000119
18239  20.064  -57.054  -13.752 0.3000000119
19186  19.903  -56.444  -14.032 0.3000000119
20175  18.778  -55.547  -14.512 0.3000000119
144727  18.672  -54.994  -14.918 0.3000000119
21251  18.494  -54.348  -15.146 0.3000000119
18240  19.397  -56.775  -13.753 0.3000000119
20202  18.288  -55.249  -14.873 0.3000000119
20223  17.300  -55.097  -15.348 0.3000000119
21281  16.186  -54.089  -16.791 0.3000000119
20200  24.294  -54.928  -14.506 0.3000000119
21224  23.552  -54.655  -14.001 0.3000000119
20171  22.984  -55.463  -14.031 0.3000000119
21226  21.822  -54.619  -13.567 0.3000000119
21228  20.423  -54.267  -13.940 0.3000000119
23213  19.642  -53.158  -14.322 0.3000000119
20172  21.990  -55.524  -13.841 0.3000000119
150261  21.060  -54.794  -13.800 0.3000000119
135782  20.295  -55.245  -14.072 0.3000000119
22235  19.667  -54.007  -14.294 0.3000000119
22252  18.968  -53.639  -14.815 0.3000000119
22253  18.317  -53.680  -15.361 0.3000000119
21252  18.035  -54.892  -15.391 0.3000000119
21264  17.888  -54.172  -15.684 0.3000000119
21265  17.289  -54.507  -15.928 0.3000000119
144159  17.425  -53.943  -16.199 0.3000000119
22231  24.955  -53.464  -14.306 0.3000000119
22233  23.034  -54.148  -13.559 0.3000000119
21225  22.641  -54.755  -13.645 0.3000000119
21227  21.239  -54.070  -13.588 0.3000000119
147863  20.174  -53.519  -13.996 0.3000000119
145825  19.025  -52.239  -15.103 0.3000000119
23226  18.503  -52.885  -15.293 0.3000000119
23235  17.584  -52.773  -16.532 0.3000000119
23247  16.591  -52.971  -17.169 0.3000000119
24102  20.264  -51.943  -14.132 0.3000000119
23224  19.668  -52.274  -14.501 0.3000000119
24125  18.404  -51.785  -16.256 0.3000000119
24137  17.652  -51.980  -16.884 0.3000000119
22280  17.139  -53.364  -16.668 0.3000000119
23246  17.064  -52.576  -17.110 0.3000000119
24112  19.979  -51.500  -14.566 0.3000000119
24113  19.429  -51.635  -15.044 0.3000000119
24124  18.945  -51.682  -15.643 0.3000000119
25025  20.614  -51.262  -14.131 0.3000000119
25035  20.211  -50.926  -14.670 0.3000000119
149339  19.298  -51.193  -15.575 0.3000000119
25048  18.793  -51.040  -16.276 0.3000000119
25057  18.061  -51.191  -17.001 0.3000000119
25058  17.226  -51.134  -17.648 0.3000000119
136456  16.317  -50.813  -17.953 0.3000000119
2819  36.029  -77.060  -19.982 0.5000000000
2838  35.455  -77.102  -22.335 0.5000000000
3289  36.228  -76.662  -22.709 0.4000000060
8807  31.650  -68.865  -28.536 0.6999999881
10255  31.745  -67.053  -27.795 0.6999999881
156083  34.944  -74.516  -24.802 0.4000000060
3280  36.558  -76.761  -21.959 0.5000000000
155413  30.051  -66.857  -23.939 0.6000000238
7312  26.080  -70.391  -25.401 0.5000000000
10177  29.376  -66.088  -22.666 0.6000000238
6674  27.842  -71.086  -22.679 0.8000000119
6117  27.221  -71.759  -23.734 0.6999999881
149097  28.254  -69.775  -20.979 0.6000000238
11580  30.180  -63.394  -17.004 0.5000000000
8606  28.805  -67.873  -19.294 0.6999999881
17430  18.927  -58.248  -21.884 0.4000000060
12298  30.936  -63.200  -16.816 0.5000000000
9380  32.465  -66.664  -18.692 0.6000000238
12327  32.364  -64.088  -17.184 0.4000000060
7883  32.245  -68.748  -20.455 0.6000000238
8601  33.441  -67.317  -19.562 0.6000000238
139389  21.653  -59.585  -19.392 0.3000000119
161387  33.870  -65.513  -18.079 0.4000000060
10851  34.465  -65.467  -18.166 0.4000000060
153014  23.833  -56.607  -17.974 0.4000000060
19184  23.335  -56.131  -14.383 0.3000000119
152952  24.338  -53.388  -13.920 0.3000000119
7933  33.233  -69.225  -21.875 0.5000000000
7272  32.337  -70.094  -22.404 0.5000000000
6672  32.061  -70.496  -22.769 0.6999999881
157949  31.714  -71.184  -23.401 0.6999999881
5545  30.163  -72.058  -24.085 0.6000000238
7253  32.553  -69.606  -21.885 0.5000000000
7254  32.017  -69.869  -21.909 0.6000000238
6092  31.151  -71.241  -23.306 0.6000000238
4970  30.767  -73.716  -26.017 0.6000000238
4341  30.315  -74.490  -26.594 0.6000000238
6111  32.206  -71.352  -23.817 0.6999999881
140171  31.451  -72.407  -24.864 0.6000000238
4951  31.077  -73.022  -25.441 0.6000000238
5543  31.826  -71.865  -24.356 0.6999999881
5565  30.614  -72.545  -24.792 0.6000000238
161037  30.215  -73.837  -26.050 0.6000000238
7906  33.465  -68.678  -21.262 0.5000000000
6137  33.025  -71.974  -25.200 0.6999999881
5586  32.715  -72.651  -25.739 0.6999999881
4968  32.397  -73.453  -26.356 0.6000000238
4340  31.147  -74.443  -26.745 0.6000000238
6127  33.253  -71.336  -24.700 0.6000000238
6128  32.564  -71.677  -24.494 0.6999999881
4969  31.572  -73.622  -26.096 0.6000000238
6684  34.259  -70.318  -24.435 0.6000000238
8655  34.676  -67.822  -21.163 0.5000000000
7907  32.634  -69.066  -21.170 0.5000000000
6695  33.953  -70.883  -24.926 0.6999999881
5585  33.527  -72.311  -26.121 0.6000000238
4357  31.524  -75.227  -27.632 0.6000000238
9429  35.252  -67.393  -21.036 0.5000000000
8656  33.871  -68.017  -20.685 0.5000000000
10113  36.512  -66.465  -20.066 0.5000000000
8629  34.607  -67.390  -20.363 0.5000000000
10094  36.901  -66.024  -19.403 0.4000000060
8025  28.434  -68.816  -28.558 0.4000000060
146165  30.401  -69.936  -29.597 0.4000000060
150903  29.113  -69.644  -29.344 0.4000000060
7338  29.450  -70.569  -29.778 0.5000000000
6734  29.699  -71.210  -29.793 0.5000000000
142149  28.394  -71.062  -30.031 0.5000000000
9397  34.977  -66.901  -19.701 0.5000000000
136943  28.612  -71.736  -29.971 0.5000000000
144866  23.755  -71.681  -28.670 0.6000000238
10114  35.755  -66.702  -19.841 0.4000000060
137612  28.356  -71.888  -29.408 0.5000000000
5623  26.984  -72.992  -30.138 0.5000000000
6176  24.940  -72.866  -29.863 0.5000000000
8034  27.865  -69.292  -28.855 0.5000000000
155605  28.484  -70.062  -29.530 0.5000000000
7339  27.459  -69.968  -29.232 0.5000000000
6732  27.120  -70.659  -29.578 0.5000000000
7340  26.235  -70.054  -28.762 0.5000000000
6737  27.279  -71.589  -30.111 0.5000000000
6733  26.247  -71.074  -29.615 0.5000000000
6167  24.464  -71.900  -29.319 0.5000000000
10096  35.309  -66.396  -19.176 0.5000000000
136989  26.388  -71.987  -30.158 0.5000000000
10869  37.413  -65.582  -18.956 0.4000000060
10064  35.629  -65.853  -18.701 0.4000000060
158174  36.915  -65.718  -18.823 0.4000000060
10217  28.505  -66.250  -25.479 0.5000000000
153602  25.938  -69.297  -28.030 0.5000000000
9398  34.142  -67.020  -19.555 0.5000000000
10065  34.860  -65.962  -18.622 0.4000000060
10993  29.157  -64.735  -25.226 0.5000000000
10973  27.778  -65.104  -24.148 0.5000000000
10974  27.088  -65.354  -23.630 0.5000000000
11015  28.891  -65.530  -25.191 0.5000000000
139828  35.988  -65.231  -18.341 0.4000000060
11680  28.257  -64.188  -24.430 0.5000000000
11681  27.773  -64.420  -23.903 0.5000000000
12405  27.827  -63.634  -24.008 0.5000000000
11673  27.018  -64.126  -22.845 0.5000000000
10931  26.596  -64.794  -22.587 0.5000000000
10952  26.440  -65.398  -23.061 0.4000000060
13200  27.169  -62.666  -23.488 0.5000000000
11663  26.577  -64.065  -22.141 0.6000000238
10932  26.058  -64.906  -22.064 0.6000000238
13206  27.917  -62.700  -24.685 0.5000000000
13201  26.695  -62.456  -22.671 0.5000000000
12393  26.576  -63.197  -21.973 0.5000000000
12385  26.273  -63.076  -21.277 0.6000000238
11657  25.240  -64.411  -20.886 0.6000000238
10914  24.898  -64.914  -21.290 0.6000000238
10934  24.371  -65.257  -21.934 0.5000000000
10935  23.468  -65.216  -21.720 0.5000000000
136161  21.759  -65.321  -21.466 0.5000000000
13207  27.452  -61.974  -24.597 0.5000000000
13208  26.779  -61.634  -24.050 0.5000000000
14028  26.397  -61.707  -23.072 0.5000000000
13195  26.423  -62.590  -21.789 0.5000000000
14011  25.662  -61.723  -21.090 0.6000000238
12374  25.384  -63.310  -20.211 0.6000000238
10894  24.625  -64.568  -20.618 0.6000000238
10915  24.118  -65.025  -21.119 0.6000000238
10916  23.285  -65.127  -20.939 0.5000000000
10813  20.477  -64.864  -16.768 0.5000000000
10898  21.358  -65.594  -19.947 0.5000000000
14042  27.065  -61.170  -24.766 0.5000000000
14029  26.118  -60.986  -23.977 0.5000000000
155642  25.603  -61.423  -21.743 0.6000000238
14012  25.227  -61.252  -21.234 0.6000000238
13969  24.578  -61.276  -19.847 0.6000000238
12375  25.050  -62.805  -19.729 0.6000000238
13164  24.641  -62.238  -19.389 0.6000000238
11646  24.391  -64.222  -19.792 0.6000000238
12348  23.932  -63.397  -18.758 0.6000000238
10895  23.894  -64.794  -20.340 0.6000000238
10873  22.942  -64.942  -19.307 0.5000000000
10918  21.562  -65.451  -20.717 0.5000000000
10874  21.773  -65.454  -19.162 0.5000000000
10856  22.071  -65.192  -18.436 0.5000000000
10100  21.162  -65.759  -19.247 0.5000000000
10073  20.606  -65.886  -17.953 0.5000000000
14858  25.175  -60.940  -22.380 0.6000000238
138189  24.267  -60.737  -20.709 0.6000000238
14828  23.741  -60.838  -20.034 0.6000000238
14812  23.184  -61.100  -19.477 0.6000000238
14811  23.819  -61.212  -19.417 0.6000000238
13143  23.522  -62.711  -18.453 0.6000000238
13946  23.098  -62.090  -18.479 0.6000000238
11617  23.518  -63.967  -18.548 0.5000000000
12349  23.264  -63.460  -18.238 0.5000000000
10855  22.701  -64.814  -18.573 0.5000000000
11605  22.315  -64.219  -17.720 0.5000000000
13121  21.351  -62.850  -17.441 0.6000000238
10835  21.680  -65.199  -17.780 0.5000000000
10812  21.149  -64.333  -17.001 0.5000000000
12332  20.938  -63.424  -17.031 0.5000000000
13096  19.297  -62.996  -16.920 0.5000000000
14829  22.872  -60.833  -20.305 0.6000000238
14813  22.339  -61.145  -19.694 0.6000000238
13972  22.676  -61.541  -18.937 0.6000000238
13120  22.112  -62.853  -17.703 0.6000000238
13145  20.865  -62.259  -17.878 0.6000000238
12333  20.506  -62.691  -17.385 0.5000000000
14845  22.426  -60.620  -21.348 0.6000000238
154581  21.619  -62.354  -17.818 0.6000000238
13949  20.288  -61.885  -18.647 0.6000000238
136935  19.608  -62.583  -17.522 0.5000000000
15651  20.892  -60.007  -22.678 0.6000000238
14862  21.805  -60.284  -22.422 0.6000000238
14847  20.469  -60.802  -21.409 0.6000000238
13993  20.831  -61.356  -20.013 0.6000000238
13948  21.237  -61.896  -18.433 0.6000000238
13975  19.534  -61.671  -19.478 0.5000000000
15652  19.890  -60.075  -22.496 0.6000000238
14832  20.128  -61.127  -20.777 0.6000000238
14865  18.777  -60.117  -22.182 0.6000000238
13994  19.830  -61.432  -20.149 0.6000000238
14849  17.963  -60.527  -21.672 0.6000000238
13996  17.679  -60.845  -20.620 0.5000000000
14850  17.391  -60.055  -21.611 0.4000000060
4952  30.184  -73.279  -25.492 0.6000000238
6113  30.751  -71.624  -23.669 0.6999999881
8657  33.003  -68.461  -20.564 0.5000000000
8630  33.887  -67.519  -20.024 0.5000000000
9420  36.129  -66.847  -20.580 0.5000000000
9421  35.414  -67.057  -20.409 0.5000000000
139374  25.214  -70.847  -29.012 0.6000000238
12386  25.864  -62.876  -20.635 0.6000000238
13178  25.194  -62.056  -19.925 0.6000000238
11632  23.900  -64.085  -19.069 0.6000000238
11619  22.300  -64.768  -17.959 0.5000000000
14846  21.429  -60.699  -21.405 0.6000000238
13973  21.647  -61.516  -19.194 0.6000000238
140540  19.007  -61.069  -20.942 0.6000000238
159692  18.820  -61.574  -19.773 0.6000000238
2797  35.687  -77.281  -18.532 0.4000000060
2770  37.438  -76.845  -15.894 0.5000000000
3216  37.866  -76.047  -17.484 0.5000000000
2779  36.861  -76.890  -16.846 0.4000000060
2780  36.325  -76.925  -17.884 0.4000000060
3229  36.762  -76.469  -18.680 0.4000000060
2810  36.165  -76.904  -18.976 0.4000000060
4192  39.692  -74.653  -17.368 0.5000000000
3215  38.568  -75.924  -16.612 0.5000000000
3695  38.293  -75.051  -19.028 0.5000000000
152312  37.601  -75.786  -20.001 0.5000000000
3259  36.533  -76.718  -20.186 0.4000000060
4211  39.246  -74.241  -18.243 0.5000000000
4212  38.618  -74.521  -19.025 0.5000000000
138871  38.408  -74.645  -20.022 0.5000000000
3715  38.308  -75.013  -20.739 0.5000000000
3258  37.020  -76.366  -20.745 0.4000000060
3287  38.228  -75.420  -21.979 0.4000000060
4846  38.715  -73.588  -19.030 0.5000000000
4228  38.489  -74.152  -19.457 0.5000000000
4865  37.922  -73.472  -20.333 0.5000000000
4864  38.327  -74.143  -20.236 0.5000000000
4258  38.655  -74.473  -21.823 0.5000000000
3299  37.898  -75.732  -22.737 0.4000000060
3829  32.538  -75.425  -27.724 0.5000000000
3325  32.608  -75.837  -27.437 0.4000000060
3819  34.152  -75.305  -27.078 0.4000000060
3818  35.281  -75.018  -27.029 0.4000000060
3802  35.918  -74.955  -26.245 0.4000000060
3782  36.248  -74.927  -25.230 0.4000000060
4882  38.314  -74.017  -21.012 0.5000000000
3800  37.891  -74.916  -25.747 0.4000000060
147191  37.364  -75.325  -24.419 0.4000000060
3300  37.767  -75.477  -23.880 0.4000000060
4883  37.536  -73.282  -21.123 0.4000000060
4901  38.605  -74.203  -22.518 0.5000000000
3755  38.321  -75.244  -23.337 0.4000000060
3740  38.576  -75.028  -22.650 0.4000000060
3828  33.309  -75.306  -27.603 0.4000000060
4354  36.777  -74.394  -27.064 0.4000000060
3816  37.394  -74.629  -26.465 0.4000000060
153625  36.633  -72.522  -20.963 0.4000000060
158172  38.762  -74.772  -24.760 0.4000000060
150338  38.670  -74.948  -24.178 0.4000000060
5514  36.958  -72.973  -22.332 0.4000000060
154151  38.244  -73.662  -22.739 0.4000000060
4938  38.643  -73.954  -23.744 0.4000000060
4283  38.858  -74.425  -23.262 0.4000000060
4356  32.304  -74.816  -27.789 0.5000000000
4998  33.393  -74.176  -27.987 0.4000000060
4367  34.445  -74.182  -27.933 0.4000000060
4994  36.437  -73.057  -27.695 0.4000000060
4985  37.872  -73.382  -26.636 0.4000000060
4984  38.336  -73.867  -26.327 0.4000000060
4949  38.517  -73.635  -25.098 0.4000000060
4967  38.535  -74.060  -25.803 0.4000000060
5528  36.733  -72.739  -22.959 0.4000000060
5540  37.437  -73.136  -23.612 0.4000000060
4939  38.312  -73.563  -24.144 0.4000000060
4987  32.881  -74.110  -27.603 0.5000000000
4986  33.670  -73.521  -27.837 0.5000000000
5597  33.221  -73.156  -26.699 0.6000000238
5605  34.391  -72.984  -28.018 0.5000000000
4993  37.272  -73.154  -27.212 0.4000000060
5583  37.675  -72.968  -26.498 0.4000000060
5562  36.824  -72.391  -25.043 0.4000000060
5542  35.825  -71.909  -23.737 0.4000000060
5595  34.840  -72.157  -27.909 0.4000000060
6145  34.384  -71.866  -26.758 0.5000000000
6153  36.364  -71.382  -27.954 0.4000000060
161379  37.267  -72.194  -27.057 0.4000000060
6143  36.122  -70.746  -28.036 0.5000000000
6142  36.701  -70.489  -27.944 0.4000000060
5594  36.838  -71.629  -27.509 0.4000000060
6125  36.730  -71.222  -26.273 0.4000000060
6135  34.806  -71.078  -26.670 0.6000000238
6136  33.876  -71.482  -25.651 0.6000000238
6712  36.517  -69.963  -28.078 0.5000000000
6702  37.158  -69.435  -28.130 0.4000000060
6671  32.611  -70.424  -22.966 0.5000000000
14859  24.415  -60.521  -22.636 0.5000000000
14861  22.989  -60.259  -22.433 0.5000000000
148416  21.532  -59.209  -22.964 0.5000000000
15649  23.251  -59.593  -23.279 0.5000000000
146095  22.514  -59.750  -22.993 0.5000000000
138285  23.935  -60.544  -21.869 0.5000000000
3686  38.866  -74.972  -18.088 0.5000000000
3228  37.441  -76.012  -18.517 0.5000000000
4366  35.198  -74.558  -27.496 0.4000000060
4364  36.943  -73.771  -27.370 0.4000000060
4919  38.197  -73.557  -23.329 0.4000000060
5604  35.141  -72.497  -28.086 0.4000000060
5602  36.764  -72.250  -27.629 0.4000000060
5561  37.849  -73.051  -25.682 0.4000000060
5541  36.552  -72.475  -23.907 0.4000000060
5596  34.005  -72.677  -27.299 0.5000000000
152136  36.455  -71.749  -25.325 0.4000000060
6144  35.302  -71.311  -27.757 0.5000000000
6713  35.703  -70.469  -27.770 0.6000000238
6134  36.985  -70.329  -27.755 0.5000000000
7295  35.535  -69.812  -26.369 0.5000000000
158908  41.585  -65.464  -21.228 0.3000000119
10155  40.092  -66.347  -22.243 0.3000000119
147195  39.517  -66.243  -21.760 0.3000000119
10909  40.472  -65.429  -20.854 0.3000000119
10908  41.243  -65.216  -20.784 0.3000000119
146174  43.307  -63.648  -20.931 0.3000000119
12368  42.753  -63.616  -20.559 0.3000000119
10175  39.986  -66.703  -23.066 0.3000000119
9454  39.215  -66.850  -23.367 0.4000000060
9438  38.605  -66.755  -22.621 0.4000000060
139321  41.569  -65.857  -21.777 0.3000000119
9439  37.806  -66.905  -22.780 0.4000000060
139858  38.835  -66.398  -21.870 0.4000000060
8678  34.832  -68.061  -21.881 0.4000000060
7931  34.428  -68.605  -22.200 0.4000000060
10130  42.181  -65.448  -21.426 0.3000000119
10133  39.120  -66.089  -21.293 0.3000000119
9428  37.018  -66.844  -21.628 0.4000000060
11643  41.133  -64.332  -19.917 0.3000000119
10110  38.822  -65.859  -20.699 0.3000000119
9475  38.394  -67.143  -24.921 0.4000000060
9476  37.468  -67.595  -25.021 0.4000000060
7283  35.344  -69.194  -24.655 0.4000000060
7284  34.601  -69.670  -24.061 0.4000000060
9453  39.951  -66.929  -24.150 0.4000000060
9455  38.436  -66.980  -23.679 0.4000000060
141793  37.734  -67.201  -24.102 0.4000000060
8729  35.962  -68.049  -23.798 0.4000000060
7952  34.656  -68.816  -22.921 0.4000000060
10173  41.490  -66.303  -22.519 0.3000000119
9456  37.219  -67.109  -23.127 0.4000000060
8702  35.661  -67.889  -22.944 0.4000000060
7270  33.660  -69.808  -23.039 0.4000000060
10153  42.380  -66.023  -22.135 0.3000000119
9458  36.046  -67.457  -22.507 0.4000000060
7953  33.879  -69.252  -22.520 0.4000000060
10926  42.943  -65.418  -21.574 0.3000000119
9442  35.780  -67.318  -21.694 0.4000000060
10112  37.273  -66.252  -20.338 0.4000000060
147101  37.656  -68.035  -27.576 0.4000000060
7294  35.869  -69.260  -25.995 0.4000000060
9496  39.290  -67.294  -27.187 0.4000000060
9488  38.182  -67.335  -25.834 0.4000000060
8004  37.082  -68.238  -26.780 0.4000000060
143002  42.166  -66.771  -22.915 0.3000000119
149193  39.964  -67.068  -25.346 0.4000000060
10151  44.210  -65.587  -22.120 0.3000000119
10152  43.390  -65.921  -22.075 0.3000000119
7285  33.916  -70.102  -23.640 0.4000000060
149917  44.113  -64.826  -21.707 0.3000000119
7307  36.469  -69.214  -27.666 0.4000000060
154307  37.553  -68.329  -27.995 0.4000000060
10093  37.720  -65.856  -19.730 0.3000000119
10868  38.165  -65.330  -19.176 0.3000000119
10111  38.054  -66.063  -20.551 0.3000000119
6670  33.247  -70.325  -23.280 0.4000000060
149502  35.010  -69.799  -25.045 0.4000000060
6694  34.678  -70.372  -25.413 0.4000000060
7306  37.212  -68.891  -28.039 0.4000000060
147792  39.365  -66.581  -22.438 0.3000000119
10888  40.833  -64.900  -20.293 0.3000000119
11642  41.695  -64.130  -20.086 0.3000000119
9474  39.136  -67.002  -24.793 0.4000000060
10157  37.550  -66.767  -21.972 0.4000000060
9457  36.662  -67.213  -22.846 0.4000000060
9441  36.483  -67.108  -22.066 0.4000000060
8703  35.037  -68.216  -22.592 0.4000000060
10135  37.610  -66.459  -21.236 0.4000000060
9487  38.843  -67.127  -26.331 0.4000000060
7989  36.184  -68.748  -25.528 0.4000000060
8728  36.719  -67.798  -24.343 0.4000000060
9451  41.377  -66.858  -23.349 0.3000000119
8701  36.318  -67.594  -23.315 0.4000000060
9485  40.288  -67.338  -26.283 0.4000000060
145292  41.195  -67.481  -24.455 0.3000000119
10172  43.089  -66.656  -22.629 0.3000000119
3186  32.638  -75.196  -13.950 0.3000000119
3636  31.807  -74.892  -14.488 0.3000000119
3647  34.202  -75.439  -14.253 0.3000000119
154157  32.193  -74.695  -13.691 0.3000000119
3184  34.011  -75.910  -14.045 0.3000000119
3194  32.718  -75.787  -14.685 0.3000000119
3664  35.340  -75.365  -16.258 0.3000000119
3666  34.129  -75.163  -15.650 0.3000000119
4134  33.026  -74.985  -13.803 0.3000000119
3663  36.311  -75.286  -16.282 0.3000000119
3646  34.879  -75.720  -14.703 0.3000000119
3193  33.478  -76.200  -14.424 0.3000000119
2391  36.165  -77.312  -16.653 0.3000000119
157649  34.607  -73.576  -17.822 0.3000000119
4181  33.856  -74.496  -16.611 0.3000000119
4194  36.188  -74.565  -17.230 0.3000000119
3681  34.977  -74.775  -17.083 0.3000000119
4147  33.250  -74.627  -14.370 0.3000000119
3192  36.635  -76.382  -14.440 0.3000000119
2769  38.020  -76.657  -15.103 0.3000000119
2759  37.353  -76.847  -14.873 0.3000000119
4180  36.839  -74.748  -16.750 0.3000000119
3645  35.982  -75.952  -14.954 0.3000000119
3662  37.313  -75.250  -15.815 0.3000000119
3661  38.355  -75.257  -15.269 0.3000000119
3643  38.305  -75.951  -14.839 0.3000000119
2749  37.102  -76.617  -14.433 0.3000000119
3660  39.617  -75.394  -15.581 0.3000000119
5466  38.556  -72.462  -18.696 0.4000000060
4210  39.967  -73.954  -17.698 0.4000000060
5339  32.618  -72.909  -9.840 0.3000000119
4099  33.374  -74.184  -9.423 0.3000000119
4135  32.375  -74.411  -13.498 0.3000000119
4762  31.148  -73.476  -13.431 0.3000000119
138509  32.820  -72.613  -15.951 0.3000000119
156105  32.998  -72.443  -13.613 0.3000000119
143512  32.518  -72.126  -11.406 0.3000000119
5349  31.547  -72.401  -10.623 0.3000000119
4707  32.914  -73.455  -9.560 0.3000000119
5449  33.555  -72.547  -17.725 0.3000000119
156271  32.948  -73.377  -15.481 0.3000000119
151023  31.871  -72.456  -12.210 0.3000000119
5350  30.417  -72.704  -10.708 0.3000000119
4709  31.455  -73.421  -9.818 0.3000000119
160155  32.999  -73.607  -16.172 0.3000000119
4774  32.898  -74.079  -14.391 0.3000000119
5383  31.052  -72.676  -12.457 0.3000000119
5373  30.491  -72.532  -11.882 0.3000000119
4749  31.536  -73.092  -12.906 0.3000000119
5384  30.136  -72.686  -12.540 0.3000000119
3182  35.661  -76.307  -14.403 0.3000000119
2752  34.652  -76.587  -14.352 0.3000000119
4817  33.481  -73.284  -17.432 0.3000000119
150075  37.779  -75.787  -14.884 0.3000000119
5347  33.658  -72.458  -10.393 0.3000000119
5385  29.531  -72.755  -12.575 0.3000000119
142910  32.925  -72.991  -16.419 0.3000000119
149796  32.744  -72.279  -12.724 0.3000000119
4748  32.252  -73.164  -13.260 0.3000000119
5372  31.196  -72.441  -11.817 0.3000000119
5364  29.489  -72.889  -11.485 0.3000000119
3678  40.054  -74.891  -16.294 0.3000000119
9419  39.039  -67.558  -20.074 0.3000000119
9396  38.470  -67.464  -19.539 0.3000000119
8600  37.297  -68.282  -19.087 0.3000000119
147036  36.649  -69.495  -19.222 0.4000000060
6618  36.554  -70.906  -19.463 0.4000000060
6038  36.441  -71.489  -19.802 0.3000000119
5491  37.152  -72.763  -20.333 0.3000000119
8653  38.198  -68.151  -20.789 0.3000000119
7881  36.931  -68.624  -20.460 0.4000000060
7234  36.018  -69.505  -20.963 0.4000000060
7235  35.768  -69.994  -21.625 0.4000000060
5504  36.045  -72.154  -21.527 0.3000000119
6669  35.898  -70.495  -23.002 0.4000000060
6090  35.591  -71.515  -22.562 0.4000000060
5529  35.880  -72.115  -22.990 0.3000000119
6109  35.890  -71.406  -24.082 0.3000000119
137236  41.330  -65.695  -18.296 0.3000000119
10092  40.379  -66.425  -19.031 0.3000000119
9377  38.297  -67.326  -18.782 0.4000000060
7858  37.156  -69.129  -18.751 0.4000000060
7211  37.042  -70.044  -18.879 0.3000000119
6037  37.171  -71.482  -19.197 0.3000000119
6027  38.054  -71.715  -18.693 0.3000000119
9393  41.104  -66.689  -19.408 0.3000000119
9417  40.797  -67.218  -20.047 0.3000000119
8626  39.666  -67.847  -20.659 0.3000000119
153640  38.766  -68.284  -21.238 0.3000000119
7904  37.520  -68.481  -20.979 0.3000000119
146883  36.310  -69.391  -21.608 0.4000000060
8675  40.009  -68.516  -21.789 0.3000000119
140607  39.189  -68.803  -22.443 0.3000000119
7928  38.940  -68.575  -21.765 0.3000000119
7930  36.886  -69.127  -22.033 0.4000000060
7252  35.928  -70.115  -22.428 0.4000000060
155964  38.136  -69.060  -23.103 0.3000000119
148598  37.727  -69.282  -23.563 0.4000000060
6668  36.345  -70.340  -23.685 0.4000000060
158736  38.441  -68.859  -25.733 0.3000000119
7281  37.407  -69.645  -25.323 0.4000000060
7282  36.806  -69.970  -24.053 0.4000000060
6693  36.216  -70.941  -24.680 0.4000000060
138911  38.421  -68.244  -27.391 0.3000000119
7293  37.512  -69.511  -27.057 0.4000000060
7988  38.036  -68.763  -27.425 0.3000000119
9998  43.952  -65.546  -14.077 0.3000000119
10795  42.261  -65.558  -15.312 0.3000000119
9344  41.593  -66.866  -14.996 0.3000000119
8564  40.534  -67.590  -15.956 0.3000000119
10844  42.432  -65.486  -17.830 0.3000000119
10824  41.868  -65.329  -17.224 0.3000000119
10029  40.572  -65.721  -17.136 0.3000000119
8577  39.968  -67.882  -16.570 0.3000000119
10089  43.046  -66.281  -18.927 0.3000000119
10059  42.905  -65.870  -18.303 0.3000000119
10061  40.586  -65.782  -17.942 0.3000000119
10040  39.906  -66.198  -17.565 0.3000000119
8588  38.770  -68.060  -17.556 0.3000000119
7847  38.677  -69.054  -17.717 0.3000000119
6591  38.498  -69.852  -17.961 0.3000000119
146524  38.427  -71.258  -18.384 0.3000000119
6025  39.751  -71.996  -17.922 0.3000000119
5464  40.335  -72.578  -17.696 0.3000000119
9391  42.819  -66.738  -19.552 0.3000000119
7948  38.785  -68.945  -23.248 0.3000000119
7970  40.070  -68.816  -24.937 0.3000000119
7972  38.416  -69.046  -24.361 0.3000000119
8001  39.687  -67.847  -27.070 0.3000000119
8772  39.390  -67.399  -27.329 0.3000000119
8003  37.721  -68.268  -27.948 0.3000000119
139225  44.162  -65.426  -13.779 0.3000000119
10772  43.835  -65.450  -14.913 0.3000000119
10794  42.975  -65.437  -15.537 0.3000000119
10017  41.135  -66.349  -15.599 0.3000000119
10822  43.659  -65.428  -17.061 0.3000000119
10811  41.280  -65.452  -16.722 0.3000000119
4191  40.707  -73.728  -16.967 0.3000000119
10746  44.441  -64.939  -13.351 0.3000000119
9982  45.031  -65.182  -14.385 0.3000000119
156633  45.135  -65.305  -14.793 0.3000000119
10793  43.700  -65.377  -15.680 0.3000000119
10809  43.168  -65.331  -16.326 0.3000000119
10039  44.102  -65.677  -17.784 0.3000000119
11550  45.421  -64.799  -14.342 0.3000000119
11549  45.965  -64.811  -14.872 0.3000000119
10015  45.686  -65.295  -15.502 0.3000000119
10808  44.104  -65.372  -16.241 0.3000000119
5465  39.468  -72.655  -18.284 0.3000000119
5479  38.287  -73.041  -19.157 0.3000000119
5480  37.012  -72.246  -19.717 0.3000000119
6048  35.861  -71.293  -20.507 0.3000000119
5516  35.794  -71.977  -22.214 0.4000000060
6692  36.920  -70.556  -26.285 0.4000000060
9494  40.155  -67.548  -26.858 0.3000000119
144440  40.372  -66.851  -19.501 0.3000000119
8628  37.473  -68.162  -20.059 0.3000000119
9394  39.677  -66.650  -19.011 0.3000000119
7865  36.753  -68.801  -19.613 0.4000000060
7219  35.913  -69.882  -20.204 0.4000000060
6642  35.575  -70.785  -21.223 0.4000000060
7950  37.043  -69.421  -22.847 0.4000000060
147508  42.334  -66.334  -19.120 0.3000000119
10062  40.086  -66.195  -18.409 0.3000000119
136486  38.079  -68.339  -18.058 0.3000000119
160722  39.030  -66.750  -17.967 0.3000000119
7857  37.929  -69.136  -18.216 0.4000000060
6609  37.651  -70.831  -18.638 0.3000000119
9416  41.649  -67.175  -20.071 0.3000000119
8624  41.303  -67.670  -20.628 0.3000000119
8651  40.203  -68.163  -21.233 0.3000000119
7949  37.583  -69.081  -22.556 0.4000000060
141126  38.818  -68.624  -26.053 0.3000000119
138385  40.767  -65.932  -16.331 0.3000000119
10031  39.626  -66.639  -17.070 0.3000000119
7829  39.515  -68.346  -17.005 0.3000000119
7986  40.403  -68.375  -26.222 0.3000000119
5625  25.421  -73.534  -29.893 0.4000000060
2409  35.172  -77.784  -18.331 0.4000000060
2748  37.898  -76.483  -14.557 0.3000000119
2750  36.247  -76.723  -14.446 0.3000000119
2751  35.451  -76.717  -14.440 0.3000000119
2760  36.543  -77.071  -14.742 0.3000000119
2811  35.625  -77.361  -19.483 0.5000000000
2820  35.406  -77.691  -20.701 0.5000000000
3173  33.515  -75.458  -13.881 0.3000000119
3179  38.841  -75.710  -14.890 0.3000000119
3180  38.357  -76.069  -14.849 0.3000000119
3181  37.625  -76.318  -14.535 0.3000000119
3183  34.658  -75.961  -14.354 0.3000000119
3185  33.315  -75.624  -13.834 0.3000000119
3191  39.072  -75.762  -15.103 0.3000000119
3200  39.106  -75.786  -15.812 0.5000000000
3201  38.523  -76.192  -15.443 0.3000000119
3202  37.979  -76.387  -16.253 0.5000000000
3217  37.107  -76.466  -17.757 0.5000000000
3227  38.137  -75.519  -18.346 0.5000000000
3235  37.810  -75.607  -19.231 0.5000000000
3236  37.075  -76.165  -19.519 0.4000000060
3237  36.537  -76.637  -19.439 0.4000000060
3257  37.872  -75.642  -20.675 0.4000000060
3278  38.182  -75.371  -21.251 0.4000000060
3279  37.579  -76.017  -21.465 0.4000000060
3288  37.286  -76.246  -22.315 0.4000000060
3311  36.933  -75.536  -23.824 0.4000000060
3318  29.429  -76.888  -25.965 0.6999999881
3320  26.899  -76.805  -26.199 0.6999999881
3327  31.807  -76.425  -26.692 0.5000000000
3329  29.781  -76.966  -26.761 0.6999999881
3330  28.662  -77.164  -26.603 0.6999999881
3336  31.218  -76.566  -27.209 0.6999999881
3338  28.932  -76.794  -27.170 0.6999999881
3343  31.992  -75.789  -27.606 0.5000000000
3344  31.457  -76.152  -27.478 0.6000000238
3345  30.760  -76.287  -27.456 0.6999999881
3630  33.105  -75.201  -13.813 0.3000000119
3631  32.752  -74.815  -13.671 0.3000000119
3635  34.172  -75.611  -13.963 0.3000000119
3644  37.011  -75.918  -14.935 0.3000000119
3648  31.900  -75.310  -15.161 0.3000000119
3665  34.527  -75.064  -16.425 0.3000000119
3679  38.537  -75.566  -17.541 0.5000000000
3680  35.627  -74.901  -16.989 0.3000000119
3728  38.578  -74.860  -21.496 0.5000000000
3739  38.891  -74.769  -23.116 0.4000000060
3754  38.735  -74.907  -23.597 0.4000000060
3764  39.009  -74.605  -23.964 0.4000000060
3766  31.443  -75.661  -25.010 0.6000000238
3771  27.010  -75.973  -24.543 0.5000000000
3772  26.121  -75.990  -24.571 0.6000000238
3780  38.942  -74.548  -24.572 0.4000000060
3781  38.174  -75.077  -24.821 0.4000000060
3785  33.028  -75.304  -25.301 0.5000000000
3786  32.219  -75.378  -25.014 0.4000000060
3792  25.736  -76.176  -25.465 0.6000000238
3793  25.175  -75.868  -25.661 0.6000000238
3794  24.965  -75.538  -26.188 0.6000000238
3801  36.904  -74.942  -25.976 0.4000000060
3803  34.922  -75.143  -26.477 0.4000000060
3807  30.970  -76.247  -25.564 0.6999999881
3808  28.035  -76.758  -27.062 0.6999999881
3811  25.487  -75.794  -26.046 0.6000000238
3817  36.388  -74.778  -26.699 0.4000000060
3821  30.129  -76.102  -27.520 0.6999999881
3822  29.339  -76.485  -27.456 0.6999999881
3823  28.673  -76.612  -27.307 0.6999999881
3827  34.309  -74.906  -27.555 0.4000000060
4100  32.546  -74.096  -9.469 0.3000000119
4112  29.462  -73.527  -10.989 0.3000000119
4136  31.708  -74.100  -13.635 0.3000000119
4146  33.609  -75.267  -14.011 0.3000000119
4148  31.266  -74.396  -14.467 0.3000000119
4163  33.559  -74.737  -15.259 0.3000000119
4179  37.601  -74.576  -16.487 0.3000000119
4182  33.232  -74.045  -16.333 0.3000000119
4195  35.475  -74.329  -17.486 0.3000000119
4196  34.769  -74.138  -17.539 0.3000000119
4197  34.018  -73.909  -17.464 0.3000000119
4246  38.488  -74.551  -20.933 0.5000000000
4271  38.876  -74.599  -22.728 0.4000000060
4282  38.951  -74.535  -23.435 0.4000000060
4292  28.242  -74.320  -23.075 0.5000000000
4303  38.958  -74.436  -23.907 0.4000000060
4312  27.711  -75.042  -23.694 0.5000000000
4324  34.274  -74.478  -24.734 0.4000000060
4337  38.583  -74.553  -25.319 0.4000000060
4338  38.186  -74.343  -26.139 0.4000000060
4339  32.001  -74.320  -26.992 0.5000000000
4345  25.892  -76.021  -26.075 0.6999999881
4353  37.690  -73.965  -26.810 0.4000000060
4355  35.954  -74.683  -27.165 0.4000000060
4360  24.922  -74.700  -27.196 0.5000000000
4365  36.008  -73.972  -27.551 0.4000000060
4368  33.644  -74.537  -27.960 0.4000000060
4369  32.859  -74.814  -27.901 0.5000000000
4370  32.119  -75.290  -27.721 0.5000000000
4706  33.737  -73.512  -9.526 0.3000000119
4708  32.102  -73.292  -9.697 0.3000000119
4721  31.482  -72.817  -10.126 0.3000000119
4722  30.847  -73.189  -10.170 0.3000000119
4730  29.888  -72.919  -10.983 0.3000000119
4740  29.062  -73.016  -12.174 0.3000000119
4750  30.561  -72.944  -13.075 0.3000000119
4760  32.482  -74.160  -13.554 0.3000000119
4761  32.059  -73.737  -13.366 0.3000000119
4788  33.059  -74.066  -15.428 0.3000000119
4799  33.451  -73.869  -17.036 0.3000000119
4800  33.108  -73.438  -16.820 0.3000000119
4811  40.776  -73.060  -17.358 0.3000000119
4815  35.283  -73.669  -17.864 0.3000000119
4816  34.112  -73.133  -17.886 0.3000000119
4829  40.143  -73.228  -17.802 0.3000000119
4830  39.352  -73.494  -18.396 0.3000000119
4847  38.249  -73.607  -19.668 0.5000000000
4848  37.622  -72.962  -19.681 0.5000000000
4902  37.730  -73.414  -22.094 0.4000000060
4948  38.821  -74.158  -24.466 0.4000000060
4950  31.908  -72.869  -25.528 0.6000000238
4972  27.615  -74.529  -25.880 0.6999999881
4988  25.049  -74.150  -27.341 0.5000000000
4995  35.522  -73.083  -28.006 0.4000000060
4996  34.687  -73.313  -28.043 0.4000000060
4997  33.960  -73.773  -28.065 0.5000000000
5338  33.282  -72.930  -9.845 0.3000000119
5348  32.811  -72.494  -10.319 0.3000000119
5361  31.782  -72.264  -11.376 0.3000000119
5362  30.896  -72.453  -11.118 0.3000000119
5363  30.132  -72.655  -11.342 0.3000000119
5371  32.401  -72.201  -11.957 0.3000000119
5374  29.773  -72.667  -12.003 0.3000000119
5382  32.137  -72.668  -12.764 0.3000000119
5431  33.003  -72.766  -17.167 0.3000000119
5478  38.900  -73.053  -18.708 0.5000000000
5492  36.461  -72.079  -20.332 0.3000000119
5503  36.806  -72.822  -21.684 0.4000000060
5515  36.326  -72.449  -22.247 0.4000000060
5527  37.493  -73.273  -22.819 0.4000000060
5544  31.043  -71.998  -24.249 0.6999999881
5546  29.310  -72.231  -24.138 0.6999999881
5548  27.689  -72.270  -24.141 0.6999999881
5563  36.107  -71.898  -24.496 0.4000000060
5564  32.243  -72.237  -24.985 0.6999999881
5567  28.901  -72.756  -24.659 0.6999999881
5584  36.893  -71.295  -27.341 0.4000000060
5593  37.338  -72.583  -27.067 0.4000000060
5603  35.960  -72.213  -28.062 0.4000000060
5607  24.963  -73.499  -28.841 0.5000000000
5612  27.247  -72.889  -30.152 0.5000000000
5614  25.777  -73.759  -29.817 0.5000000000
5615  25.156  -73.761  -29.543 0.5000000000
5624  26.258  -73.310  -30.064 0.4000000060
5626  24.857  -73.313  -29.660 0.5000000000
5630  26.611  -72.989  -30.227 0.5000000000
6026  39.107  -71.294  -18.024 0.3000000119
6036  37.740  -72.352  -19.165 0.3000000119
6059  36.110  -71.931  -20.877 0.3000000119
6060  35.761  -71.546  -21.159 0.4000000060
6075  35.627  -71.487  -21.794 0.4000000060
6076  29.407  -71.047  -22.571 0.8000000119
6091  32.161  -70.877  -23.223 0.6999999881
6093  30.081  -71.094  -22.824 0.6999999881
6095  28.430  -71.497  -23.160 0.6999999881
6097  26.677  -71.160  -23.442 0.6999999881
6110  32.847  -71.216  -24.098 0.6999999881
6112  31.459  -71.561  -23.784 0.6999999881
6118  26.166  -71.409  -24.309 0.6999999881
6126  36.272  -71.321  -25.044 0.4000000060
6129  25.932  -72.070  -25.011 0.5000000000
6154  35.664  -71.672  -28.033 0.4000000060
6159  24.211  -72.679  -28.629 0.5000000000
6164  28.377  -72.034  -29.943 0.5000000000
6165  27.525  -72.669  -29.910 0.5000000000
6166  26.221  -73.211  -29.327 0.6000000238
6168  24.429  -72.635  -29.291 0.5000000000
6173  27.713  -72.487  -30.008 0.5000000000
6174  27.051  -72.530  -30.253 0.5000000000
6175  25.967  -72.848  -30.212 0.4000000060
6608  38.445  -70.614  -18.202 0.3000000119
6617  36.948  -70.694  -19.103 0.3000000119
6628  36.029  -70.702  -19.927 0.4000000060
6629  35.683  -70.513  -20.544 0.4000000060
6643  30.965  -70.274  -21.881 0.6999999881
6645  29.417  -70.403  -21.472 0.6000000238
6646  28.470  -70.310  -21.473 0.6000000238
6656  35.585  -70.769  -22.209 0.4000000060
6657  31.644  -70.275  -22.293 0.6000000238
6660  28.193  -70.728  -22.127 0.8000000119
6661  27.288  -70.490  -22.295 0.8000000119
6673  30.835  -70.962  -22.840 0.6000000238
6682  36.671  -70.322  -24.885 0.4000000060
6683  35.888  -70.891  -23.743 0.3000000119
6685  33.453  -70.750  -24.049 0.6000000238
6686  32.760  -70.848  -23.554 0.5000000000
6687  26.086  -70.649  -24.338 0.6000000238
6696  25.888  -70.856  -25.206 0.5000000000
6703  35.204  -70.409  -26.590 0.5000000000
6704  34.457  -70.869  -25.757 0.4000000060
6706  25.772  -71.262  -26.063 0.5000000000
6711  36.879  -69.757  -28.210 0.4000000060
6714  26.664  -70.798  -26.891 0.5000000000
6722  29.730  -71.082  -29.732 0.5000000000
6731  29.174  -71.403  -29.859 0.5000000000
6735  29.393  -71.234  -29.888 0.5000000000
6736  27.922  -71.966  -30.188 0.5000000000
6738  25.425  -71.939  -29.835 0.5000000000
7200  37.755  -69.933  -18.415 0.4000000060
7212  36.395  -70.150  -19.439 0.4000000060
7220  35.666  -70.099  -20.897 0.4000000060
7221  30.244  -69.447  -20.475 0.6999999881
7240  27.632  -69.817  -21.351 0.6000000238
7241  27.047  -69.298  -21.404 0.6000000238
7242  26.720  -69.193  -21.902 0.6999999881
7251  36.375  -69.625  -22.261 0.4000000060
7258  26.560  -69.370  -22.426 0.6999999881
7267  37.250  -69.627  -23.905 0.4000000060
7268  36.499  -69.908  -23.119 0.4000000060
7269  34.286  -69.478  -23.272 0.4000000060
7271  33.079  -69.847  -22.555 0.5000000000
7297  26.476  -69.675  -24.474 0.6999999881
7305  37.520  -68.616  -28.031 0.3000000119
7308  36.114  -69.813  -27.779 0.4000000060
7320  36.822  -69.425  -28.190 0.5000000000
7336  30.982  -69.640  -29.143 0.6000000238
7337  29.872  -70.811  -29.601 0.5000000000
7846  39.237  -68.824  -17.352 0.3000000119
7866  36.310  -69.448  -19.713 0.4000000060
7869  28.386  -68.351  -19.677 0.6999999881
7882  36.362  -69.132  -20.347 0.4000000060
7884  31.580  -68.995  -20.407 0.6000000238
7885  30.949  -69.267  -20.460 0.6999999881
7887  28.908  -68.945  -20.042 0.6999999881
7903  38.254  -68.534  -21.470 0.3000000119
7905  36.743  -68.929  -21.182 0.4000000060
7908  27.600  -69.227  -20.813 0.6000000238
7910  26.788  -68.779  -21.613 0.6000000238
7929  37.556  -68.816  -21.745 0.4000000060
7932  33.839  -68.841  -21.864 0.5000000000
7934  26.686  -68.819  -22.190 0.6999999881
7951  35.285  -68.383  -23.346 0.4000000060
7971  39.156  -68.870  -24.589 0.3000000119
7973  38.034  -69.180  -25.353 0.4000000060
7974  36.443  -68.252  -24.971 0.4000000060
7975  35.638  -68.573  -24.247 0.4000000060
7976  34.935  -68.993  -23.712 0.4000000060
7977  27.207  -68.716  -23.928 0.6999999881
7987  39.520  -68.428  -26.237 0.3000000119
7991  27.482  -69.177  -25.163 0.6000000238
8002  38.936  -67.671  -27.499 0.3000000119
8005  36.819  -68.676  -27.384 0.4000000060
8016  31.691  -68.619  -27.839 0.6999999881
8023  31.010  -69.578  -29.299 0.6000000238
8033  30.291  -70.094  -29.724 0.4000000060
8578  39.307  -67.341  -17.100 0.3000000119
8589  38.208  -67.551  -18.106 0.3000000119
8592  37.797  -67.916  -18.599 0.4000000060
8593  37.564  -68.518  -18.496 0.4000000060
8599  37.887  -67.764  -19.365 0.3000000119
8602  32.749  -67.588  -19.545 0.6000000238
8603  32.000  -67.856  -19.535 0.6000000238
8607  28.026  -67.798  -19.471 0.6999999881
8608  27.537  -67.361  -19.689 0.6999999881
8625  40.468  -67.732  -20.616 0.3000000119
8627  38.324  -67.817  -20.107 0.3000000119
8632  31.043  -68.722  -19.990 0.6000000238
8650  40.975  -68.109  -21.209 0.3000000119
8652  39.439  -68.282  -21.332 0.3000000119
8654  35.215  -67.694  -21.578 0.4000000060
8676  39.495  -68.594  -21.918 0.3000000119
8677  35.426  -67.759  -22.204 0.4000000060
8679  34.212  -68.360  -21.490 0.5000000000
8680  27.071  -67.891  -22.037 0.6999999881
8706  26.760  -68.422  -22.455 0.6000000238
8750  38.900  -67.325  -27.217 0.4000000060
8751  37.937  -67.676  -26.735 0.4000000060
8752  37.241  -67.958  -25.861 0.4000000060
8754  29.894  -67.975  -24.983 0.6000000238
8771  39.898  -67.544  -27.115 0.3000000119
8773  31.682  -68.009  -27.568 0.6999999881
9352  41.083  -67.149  -15.447 0.3000000119
9353  40.474  -66.669  -16.038 0.3000000119
9365  39.967  -67.044  -16.576 0.3000000119
9373  38.751  -67.143  -17.804 0.3000000119
9376  38.916  -66.904  -18.479 0.3000000119
9381  31.562  -66.872  -18.738 0.6000000238
9383  29.667  -66.749  -18.563 0.6999999881
9384  28.801  -66.734  -18.631 0.6999999881
9392  42.010  -66.722  -19.538 0.3000000119
9395  39.006  -67.122  -19.326 0.3000000119
9399  32.967  -67.017  -19.140 0.6000000238
9405  27.705  -66.745  -19.415 0.6999999881
9418  39.854  -67.243  -19.930 0.3000000119
9440  37.113  -66.966  -22.385 0.4000000060
9444  27.291  -67.296  -21.561 0.6999999881
9452  40.677  -66.908  -23.775 0.3000000119
9473  40.598  -67.188  -25.105 0.3000000119
9477  36.981  -67.359  -23.733 0.4000000060
9478  29.356  -67.169  -23.761 0.6000000238
9479  28.625  -67.253  -23.299 0.6000000238
9486  39.531  -67.133  -26.369 0.4000000060
9495  39.729  -67.423  -27.183 0.3000000119
9511  32.286  -66.878  -27.091 0.6999999881
9514  29.714  -67.233  -27.225 0.6000000238
9533  31.751  -67.340  -27.700 0.6999999881
9981  45.724  -64.924  -14.756 0.3000000119
9996  45.504  -65.190  -14.903 0.3000000119
9997  44.623  -65.349  -14.414 0.3000000119
9999  41.935  -66.198  -14.980 0.3000000119
10016  45.288  -65.395  -15.359 0.3000000119
10030  40.132  -66.283  -16.761 0.3000000119
10041  39.278  -66.704  -17.601 0.3000000119
10043  31.504  -65.704  -17.837 0.6000000238
10045  29.833  -65.511  -17.871 0.6000000238
10047  20.130  -65.456  -16.918 0.5000000000
10058  43.637  -66.009  -18.414 0.3000000119
10060  42.198  -65.890  -18.499 0.3000000119
10063  39.389  -66.454  -18.144 0.3000000119
10066  34.037  -66.059  -18.534 0.4000000060
10088  43.970  -66.407  -19.094 0.3000000119
10090  41.630  -66.207  -18.956 0.3000000119
10091  40.833  -66.121  -18.693 0.3000000119
10095  36.078  -66.225  -19.316 0.4000000060
10097  34.545  -66.518  -19.074 0.6000000238
10099  27.592  -66.234  -19.780 0.6999999881
10116  20.852  -65.751  -20.592 0.5000000000
10131  40.976  -65.697  -21.351 0.3000000119
10132  40.156  -65.972  -21.478 0.3000000119
10134  38.415  -66.228  -21.269 0.3000000119
10136  36.845  -66.653  -20.867 0.4000000060
10154  40.832  -66.113  -22.027 0.3000000119
10156  38.125  -66.590  -21.936 0.4000000060
10159  28.232  -66.261  -21.645 0.6999999881
10160  27.616  -66.678  -21.172 0.6999999881
10174  40.734  -66.505  -22.809 0.3000000119
10191  31.035  -66.085  -24.113 0.6000000238
10192  30.333  -66.310  -23.720 0.6000000238
10193  29.702  -66.541  -23.373 0.6999999881
10205  32.325  -66.114  -25.716 0.6999999881
10214  32.720  -66.261  -26.811 0.6999999881
10215  30.166  -65.835  -26.457 0.6000000238
10216  29.342  -66.017  -25.858 0.6000000238
10239  32.623  -66.167  -27.390 0.6999999881
10240  31.867  -66.286  -27.626 0.6999999881
10254  32.114  -66.738  -27.667 0.6999999881
10757  45.184  -64.975  -14.290 0.3000000119
10758  44.647  -65.093  -13.776 0.3000000119
10771  44.573  -65.391  -15.304 0.3000000119
10773  43.199  -65.799  -14.468 0.3000000119
10796  41.484  -65.611  -15.865 0.3000000119
10807  44.930  -65.467  -16.076 0.3000000119
10810  42.134  -65.309  -16.278 0.3000000119
10823  43.257  -65.635  -17.782 0.3000000119
10825  41.178  -65.471  -17.534 0.3000000119
10826  35.493  -64.682  -17.959 0.4000000060
10828  34.055  -64.972  -17.808 0.4000000060
10845  41.771  -65.461  -17.906 0.3000000119
10849  36.401  -65.760  -18.777 0.4000000060
10852  33.339  -65.800  -18.203 0.4000000060
10853  28.685  -65.491  -18.282 0.6999999881
10854  28.410  -64.896  -18.420 0.6000000238
10857  21.324  -65.629  -18.408 0.5000000000
10870  28.156  -64.964  -19.083 0.6999999881
10871  27.904  -65.606  -19.453 0.6999999881
10872  23.629  -64.609  -19.552 0.6000000238
10887  41.561  -64.663  -20.330 0.3000000119
10891  38.491  -65.605  -19.982 0.3000000119
10896  23.103  -65.049  -20.128 0.5000000000
10897  22.234  -65.293  -19.882 0.5000000000
10907  41.955  -65.022  -20.812 0.3000000119
10913  25.607  -64.640  -21.405 0.6000000238
10917  22.420  -65.239  -20.791 0.5000000000
10928  30.085  -64.884  -22.120 0.6000000238
10930  28.633  -65.645  -21.407 0.6999999881
10936  22.616  -65.229  -21.570 0.5000000000
10951  27.440  -64.809  -23.635 0.5000000000
10953  25.644  -65.492  -22.698 0.4000000060
10969  32.786  -64.730  -24.278 0.8000000119
10972  28.504  -64.974  -24.705 0.5000000000
10994  28.025  -65.802  -24.754 0.5000000000
11012  33.109  -65.650  -26.516 0.6999999881
11030  33.364  -65.263  -27.013 0.6999999881
11031  32.964  -65.629  -27.337 0.6999999881
11032  32.263  -65.657  -27.538 0.6999999881
11033  31.163  -65.664  -27.107 0.6999999881
11532  44.777  -64.873  -13.782 0.3000000119
11533  44.368  -64.630  -13.330 0.3000000119
11566  45.686  -64.504  -15.081 0.3000000119
11578  31.848  -64.520  -17.325 0.4000000060
11596  35.658  -64.053  -17.856 0.4000000060
11601  30.690  -64.479  -17.291 0.6000000238
11602  30.002  -64.187  -17.319 0.6000000238
11604  28.580  -64.253  -17.998 0.6000000238
11606  21.794  -64.632  -17.439 0.5000000000
11618  22.904  -64.219  -18.188 0.5000000000
11631  24.352  -63.701  -19.278 0.6000000238
11633  23.311  -64.457  -18.821 0.6000000238
11641  42.297  -64.305  -20.462 0.3000000119
11645  25.088  -64.008  -20.330 0.6000000238
11655  26.344  -63.703  -21.529 0.6000000238
11656  25.818  -63.813  -20.919 0.6000000238
11661  30.160  -64.232  -21.574 0.6000000238
11664  26.153  -64.270  -21.560 0.6000000238
11671  31.665  -64.460  -22.983 0.8000000119
11672  27.424  -64.230  -23.451 0.5000000000
11689  34.336  -63.626  -25.529 0.8000000119
11692  28.780  -64.221  -24.939 0.5000000000
11700  31.797  -64.402  -26.692 0.6000000238
11704  32.692  -65.068  -27.242 0.6999999881
12252  44.643  -64.524  -13.848 0.3000000119
12301  20.110  -63.154  -16.912 0.5000000000
12329  28.884  -63.559  -17.721 0.5000000000
12330  22.593  -63.544  -17.792 0.5000000000
12331  21.792  -63.706  -17.386 0.6000000238
12359  28.466  -63.613  -19.120 0.6000000238
12360  24.533  -63.066  -19.240 0.6000000238
12369  41.994  -63.516  -20.192 0.3000000119
12372  29.227  -63.887  -20.396 0.6000000238
12373  28.671  -63.945  -19.826 0.6000000238
12381  43.637  -63.237  -21.293 0.3000000119
12383  30.738  -63.123  -21.375 0.6000000238
12396  32.666  -63.320  -23.007 0.8000000119
12398  27.345  -63.489  -23.352 0.5000000000
12399  26.922  -63.318  -22.696 0.5000000000
12403  34.955  -62.827  -25.430 0.6000000238
12404  34.461  -63.363  -24.832 0.8000000119
12416  35.079  -62.657  -26.011 0.5000000000
12420  30.826  -63.805  -26.119 0.6000000238
13144  22.841  -62.763  -18.062 0.5000000000
13146  19.954  -62.195  -18.101 0.5000000000
13162  28.730  -62.840  -19.199 0.6000000238
13165  24.083  -62.543  -18.906 0.6000000238
13177  25.648  -62.158  -20.511 0.6000000238
13187  30.430  -62.507  -21.009 0.6000000238
13188  26.093  -62.282  -21.227 0.5000000000
13194  32.411  -62.677  -22.618 0.8000000119
13198  33.557  -62.693  -23.551 0.6000000238
13204  35.066  -62.345  -25.082 0.5000000000
13214  35.002  -62.475  -26.084 0.5000000000
13219  28.851  -62.893  -25.413 0.6000000238
13220  28.377  -62.669  -25.113 0.5000000000
13227  35.171  -62.223  -26.159 0.5000000000
13228  34.451  -63.057  -25.813 0.6999999881
13945  23.663  -62.109  -18.727 0.6000000238
13947  22.230  -62.083  -18.241 0.6000000238
13970  24.053  -61.789  -19.161 0.6000000238
13971  23.438  -61.576  -18.956 0.6000000238
13974  20.573  -61.633  -19.324 0.6000000238
13991  29.383  -61.725  -19.922 0.6000000238
13992  25.219  -61.576  -20.487 0.6000000238
13995  18.720  -61.340  -20.309 0.6000000238
14009  31.262  -61.892  -21.570 0.6000000238
14021  25.953  -61.759  -21.691 0.6000000238
14022  25.867  -61.402  -22.631 0.5000000000
14041  27.750  -61.093  -24.807 0.6000000238
14050  31.108  -61.995  -24.397 0.5000000000
14053  28.062  -61.665  -24.986 0.6000000238
14054  27.547  -61.374  -24.862 0.5000000000
14706  19.238  -60.562  -12.350 0.4000000060
14719  20.780  -60.376  -13.595 0.3000000119
14814  21.582  -61.207  -20.009 0.6000000238
14830  21.966  -60.918  -20.545 0.6000000238
14831  21.093  -61.015  -20.654 0.6000000238
14833  17.363  -60.391  -21.289 0.5000000000
14843  24.678  -60.846  -21.504 0.6000000238
14844  23.426  -60.605  -21.037 0.6000000238
14848  19.326  -60.798  -21.581 0.6000000238
14851  17.335  -60.138  -21.261 0.4000000060
14860  23.783  -60.089  -22.967 0.5000000000
14863  20.725  -60.435  -22.157 0.6000000238
14864  19.835  -60.513  -22.044 0.6000000238
14866  17.766  -59.789  -21.982 0.5000000000
14874  25.452  -60.624  -23.712 0.5000000000
14875  24.814  -60.239  -23.515 0.6000000238
14876  23.956  -59.486  -23.564 0.6000000238
14884  29.480  -60.797  -23.547 0.6000000238
14886  27.112  -60.741  -24.678 0.6000000238
14888  25.846  -60.260  -24.403 0.5000000000
15549  20.493  -59.766  -13.086 0.3000000119
15550  19.831  -60.159  -12.629 0.4000000060
15559  21.503  -60.345  -14.466 0.3000000119
15563  22.884  -59.609  -15.995 0.3000000119
15629  21.312  -59.185  -20.092 0.4000000060
15650  21.721  -59.764  -22.878 0.5000000000
15662  25.977  -59.613  -24.130 0.5000000000
15665  22.330  -59.380  -23.136 0.6000000238
15666  21.003  -59.619  -22.904 0.5000000000
15667  20.062  -59.586  -22.841 0.6000000238
15679  25.682  -59.801  -24.185 0.5000000000
15680  25.261  -59.582  -23.986 0.5000000000
16428  20.959  -59.048  -13.367 0.3000000119
16437  22.532  -59.235  -14.851 0.3000000119
16443  23.828  -58.509  -16.193 0.3000000119
16503  24.375  -58.656  -22.300 0.4000000060
16505  18.094  -58.960  -21.992 0.4000000060
16506  17.559  -59.580  -21.695 0.4000000060
16518  25.465  -59.073  -23.148 0.6000000238
16521  22.569  -58.473  -22.718 0.6000000238
16523  18.480  -58.681  -22.259 0.4000000060
16524  18.166  -58.960  -22.305 0.6000000238
16532  26.107  -59.279  -23.574 0.5000000000
16535  23.486  -59.252  -23.362 0.6000000238
16536  22.824  -59.098  -23.105 0.6000000238
16539  18.858  -58.593  -22.537 0.4000000060
17333  22.725  -57.608  -14.489 0.3000000119
17334  21.927  -58.445  -14.026 0.3000000119
17335  21.273  -58.336  -13.697 0.3000000119
17346  23.608  -57.832  -15.273 0.4000000060
17348  22.545  -58.454  -14.482 0.3000000119
17370  24.388  -57.487  -16.971 0.4000000060
17371  24.127  -58.082  -16.584 0.4000000060
17416  20.768  -57.823  -20.628 0.4000000060
17438  22.894  -58.247  -22.252 0.4000000060
17448  21.136  -58.439  -22.782 0.5000000000
17449  19.857  -58.165  -22.544 0.4000000060
18221  18.350  -57.044  -13.022 0.3000000119
18238  21.406  -56.926  -13.973 0.4000000060
18241  18.709  -56.607  -13.635 0.3000000119
18287  24.464  -57.574  -16.387 0.4000000060
18353  19.726  -56.745  -21.369 0.4000000060
18364  19.886  -56.571  -21.428 0.4000000060
19168  17.938  -56.505  -13.413 0.4000000060
19185  21.258  -56.167  -13.963 0.4000000060
19187  19.188  -56.157  -14.095 0.3000000119
19262  23.940  -55.955  -17.955 0.4000000060
19311  20.344  -55.401  -20.808 0.4000000060
19322  20.220  -55.969  -21.089 0.4000000060
19331  20.346  -56.167  -21.479 0.4000000060
20174  19.503  -55.507  -14.336 0.3000000119
21207  22.413  -54.087  -13.318 0.3000000119
21223  24.411  -54.126  -14.252 0.3000000119
21229  19.712  -54.800  -14.309 0.3000000119
21266  16.626  -54.411  -16.300 0.3000000119
21280  16.893  -54.037  -16.535 0.3000000119
22269  17.832  -53.332  -15.943 0.3000000119
22281  16.416  -53.531  -17.005 0.3000000119
23212  20.337  -52.713  -13.922 0.3000000119
23225  19.150  -52.824  -14.777 0.3000000119
23233  18.601  -52.215  -15.645 0.3000000119
23234  18.134  -52.515  -16.096 0.3000000119
24150  16.790  -51.737  -17.580 0.3000000119
25036  19.733  -51.020  -15.103 0.3000000119
132339  46.018  -65.188  -15.739 0.3000000119
134434  37.044  -76.198  -22.897 0.4000000060
134701  37.161  -72.214  -26.346 0.4000000060
135071  38.915  -67.976  -20.718 0.3000000119
136216  25.058  -58.847  -22.323 0.5000000000
136735  24.831  -63.551  -19.730 0.6000000238
137272  23.768  -58.785  -16.870 0.4000000060
137360  20.165  -56.054  -20.632 0.4000000060
137440  38.112  -68.052  -27.409 0.3000000119
138398  26.329  -62.006  -22.083 0.5000000000
138666  27.559  -62.918  -23.991 0.5000000000
139028  27.063  -64.828  -23.131 0.5000000000
139162  32.864  -73.513  -14.472 0.3000000119
139325  20.605  -65.975  -18.864 0.5000000000
139334  37.586  -73.065  -24.590 0.4000000060
139502  37.223  -75.117  -25.132 0.4000000060
139713  36.891  -65.192  -18.488 0.4000000060
139772  32.267  -72.221  -10.772 0.3000000119
140017  33.389  -65.176  -17.804 0.4000000060
140136  30.735  -69.565  -27.615 0.6999999881
140246  35.663  -71.488  -23.316 0.4000000060
140478  36.742  -77.196  -15.631 0.3000000119
140625  18.453  -58.644  -21.559 0.4000000060
141062  38.364  -73.897  -21.679 0.5000000000
141242  31.663  -68.182  -28.033 0.6999999881
141472  21.091  -65.517  -17.685 0.5000000000
141589  29.179  -62.586  -25.188 0.6000000238
141676  26.898  -59.527  -22.738 0.5000000000
142019  42.711  -65.322  -17.094 0.3000000119
142049  30.591  -64.982  -22.708 0.6999999881
142259  38.763  -74.758  -22.131 0.4000000060
142296  30.442  -67.833  -19.298 0.6000000238
142589  33.636  -64.558  -25.234 0.8000000119
142659  33.259  -67.867  -20.029 0.5000000000
142985  24.954  -74.626  -27.283 0.5000000000
143347  32.791  -73.076  -14.019 0.3000000119
143675  20.666  -65.916  -19.792 0.5000000000
143862  31.788  -62.298  -24.668 0.5000000000
144323  34.798  -78.134  -19.212 0.5000000000
144717  45.404  -65.420  -15.969 0.3000000119
144930  19.512  -61.895  -18.806 0.5000000000
145076  24.702  -74.703  -26.651 0.5000000000
146142  34.915  -73.036  -18.071 0.3000000119
146925  34.027  -64.127  -25.238 0.8000000119
147189  19.049  -59.591  -22.666 0.6000000238
147318  26.914  -68.376  -21.296 0.6999999881
147698  31.530  -70.808  -22.907 0.6999999881
147713  22.397  -59.837  -15.425 0.3000000119
147732  28.611  -73.829  -22.629 0.5000000000
147740  32.111  -72.629  -10.189 0.3000000119
147831  38.349  -68.846  -22.288 0.3000000119
147866  37.437  -76.530  -16.908 0.4000000060
148023  35.415  -74.822  -25.458 0.4000000060
148308  35.149  -73.833  -27.833 0.4000000060
148361  30.585  -71.300  -23.215 0.8000000119
148447  32.987  -72.589  -15.143 0.3000000119
148647  19.035  -63.466  -16.495 0.5000000000
148757  38.705  -74.123  -25.228 0.4000000060
148931  37.575  -75.760  -23.209 0.4000000060
149615  38.118  -75.199  -19.910 0.5000000000
149632  32.483  -62.249  -24.828 0.6000000238
149867  29.534  -74.270  -26.234 0.6000000238
149872  26.598  -71.494  -23.889 0.6999999881
150457  19.211  -59.143  -22.784 0.6000000238
150532  38.436  -73.632  -25.991 0.4000000060
151000  21.212  -60.241  -13.996 0.3000000119
151043  24.551  -55.782  -17.338 0.4000000060
152191  34.762  -63.076  -25.653 0.6000000238
152215  24.647  -56.633  -16.067 0.4000000060
152330  38.187  -76.425  -14.846 0.3000000119
152370  31.991  -69.177  -20.830 0.6999999881
152525  25.455  -62.633  -20.162 0.6000000238
152547  24.829  -61.087  -20.674 0.6000000238
152705  23.349  -57.396  -14.842 0.4000000060
152854  29.223  -62.758  -17.413 0.5000000000
152955  31.079  -64.591  -22.687 0.6999999881
153481  34.052  -76.558  -14.395 0.3000000119
153483  40.250  -74.320  -16.922 0.3000000119
153757  17.798  -55.284  -14.961 0.3000000119
154009  18.062  -60.849  -21.024 0.6000000238
154127  22.381  -65.165  -19.052 0.5000000000
154268  28.221  -63.322  -24.657 0.6000000238
154606  38.884  -73.992  -18.821 0.5000000000
154617  38.904  -71.897  -18.346 0.3000000119
154749  34.388  -74.513  -17.124 0.3000000119
154867  38.542  -73.936  -22.997 0.4000000060
155008  35.600  -71.013  -22.959 0.4000000060
155118  33.357  -75.788  -27.031 0.5000000000
155306  22.001  -60.322  -15.775 0.3000000119
155350  30.375  -63.617  -21.321 0.6000000238
155925  18.162  -59.392  -22.436 0.6000000238
155936  21.951  -59.089  -19.675 0.3000000119
155978  26.337  -69.934  -25.023 0.6000000238
156294  36.352  -66.986  -21.309 0.4000000060
156405  30.944  -75.750  -24.974 0.6000000238
156663  36.486  -76.233  -22.985 0.4000000060
156685  35.782  -67.109  -21.017 0.5000000000
156689  31.209  -67.124  -25.371 0.6000000238
157049  30.154  -63.392  -25.669 0.6000000238
157137  39.249  -75.341  -16.794 0.5000000000
157177  20.143  -55.778  -20.807 0.4000000060
157220  31.005  -72.615  -10.517 0.3000000119
157951  24.315  -60.036  -23.230 0.5000000000
158049  18.386  -58.790  -22.405 0.6000000238
158139  45.391  -65.095  -14.595 0.3000000119
158241  38.021  -76.255  -14.653 0.3000000119
158556  43.622  -65.308  -21.715 0.3000000119
158589  42.508  -65.983  -14.692 0.3000000119
159063  30.684  -67.278  -24.903 0.6000000238
159274  38.377  -74.813  -19.542 0.5000000000
159882  26.195  -65.198  -22.572 0.4000000060
159987  23.634  -57.940  -20.876 0.4000000060
160076  30.647  -62.443  -24.601 0.6999999881
160111  38.483  -67.197  -18.260 0.3000000119
160158  34.427  -75.689  -14.065 0.3000000119
160352  21.495  -55.106  -13.747 0.3000000119
160745  39.944  -68.018  -26.707 0.3000000119
160856  39.597  -66.030  -21.339 0.3000000119
161644  31.540  -63.611  -22.242 0.6999999881
