#!ascii label  , from subject sub-v2s1x29892_ses-1 vox2ras=TkReg
1843
161260  -48.338  -9.421  34.035 0.0000000000
52526  -41.040  -20.703  42.980 0.0000000000
59359  -53.156  -15.609  27.243 0.0000000000
62858  -42.200  -13.726  27.970 0.0000000000
146854  -50.677  -9.634  27.701 0.0000000000
58038  -48.611  -16.488  39.496 0.0000000000
50590  -40.624  -22.805  34.946 0.0000000000
58143  -38.643  -16.512  31.319 0.0000000000
56799  -34.740  -17.341  44.654 0.0000000000
78086  -53.811  -0.033  21.968 0.0000000000
141053  -36.484  -22.243  35.564 0.0000000000
135020  -44.870  -10.451  30.555 0.0000000000
65040  -45.784  -10.957  25.920 0.0000000000
70269  -47.678  -6.405  30.276 0.0000000000
62734  -49.630  -12.761  36.851 0.0000000000
58084  -43.653  -16.976  36.177 0.0000000000
62783  -43.951  -13.255  33.614 0.0000000000
62826  -39.959  -13.100  29.143 0.0000000000
79144  -53.499  0.505  17.605 0.0000000000
54687  -37.889  -19.478  44.357 0.0000000000
54754  -35.875  -18.827  39.873 0.0000000000
52586  -39.656  -20.810  39.666 0.0000000000
59317  -53.353  -16.575  30.555 0.0000000000
54725  -44.676  -18.866  40.947 0.0000000000
48534  -42.563  -24.390  39.159 0.0000000000
145247  -45.282  -20.932  36.676 0.0000000000
53743  -42.158  -20.427  30.837 0.0000000000
136425  -30.725  -15.711  45.945 0.0000000000
70282  -55.060  -6.736  29.289 0.0000000000
67098  -55.607  -9.705  27.557 0.0000000000
75868  -57.127  -2.414  22.534 0.0000000000
68144  -51.800  -8.430  24.398 0.0000000000
70400  -48.573  -6.818  21.619 0.0000000000
56861  -31.798  -17.214  40.141 0.0000000000
47495  -39.938  -26.657  37.238 0.0000000000
65995  -47.036  -10.121  32.273 0.0000000000
68067  -46.660  -8.638  30.378 0.0000000000
70244  -47.487  -7.109  32.870 0.0000000000
64905  -49.213  -10.940  35.364 0.0000000000
62750  -46.562  -13.119  35.425 0.0000000000
64936  -46.890  -11.284  33.379 0.0000000000
63907  -44.352  -11.704  32.167 0.0000000000
59397  -54.805  -15.696  25.481 0.0000000000
60541  -51.557  -14.891  24.764 0.0000000000
52506  -39.878  -20.448  43.883 0.0000000000
53601  -39.036  -20.225  41.482 0.0000000000
51567  -40.696  -21.350  41.370 0.0000000000
61748  -43.806  -13.944  26.181 0.0000000000
66078  -48.283  -10.385  26.496 0.0000000000
61711  -46.724  -14.516  28.055 0.0000000000
61714  -49.751  -13.642  27.178 0.0000000000
58168  -50.163  -17.108  29.795 0.0000000000
62828  -51.951  -13.101  28.799 0.0000000000
148270  -46.840  -18.043  40.563 0.0000000000
52588  -45.957  -20.966  39.503 0.0000000000
53659  -47.315  -19.446  38.063 0.0000000000
58114  -41.452  -16.810  33.818 0.0000000000
54813  -42.333  -18.903  34.360 0.0000000000
148389  -39.841  -18.623  31.872 0.0000000000
62841  -40.883  -13.063  28.318 0.0000000000
68081  -56.009  -9.117  28.840 0.0000000000
71504  -54.808  -5.643  22.997 0.0000000000
152939  -52.760  -4.298  21.910 0.0000000000
70385  -50.085  -7.193  22.849 0.0000000000
74792  -51.110  -3.312  21.016 0.0000000000
74828  -50.613  -3.190  17.284 0.0000000000
59122  -32.683  -16.053  45.493 0.0000000000
57949  -31.435  -16.545  43.138 0.0000000000
56821  -33.344  -17.229  42.340 0.0000000000
53679  -36.390  -20.124  36.762 0.0000000000
54790  -34.347  -19.242  37.228 0.0000000000
53688  -34.508  -20.634  35.683 0.0000000000
151834  -42.085  -23.626  37.409 0.0000000000
49592  -41.504  -25.764  38.211 0.0000000000
48577  -40.780  -25.493  36.356 0.0000000000
66047  -43.131  -10.653  28.270 0.0000000000
65023  -43.619  -11.809  26.952 0.0000000000
66049  -45.361  -9.773  28.264 0.0000000000
68090  -46.993  -8.187  28.183 0.0000000000
69138  -48.925  -7.318  28.098 0.0000000000
60370  -49.602  -14.830  38.610 0.0000000000
56911  -46.656  -17.275  38.091 0.0000000000
159915  -46.376  -14.807  36.871 0.0000000000
157933  -43.834  -14.787  34.733 0.0000000000
60433  -41.222  -14.851  32.602 0.0000000000
136069  -39.420  -14.209  30.509 0.0000000000
62801  -41.866  -13.084  31.890 0.0000000000
64977  -42.278  -11.471  30.515 0.0000000000
80042  -52.994  1.043  20.252 0.0000000000
81001  -55.972  2.875  19.713 0.0000000000
158469  -36.288  -18.476  44.544 0.0000000000
141854  -35.172  -18.197  42.132 0.0000000000
54721  -37.038  -19.245  41.599 0.0000000000
53645  -37.682  -19.957  39.364 0.0000000000
52608  -38.353  -20.922  37.158 0.0000000000
61709  -44.964  -14.644  28.323 0.0000000000
57028  -52.537  -17.610  28.084 0.0000000000
59350  -55.011  -16.605  29.541 0.0000000000
54710  -42.820  -19.435  41.919 0.0000000000
161125  -42.452  -22.032  40.607 0.0000000000
51579  -44.252  -22.082  40.553 0.0000000000
51604  -43.268  -22.271  38.233 0.0000000000
51634  -42.649  -21.390  35.669 0.0000000000
54810  -44.891  -19.405  35.612 0.0000000000
52654  -44.182  -20.588  33.225 0.0000000000
52671  -41.071  -21.325  32.572 0.0000000000
71322  -48.224  -5.896  35.573 0.0000000000
54689  -41.820  -18.544  43.560 0.0000000000
57980  -44.580  -16.354  41.884 0.0000000000
60325  -46.421  -15.114  40.744 0.0000000000
73533  -48.003  -4.365  33.193 0.0000000000
143991  -49.508  -4.694  31.067 0.0000000000
71395  -50.951  -5.712  29.291 0.0000000000
72493  -53.432  -4.851  30.370 0.0000000000
68092  -52.428  -8.165  28.680 0.0000000000
64992  -53.951  -11.126  30.393 0.0000000000
62831  -54.646  -12.715  29.502 0.0000000000
62865  -53.232  -12.650  27.983 0.0000000000
70371  -56.878  -6.195  24.168 0.0000000000
67122  -53.536  -9.313  25.838 0.0000000000
63990  -51.526  -11.857  26.043 0.0000000000
65054  -49.949  -11.493  24.967 0.0000000000
74811  -49.823  -2.938  19.078 0.0000000000
59136  -29.122  -16.138  44.127 0.0000000000
56876  -29.577  -17.608  38.720 0.0000000000
55811  -34.111  -18.065  39.864 0.0000000000
55837  -31.869  -18.067  38.154 0.0000000000
50538  -41.696  -22.894  39.870 0.0000000000
50566  -40.377  -23.356  37.747 0.0000000000
49601  -38.569  -23.996  36.308 0.0000000000
46502  -38.297  -27.918  36.683 0.0000000000
67012  -48.141  -9.317  33.453 0.0000000000
68054  -47.570  -8.475  32.449 0.0000000000
151324  -48.020  -8.025  33.724 0.0000000000
67000  -48.901  -9.648  34.910 0.0000000000
158110  -48.252  -11.127  34.412 0.0000000000
138590  -48.231  -10.068  33.757 0.0000000000
64957  -46.728  -10.809  32.723 0.0000000000
59373  -55.447  -16.068  26.901 0.0000000000
59383  -53.571  -15.715  25.928 0.0000000000
59396  -53.185  -15.559  25.125 0.0000000000
60520  -52.206  -15.250  26.175 0.0000000000
145678  -40.408  -20.743  43.929 0.0000000000
52543  -40.259  -21.026  42.743 0.0000000000
52544  -40.612  -21.108  42.753 0.0000000000
151567  -42.582  -13.755  26.830 0.0000000000
61706  -42.784  -13.988  27.899 0.0000000000
66065  -49.453  -9.814  26.996 0.0000000000
63974  -49.401  -11.992  26.701 0.0000000000
63955  -50.038  -12.304  27.127 0.0000000000
62843  -50.928  -13.060  27.799 0.0000000000
140758  -51.075  -11.548  27.922 0.0000000000
56870  -47.885  -17.329  39.914 0.0000000000
139482  -47.677  -18.749  39.695 0.0000000000
159395  -48.220  -17.853  38.915 0.0000000000
58121  -40.136  -16.620  32.701 0.0000000000
55889  -40.343  -17.804  33.210 0.0000000000
56962  -39.282  -17.344  32.078 0.0000000000
55929  -39.004  -18.554  29.868 0.0000000000
62842  -41.528  -13.367  28.110 0.0000000000
62874  -40.927  -13.430  27.340 0.0000000000
148828  -41.540  -13.616  27.377 0.0000000000
74779  -53.963  -3.051  21.828 0.0000000000
152760  -53.134  -3.038  21.738 0.0000000000
72624  -51.590  -4.324  21.669 0.0000000000
77001  -52.372  -1.682  20.935 0.0000000000
57907  -33.784  -16.521  45.223 0.0000000000
57951  -32.899  -16.662  43.555 0.0000000000
56812  -34.223  -17.356  43.397 0.0000000000
52619  -36.800  -20.677  36.295 0.0000000000
53678  -35.442  -20.043  36.465 0.0000000000
52632  -35.838  -21.187  35.634 0.0000000000
147679  -34.562  -22.063  35.580 0.0000000000
136916  -35.777  -22.427  35.506 0.0000000000
50584  -40.959  -23.243  35.602 0.0000000000
49603  -41.324  -25.140  36.761 0.0000000000
50583  -40.441  -23.689  35.203 0.0000000000
66030  -43.552  -10.457  29.310 0.0000000000
151173  -44.511  -10.174  28.163 0.0000000000
66032  -45.099  -9.912  29.016 0.0000000000
155957  -47.120  -7.541  30.200 0.0000000000
68076  -46.755  -8.001  29.009 0.0000000000
69114  -47.108  -7.460  29.405 0.0000000000
69137  -48.101  -7.378  28.260 0.0000000000
148006  -48.111  -6.472  29.477 0.0000000000
61589  -49.873  -13.728  37.963 0.0000000000
140891  -48.176  -14.917  37.988 0.0000000000
61586  -48.303  -13.730  37.131 0.0000000000
62770  -45.423  -13.002  34.470 0.0000000000
150487  -45.492  -13.891  35.407 0.0000000000
61638  -44.279  -13.654  34.175 0.0000000000
60427  -42.729  -14.980  33.854 0.0000000000
61645  -42.591  -13.913  33.040 0.0000000000
61649  -41.541  -13.726  32.133 0.0000000000
62795  -42.924  -13.216  32.714 0.0000000000
64980  -44.446  -10.908  31.113 0.0000000000
63913  -43.268  -11.527  31.407 0.0000000000
64990  -43.425  -10.704  30.199 0.0000000000
65000  -42.459  -10.963  29.243 0.0000000000
54686  -37.209  -19.105  44.557 0.0000000000
54706  -36.712  -18.929  43.199 0.0000000000
54707  -37.239  -19.227  42.908 0.0000000000
53619  -39.085  -20.319  40.729 0.0000000000
53636  -38.475  -20.148  40.286 0.0000000000
53646  -38.475  -20.254  39.435 0.0000000000
53668  -38.172  -20.440  37.808 0.0000000000
52599  -39.313  -21.125  38.214 0.0000000000
65025  -44.941  -11.282  26.252 0.0000000000
62877  -44.532  -12.839  27.087 0.0000000000
62878  -45.115  -13.283  27.304 0.0000000000
60487  -46.747  -15.470  29.128 0.0000000000
60486  -46.083  -15.278  28.976 0.0000000000
59358  -46.967  -16.106  28.434 0.0000000000
59315  -51.765  -16.763  30.079 0.0000000000
134745  -51.203  -17.478  29.383 0.0000000000
56993  -52.919  -17.420  29.967 0.0000000000
57011  -54.800  -17.434  29.075 0.0000000000
56978  -54.456  -17.083  30.435 0.0000000000
53602  -43.804  -19.862  41.379 0.0000000000
137415  -43.650  -21.113  40.882 0.0000000000
52564  -44.551  -21.081  41.045 0.0000000000
52601  -45.538  -21.060  37.949 0.0000000000
51596  -44.656  -21.876  39.115 0.0000000000
51616  -44.375  -21.375  37.739 0.0000000000
51626  -43.126  -21.507  36.911 0.0000000000
52636  -43.812  -21.161  35.463 0.0000000000
58074  -45.288  -17.054  37.402 0.0000000000
55871  -46.044  -18.652  37.176 0.0000000000
55869  -44.686  -18.294  36.725 0.0000000000
54835  -42.531  -19.624  32.208 0.0000000000
54837  -43.951  -19.855  33.100 0.0000000000
53713  -43.217  -20.353  32.276 0.0000000000
52652  -42.740  -21.033  33.140 0.0000000000
61665  -39.644  -13.670  30.213 0.0000000000
59187  -45.425  -15.547  41.433 0.0000000000
62675  -49.413  -12.703  39.867 0.0000000000
72446  -47.957  -5.134  34.424 0.0000000000
73535  -49.435  -3.700  32.392 0.0000000000
73561  -50.320  -4.129  31.479 0.0000000000
72490  -50.445  -4.924  30.347 0.0000000000
73563  -51.509  -4.227  31.109 0.0000000000
71384  -54.006  -5.437  29.841 0.0000000000
71397  -52.731  -6.100  29.218 0.0000000000
161843  -53.859  -7.221  29.169 0.0000000000
67063  -53.184  -9.377  29.295 0.0000000000
68079  -54.554  -8.811  29.406 0.0000000000
67080  -56.135  -9.411  28.027 0.0000000000
65004  -55.527  -10.800  29.662 0.0000000000
65011  -54.978  -11.084  28.740 0.0000000000
62847  -54.096  -12.615  28.842 0.0000000000
65018  -53.737  -11.216  27.571 0.0000000000
161440  -58.019  -4.314  22.512 0.0000000000
70367  -52.840  -7.297  23.890 0.0000000000
137740  -53.739  -7.802  24.691 0.0000000000
68145  -52.600  -8.402  24.690 0.0000000000
65045  -52.318  -10.733  26.192 0.0000000000
66087  -51.206  -10.653  25.467 0.0000000000
64001  -50.468  -11.884  25.407 0.0000000000
67129  -50.608  -9.671  24.718 0.0000000000
159378  -49.035  -7.547  22.609 0.0000000000
67147  -48.765  -8.649  23.326 0.0000000000
67145  -47.523  -8.973  22.846 0.0000000000
79131  -53.147  0.843  18.356 0.0000000000
78103  -51.658  -0.549  19.118 0.0000000000
78109  -51.693  -0.328  18.232 0.0000000000
57989  -31.269  -16.723  41.946 0.0000000000
57988  -30.536  -16.673  41.916 0.0000000000
58030  -30.724  -16.915  40.559 0.0000000000
56859  -29.756  -17.245  39.499 0.0000000000
56860  -30.544  -17.160  39.818 0.0000000000
55799  -35.469  -18.456  41.126 0.0000000000
56842  -34.444  -17.859  41.347 0.0000000000
55812  -34.751  -18.279  40.123 0.0000000000
55852  -33.222  -18.638  37.743 0.0000000000
52617  -31.818  -21.022  36.238 0.0000000000
48513  -42.821  -23.683  40.161 0.0000000000
50531  -42.246  -22.841  40.528 0.0000000000
49561  -42.065  -23.875  39.854 0.0000000000
48551  -40.660  -26.308  37.506 0.0000000000
49581  -40.972  -24.777  38.125 0.0000000000
49590  -40.017  -25.504  37.371 0.0000000000
49602  -39.295  -23.884  36.752 0.0000000000
147873  -39.080  -24.964  36.719 0.0000000000
47516  -37.037  -25.764  35.932 0.0000000000
66005  -46.201  -10.043  31.221 0.0000000000
66018  -46.014  -9.831  30.518 0.0000000000
67043  -47.118  -9.199  31.641 0.0000000000
69101  -47.313  -8.042  31.662 0.0000000000
70251  -47.324  -7.197  31.423 0.0000000000
63830  -49.366  -12.057  36.065 0.0000000000
62732  -48.457  -12.875  36.341 0.0000000000
63846  -48.480  -11.936  35.332 0.0000000000
63865  -46.637  -12.137  34.414 0.0000000000
63883  -45.683  -12.041  33.567 0.0000000000
63897  -43.964  -12.274  32.588 0.0000000000
63899  -45.391  -11.735  32.963 0.0000000000
64970  -45.511  -10.931  31.834 0.0000000000
60556  -51.122  -14.682  24.240 0.0000000000
53556  -38.656  -19.861  44.203 0.0000000000
53586  -38.435  -19.762  42.766 0.0000000000
53587  -39.165  -20.218  42.986 0.0000000000
152017  -39.513  -20.525  41.849 0.0000000000
52587  -40.251  -21.098  40.092 0.0000000000
65042  -47.058  -10.756  25.962 0.0000000000
150339  -46.330  -12.520  26.113 0.0000000000
63972  -47.767  -12.335  26.206 0.0000000000
61733  -48.248  -13.782  26.905 0.0000000000
60489  -48.646  -15.538  28.718 0.0000000000
58166  -48.922  -16.733  29.436 0.0000000000
60490  -49.790  -15.224  28.229 0.0000000000
60492  -51.217  -14.776  28.466 0.0000000000
60473  -52.447  -14.720  29.435 0.0000000000
55793  -45.398  -18.112  40.807 0.0000000000
53620  -45.508  -20.282  40.607 0.0000000000
54738  -46.830  -19.340  40.159 0.0000000000
53648  -47.096  -19.939  38.790 0.0000000000
53669  -46.453  -20.159  37.174 0.0000000000
58094  -42.861  -16.836  35.231 0.0000000000
55877  -43.082  -18.226  35.573 0.0000000000
55881  -42.007  -18.194  34.662 0.0000000000
54823  -41.397  -19.069  33.247 0.0000000000
54847  -41.468  -19.620  31.173 0.0000000000
53755  -41.057  -20.149  29.853 0.0000000000
141206  -39.821  -19.220  29.774 0.0000000000
62827  -40.484  -12.701  28.898 0.0000000000
62856  -40.204  -13.477  27.777 0.0000000000
71401  -55.675  -6.121  29.182 0.0000000000
147871  -55.793  -8.340  28.995 0.0000000000
70285  -55.966  -6.950  28.282 0.0000000000
153406  -56.312  -7.551  27.292 0.0000000000
68123  -56.296  -8.333  27.177 0.0000000000
75882  -56.250  -2.032  22.268 0.0000000000
73680  -56.737  -3.141  22.052 0.0000000000
73679  -55.040  -3.585  21.899 0.0000000000
72607  -53.698  -4.872  22.220 0.0000000000
70387  -51.913  -6.638  23.075 0.0000000000
69234  -50.739  -7.968  23.679 0.0000000000
71500  -51.578  -6.057  22.631 0.0000000000
71520  -50.279  -5.695  21.928 0.0000000000
159286  -49.733  -5.505  21.386 0.0000000000
77045  -53.091  -1.096  16.693 0.0000000000
77037  -51.589  -1.176  17.106 0.0000000000
75951  -52.441  -2.483  16.562 0.0000000000
59121  -32.004  -15.864  45.689 0.0000000000
59138  -30.999  -15.940  44.680 0.0000000000
57928  -32.315  -16.364  44.003 0.0000000000
57970  -32.083  -16.730  42.644 0.0000000000
56828  -32.449  -17.026  41.427 0.0000000000
54779  -36.171  -19.322  38.441 0.0000000000
54765  -35.054  -18.683  38.850 0.0000000000
54791  -35.144  -19.450  37.158 0.0000000000
54801  -34.615  -19.762  36.583 0.0000000000
53687  -33.650  -20.668  35.694 0.0000000000
52618  -32.448  -21.345  35.999 0.0000000000
143075  -33.771  -21.897  35.709 0.0000000000
49594  -42.434  -24.474  38.219 0.0000000000
48532  -42.256  -25.503  38.682 0.0000000000
49593  -41.984  -25.142  37.909 0.0000000000
48562  -41.066  -25.971  37.304 0.0000000000
47508  -40.343  -26.591  37.114 0.0000000000
65013  -42.494  -11.774  27.726 0.0000000000
63953  -43.104  -12.791  27.644 0.0000000000
65014  -43.247  -11.389  27.260 0.0000000000
66063  -44.374  -10.438  27.123 0.0000000000
67107  -45.636  -9.895  26.904 0.0000000000
67062  -46.106  -9.218  29.215 0.0000000000
67076  -46.028  -9.276  28.262 0.0000000000
67108  -46.413  -9.636  26.735 0.0000000000
67094  -47.620  -8.975  26.962 0.0000000000
68107  -48.962  -8.583  27.356 0.0000000000
68108  -49.816  -8.465  27.561 0.0000000000
58054  -48.822  -16.001  38.943 0.0000000000
56900  -48.295  -17.112  38.608 0.0000000000
59243  -48.664  -15.491  38.334 0.0000000000
59241  -47.034  -15.679  37.851 0.0000000000
59251  -45.413  -15.487  36.778 0.0000000000
61600  -46.668  -14.111  36.448 0.0000000000
60408  -45.431  -14.459  35.859 0.0000000000
59259  -44.311  -15.576  35.880 0.0000000000
59266  -42.522  -16.000  34.362 0.0000000000
154264  -41.678  -15.565  33.365 0.0000000000
60439  -40.056  -15.345  32.018 0.0000000000
60447  -39.220  -15.107  31.132 0.0000000000
60440  -40.637  -14.670  32.038 0.0000000000
61654  -40.552  -13.554  31.286 0.0000000000
62807  -40.825  -12.901  30.961 0.0000000000
63905  -42.845  -12.168  31.737 0.0000000000
63911  -41.958  -12.067  31.003 0.0000000000
63920  -40.901  -12.076  29.851 0.0000000000
64987  -41.356  -11.671  29.393 0.0000000000
65006  -41.838  -11.810  28.322 0.0000000000
80031  -53.379  0.995  21.172 0.0000000000
80043  -53.833  1.857  21.152 0.0000000000
80055  -54.413  2.026  19.667 0.0000000000
80065  -54.484  1.538  18.663 0.0000000000
79146  -55.135  0.666  17.368 0.0000000000
78125  -55.144  -0.522  16.660 0.0000000000
56800  -35.285  -17.901  44.091 0.0000000000
56813  -34.916  -17.812  43.355 0.0000000000
55770  -35.568  -18.300  43.268 0.0000000000
55790  -36.092  -18.648  42.084 0.0000000000
140428  -36.537  -19.036  41.067 0.0000000000
54722  -37.760  -19.594  41.361 0.0000000000
54735  -37.188  -19.421  40.808 0.0000000000
54768  -37.015  -19.557  39.401 0.0000000000
53654  -36.897  -19.697  38.109 0.0000000000
53667  -37.666  -20.430  37.226 0.0000000000
51622  -37.671  -21.461  36.134 0.0000000000
61707  -43.416  -14.105  27.992 0.0000000000
61729  -43.866  -14.441  27.580 0.0000000000
61710  -45.753  -14.651  28.481 0.0000000000
58189  -55.980  -17.006  27.769 0.0000000000
59360  -53.979  -15.888  28.096 0.0000000000
52527  -41.543  -20.318  42.365 0.0000000000
51559  -41.521  -21.348  41.697 0.0000000000
51561  -42.133  -20.857  40.642 0.0000000000
50527  -43.198  -22.399  40.826 0.0000000000
49562  -43.342  -23.724  39.936 0.0000000000
50542  -45.144  -21.755  40.007 0.0000000000
50550  -44.092  -22.523  39.646 0.0000000000
49583  -42.971  -23.905  38.789 0.0000000000
50567  -42.552  -23.255  37.848 0.0000000000
51613  -41.988  -22.515  36.719 0.0000000000
51632  -41.123  -22.280  35.318 0.0000000000
55861  -47.441  -18.078  38.317 0.0000000000
54804  -46.342  -19.399  36.888 0.0000000000
53691  -45.481  -20.135  35.460 0.0000000000
54809  -44.144  -19.184  35.392 0.0000000000
54827  -44.656  -19.870  34.012 0.0000000000
136954  -44.741  -20.914  35.050 0.0000000000
135674  -43.399  -21.118  34.616 0.0000000000
52641  -41.977  -21.312  34.067 0.0000000000
60459  -38.291  -15.159  30.150 0.0000000000
68015  -48.706  -8.476  35.408 0.0000000000
161068  -48.161  -7.553  34.613 0.0000000000
59086  -32.753  -15.730  46.855 0.0000000000
56780  -35.109  -17.289  45.396 0.0000000000
56781  -35.745  -17.758  45.376 0.0000000000
55763  -36.710  -18.718  44.748 0.0000000000
53545  -39.497  -19.960  45.139 0.0000000000
53558  -39.861  -20.087  44.410 0.0000000000
52507  -40.739  -20.376  43.832 0.0000000000
53561  -41.459  -19.190  43.309 0.0000000000
54698  -42.070  -18.888  42.942 0.0000000000
158717  -42.912  -18.964  42.112 0.0000000000
55791  -43.936  -18.538  41.412 0.0000000000
57979  -43.963  -16.841  42.307 0.0000000000
55792  -44.515  -17.929  41.154 0.0000000000
56845  -45.424  -16.755  40.939 0.0000000000
58019  -46.708  -16.411  40.537 0.0000000000
146134  -47.393  -15.240  40.237 0.0000000000
60328  -48.708  -14.719  39.959 0.0000000000
60342  -49.586  -14.697  39.416 0.0000000000
61549  -50.444  -13.386  38.643 0.0000000000
68016  -49.099  -8.920  35.948 0.0000000000
141510  -47.972  -7.225  34.189 0.0000000000
71353  -47.481  -5.854  33.318 0.0000000000
71360  -47.685  -5.562  32.253 0.0000000000
74653  -48.466  -3.250  33.465 0.0000000000
73546  -48.832  -4.159  32.201 0.0000000000
159935  -48.227  -5.373  30.927 0.0000000000
71379  -49.483  -5.507  29.766 0.0000000000
70294  -50.121  -6.809  28.386 0.0000000000
150185  -51.166  -7.679  28.208 0.0000000000
71382  -52.254  -5.402  29.584 0.0000000000
70279  -52.156  -6.579  28.790 0.0000000000
67077  -51.143  -9.095  28.015 0.0000000000
65001  -52.172  -11.131  28.933 0.0000000000
63930  -52.459  -11.799  29.264 0.0000000000
61666  -53.425  -13.892  30.300 0.0000000000
67052  -55.007  -10.338  30.117 0.0000000000
63915  -54.683  -12.409  30.676 0.0000000000
60450  -54.476  -14.498  30.816 0.0000000000
60475  -54.507  -14.839  29.822 0.0000000000
60494  -53.362  -14.813  28.331 0.0000000000
61716  -52.555  -13.786  27.446 0.0000000000
157214  -57.459  -6.379  25.369 0.0000000000
68138  -56.130  -8.068  26.110 0.0000000000
71484  -55.254  -6.056  23.569 0.0000000000
69212  -55.230  -7.548  25.069 0.0000000000
67112  -53.952  -9.660  26.402 0.0000000000
65032  -53.323  -10.859  26.999 0.0000000000
63976  -52.446  -11.933  26.917 0.0000000000
61736  -52.026  -13.963  26.861 0.0000000000
62901  -51.200  -13.397  26.115 0.0000000000
62916  -50.432  -13.551  25.298 0.0000000000
62930  -49.548  -13.542  24.310 0.0000000000
142288  -49.266  -9.634  24.101 0.0000000000
65063  -48.433  -11.162  24.204 0.0000000000
62928  -48.203  -12.691  23.602 0.0000000000
77012  -51.973  -1.237  20.283 0.0000000000
75914  -50.783  -2.265  20.021 0.0000000000
72634  -49.222  -4.929  20.207 0.0000000000
75941  -50.053  -2.667  17.784 0.0000000000
72642  -49.011  -4.940  19.440 0.0000000000
70428  -47.950  -6.556  20.362 0.0000000000
57948  -30.535  -16.375  43.332 0.0000000000
56822  -34.039  -17.483  42.597 0.0000000000
56841  -33.722  -17.643  41.089 0.0000000000
56862  -32.930  -17.629  40.003 0.0000000000
55840  -34.347  -18.563  38.631 0.0000000000
55825  -33.224  -18.063  38.978 0.0000000000
56890  -31.788  -17.685  38.901 0.0000000000
55836  -30.934  -18.092  37.770 0.0000000000
51569  -41.665  -21.647  41.390 0.0000000000
51588  -41.258  -22.035  40.144 0.0000000000
51593  -40.580  -21.963  38.978 0.0000000000
148357  -41.738  -25.167  38.611 0.0000000000
157575  -40.954  -22.736  38.775 0.0000000000
52600  -39.989  -21.523  38.534 0.0000000000
150966  -39.280  -22.071  37.116 0.0000000000
146066  -38.414  -22.513  36.199 0.0000000000
50582  -37.839  -22.752  35.810 0.0000000000
140015  -40.287  -26.268  36.431 0.0000000000
46519  -39.814  -27.026  36.851 0.0000000000
47507  -39.486  -26.957  37.161 0.0000000000
48574  -38.127  -24.694  36.167 0.0000000000
49613  -37.373  -23.987  35.703 0.0000000000
139573  -36.780  -23.457  35.541 0.0000000000
68045  -47.979  -8.607  33.232 0.0000000000
68037  -48.212  -8.689  34.040 0.0000000000
67013  -48.502  -9.178  34.540 0.0000000000
65971  -48.644  -9.900  34.365 0.0000000000
65984  -47.926  -9.873  33.053 0.0000000000
59372  -53.897  -15.830  26.729 0.0000000000
59384  -54.765  -15.844  26.242 0.0000000000
59371  -52.872  -15.584  26.439 0.0000000000
52525  -40.594  -20.865  43.317 0.0000000000
51551  -40.938  -21.049  42.471 0.0000000000
62875  -42.188  -13.861  27.816 0.0000000000
61705  -42.562  -13.931  27.965 0.0000000000
141893  -50.102  -9.768  27.406 0.0000000000
66066  -49.902  -10.591  27.118 0.0000000000
65016  -50.563  -11.110  27.513 0.0000000000
63956  -50.566  -11.874  27.485 0.0000000000
58037  -48.219  -16.639  39.855 0.0000000000
147035  -48.536  -17.727  39.681 0.0000000000
56871  -48.596  -17.321  39.682 0.0000000000
58132  -39.652  -16.634  32.288 0.0000000000
143263  -41.648  -13.644  27.962 0.0000000000
62896  -41.832  -13.341  26.582 0.0000000000
77003  -53.866  -0.757  21.838 0.0000000000
75901  -53.902  -1.484  21.721 0.0000000000
75900  -52.907  -1.990  21.373 0.0000000000
77002  -53.064  -1.282  21.318 0.0000000000
57931  -34.186  -16.861  44.789 0.0000000000
57930  -33.657  -16.642  44.563 0.0000000000
56798  -34.205  -17.067  44.186 0.0000000000
51630  -36.552  -21.552  35.684 0.0000000000
52633  -36.481  -20.988  35.874 0.0000000000
153727  -36.015  -21.848  35.535 0.0000000000
66016  -44.220  -10.421  29.952 0.0000000000
66031  -44.354  -10.224  29.147 0.0000000000
66017  -44.963  -10.119  29.792 0.0000000000
70258  -47.313  -7.011  30.630 0.0000000000
70268  -47.395  -6.925  29.840 0.0000000000
69122  -47.685  -7.024  29.009 0.0000000000
140270  -49.810  -13.227  37.551 0.0000000000
61587  -48.785  -13.752  37.398 0.0000000000
61603  -48.690  -13.247  36.867 0.0000000000
62784  -44.733  -12.969  33.887 0.0000000000
62769  -44.822  -13.429  34.447 0.0000000000
61637  -43.640  -13.982  33.909 0.0000000000
61646  -43.286  -13.604  33.311 0.0000000000
62796  -43.622  -12.920  32.957 0.0000000000
66004  -44.119  -10.660  30.583 0.0000000000
54696  -37.365  -19.244  43.663 0.0000000000
148536  -37.773  -19.437  43.034 0.0000000000
53637  -39.103  -20.434  39.966 0.0000000000
53647  -39.125  -20.574  39.321 0.0000000000
53657  -38.846  -20.564  38.641 0.0000000000
52594  -39.520  -20.957  38.938 0.0000000000
63987  -45.448  -11.636  25.956 0.0000000000
63969  -44.943  -11.974  26.323 0.0000000000
63970  -45.497  -12.437  26.329 0.0000000000
59344  -47.622  -15.947  29.415 0.0000000000
59343  -46.992  -15.716  29.133 0.0000000000
59316  -52.542  -16.389  30.234 0.0000000000
58154  -52.089  -17.069  30.260 0.0000000000
58155  -53.531  -17.058  30.533 0.0000000000
146174  -53.554  -17.231  30.340 0.0000000000
58156  -54.162  -16.658  30.694 0.0000000000
54724  -44.032  -19.219  41.219 0.0000000000
52563  -44.144  -20.413  41.075 0.0000000000
53603  -44.452  -19.712  41.066 0.0000000000
160271  -45.597  -20.893  37.260 0.0000000000
51617  -45.064  -21.147  37.492 0.0000000000
52611  -44.660  -21.167  37.090 0.0000000000
52622  -43.884  -21.228  36.310 0.0000000000
137264  -44.523  -21.073  35.747 0.0000000000
56909  -44.738  -17.299  37.122 0.0000000000
56922  -44.984  -17.811  37.211 0.0000000000
56920  -43.967  -17.900  36.473 0.0000000000
54848  -42.340  -19.929  31.254 0.0000000000
54849  -42.837  -20.150  31.812 0.0000000000
53728  -42.554  -20.426  31.290 0.0000000000
52687  -42.908  -20.613  31.736 0.0000000000
52686  -42.396  -20.730  31.121 0.0000000000
62815  -39.942  -13.014  29.858 0.0000000000
62840  -39.500  -13.522  28.661 0.0000000000
73562  -50.853  -4.278  31.132 0.0000000000
71400  -55.341  -6.029  29.402 0.0000000000
71385  -54.861  -5.396  29.766 0.0000000000
71399  -54.561  -6.011  29.474 0.0000000000
154702  -54.201  -6.671  29.291 0.0000000000
69124  -53.975  -7.979  29.189 0.0000000000
70281  -54.617  -7.393  29.247 0.0000000000
66070  -55.816  -10.107  28.239 0.0000000000
66053  -55.702  -10.516  28.934 0.0000000000
66052  -55.204  -10.552  28.308 0.0000000000
65019  -54.490  -10.860  27.931 0.0000000000
66069  -54.869  -10.166  27.575 0.0000000000
74768  -56.645  -2.157  22.538 0.0000000000
159871  -57.428  -2.561  22.600 0.0000000000
74769  -58.196  -3.152  22.486 0.0000000000
73665  -58.085  -3.097  22.336 0.0000000000
69236  -52.316  -7.835  24.131 0.0000000000
67131  -52.151  -9.015  24.930 0.0000000000
67130  -51.808  -9.564  25.155 0.0000000000
68143  -51.287  -9.154  24.675 0.0000000000
66098  -51.244  -9.918  25.130 0.0000000000
69271  -48.823  -7.216  22.128 0.0000000000
69254  -48.472  -7.777  22.482 0.0000000000
68176  -47.775  -8.183  22.286 0.0000000000
69269  -47.386  -7.823  21.576 0.0000000000
148866  -52.586  0.443  18.358 0.0000000000
160861  -52.555  -0.092  17.428 0.0000000000
59119  -30.380  -15.801  45.267 0.0000000000
58009  -31.716  -16.859  41.358 0.0000000000
58008  -30.989  -16.800  41.285 0.0000000000
56838  -31.442  -16.935  40.701 0.0000000000
155402  -31.167  -17.098  40.129 0.0000000000
55813  -35.369  -18.501  40.386 0.0000000000
55828  -35.219  -18.592  39.618 0.0000000000
52616  -31.219  -20.662  36.461 0.0000000000
48523  -42.647  -23.982  39.536 0.0000000000
48512  -42.286  -23.770  40.082 0.0000000000
48522  -42.308  -24.466  39.343 0.0000000000
48550  -40.107  -26.401  37.343 0.0000000000
48561  -39.643  -26.236  37.263 0.0000000000
67032  -46.746  -9.770  31.698 0.0000000000
155192  -47.209  -9.596  32.073 0.0000000000
68053  -47.317  -8.709  31.815 0.0000000000
69102  -47.447  -7.543  32.250 0.0000000000
64906  -49.510  -11.422  35.851 0.0000000000
63847  -49.082  -11.663  35.535 0.0000000000
64921  -47.755  -11.374  34.201 0.0000000000
63866  -47.383  -11.912  34.600 0.0000000000
63885  -47.092  -11.592  34.004 0.0000000000
62786  -45.920  -12.364  34.172 0.0000000000
63884  -46.384  -11.821  33.781 0.0000000000
63900  -46.133  -11.462  33.166 0.0000000000
65994  -46.283  -10.467  31.942 0.0000000000
59385  -56.281  -15.965  26.226 0.0000000000
60531  -52.048  -15.219  25.411 0.0000000000
60540  -51.006  -14.571  24.818 0.0000000000
53573  -39.263  -20.199  43.695 0.0000000000
52523  -39.786  -20.632  43.256 0.0000000000
52561  -40.123  -20.960  41.847 0.0000000000
52578  -40.239  -21.008  40.923 0.0000000000
62876  -43.245  -13.678  26.243 0.0000000000
145980  -47.754  -10.762  26.164 0.0000000000
65026  -47.612  -11.461  26.009 0.0000000000
157963  -48.223  -11.785  26.315 0.0000000000
62883  -49.432  -12.909  26.783 0.0000000000
62882  -48.678  -13.179  26.649 0.0000000000
61734  -49.040  -13.680  26.923 0.0000000000
60507  -48.124  -14.981  28.282 0.0000000000
60508  -49.106  -14.800  27.783 0.0000000000
60509  -49.879  -14.374  27.565 0.0000000000
62844  -51.441  -13.325  28.282 0.0000000000
61693  -51.067  -13.895  28.077 0.0000000000
61694  -51.661  -13.958  28.557 0.0000000000
60472  -51.852  -14.721  28.989 0.0000000000
61678  -52.195  -13.916  29.118 0.0000000000
149824  -46.170  -17.846  40.690 0.0000000000
54737  -46.317  -19.231  40.595 0.0000000000
55817  -46.822  -18.701  40.430 0.0000000000
54769  -47.734  -19.028  38.807 0.0000000000
53640  -47.608  -19.487  39.117 0.0000000000
53658  -47.122  -19.942  38.188 0.0000000000
52613  -46.650  -20.338  37.854 0.0000000000
53670  -47.034  -19.805  37.526 0.0000000000
58106  -42.063  -16.659  34.360 0.0000000000
56938  -42.348  -17.361  34.883 0.0000000000
56937  -41.698  -17.499  34.377 0.0000000000
55898  -39.998  -18.285  32.646 0.0000000000
55899  -40.643  -18.699  32.960 0.0000000000
54833  -40.493  -19.078  32.140 0.0000000000
54834  -41.378  -19.398  32.259 0.0000000000
54846  -40.545  -19.316  31.083 0.0000000000
55917  -39.772  -18.937  30.895 0.0000000000
145103  -40.219  -13.298  28.388 0.0000000000
62857  -40.933  -13.456  28.022 0.0000000000
72507  -55.970  -5.007  29.034 0.0000000000
70284  -55.876  -6.915  28.847 0.0000000000
71428  -57.023  -5.597  26.801 0.0000000000
70297  -56.269  -6.952  27.578 0.0000000000
69152  -56.661  -7.037  26.908 0.0000000000
68094  -56.228  -8.197  27.448 0.0000000000
69163  -56.797  -6.973  26.239 0.0000000000
78068  -55.343  -0.827  22.571 0.0000000000
76985  -55.638  -1.222  22.403 0.0000000000
76960  -56.074  -1.559  22.479 0.0000000000
150443  -56.104  -2.826  21.946 0.0000000000
149700  -55.209  -2.648  21.912 0.0000000000
135173  -53.373  -4.271  21.983 0.0000000000
73678  -54.126  -4.085  22.006 0.0000000000
71523  -52.951  -5.446  22.429 0.0000000000
71502  -53.048  -5.970  22.896 0.0000000000
71501  -52.372  -6.005  22.787 0.0000000000
71522  -52.095  -5.383  22.237 0.0000000000
73694  -51.712  -3.667  21.437 0.0000000000
72623  -50.878  -4.669  21.558 0.0000000000
72622  -50.215  -5.075  21.491 0.0000000000
150216  -50.184  -4.417  21.084 0.0000000000
150128  -53.620  -1.886  16.476 0.0000000000
148545  -52.741  -1.761  16.589 0.0000000000
153064  -31.661  -15.940  45.015 0.0000000000
59140  -32.354  -16.127  44.847 0.0000000000
57971  -32.779  -16.848  42.833 0.0000000000
57991  -32.645  -16.957  42.123 0.0000000000
53666  -36.343  -19.670  37.575 0.0000000000
54792  -35.648  -19.337  37.785 0.0000000000
53665  -35.807  -19.699  37.130 0.0000000000
53689  -35.279  -20.582  35.774 0.0000000000
138559  -34.796  -20.209  36.065 0.0000000000
53677  -34.126  -20.115  36.076 0.0000000000
157403  -33.540  -21.313  35.684 0.0000000000
52630  -34.177  -21.286  35.614 0.0000000000
153820  -35.139  -22.497  35.529 0.0000000000
49604  -41.708  -24.556  37.090 0.0000000000
47497  -40.628  -26.299  37.452 0.0000000000
47519  -40.798  -26.239  36.953 0.0000000000
66061  -42.932  -11.042  27.722 0.0000000000
134805  -44.972  -10.314  26.846 0.0000000000
66064  -45.086  -10.032  27.499 0.0000000000
67050  -46.255  -9.247  30.074 0.0000000000
68089  -46.447  -8.630  28.649 0.0000000000
68104  -46.631  -8.774  27.779 0.0000000000
67092  -46.213  -9.340  27.349 0.0000000000
67093  -46.895  -9.078  27.116 0.0000000000
67109  -47.171  -9.539  26.651 0.0000000000
68105  -47.318  -8.530  27.508 0.0000000000
69149  -48.493  -7.869  27.681 0.0000000000
69150  -49.325  -7.896  27.682 0.0000000000
59220  -49.482  -15.569  38.668 0.0000000000
58055  -48.924  -15.902  38.553 0.0000000000
59231  -49.288  -15.290  38.454 0.0000000000
60382  -47.546  -14.837  37.617 0.0000000000
60381  -46.870  -15.050  37.390 0.0000000000
154274  -45.773  -15.759  37.173 0.0000000000
59252  -45.924  -15.283  36.952 0.0000000000
62751  -47.341  -12.823  35.640 0.0000000000
62731  -47.721  -13.138  36.213 0.0000000000
61614  -46.971  -13.471  36.034 0.0000000000
61612  -44.919  -14.188  35.271 0.0000000000
60407  -44.666  -14.818  35.572 0.0000000000
60394  -45.031  -15.147  36.221 0.0000000000
60406  -44.023  -15.101  35.227 0.0000000000
59258  -43.661  -15.758  35.365 0.0000000000
146707  -43.506  -15.309  34.765 0.0000000000
60435  -42.313  -14.607  33.351 0.0000000000
60426  -42.132  -15.261  33.599 0.0000000000
60434  -41.747  -15.016  33.081 0.0000000000
59287  -41.240  -15.517  32.960 0.0000000000
61648  -40.919  -13.938  31.834 0.0000000000
62800  -41.189  -13.297  31.603 0.0000000000
62808  -41.530  -12.685  31.297 0.0000000000
63906  -43.626  -11.942  31.972 0.0000000000
64978  -42.965  -11.195  30.753 0.0000000000
63912  -42.615  -11.749  31.159 0.0000000000
63921  -41.589  -11.769  30.217 0.0000000000
64988  -41.994  -11.303  29.722 0.0000000000
147225  -42.949  -10.649  28.913 0.0000000000
65007  -42.464  -11.101  28.365 0.0000000000
80988  -55.208  3.008  20.912 0.0000000000
81000  -55.327  2.606  19.972 0.0000000000
81014  -55.159  2.105  19.148 0.0000000000
80079  -55.677  1.403  17.954 0.0000000000
79147  -56.077  0.693  17.357 0.0000000000
79160  -55.535  0.036  16.889 0.0000000000
78126  -55.871  -0.646  16.633 0.0000000000
55762  -35.815  -18.118  44.679 0.0000000000
137504  -35.929  -18.417  44.011 0.0000000000
54720  -36.737  -19.039  42.367 0.0000000000
55779  -36.148  -18.636  42.798 0.0000000000
54734  -36.481  -18.922  41.704 0.0000000000
55800  -36.013  -18.694  41.410 0.0000000000
53600  -38.411  -19.818  41.854 0.0000000000
155797  -37.944  -19.997  39.954 0.0000000000
54736  -37.835  -19.838  40.592 0.0000000000
54756  -37.366  -19.669  40.056 0.0000000000
54780  -36.767  -19.494  38.785 0.0000000000
53655  -37.344  -19.832  38.691 0.0000000000
52607  -37.590  -20.897  36.548 0.0000000000
52620  -38.221  -21.410  36.516 0.0000000000
62860  -43.409  -13.607  28.048 0.0000000000
63954  -43.747  -12.750  27.388 0.0000000000
62862  -44.523  -13.935  27.998 0.0000000000
61708  -44.090  -14.328  28.108 0.0000000000
62880  -46.981  -13.033  26.428 0.0000000000
62879  -45.951  -13.201  26.788 0.0000000000
61731  -46.334  -13.884  27.401 0.0000000000
59357  -46.223  -15.766  27.950 0.0000000000
58167  -49.457  -17.051  29.673 0.0000000000
155518  -49.993  -17.190  29.684 0.0000000000
57010  -52.174  -17.552  29.264 0.0000000000
57029  -53.962  -17.581  28.132 0.0000000000
156440  -55.291  -17.072  29.317 0.0000000000
57013  -55.834  -17.116  28.250 0.0000000000
58179  -55.629  -17.049  28.705 0.0000000000
58188  -55.300  -16.561  27.978 0.0000000000
138863  -54.842  -16.447  28.788 0.0000000000
53588  -42.304  -19.916  41.949 0.0000000000
52546  -41.921  -20.564  41.544 0.0000000000
52547  -42.613  -20.456  41.307 0.0000000000
155791  -44.181  -21.559  40.754 0.0000000000
51571  -43.675  -21.893  40.695 0.0000000000
50528  -43.706  -22.743  40.755 0.0000000000
49543  -43.666  -23.194  40.731 0.0000000000
49563  -43.794  -23.341  40.371 0.0000000000
52580  -45.832  -20.921  40.142 0.0000000000
51589  -45.478  -21.408  39.802 0.0000000000
51605  -43.973  -21.874  38.517 0.0000000000
51595  -43.896  -22.367  39.156 0.0000000000
50549  -43.736  -22.874  39.148 0.0000000000
50559  -43.396  -22.800  38.847 0.0000000000
50558  -42.875  -23.468  38.443 0.0000000000
51603  -42.831  -22.523  37.906 0.0000000000
51625  -42.543  -21.758  36.525 0.0000000000
135710  -42.007  -21.927  36.156 0.0000000000
51633  -41.766  -21.776  35.521 0.0000000000
56913  -47.837  -17.252  38.448 0.0000000000
55862  -48.078  -17.684  38.624 0.0000000000
56912  -47.192  -17.450  38.262 0.0000000000
55870  -45.354  -18.499  36.968 0.0000000000
54803  -45.760  -19.204  36.548 0.0000000000
53692  -45.969  -19.779  36.115 0.0000000000
54811  -45.530  -19.609  35.799 0.0000000000
55882  -42.645  -18.426  35.043 0.0000000000
54808  -43.389  -18.867  35.199 0.0000000000
54814  -43.143  -19.166  34.494 0.0000000000
53702  -44.182  -20.161  33.213 0.0000000000
54826  -44.379  -19.817  33.531 0.0000000000
52655  -44.491  -20.268  33.738 0.0000000000
53695  -44.832  -20.198  34.384 0.0000000000
135673  -44.246  -20.797  33.952 0.0000000000
154704  -44.243  -20.969  34.652 0.0000000000
153501  -43.736  -20.944  33.711 0.0000000000
52651  -41.728  -21.238  33.167 0.0000000000
52640  -41.160  -21.684  34.130 0.0000000000
51650  -40.715  -21.753  33.489 0.0000000000
60460  -38.951  -14.749  30.482 0.0000000000
59104  -32.052  -15.702  46.548 0.0000000000
161085  -38.947  -19.912  44.910 0.0000000000
55781  -43.278  -18.343  42.105 0.0000000000
56823  -43.456  -17.519  42.548 0.0000000000
59172  -44.303  -16.008  42.524 0.0000000000
57999  -44.461  -17.114  41.557 0.0000000000
56833  -45.037  -17.295  40.992 0.0000000000
58000  -44.948  -16.595  41.276 0.0000000000
60304  -45.904  -14.873  41.275 0.0000000000
59188  -45.897  -15.629  40.915 0.0000000000
59197  -46.486  -15.806  40.610 0.0000000000
59198  -47.078  -15.888  40.367 0.0000000000
157032  -46.848  -15.346  40.442 0.0000000000
60327  -47.700  -14.438  40.164 0.0000000000
61512  -48.455  -13.896  40.169 0.0000000000
60341  -49.431  -15.083  39.702 0.0000000000
61530  -49.347  -14.229  39.885 0.0000000000
62685  -49.757  -13.196  39.113 0.0000000000
62686  -49.975  -12.463  39.403 0.0000000000
62701  -50.397  -12.954  38.322 0.0000000000
66982  -49.021  -9.304  35.452 0.0000000000
70215  -48.194  -6.681  35.256 0.0000000000
70223  -48.160  -7.229  34.826 0.0000000000
70222  -48.001  -6.578  34.529 0.0000000000
150205  -47.796  -5.086  33.636 0.0000000000
71345  -47.841  -5.848  34.122 0.0000000000
72460  -47.837  -4.969  32.843 0.0000000000
73547  -49.633  -4.084  31.848 0.0000000000
72469  -48.972  -4.509  31.550 0.0000000000
72468  -48.189  -5.064  31.487 0.0000000000
72476  -48.811  -4.978  30.947 0.0000000000
71378  -48.710  -5.449  30.285 0.0000000000
72489  -49.621  -5.023  30.437 0.0000000000
71381  -51.011  -5.124  29.927 0.0000000000
71394  -50.066  -5.806  29.293 0.0000000000
70277  -50.528  -6.242  28.733 0.0000000000
138148  -50.449  -7.506  28.079 0.0000000000
70295  -50.905  -6.928  28.369 0.0000000000
72481  -53.963  -4.426  30.811 0.0000000000
151928  -52.163  -4.217  31.104 0.0000000000
72492  -52.536  -4.935  30.181 0.0000000000
70280  -52.795  -6.823  28.981 0.0000000000
69141  -52.476  -7.416  28.709 0.0000000000
69140  -51.856  -7.907  28.424 0.0000000000
68091  -51.974  -8.747  28.486 0.0000000000
67078  -51.809  -9.624  28.443 0.0000000000
67079  -52.468  -9.407  28.890 0.0000000000
66035  -53.550  -9.978  29.717 0.0000000000
65002  -52.777  -11.049  29.504 0.0000000000
140482  -53.132  -11.532  29.940 0.0000000000
63922  -52.888  -12.444  29.776 0.0000000000
63923  -53.546  -12.032  30.309 0.0000000000
68080  -55.507  -9.006  29.244 0.0000000000
67066  -55.781  -9.731  29.234 0.0000000000
63932  -55.150  -11.408  29.784 0.0000000000
64994  -55.001  -11.243  30.184 0.0000000000
63916  -54.965  -12.328  30.582 0.0000000000
62810  -54.647  -13.111  30.833 0.0000000000
61668  -55.053  -14.118  30.512 0.0000000000
60463  -54.989  -14.780  30.463 0.0000000000
61667  -54.668  -14.018  29.888 0.0000000000
62846  -53.630  -13.026  28.467 0.0000000000
61680  -53.572  -13.976  28.613 0.0000000000
62845  -53.053  -13.566  28.058 0.0000000000
60493  -52.867  -14.478  27.869 0.0000000000
62864  -52.778  -13.015  27.610 0.0000000000
70372  -57.808  -5.860  24.303 0.0000000000
71468  -58.082  -5.448  24.398 0.0000000000
151551  -57.223  -6.474  24.734 0.0000000000
69187  -56.562  -7.457  25.847 0.0000000000
157253  -56.075  -7.322  25.136 0.0000000000
72592  -55.222  -4.986  22.481 0.0000000000
71505  -55.706  -5.454  23.002 0.0000000000
153745  -53.967  -8.222  25.135 0.0000000000
69211  -54.478  -7.795  25.005 0.0000000000
68135  -53.759  -8.709  25.492 0.0000000000
68136  -54.558  -8.403  25.637 0.0000000000
66081  -53.630  -10.244  26.672 0.0000000000
66090  -53.264  -9.862  26.181 0.0000000000
65030  -52.075  -11.491  26.402 0.0000000000
63975  -51.862  -12.314  26.542 0.0000000000
62885  -52.270  -12.900  27.086 0.0000000000
62884  -51.672  -13.214  26.518 0.0000000000
61735  -51.511  -14.126  26.173 0.0000000000
143068  -51.320  -12.649  26.160 0.0000000000
62899  -50.380  -12.739  25.420 0.0000000000
64000  -49.882  -12.355  25.010 0.0000000000
62915  -49.924  -13.197  24.886 0.0000000000
65053  -49.281  -11.994  24.672 0.0000000000
69256  -50.161  -7.852  23.333 0.0000000000
68154  -50.259  -8.461  23.806 0.0000000000
68153  -49.738  -9.047  23.935 0.0000000000
66106  -48.076  -10.060  23.725 0.0000000000
66107  -48.744  -10.320  24.165 0.0000000000
159860  -48.083  -10.716  23.909 0.0000000000
146508  -48.204  -11.945  23.993 0.0000000000
79116  -52.739  0.221  20.443 0.0000000000
78095  -52.395  -0.610  20.338 0.0000000000
77017  -51.084  -1.173  18.992 0.0000000000
77011  -51.296  -1.552  19.803 0.0000000000
74804  -50.099  -2.841  19.823 0.0000000000
73706  -49.834  -3.881  20.298 0.0000000000
148149  -49.719  -3.465  19.690 0.0000000000
75949  -50.984  -2.448  17.037 0.0000000000
149704  -50.821  -1.962  17.323 0.0000000000
74827  -50.026  -3.551  17.770 0.0000000000
72649  -48.978  -5.023  18.639 0.0000000000
71546  -48.291  -5.927  19.792 0.0000000000
59154  -31.143  -16.245  43.885 0.0000000000
59153  -30.450  -16.045  44.141 0.0000000000
57987  -29.630  -16.581  41.819 0.0000000000
57968  -30.152  -16.504  42.594 0.0000000000
58006  -29.353  -16.753  40.842 0.0000000000
56858  -29.031  -17.467  39.282 0.0000000000
155627  -29.037  -17.804  38.777 0.0000000000
162259  -29.265  -17.884  38.493 0.0000000000
55769  -35.084  -18.055  42.686 0.0000000000
159268  -34.591  -17.720  42.823 0.0000000000
56831  -34.628  -17.862  42.137 0.0000000000
55797  -34.282  -17.925  40.598 0.0000000000
56863  -33.578  -17.755  40.328 0.0000000000
56840  -32.927  -17.410  40.785 0.0000000000
54778  -34.885  -18.948  37.992 0.0000000000
54777  -34.022  -18.748  37.865 0.0000000000
55851  -32.420  -18.553  37.571 0.0000000000
55838  -32.814  -18.268  38.301 0.0000000000
56891  -32.488  -17.870  38.876 0.0000000000
56889  -31.071  -17.695  38.543 0.0000000000
51628  -33.105  -21.657  35.833 0.0000000000
51620  -32.670  -21.980  36.262 0.0000000000
50521  -42.270  -21.727  40.806 0.0000000000
50525  -42.077  -22.174  40.496 0.0000000000
50530  -41.811  -22.402  40.480 0.0000000000
51587  -40.715  -21.692  39.752 0.0000000000
51594  -41.145  -22.441  39.420 0.0000000000
48541  -41.814  -25.585  38.253 0.0000000000
50557  -41.020  -23.615  38.390 0.0000000000
51602  -40.382  -22.414  38.207 0.0000000000
51612  -39.913  -22.461  37.553 0.0000000000
51601  -39.697  -21.755  37.817 0.0000000000
50571  -38.515  -23.205  36.197 0.0000000000
50572  -39.009  -22.738  36.562 0.0000000000
49614  -37.983  -23.614  35.860 0.0000000000
47518  -39.645  -26.662  36.063 0.0000000000
46518  -39.138  -27.389  36.573 0.0000000000
144620  -38.751  -27.921  36.889 0.0000000000
46503  -39.081  -27.408  36.857 0.0000000000
47506  -38.816  -27.231  37.039 0.0000000000
48560  -38.850  -26.040  36.826 0.0000000000
48559  -37.931  -25.931  36.401 0.0000000000
48573  -37.246  -24.848  35.779 0.0000000000
49612  -36.610  -24.155  35.577 0.0000000000
67022  -47.509  -9.711  32.536 0.0000000000
67033  -47.464  -9.164  32.217 0.0000000000
67023  -47.839  -9.211  32.794 0.0000000000
69094  -47.710  -7.890  33.041 0.0000000000
65955  -48.955  -10.422  34.830 0.0000000000
64923  -48.744  -11.219  34.880 0.0000000000
65954  -48.516  -10.590  34.348 0.0000000000
64922  -48.075  -10.818  33.896 0.0000000000
64937  -47.518  -11.084  33.628 0.0000000000
65970  -47.795  -10.509  33.341 0.0000000000
65983  -47.426  -10.312  32.816 0.0000000000
58202  -56.244  -16.654  26.921 0.0000000000
59374  -56.550  -16.244  26.686 0.0000000000
59413  -54.151  -15.467  24.717 0.0000000000
59382  -52.685  -15.524  25.800 0.0000000000
52524  -40.338  -20.935  43.443 0.0000000000
51557  -40.684  -21.302  42.169 0.0000000000
61728  -43.215  -14.092  27.361 0.0000000000
66079  -49.095  -10.431  26.712 0.0000000000
63973  -48.771  -11.578  26.508 0.0000000000
65029  -49.352  -11.180  26.700 0.0000000000
61715  -50.450  -13.795  27.540 0.0000000000
143078  -50.579  -12.504  27.485 0.0000000000
63940  -51.040  -12.260  27.876 0.0000000000
63941  -51.524  -11.951  28.322 0.0000000000
56848  -47.265  -17.479  40.377 0.0000000000
160755  -47.067  -18.787  39.814 0.0000000000
55802  -47.504  -18.141  39.953 0.0000000000
55818  -47.967  -18.182  39.463 0.0000000000
54781  -47.567  -19.094  38.415 0.0000000000
58113  -40.971  -16.661  33.348 0.0000000000
56944  -40.854  -17.334  33.549 0.0000000000
56953  -40.467  -16.981  33.082 0.0000000000
56952  -39.858  -17.362  32.675 0.0000000000
55907  -39.211  -18.137  31.678 0.0000000000
55916  -39.008  -18.353  30.817 0.0000000000
56970  -38.411  -17.762  30.585 0.0000000000
75880  -54.824  -1.614  22.002 0.0000000000
141421  -54.646  -2.296  21.891 0.0000000000
75879  -53.681  -2.343  21.689 0.0000000000
73677  -53.093  -3.685  21.856 0.0000000000
150875  -52.184  -4.645  21.920 0.0000000000
74794  -52.446  -3.344  21.627 0.0000000000
74793  -51.883  -2.994  21.242 0.0000000000
75899  -52.112  -2.326  21.079 0.0000000000
57906  -33.123  -16.295  45.031 0.0000000000
57929  -32.998  -16.432  44.304 0.0000000000
57952  -33.596  -16.805  43.838 0.0000000000
57972  -33.499  -17.045  43.073 0.0000000000
53690  -36.057  -20.527  36.005 0.0000000000
52631  -34.968  -21.240  35.562 0.0000000000
51629  -35.390  -21.875  35.510 0.0000000000
50579  -35.390  -23.129  35.530 0.0000000000
50574  -41.708  -23.389  36.690 0.0000000000
50573  -41.320  -23.859  36.329 0.0000000000
49616  -40.901  -24.348  35.892 0.0000000000
49615  -40.361  -24.583  35.458 0.0000000000
161554  -43.319  -10.488  28.756 0.0000000000
66048  -43.731  -10.391  28.525 0.0000000000
161016  -47.029  -8.141  30.511 0.0000000000
68075  -46.458  -8.604  29.538 0.0000000000
68068  -46.791  -8.027  29.852 0.0000000000
69121  -47.342  -7.592  28.563 0.0000000000
69136  -47.686  -7.909  27.821 0.0000000000
70292  -48.502  -6.811  28.687 0.0000000000
60386  -49.775  -14.229  38.235 0.0000000000
60384  -48.885  -14.500  38.039 0.0000000000
60383  -48.228  -14.283  37.550 0.0000000000
60397  -47.752  -14.042  37.135 0.0000000000
62771  -46.219  -12.763  34.769 0.0000000000
61627  -45.814  -13.353  35.163 0.0000000000
61626  -45.180  -13.645  34.904 0.0000000000
61625  -44.572  -13.953  34.717 0.0000000000
61624  -43.979  -14.266  34.480 0.0000000000
60428  -43.387  -14.736  34.228 0.0000000000
61636  -42.980  -14.301  33.636 0.0000000000
61644  -41.821  -14.258  32.720 0.0000000000
62794  -42.200  -13.481  32.473 0.0000000000
62802  -42.562  -12.844  32.126 0.0000000000
64969  -44.764  -11.185  31.713 0.0000000000
64968  -44.019  -11.373  31.577 0.0000000000
64979  -43.698  -11.040  30.962 0.0000000000
64989  -42.674  -11.024  30.022 0.0000000000
66015  -42.979  -10.682  29.557 0.0000000000
54695  -36.632  -18.781  44.019 0.0000000000
55771  -36.191  -18.610  43.455 0.0000000000
53618  -38.429  -19.989  41.050 0.0000000000
137468  -38.085  -20.223  38.581 0.0000000000
52598  -38.724  -20.772  37.907 0.0000000000
52609  -39.051  -21.317  37.496 0.0000000000
63968  -44.304  -11.928  26.609 0.0000000000
60506  -47.086  -15.047  28.825 0.0000000000
60505  -46.223  -15.071  28.844 0.0000000000
59342  -46.343  -15.491  28.933 0.0000000000
58169  -51.133  -17.077  29.998 0.0000000000
56991  -50.695  -17.175  29.794 0.0000000000
56992  -51.787  -17.223  30.039 0.0000000000
140911  -53.412  -17.579  29.074 0.0000000000
56994  -54.111  -17.399  29.861 0.0000000000
56995  -54.993  -17.199  29.661 0.0000000000
58170  -54.909  -16.871  30.006 0.0000000000
53589  -43.081  -19.907  41.598 0.0000000000
52562  -43.417  -20.503  41.266 0.0000000000
51580  -44.860  -21.681  40.763 0.0000000000
52596  -46.072  -20.919  39.014 0.0000000000
51607  -45.452  -21.319  38.804 0.0000000000
51606  -44.860  -21.419  38.281 0.0000000000
156647  -43.739  -21.685  37.857 0.0000000000
51615  -43.183  -21.861  37.593 0.0000000000
52610  -43.928  -21.349  37.146 0.0000000000
52621  -43.164  -21.340  36.211 0.0000000000
56910  -46.059  -17.170  37.708 0.0000000000
55859  -46.326  -17.975  37.689 0.0000000000
55858  -45.661  -17.886  37.425 0.0000000000
55879  -44.343  -18.760  36.157 0.0000000000
54824  -42.314  -19.300  33.440 0.0000000000
54825  -43.180  -19.448  33.604 0.0000000000
54836  -43.325  -19.846  32.584 0.0000000000
52673  -43.731  -20.308  32.817 0.0000000000
52653  -43.647  -20.818  33.024 0.0000000000
52672  -43.339  -20.675  32.401 0.0000000000
135858  -42.719  -20.918  32.372 0.0000000000
55772  -42.383  -18.305  43.289 0.0000000000
55765  -42.625  -17.739  43.652 0.0000000000
59173  -44.953  -15.598  42.065 0.0000000000
136204  -45.032  -16.032  41.532 0.0000000000
60303  -45.451  -15.082  41.839 0.0000000000
61513  -48.921  -13.332  40.071 0.0000000000
72435  -48.345  -5.164  35.897 0.0000000000
71334  -48.042  -5.893  34.858 0.0000000000
72434  -48.101  -5.140  35.200 0.0000000000
73515  -48.032  -4.409  34.701 0.0000000000
73526  -47.982  -4.414  33.929 0.0000000000
73536  -50.330  -3.657  32.034 0.0000000000
72470  -49.749  -4.366  31.364 0.0000000000
72477  -50.245  -4.580  30.927 0.0000000000
72478  -51.114  -4.648  30.593 0.0000000000
72482  -54.688  -4.557  30.728 0.0000000000
72494  -54.372  -4.915  30.285 0.0000000000
71383  -53.099  -5.443  29.733 0.0000000000
71398  -53.652  -6.042  29.430 0.0000000000
150520  -53.395  -6.692  29.176 0.0000000000
69123  -53.067  -8.074  28.983 0.0000000000
68077  -52.767  -8.744  28.951 0.0000000000
68078  -53.577  -8.744  29.227 0.0000000000
67064  -54.033  -9.409  29.616 0.0000000000
67051  -54.388  -10.084  30.046 0.0000000000
67067  -56.050  -9.636  28.718 0.0000000000
66037  -55.761  -10.164  29.123 0.0000000000
66054  -55.997  -9.982  28.659 0.0000000000
160795  -55.444  -10.928  29.208 0.0000000000
63943  -54.501  -11.906  28.949 0.0000000000
63942  -53.815  -12.250  28.365 0.0000000000
63958  -53.458  -11.909  27.808 0.0000000000
73649  -57.965  -3.550  23.100 0.0000000000
72580  -58.200  -4.562  23.290 0.0000000000
71486  -57.476  -5.571  23.623 0.0000000000
70389  -53.594  -6.252  23.275 0.0000000000
70368  -53.952  -6.787  23.868 0.0000000000
69237  -53.513  -7.347  24.148 0.0000000000
68146  -53.348  -8.342  24.933 0.0000000000
68134  -52.953  -8.959  25.318 0.0000000000
153917  -52.961  -9.536  25.741 0.0000000000
67121  -52.406  -9.541  25.454 0.0000000000
66088  -51.912  -10.210  25.606 0.0000000000
65044  -51.714  -11.069  25.882 0.0000000000
149861  -50.965  -12.254  25.751 0.0000000000
65055  -50.581  -11.083  25.273 0.0000000000
66096  -50.044  -10.704  24.858 0.0000000000
141514  -49.534  -7.707  22.947 0.0000000000
68167  -49.493  -8.421  23.425 0.0000000000
69255  -48.923  -8.087  22.972 0.0000000000
67146  -48.214  -9.216  23.432 0.0000000000
66116  -47.462  -9.831  23.237 0.0000000000
80053  -52.823  1.018  19.580 0.0000000000
79115  -52.191  -0.160  19.670 0.0000000000
79129  -52.115  0.169  18.853 0.0000000000
78102  -51.301  -0.787  18.455 0.0000000000
75931  -50.574  -1.646  18.525 0.0000000000
72660  -49.807  -4.896  17.452 0.0000000000
72650  -49.497  -4.680  18.137 0.0000000000
59137  -29.792  -15.950  44.615 0.0000000000
140375  -31.520  -16.680  42.468 0.0000000000
57969  -30.907  -16.601  42.579 0.0000000000
58007  -30.209  -16.766  41.136 0.0000000000
58029  -29.952  -16.934  40.293 0.0000000000
56877  -30.395  -17.445  39.014 0.0000000000
55788  -35.037  -18.168  41.571 0.0000000000
55798  -34.908  -18.190  40.864 0.0000000000
54789  -33.540  -19.061  37.172 0.0000000000
145455  -32.858  -18.902  37.154 0.0000000000
55850  -31.589  -18.543  37.338 0.0000000000
53664  -30.702  -20.277  36.787 0.0000000000
52606  -31.323  -21.291  36.720 0.0000000000
51610  -31.639  -21.887  37.126 0.0000000000
49540  -42.576  -23.163  40.501 0.0000000000
49552  -42.555  -23.512  40.429 0.0000000000
50539  -42.141  -23.313  40.287 0.0000000000
50548  -41.877  -23.707  39.623 0.0000000000
48552  -41.268  -25.949  37.908 0.0000000000
49591  -40.932  -25.827  37.879 0.0000000000
137024  -40.208  -24.377  37.502 0.0000000000
50565  -39.684  -23.086  37.140 0.0000000000
47505  -37.728  -27.003  36.512 0.0000000000
141051  -45.625  -10.297  30.861 0.0000000000
156048  -45.492  -10.105  30.290 0.0000000000
67042  -46.557  -9.314  30.974 0.0000000000
68060  -47.082  -8.566  31.120 0.0000000000
69108  -47.207  -7.761  30.925 0.0000000000
70259  -47.484  -6.417  31.065 0.0000000000
135405  -49.568  -12.355  36.440 0.0000000000
62733  -49.183  -12.686  36.477 0.0000000000
62753  -48.827  -12.284  35.924 0.0000000000
62752  -48.110  -12.533  35.798 0.0000000000
63845  -47.711  -12.197  35.230 0.0000000000
63867  -48.077  -11.642  34.761 0.0000000000
62772  -46.959  -12.475  35.040 0.0000000000
62785  -45.343  -12.537  33.899 0.0000000000
62797  -44.314  -12.605  33.219 0.0000000000
63882  -45.015  -12.314  33.390 0.0000000000
63898  -44.680  -12.012  32.777 0.0000000000
64955  -45.078  -11.443  32.336 0.0000000000
64956  -45.848  -11.153  32.494 0.0000000000
153945  -45.776  -10.492  31.409 0.0000000000
54697  -38.144  -19.604  43.573 0.0000000000
53572  -38.727  -19.940  43.448 0.0000000000
148753  -39.063  -20.160  42.228 0.0000000000
52542  -39.665  -20.597  42.492 0.0000000000
52560  -39.629  -20.621  41.212 0.0000000000
52577  -39.714  -20.642  40.418 0.0000000000
65041  -46.441  -11.056  25.854 0.0000000000
63988  -46.180  -11.722  25.828 0.0000000000
63971  -46.983  -12.105  25.965 0.0000000000
61732  -47.357  -13.821  27.011 0.0000000000
149825  -48.623  -12.403  26.499 0.0000000000
62881  -47.952  -13.112  26.530 0.0000000000
61712  -47.716  -14.439  27.635 0.0000000000
60488  -47.590  -15.609  29.252 0.0000000000
59345  -48.209  -16.113  29.503 0.0000000000
58165  -48.310  -16.333  29.529 0.0000000000
59346  -49.160  -16.051  29.215 0.0000000000
59347  -50.143  -15.863  28.984 0.0000000000
60491  -50.578  -14.589  27.903 0.0000000000
161733  -50.586  -15.198  28.410 0.0000000000
59330  -50.531  -16.591  29.540 0.0000000000
59331  -51.302  -16.322  29.625 0.0000000000
59332  -52.038  -15.670  29.549 0.0000000000
149018  -52.672  -15.412  29.874 0.0000000000
54726  -45.586  -19.012  40.760 0.0000000000
53604  -45.143  -19.648  40.870 0.0000000000
53605  -45.806  -19.658  40.721 0.0000000000
53621  -46.198  -19.944  40.244 0.0000000000
53638  -46.355  -20.327  39.656 0.0000000000
54757  -47.392  -19.355  39.639 0.0000000000
53639  -46.976  -19.881  39.321 0.0000000000
52589  -46.504  -20.429  39.115 0.0000000000
52602  -46.110  -20.822  38.303 0.0000000000
52612  -46.086  -20.664  37.525 0.0000000000
52625  -45.918  -20.531  36.729 0.0000000000
142818  -43.171  -17.132  35.713 0.0000000000
56931  -43.326  -17.729  35.945 0.0000000000
56930  -42.847  -17.625  35.458 0.0000000000
55891  -41.553  -18.468  34.100 0.0000000000
56945  -41.218  -17.628  33.972 0.0000000000
54862  -41.905  -20.061  30.697 0.0000000000
53742  -41.625  -20.392  30.351 0.0000000000
54861  -41.343  -19.896  30.367 0.0000000000
54860  -40.749  -19.637  29.823 0.0000000000
54873  -40.320  -19.768  29.055 0.0000000000
63919  -40.356  -12.482  29.529 0.0000000000
137352  -39.426  -13.346  27.186 0.0000000000
157825  -40.598  -13.447  27.600 0.0000000000
62873  -40.191  -13.254  27.086 0.0000000000
71386  -55.462  -5.476  29.651 0.0000000000
69126  -55.429  -7.522  29.134 0.0000000000
70283  -55.609  -6.800  29.098 0.0000000000
69127  -55.855  -7.606  28.873 0.0000000000
148080  -56.006  -8.363  28.537 0.0000000000
71412  -56.303  -6.095  28.054 0.0000000000
69142  -56.037  -7.774  27.963 0.0000000000
155681  -56.136  -8.543  28.015 0.0000000000
68109  -56.210  -8.801  27.703 0.0000000000
67115  -56.268  -8.710  27.288 0.0000000000
75867  -56.516  -2.030  22.489 0.0000000000
73681  -57.580  -3.047  22.110 0.0000000000
72609  -55.822  -3.995  22.017 0.0000000000
72608  -54.679  -4.513  22.108 0.0000000000
150780  -54.393  -3.438  21.896 0.0000000000
72591  -54.335  -5.222  22.562 0.0000000000
70388  -52.745  -6.619  23.293 0.0000000000
70366  -52.119  -7.205  23.623 0.0000000000
68155  -51.012  -8.484  24.082 0.0000000000
69258  -51.499  -7.134  23.313 0.0000000000
69257  -50.832  -7.359  23.203 0.0000000000
147337  -50.563  -6.762  22.776 0.0000000000
72606  -51.467  -4.970  21.905 0.0000000000
70403  -50.782  -6.193  22.463 0.0000000000
70402  -49.979  -6.507  22.282 0.0000000000
71519  -49.482  -5.988  21.682 0.0000000000
70416  -48.873  -6.270  21.298 0.0000000000
78123  -53.409  -0.469  16.834 0.0000000000
78117  -52.709  -0.490  16.988 0.0000000000
78122  -52.298  -1.064  16.826 0.0000000000
77044  -51.951  -1.736  16.729 0.0000000000
74836  -51.369  -3.234  16.850 0.0000000000
59120  -31.198  -15.794  45.480 0.0000000000
59139  -31.703  -16.152  44.350 0.0000000000
57950  -31.747  -16.402  43.729 0.0000000000
154285  -32.192  -16.618  43.316 0.0000000000
57990  -31.945  -16.801  41.994 0.0000000000
56839  -32.159  -17.083  40.769 0.0000000000
54766  -35.703  -18.907  39.087 0.0000000000
160662  -35.496  -19.015  38.438 0.0000000000
54800  -33.818  -19.577  36.595 0.0000000000
52629  -32.983  -21.034  35.764 0.0000000000
49582  -42.610  -24.796  38.775 0.0000000000
48533  -42.334  -25.110  38.912 0.0000000000
48542  -42.193  -25.494  38.592 0.0000000000
48553  -41.745  -25.662  38.161 0.0000000000
48563  -41.607  -25.692  37.603 0.0000000000
47496  -40.288  -26.491  37.285 0.0000000000
63952  -42.511  -12.867  27.916 0.0000000000
149853  -42.998  -12.016  27.455 0.0000000000
66062  -43.614  -10.647  27.581 0.0000000000
66074  -43.888  -11.028  26.856 0.0000000000
65024  -44.266  -11.351  26.590 0.0000000000
143126  -44.579  -10.790  26.586 0.0000000000
66075  -45.293  -10.530  26.396 0.0000000000
67049  -45.709  -9.739  29.706 0.0000000000
67061  -45.673  -9.559  28.927 0.0000000000
67091  -45.667  -9.636  27.636 0.0000000000
143159  -46.010  -10.223  26.310 0.0000000000
66086  -46.392  -10.593  25.991 0.0000000000
66076  -46.749  -10.114  26.304 0.0000000000
66077  -47.497  -10.168  26.346 0.0000000000
67110  -47.947  -9.601  26.646 0.0000000000
68106  -48.069  -8.465  27.370 0.0000000000
67095  -48.395  -9.062  26.968 0.0000000000
67111  -48.717  -9.739  26.761 0.0000000000
151010  -49.044  -9.263  27.067 0.0000000000
67096  -49.631  -9.151  27.308 0.0000000000
67097  -50.337  -9.051  27.602 0.0000000000
59206  -48.854  -15.624  39.452 0.0000000000
56885  -48.586  -16.969  39.265 0.0000000000
137650  -48.616  -16.676  38.734 0.0000000000
58065  -48.321  -16.429  38.458 0.0000000000
58077  -47.299  -16.590  38.232 0.0000000000
59242  -47.788  -15.637  38.148 0.0000000000
58076  -46.517  -16.443  37.892 0.0000000000
58075  -45.898  -16.369  37.470 0.0000000000
58086  -45.267  -16.159  37.170 0.0000000000
144176  -44.722  -16.629  36.990 0.0000000000
61602  -48.062  -13.453  36.716 0.0000000000
61601  -47.384  -13.773  36.594 0.0000000000
61613  -46.149  -13.846  35.798 0.0000000000
60409  -46.055  -14.411  36.305 0.0000000000
60395  -45.710  -14.920  36.486 0.0000000000
59250  -44.797  -15.860  36.621 0.0000000000
58096  -43.797  -16.193  35.898 0.0000000000
58095  -43.351  -16.467  35.550 0.0000000000
144985  -43.047  -16.017  34.918 0.0000000000
59267  -42.963  -15.420  34.344 0.0000000000
59279  -42.487  -15.518  33.996 0.0000000000
59277  -41.335  -16.097  33.375 0.0000000000
58122  -40.718  -16.179  32.906 0.0000000000
59286  -40.106  -16.008  32.424 0.0000000000
59292  -39.547  -15.953  31.944 0.0000000000
59302  -38.995  -15.854  31.383 0.0000000000
60438  -39.502  -15.372  31.634 0.0000000000
60448  -39.875  -14.718  31.494 0.0000000000
61652  -39.489  -14.548  30.920 0.0000000000
153334  -41.225  -14.282  32.275 0.0000000000
152991  -40.368  -14.145  31.560 0.0000000000
61653  -39.929  -13.985  30.956 0.0000000000
62806  -40.183  -13.209  30.597 0.0000000000
62816  -40.487  -12.565  30.224 0.0000000000
62803  -43.273  -12.574  32.331 0.0000000000
63904  -42.189  -12.487  31.604 0.0000000000
63910  -41.153  -12.276  30.618 0.0000000000
63928  -40.865  -12.146  29.170 0.0000000000
63938  -40.919  -12.400  28.698 0.0000000000
64999  -41.828  -11.350  28.900 0.0000000000
63939  -41.355  -12.570  28.387 0.0000000000
63951  -41.922  -12.731  28.137 0.0000000000
79104  -53.290  0.220  21.312 0.0000000000
80044  -54.197  2.249  20.637 0.0000000000
80054  -53.451  1.524  19.866 0.0000000000
80064  -53.694  1.363  18.916 0.0000000000
80077  -53.939  1.064  18.091 0.0000000000
81015  -55.956  2.221  18.801 0.0000000000
80066  -55.161  1.653  18.465 0.0000000000
80078  -54.737  1.196  17.935 0.0000000000
79145  -54.273  0.603  17.449 0.0000000000
154199  -54.022  -0.423  16.742 0.0000000000
78124  -54.534  -0.787  16.599 0.0000000000
77047  -54.427  -1.572  16.458 0.0000000000
77048  -55.292  -1.312  16.482 0.0000000000
75953  -54.329  -2.355  16.378 0.0000000000
137957  -34.671  -17.518  43.938 0.0000000000
55778  -35.588  -18.388  42.460 0.0000000000
55789  -35.550  -18.428  41.799 0.0000000000
55814  -35.984  -18.747  40.675 0.0000000000
54708  -37.636  -19.423  42.268 0.0000000000
54755  -36.600  -19.207  40.177 0.0000000000
54767  -36.342  -19.212  39.308 0.0000000000
142514  -37.015  -20.053  37.373 0.0000000000
136497  -37.537  -20.119  37.953 0.0000000000
53680  -37.124  -20.402  36.794 0.0000000000
52634  -37.085  -21.221  35.993 0.0000000000
51631  -37.265  -21.973  35.771 0.0000000000
50589  -40.127  -23.221  34.559 0.0000000000
62859  -42.894  -13.826  27.998 0.0000000000
62861  -43.876  -13.741  27.974 0.0000000000
61749  -44.477  -14.301  26.171 0.0000000000
61730  -45.304  -14.002  27.952 0.0000000000
61692  -45.706  -15.101  28.659 0.0000000000
60504  -45.272  -15.012  28.344 0.0000000000
162063  -50.982  -17.616  28.825 0.0000000000
144154  -55.434  -17.356  28.176 0.0000000000
57030  -56.085  -17.104  27.612 0.0000000000
59361  -55.971  -16.462  27.240 0.0000000000
137110  -54.447  -16.033  27.466 0.0000000000
142572  -41.464  -20.963  42.167 0.0000000000
52545  -41.801  -20.913  41.237 0.0000000000
50526  -42.171  -21.689  40.287 0.0000000000
155263  -42.905  -20.854  40.811 0.0000000000
51570  -42.905  -21.415  40.519 0.0000000000
49541  -42.559  -22.523  40.475 0.0000000000
49553  -42.966  -23.487  40.740 0.0000000000
48524  -43.052  -23.946  40.154 0.0000000000
48535  -43.004  -23.837  39.504 0.0000000000
52579  -45.232  -20.983  40.645 0.0000000000
50533  -44.786  -21.957  40.368 0.0000000000
149941  -45.223  -21.705  39.406 0.0000000000
50551  -44.707  -22.041  39.688 0.0000000000
50540  -44.107  -22.594  40.013 0.0000000000
49575  -43.706  -23.338  39.881 0.0000000000
49574  -43.068  -23.948  39.388 0.0000000000
51614  -42.560  -22.337  37.293 0.0000000000
50585  -41.482  -22.642  36.072 0.0000000000
157523  -48.432  -17.388  38.881 0.0000000000
55845  -47.790  -18.406  38.577 0.0000000000
54794  -47.445  -18.897  38.107 0.0000000000
136852  -46.865  -18.028  38.019 0.0000000000
55872  -46.689  -18.714  37.409 0.0000000000
54805  -46.889  -19.315  37.338 0.0000000000
53683  -46.640  -19.743  37.051 0.0000000000
53681  -45.814  -20.306  36.058 0.0000000000
52624  -45.275  -20.777  35.707 0.0000000000
55878  -43.635  -18.470  35.865 0.0000000000
147081  -43.882  -19.550  33.713 0.0000000000
54815  -44.143  -19.478  34.367 0.0000000000
54816  -44.845  -19.726  34.712 0.0000000000
53696  -45.132  -20.099  34.894 0.0000000000
52637  -45.127  -20.523  34.880 0.0000000000
52642  -42.946  -21.110  33.910 0.0000000000
52635  -42.285  -21.317  34.836 0.0000000000
51638  -41.461  -21.645  34.821 0.0000000000
51637  -40.913  -22.111  34.718 0.0000000000
51636  -40.428  -22.340  34.248 0.0000000000
68026  -48.389  -8.492  34.762 0.0000000000
69081  -48.292  -7.823  35.011 0.0000000000
159825  -48.283  -7.340  35.304 0.0000000000
144215  -48.324  -6.472  35.845 0.0000000000
138232  -31.341  -15.680  46.231 0.0000000000
59105  -32.690  -15.903  46.126 0.0000000000
59123  -33.280  -16.152  45.696 0.0000000000
57908  -34.457  -16.834  45.337 0.0000000000
157540  -34.802  -16.770  46.122 0.0000000000
55754  -36.361  -18.327  45.249 0.0000000000
134783  -37.685  -19.336  45.169 0.0000000000
53557  -39.341  -20.092  44.381 0.0000000000
158891  -40.152  -20.391  44.117 0.0000000000
53560  -41.005  -19.521  43.859 0.0000000000
53574  -41.171  -20.008  43.183 0.0000000000
53575  -41.737  -19.530  42.603 0.0000000000
54709  -42.468  -19.266  42.407 0.0000000000
55780  -42.669  -18.628  42.623 0.0000000000
54723  -43.407  -19.183  41.671 0.0000000000
56832  -43.910  -17.710  41.813 0.0000000000
56846  -45.744  -17.279  40.752 0.0000000000
58001  -45.420  -16.153  41.094 0.0000000000
58018  -46.023  -16.461  40.726 0.0000000000
56847  -46.600  -17.189  40.587 0.0000000000
58020  -47.364  -16.679  40.296 0.0000000000
148965  -47.796  -15.933  40.147 0.0000000000
60326  -47.009  -14.760  40.517 0.0000000000
59199  -48.162  -15.253  40.067 0.0000000000
59205  -48.646  -15.933  39.911 0.0000000000
60356  -49.764  -14.465  38.888 0.0000000000
146265  -49.553  -13.514  39.769 0.0000000000
61548  -49.631  -13.983  39.230 0.0000000000
60357  -50.219  -14.226  38.497 0.0000000000
61567  -50.412  -13.680  38.332 0.0000000000
62714  -50.243  -12.894  37.727 0.0000000000
160030  -49.913  -12.686  37.211 0.0000000000
64866  -50.210  -11.412  38.096 0.0000000000
64876  -50.187  -11.579  37.509 0.0000000000
62735  -49.833  -12.286  36.775 0.0000000000
63831  -49.715  -11.860  36.320 0.0000000000
64890  -49.783  -11.167  36.331 0.0000000000
65936  -49.186  -10.121  35.409 0.0000000000
157595  -48.732  -8.999  35.016 0.0000000000
69080  -48.170  -7.907  34.360 0.0000000000
162482  -48.016  -7.653  34.010 0.0000000000
69087  -47.771  -7.458  33.578 0.0000000000
70235  -47.527  -6.750  33.473 0.0000000000
139628  -47.428  -6.360  32.789 0.0000000000
70252  -47.441  -6.538  32.003 0.0000000000
71368  -47.763  -5.757  31.385 0.0000000000
74639  -48.050  -3.756  34.115 0.0000000000
73527  -48.147  -3.866  33.483 0.0000000000
154073  -49.153  -3.343  32.878 0.0000000000
73534  -48.561  -3.811  32.841 0.0000000000
73545  -48.238  -4.365  32.604 0.0000000000
151810  -48.218  -4.699  32.112 0.0000000000
71369  -47.977  -5.873  30.642 0.0000000000
71392  -48.295  -5.999  29.950 0.0000000000
156758  -48.542  -6.120  29.511 0.0000000000
141778  -48.928  -6.275  29.099 0.0000000000
156986  -49.420  -5.908  29.304 0.0000000000
70293  -49.333  -6.759  28.470 0.0000000000
153234  -50.637  -8.282  27.848 0.0000000000
72479  -51.965  -4.552  30.638 0.0000000000
156950  -51.558  -5.372  29.559 0.0000000000
71396  -51.842  -5.915  29.156 0.0000000000
70278  -51.359  -6.351  28.691 0.0000000000
70296  -51.672  -7.110  28.451 0.0000000000
156212  -51.364  -8.342  28.179 0.0000000000
66050  -51.193  -9.993  28.030 0.0000000000
65009  -51.613  -11.268  28.385 0.0000000000
144012  -51.942  -11.684  28.742 0.0000000000
66033  -52.486  -10.512  29.135 0.0000000000
142132  -52.364  -12.549  29.186 0.0000000000
62829  -52.536  -13.187  29.363 0.0000000000
61679  -52.751  -13.934  29.648 0.0000000000
60462  -53.509  -14.832  30.441 0.0000000000
69125  -55.042  -8.187  29.243 0.0000000000
67065  -55.064  -9.653  29.727 0.0000000000
66020  -54.625  -10.664  30.388 0.0000000000
66036  -55.473  -10.274  29.734 0.0000000000
64993  -54.768  -11.167  30.618 0.0000000000
64982  -54.395  -11.817  30.674 0.0000000000
63914  -53.842  -12.575  30.693 0.0000000000
60449  -53.927  -14.584  30.861 0.0000000000
59303  -53.926  -15.395  30.837 0.0000000000
58144  -54.380  -15.961  30.730 0.0000000000
59334  -54.966  -16.200  30.350 0.0000000000
59333  -54.579  -15.684  29.708 0.0000000000
61681  -54.204  -14.093  29.275 0.0000000000
60474  -53.832  -15.040  29.000 0.0000000000
59349  -53.985  -15.644  28.775 0.0000000000
60511  -53.217  -15.276  27.853 0.0000000000
60510  -52.558  -14.824  27.188 0.0000000000
69188  -56.750  -7.267  26.134 0.0000000000
69161  -56.422  -7.964  26.643 0.0000000000
68122  -55.977  -8.532  26.590 0.0000000000
141208  -57.387  -4.531  22.440 0.0000000000
71506  -56.781  -5.173  23.042 0.0000000000
70370  -55.830  -6.478  24.095 0.0000000000
70369  -54.808  -6.737  24.113 0.0000000000
70348  -54.800  -7.285  24.656 0.0000000000
69186  -55.039  -7.943  25.469 0.0000000000
68121  -55.137  -8.825  26.361 0.0000000000
67113  -54.829  -9.508  26.841 0.0000000000
66068  -54.037  -10.566  27.254 0.0000000000
65017  -53.040  -11.542  27.275 0.0000000000
66080  -52.957  -10.476  26.465 0.0000000000
65031  -52.684  -11.165  26.711 0.0000000000
63957  -52.842  -12.301  27.464 0.0000000000
140516  -52.514  -15.233  26.693 0.0000000000
150933  -52.043  -14.742  26.512 0.0000000000
60519  -51.753  -14.796  25.974 0.0000000000
60530  -51.271  -14.600  25.448 0.0000000000
62900  -50.866  -13.069  25.757 0.0000000000
61751  -50.960  -13.872  25.657 0.0000000000
61763  -50.736  -14.154  25.056 0.0000000000
61762  -50.187  -13.825  24.682 0.0000000000
67139  -50.459  -9.056  24.278 0.0000000000
67138  -49.942  -9.592  24.393 0.0000000000
66108  -49.546  -10.202  24.509 0.0000000000
67137  -48.999  -9.080  23.717 0.0000000000
66095  -49.229  -11.054  24.588 0.0000000000
64015  -48.689  -12.442  24.283 0.0000000000
62929  -48.932  -13.110  23.950 0.0000000000
78085  -53.031  -0.528  21.148 0.0000000000
75915  -51.660  -1.944  20.495 0.0000000000
78094  -51.926  -0.705  19.834 0.0000000000
74805  -50.599  -2.989  20.461 0.0000000000
160962  -49.980  -4.103  20.725 0.0000000000
72621  -49.587  -5.033  20.921 0.0000000000
71535  -49.163  -5.651  20.952 0.0000000000
77036  -51.028  -1.459  17.479 0.0000000000
77024  -50.466  -1.927  17.833 0.0000000000
75930  -50.066  -2.315  18.499 0.0000000000
73721  -49.673  -4.025  18.326 0.0000000000
73714  -49.259  -4.429  18.884 0.0000000000
150096  -49.503  -3.671  19.009 0.0000000000
71547  -48.881  -5.486  20.076 0.0000000000
71534  -48.552  -6.032  20.591 0.0000000000
70415  -48.313  -6.604  21.064 0.0000000000
158942  -30.402  -15.902  44.667 0.0000000000
59152  -29.828  -16.147  43.783 0.0000000000
58027  -28.397  -17.320  39.786 0.0000000000
58028  -29.133  -17.014  39.988 0.0000000000
56830  -33.901  -17.575  41.850 0.0000000000
56829  -33.172  -17.307  41.598 0.0000000000
155640  -32.435  -17.358  40.253 0.0000000000
55827  -34.566  -18.402  39.377 0.0000000000
55826  -33.901  -18.238  39.161 0.0000000000
55839  -33.607  -18.417  38.465 0.0000000000
56881  -33.469  -17.879  39.616 0.0000000000
56880  -32.891  -17.792  39.417 0.0000000000
56879  -32.232  -17.567  39.579 0.0000000000
56878  -31.284  -17.384  39.436 0.0000000000
56888  -30.254  -17.791  38.242 0.0000000000
55835  -30.146  -18.328  37.664 0.0000000000
56887  -29.567  -18.031  38.162 0.0000000000
51558  -41.072  -21.345  42.072 0.0000000000
51568  -40.950  -21.392  41.528 0.0000000000
50524  -41.731  -21.967  40.727 0.0000000000
51578  -40.739  -21.471  40.644 0.0000000000
51577  -40.802  -21.393  40.507 0.0000000000
52595  -40.150  -21.298  39.311 0.0000000000
49572  -42.158  -24.817  39.096 0.0000000000
50547  -41.577  -23.618  39.107 0.0000000000
157404  -38.791  -21.468  36.880 0.0000000000
51624  -38.664  -21.982  36.511 0.0000000000
51623  -38.031  -21.991  36.105 0.0000000000
48576  -40.246  -25.336  35.703 0.0000000000
48575  -39.799  -25.644  35.481 0.0000000000
46492  -39.856  -26.785  37.120 0.0000000000
151052  -37.421  -23.299  35.658 0.0000000000
50581  -37.030  -22.765  35.592 0.0000000000
50580  -36.244  -22.940  35.505 0.0000000000
49542  -43.415  -23.214  40.876 0.0000000000
49554  -43.397  -23.661  40.560 0.0000000000
49573  -42.585  -24.614  38.926 0.0000000000
50532  -44.025  -22.510  40.254 0.0000000000
50541  -44.682  -22.026  40.004 0.0000000000
50552  -45.209  -21.733  39.736 0.0000000000
51560  -42.246  -21.099  40.930 0.0000000000
51581  -45.328  -21.587  40.295 0.0000000000
51597  -45.611  -21.382  39.439 0.0000000000
52603  -46.620  -20.399  38.558 0.0000000000
52623  -44.631  -21.101  36.416 0.0000000000
52643  -44.726  -20.641  34.365 0.0000000000
53622  -46.850  -19.765  39.870 0.0000000000
53649  -47.503  -19.519  38.581 0.0000000000
53656  -38.469  -20.479  38.225 0.0000000000
53682  -46.262  -19.962  36.572 0.0000000000
54758  -47.686  -18.893  39.294 0.0000000000
54793  -47.202  -19.270  37.701 0.0000000000
54802  -45.102  -18.983  36.325 0.0000000000
54817  -45.294  -19.798  35.190 0.0000000000
55801  -46.250  -18.528  40.682 0.0000000000
55819  -48.622  -17.719  39.531 0.0000000000
55833  -47.914  -18.301  38.970 0.0000000000
55860  -47.148  -18.758  37.762 0.0000000000
55890  -40.876  -18.205  33.635 0.0000000000
56921  -44.524  -17.714  36.874 0.0000000000
56977  -52.754  -17.130  30.359 0.0000000000
57008  -50.393  -17.504  29.218 0.0000000000
57012  -55.525  -17.126  28.912 0.0000000000
58085  -44.237  -16.368  36.390 0.0000000000
58107  -42.575  -16.535  34.735 0.0000000000
58157  -54.861  -16.484  30.621 0.0000000000
58177  -48.231  -16.548  29.231 0.0000000000
59200  -48.795  -15.329  39.821 0.0000000000
59207  -49.474  -15.191  39.168 0.0000000000
59240  -46.347  -15.610  37.396 0.0000000000
59278  -41.951  -15.970  33.838 0.0000000000
59293  -40.667  -15.417  32.502 0.0000000000
59304  -54.382  -15.216  30.763 0.0000000000
59305  -54.765  -15.052  30.637 0.0000000000
59318  -54.961  -15.579  30.658 0.0000000000
59328  -48.846  -16.596  29.458 0.0000000000
59329  -49.627  -16.737  29.551 0.0000000000
59348  -50.912  -15.654  28.973 0.0000000000
60385  -49.349  -14.706  38.319 0.0000000000
60396  -47.092  -14.413  37.029 0.0000000000
60418  -44.326  -14.524  34.995 0.0000000000
60451  -54.988  -14.467  30.645 0.0000000000
60461  -52.987  -14.708  29.995 0.0000000000
61588  -49.375  -13.742  37.732 0.0000000000
61604  -49.257  -13.204  37.128 0.0000000000
61655  -54.249  -13.822  30.825 0.0000000000
61656  -54.967  -13.774  30.649 0.0000000000
61713  -48.618  -14.316  27.376 0.0000000000
61774  -50.615  -14.286  24.464 0.0000000000
62694  -50.403  -12.601  38.686 0.0000000000
62809  -53.792  -13.201  30.734 0.0000000000
62811  -54.983  -12.941  30.586 0.0000000000
62817  -52.976  -13.253  29.885 0.0000000000
62818  -53.415  -12.887  30.246 0.0000000000
62819  -54.937  -13.385  30.335 0.0000000000
62830  -54.108  -13.284  29.030 0.0000000000
62863  -50.205  -13.035  27.296 0.0000000000
62914  -49.296  -12.856  24.556 0.0000000000
63813  -50.091  -12.238  37.332 0.0000000000
63924  -54.965  -12.488  29.948 0.0000000000
63925  -54.961  -11.906  30.090 0.0000000000
63929  -51.956  -12.280  28.773 0.0000000000
63931  -55.034  -11.955  29.655 0.0000000000
63989  -46.870  -11.412  25.857 0.0000000000
64891  -49.993  -11.691  36.840 0.0000000000
64958  -47.322  -10.823  33.131 0.0000000000
64981  -45.176  -10.725  31.236 0.0000000000
64983  -54.825  -11.814  30.680 0.0000000000
64991  -53.349  -10.916  29.975 0.0000000000
64998  -41.283  -11.864  28.747 0.0000000000
65003  -55.142  -11.347  29.339 0.0000000000
65008  -51.138  -10.790  27.985 0.0000000000
65010  -54.137  -11.531  28.221 0.0000000000
65015  -49.989  -11.513  27.097 0.0000000000
65027  -48.242  -11.151  26.350 0.0000000000
65028  -48.748  -10.948  26.541 0.0000000000
65043  -51.109  -11.459  25.643 0.0000000000
66019  -53.828  -10.511  30.119 0.0000000000
66021  -55.147  -10.719  30.247 0.0000000000
66034  -53.115  -10.474  29.678 0.0000000000
66051  -51.812  -10.479  28.515 0.0000000000
66067  -50.604  -10.311  27.603 0.0000000000
66082  -54.262  -10.040  26.893 0.0000000000
66089  -52.648  -10.063  25.916 0.0000000000
66097  -50.654  -10.354  25.034 0.0000000000
67114  -55.849  -9.182  27.099 0.0000000000
67123  -54.294  -9.091  26.052 0.0000000000
68093  -56.145  -9.057  28.331 0.0000000000
68137  -55.432  -8.285  25.940 0.0000000000
68166  -48.262  -8.473  22.924 0.0000000000
69128  -55.937  -7.551  28.548 0.0000000000
69139  -49.711  -7.359  28.058 0.0000000000
69151  -50.005  -7.898  27.783 0.0000000000
69162  -56.455  -7.649  26.780 0.0000000000
69189  -57.047  -6.752  25.671 0.0000000000
69210  -53.047  -7.833  24.429 0.0000000000
69213  -56.395  -6.754  24.667 0.0000000000
69235  -51.473  -7.771  23.789 0.0000000000
69238  -54.194  -7.306  24.415 0.0000000000
69270  -48.144  -7.405  21.796 0.0000000000
69286  -47.781  -7.102  21.092 0.0000000000
70276  -49.728  -6.233  28.822 0.0000000000
70338  -56.897  -6.931  25.228 0.0000000000
70349  -55.479  -7.026  24.627 0.0000000000
70350  -57.405  -6.511  25.119 0.0000000000
70351  -57.709  -5.960  24.883 0.0000000000
70384  -49.428  -7.088  22.488 0.0000000000
70386  -51.187  -6.684  22.919 0.0000000000
70401  -49.182  -6.622  21.928 0.0000000000
71380  -50.260  -5.306  29.826 0.0000000000
71393  -48.898  -5.864  29.639 0.0000000000
71402  -56.007  -5.731  28.817 0.0000000000
71483  -54.394  -6.191  23.489 0.0000000000
71485  -56.279  -5.844  23.591 0.0000000000
71487  -58.021  -5.175  23.664 0.0000000000
71503  -53.616  -5.576  22.695 0.0000000000
71521  -51.185  -5.604  22.127 0.0000000000
72491  -51.742  -4.979  30.063 0.0000000000
72593  -56.274  -4.761  22.428 0.0000000000
72594  -57.920  -4.756  23.020 0.0000000000
72595  -58.256  -4.071  22.656 0.0000000000
72605  -50.799  -5.195  21.822 0.0000000000
72610  -56.947  -3.907  22.077 0.0000000000
72611  -57.725  -3.910  22.202 0.0000000000
72635  -49.649  -4.437  20.533 0.0000000000
73548  -51.032  -3.934  31.580 0.0000000000
73650  -58.301  -3.794  22.724 0.0000000000
73664  -57.905  -2.915  22.601 0.0000000000
73676  -52.296  -3.994  21.765 0.0000000000
73693  -50.955  -4.013  21.265 0.0000000000
73705  -49.340  -4.224  19.732 0.0000000000
73707  -50.330  -3.690  20.786 0.0000000000
73732  -50.109  -4.454  17.701 0.0000000000
74780  -57.014  -2.430  22.343 0.0000000000
74781  -57.769  -2.714  22.455 0.0000000000
74818  -49.803  -3.157  18.363 0.0000000000
75898  -51.322  -2.602  20.779 0.0000000000
75922  -50.161  -2.378  19.320 0.0000000000
75923  -50.621  -1.822  19.221 0.0000000000
75942  -50.500  -2.388  17.433 0.0000000000
75950  -51.664  -2.471  16.745 0.0000000000
75954  -55.030  -2.236  16.342 0.0000000000
77018  -51.586  -1.033  19.631 0.0000000000
77025  -50.899  -1.241  18.152 0.0000000000
77043  -51.268  -1.807  16.964 0.0000000000
77046  -53.837  -1.015  16.593 0.0000000000
78115  -51.370  -0.864  17.748 0.0000000000
78116  -51.993  -0.482  17.378 0.0000000000
79124  -52.558  0.487  19.615 0.0000000000
79130  -52.677  0.683  18.973 0.0000000000
79142  -52.206  0.110  17.929 0.0000000000
79143  -52.824  0.332  17.764 0.0000000000
79157  -53.107  0.014  17.210 0.0000000000
79158  -53.799  0.071  17.035 0.0000000000
79159  -54.613  -0.018  16.877 0.0000000000
80063  -53.058  1.157  19.110 0.0000000000
137791  -52.657  -2.691  21.464 0.0000000000
137843  -55.731  -7.782  25.597 0.0000000000
138126  -52.827  -9.955  29.290 0.0000000000
138580  -39.501  -17.985  32.314 0.0000000000
139165  -56.740  -6.278  27.257 0.0000000000
139949  -51.489  -12.658  28.292 0.0000000000
142383  -54.601  -13.479  29.625 0.0000000000
142936  -52.848  -4.840  22.086 0.0000000000
145921  -51.503  -15.410  29.043 0.0000000000
146803  -54.951  -15.447  30.390 0.0000000000
146977  -49.297  -14.144  27.326 0.0000000000
147135  -48.712  -11.722  24.439 0.0000000000
147174  -53.241  -7.371  29.049 0.0000000000
147880  -44.284  -17.146  36.697 0.0000000000
148054  -53.764  -3.724  21.926 0.0000000000
148665  -44.868  -20.355  41.012 0.0000000000
149989  -53.286  -15.635  30.380 0.0000000000
150503  -55.722  -5.533  29.435 0.0000000000
151807  -55.966  -6.391  28.686 0.0000000000
151954  -53.300  -4.342  30.970 0.0000000000
152839  -45.609  -20.662  36.229 0.0000000000
153876  -58.387  -3.534  22.352 0.0000000000
154482  -42.409  -12.128  31.392 0.0000000000
155162  -52.272  -9.998  28.859 0.0000000000
155578  -53.316  -6.854  23.718 0.0000000000
156955  -54.134  -5.779  22.992 0.0000000000
157680  -52.550  -1.098  20.817 0.0000000000
157945  -50.151  -10.076  24.718 0.0000000000
158885  -48.200  -6.970  21.401 0.0000000000
159056  -50.234  -13.947  38.669 0.0000000000
159178  -52.824  -17.005  30.421 0.0000000000
159546  -48.650  -9.641  23.856 0.0000000000
160047  -53.161  -14.188  28.224 0.0000000000
160178  -57.002  -6.951  25.635 0.0000000000
160492  -54.994  -14.954  30.537 0.0000000000
161113  -47.733  -6.479  33.942 0.0000000000
161273  -49.171  -5.285  20.549 0.0000000000
161419  -55.402  -16.260  27.386 0.0000000000
161453  -50.078  -3.347  20.231 0.0000000000
162086  -53.845  -16.096  30.812 0.0000000000
