#!ascii label  , from subject sub-v2s1x29892_ses-1 vox2ras=TkReg
1606
68174  -41.468  -8.319  21.826 0.0000000000
77082  -54.305  -1.086  14.844 0.0000000000
74835  -46.268  -2.630  16.999 0.0000000000
60235  -20.784  -15.378  45.938 0.0000000000
68086  -40.043  -8.414  27.853 0.0000000000
59156  -35.863  -16.313  43.143 0.0000000000
61474  -42.861  -14.018  43.143 0.0000000000
66970  -43.995  -9.733  35.993 0.0000000000
69093  -44.821  -7.472  32.757 0.0000000000
61540  -27.641  -14.238  39.058 0.0000000000
62639  -32.541  -13.737  44.080 0.0000000000
60351  -31.985  -14.749  39.226 0.0000000000
55832  -41.404  -18.254  38.631 0.0000000000
61565  -43.642  -13.829  37.965 0.0000000000
71411  -45.658  -5.577  28.036 0.0000000000
155697  -49.163  -6.387  25.798 0.0000000000
79171  -48.941  0.300  15.790 0.0000000000
71552  -43.588  -6.156  19.247 0.0000000000
77141  -50.653  -1.268  9.458 0.0000000000
57864  -18.043  -17.209  48.556 0.0000000000
73573  -42.683  -4.163  30.403 0.0000000000
69178  -39.454  -7.278  25.676 0.0000000000
58049  -36.301  -16.785  39.257 0.0000000000
161609  -40.011  -16.847  42.121 0.0000000000
73658  -50.068  -3.892  23.075 0.0000000000
149981  -55.820  4.316  5.816 0.0000000000
64920  -42.773  -11.059  35.125 0.0000000000
67011  -42.719  -9.468  33.566 0.0000000000
61543  -30.100  -13.779  39.235 0.0000000000
60392  -41.615  -14.813  36.392 0.0000000000
62749  -42.331  -12.822  35.746 0.0000000000
63812  -43.652  -11.619  36.930 0.0000000000
69183  -44.087  -7.654  25.415 0.0000000000
71435  -47.298  -6.244  26.756 0.0000000000
69231  -44.929  -7.635  24.111 0.0000000000
79195  -51.429  0.129  15.383 0.0000000000
80075  -51.666  1.386  17.258 0.0000000000
75995  -56.282  -1.389  13.883 0.0000000000
57942  -18.889  -16.626  43.595 0.0000000000
59073  -19.791  -16.204  46.874 0.0000000000
68066  -43.344  -7.882  30.382 0.0000000000
71367  -43.984  -5.655  31.506 0.0000000000
70274  -41.590  -6.501  29.324 0.0000000000
71418  -41.505  -5.430  27.971 0.0000000000
70301  -39.241  -6.865  27.278 0.0000000000
60262  -34.259  -14.604  43.667 0.0000000000
61399  -35.178  -14.048  46.484 0.0000000000
59125  -36.628  -16.280  45.738 0.0000000000
56782  -37.669  -17.450  44.994 0.0000000000
58068  -33.770  -16.390  37.108 0.0000000000
56917  -36.263  -17.755  36.592 0.0000000000
143984  -42.397  -16.567  41.074 0.0000000000
58014  -40.079  -17.026  41.262 0.0000000000
59183  -41.055  -15.637  42.312 0.0000000000
162433  -41.598  -16.073  44.073 0.0000000000
152012  -24.123  -14.441  42.411 0.0000000000
135508  -26.952  -14.142  44.866 0.0000000000
61378  -26.439  -13.639  47.058 0.0000000000
73719  -44.915  -4.608  17.936 0.0000000000
72620  -46.930  -4.509  21.536 0.0000000000
74803  -47.583  -2.961  20.673 0.0000000000
84127  -56.623  5.857  5.469 0.0000000000
61363  -21.357  -14.062  48.338 0.0000000000
138984  -45.451  -8.313  37.285 0.0000000000
70209  -46.144  -6.882  36.317 0.0000000000
68025  -44.307  -8.468  34.722 0.0000000000
139478  -42.949  -8.733  31.738 0.0000000000
148166  -28.277  -14.457  42.313 0.0000000000
62625  -31.386  -13.638  44.379 0.0000000000
62659  -30.674  -13.510  41.660 0.0000000000
61506  -31.850  -13.862  41.191 0.0000000000
60321  -33.690  -15.170  41.323 0.0000000000
55867  -39.055  -18.425  36.390 0.0000000000
58082  -40.924  -16.657  36.366 0.0000000000
59229  -43.217  -16.036  38.370 0.0000000000
60324  -44.729  -14.733  40.583 0.0000000000
63798  -45.442  -12.363  39.269 0.0000000000
65895  -45.360  -10.004  38.292 0.0000000000
60333  -25.737  -14.736  39.864 0.0000000000
74704  -46.502  -3.540  30.534 0.0000000000
76861  -49.252  -1.803  31.563 0.0000000000
73587  -48.199  -4.116  29.034 0.0000000000
147597  -50.408  -4.612  27.820 0.0000000000
151300  -47.482  -0.890  16.708 0.0000000000
77016  -48.910  -1.245  19.480 0.0000000000
80051  -50.249  0.716  18.703 0.0000000000
55662  -13.990  -18.924  55.095 0.0000000000
69301  -42.374  -7.441  20.580 0.0000000000
72673  -41.753  -5.009  16.589 0.0000000000
77057  -45.126  -1.166  15.234 0.0000000000
78155  -46.702  -1.093  14.276 0.0000000000
77087  -47.523  -1.325  14.195 0.0000000000
76003  -49.829  -2.165  13.021 0.0000000000
76018  -52.448  -1.937  12.249 0.0000000000
145002  -48.821  -1.557  10.525 0.0000000000
59029  -19.578  -15.755  49.893 0.0000000000
59015  -18.161  -16.284  51.672 0.0000000000
57826  -16.108  -17.084  53.861 0.0000000000
76814  -46.005  -1.662  33.753 0.0000000000
145168  -45.990  -5.482  34.115 0.0000000000
73531  -44.670  -3.705  33.084 0.0000000000
74694  -44.242  -3.076  31.594 0.0000000000
72503  -43.669  -4.439  29.208 0.0000000000
70314  -42.827  -6.717  26.639 0.0000000000
162238  -40.088  -8.158  23.823 0.0000000000
148766  -33.683  -13.173  46.513 0.0000000000
160431  -33.816  -15.895  39.145 0.0000000000
58032  -36.044  -16.480  40.645 0.0000000000
56895  -38.210  -18.062  38.318 0.0000000000
137106  -37.811  -16.846  40.869 0.0000000000
57974  -37.699  -16.959  42.507 0.0000000000
56802  -39.201  -17.791  43.894 0.0000000000
60259  -20.552  -15.382  43.326 0.0000000000
60272  -22.274  -14.559  43.006 0.0000000000
61423  -22.598  -14.061  44.965 0.0000000000
71497  -45.920  -6.289  22.562 0.0000000000
71481  -50.208  -5.667  24.041 0.0000000000
72560  -52.955  -5.339  24.615 0.0000000000
76983  -50.589  -1.441  22.350 0.0000000000
77122  -54.233  -1.127  11.182 0.0000000000
78210  -55.375  -0.131  9.911 0.0000000000
80146  -56.841  1.337  8.482 0.0000000000
80205  -54.187  1.670  6.016 0.0000000000
81105  -58.374  3.010  7.827 0.0000000000
64919  -42.160  -11.307  34.458 0.0000000000
65968  -41.935  -10.808  33.695 0.0000000000
64934  -41.157  -11.283  33.329 0.0000000000
62748  -41.689  -13.141  35.449 0.0000000000
63863  -41.736  -12.057  34.604 0.0000000000
63844  -42.769  -11.725  35.662 0.0000000000
148847  -42.504  -8.116  23.860 0.0000000000
69207  -44.557  -7.741  24.721 0.0000000000
136393  -43.071  -7.898  22.614 0.0000000000
149610  -52.726  -0.154  15.280 0.0000000000
79176  -53.421  0.894  15.652 0.0000000000
155782  -54.711  0.685  15.473 0.0000000000
78139  -55.978  0.157  15.256 0.0000000000
75982  -55.739  -1.447  14.418 0.0000000000
59134  -20.082  -15.919  44.628 0.0000000000
59112  -19.564  -16.389  45.794 0.0000000000
59094  -20.249  -15.833  46.461 0.0000000000
161175  -42.149  -8.217  29.149 0.0000000000
69120  -42.194  -7.215  29.464 0.0000000000
69134  -40.630  -6.894  28.370 0.0000000000
70290  -40.232  -6.424  28.150 0.0000000000
69133  -39.962  -7.146  27.965 0.0000000000
61396  -29.188  -13.826  46.383 0.0000000000
161681  -35.071  -15.603  43.380 0.0000000000
59141  -35.604  -15.609  44.726 0.0000000000
140274  -36.147  -16.166  44.726 0.0000000000
57910  -37.176  -16.860  45.613 0.0000000000
57933  -37.093  -17.030  44.687 0.0000000000
59186  -43.056  -15.438  41.675 0.0000000000
57998  -41.904  -16.033  41.718 0.0000000000
60280  -41.736  -14.836  42.975 0.0000000000
60265  -41.708  -14.636  43.437 0.0000000000
61447  -27.788  -14.371  43.684 0.0000000000
61410  -27.741  -14.098  45.025 0.0000000000
135890  -27.745  -13.908  45.839 0.0000000000
77905  -46.940  -0.453  33.661 0.0000000000
73731  -46.012  -3.671  17.939 0.0000000000
73713  -46.308  -3.778  19.245 0.0000000000
74817  -47.216  -2.691  18.896 0.0000000000
68000  -44.996  -9.004  36.444 0.0000000000
140759  -44.816  -8.814  35.967 0.0000000000
68013  -44.266  -9.150  35.629 0.0000000000
67021  -42.554  -9.313  32.902 0.0000000000
155333  -42.098  -9.344  31.738 0.0000000000
67048  -41.699  -9.289  30.347 0.0000000000
60319  -27.983  -14.493  40.890 0.0000000000
144025  -29.380  -13.996  41.279 0.0000000000
61503  -29.458  -13.927  40.559 0.0000000000
61544  -30.727  -13.876  39.379 0.0000000000
61526  -31.157  -13.875  40.110 0.0000000000
61528  -32.378  -14.377  40.742 0.0000000000
60298  -33.249  -14.610  41.900 0.0000000000
60338  -32.928  -15.019  40.252 0.0000000000
56929  -39.639  -17.306  35.527 0.0000000000
149230  -42.530  -14.326  37.111 0.0000000000
60379  -42.426  -15.025  37.256 0.0000000000
60369  -43.479  -14.596  38.081 0.0000000000
139676  -43.997  -15.696  39.771 0.0000000000
61546  -44.113  -14.351  38.478 0.0000000000
61510  -45.290  -13.820  40.089 0.0000000000
62693  -44.799  -13.285  38.739 0.0000000000
65917  -43.941  -10.300  36.555 0.0000000000
64865  -44.712  -11.172  37.898 0.0000000000
142191  -44.778  -9.865  37.173 0.0000000000
66944  -45.436  -9.179  38.214 0.0000000000
60350  -26.874  -14.522  39.419 0.0000000000
72505  -45.694  -4.768  29.197 0.0000000000
73578  -47.780  -3.832  29.691 0.0000000000
145188  -46.806  -5.164  28.336 0.0000000000
70319  -47.739  -6.676  25.983 0.0000000000
71426  -48.481  -5.473  27.270 0.0000000000
72539  -49.803  -5.541  26.843 0.0000000000
72529  -51.343  -4.766  27.363 0.0000000000
71438  -50.549  -5.794  26.338 0.0000000000
79153  -48.453  0.098  16.046 0.0000000000
78114  -48.919  -0.056  17.280 0.0000000000
79139  -49.308  0.275  17.238 0.0000000000
81013  -53.423  2.489  18.328 0.0000000000
77076  -45.691  -0.759  14.486 0.0000000000
78169  -44.478  -0.221  13.959 0.0000000000
77097  -46.194  -1.695  13.379 0.0000000000
76012  -47.181  -2.139  12.426 0.0000000000
75987  -48.757  -1.898  13.795 0.0000000000
76013  -47.868  -2.180  12.129 0.0000000000
76025  -49.362  -2.153  11.552 0.0000000000
56747  -17.615  -17.621  47.257 0.0000000000
142333  -16.964  -17.990  49.096 0.0000000000
61336  -21.144  -13.815  50.116 0.0000000000
60188  -20.546  -14.900  49.067 0.0000000000
61335  -20.607  -14.413  50.366 0.0000000000
59012  -19.115  -15.478  52.257 0.0000000000
59009  -18.283  -15.862  53.269 0.0000000000
57832  -17.432  -16.547  52.529 0.0000000000
59008  -17.492  -16.141  53.876 0.0000000000
58997  -16.470  -16.489  55.174 0.0000000000
69079  -45.275  -7.555  34.473 0.0000000000
71332  -46.201  -6.241  35.145 0.0000000000
70234  -45.574  -6.793  33.846 0.0000000000
71366  -43.140  -5.181  31.109 0.0000000000
71359  -44.193  -4.984  32.115 0.0000000000
161558  -43.743  -4.222  31.967 0.0000000000
74685  -44.352  -2.966  32.143 0.0000000000
73559  -43.746  -3.518  31.254 0.0000000000
73574  -43.945  -3.742  30.571 0.0000000000
73582  -43.084  -4.094  29.776 0.0000000000
144811  -40.502  -6.440  27.184 0.0000000000
70304  -42.137  -6.064  27.283 0.0000000000
70330  -41.091  -6.945  26.359 0.0000000000
151967  -41.813  -7.346  25.858 0.0000000000
69202  -39.973  -7.669  24.875 0.0000000000
145893  -31.764  -13.645  43.966 0.0000000000
62603  -32.627  -13.225  45.943 0.0000000000
151409  -33.187  -13.456  45.220 0.0000000000
135395  -34.832  -16.744  37.916 0.0000000000
58059  -33.880  -16.351  37.819 0.0000000000
59217  -34.940  -16.358  39.348 0.0000000000
59203  -35.066  -16.245  39.907 0.0000000000
58031  -35.749  -16.495  39.861 0.0000000000
55856  -40.048  -18.497  37.391 0.0000000000
55841  -38.749  -18.444  37.748 0.0000000000
55829  -39.604  -18.421  38.807 0.0000000000
143901  -40.082  -16.799  41.740 0.0000000000
58035  -39.468  -17.115  41.103 0.0000000000
140191  -39.055  -16.965  41.781 0.0000000000
155531  -37.912  -16.816  41.489 0.0000000000
57976  -39.261  -17.022  42.110 0.0000000000
56814  -38.939  -17.466  43.262 0.0000000000
56815  -39.810  -17.344  43.072 0.0000000000
64828  -45.420  -11.601  42.091 0.0000000000
61462  -23.369  -14.480  42.375 0.0000000000
143937  -23.692  -14.135  43.592 0.0000000000
61442  -22.586  -14.342  43.772 0.0000000000
62565  -26.602  -13.145  48.675 0.0000000000
70440  -43.155  -6.700  19.812 0.0000000000
70398  -44.539  -6.827  22.043 0.0000000000
71531  -44.816  -5.995  20.892 0.0000000000
73674  -48.239  -4.015  22.133 0.0000000000
72588  -48.401  -5.080  23.016 0.0000000000
72590  -49.790  -4.616  23.264 0.0000000000
72576  -51.464  -5.339  24.021 0.0000000000
151717  -51.328  -4.598  23.543 0.0000000000
78093  -49.837  -0.610  20.579 0.0000000000
77000  -49.769  -1.042  21.255 0.0000000000
78078  -50.971  -0.288  21.989 0.0000000000
77118  -51.252  -1.591  10.570 0.0000000000
77107  -53.694  -1.550  11.835 0.0000000000
77132  -51.970  -1.298  10.175 0.0000000000
139012  -53.821  -0.439  9.411 0.0000000000
79240  -54.142  0.138  8.236 0.0000000000
79241  -55.407  0.445  8.705 0.0000000000
79265  -54.908  0.531  7.881 0.0000000000
82131  -53.509  2.907  4.957 0.0000000000
81143  -53.048  2.157  5.294 0.0000000000
81145  -54.950  2.443  5.999 0.0000000000
80187  -55.969  1.980  7.117 0.0000000000
82108  -56.874  4.072  6.693 0.0000000000
83150  -57.669  5.002  6.413 0.0000000000
82135  -57.355  4.103  5.506 0.0000000000
138138  -43.540  -9.980  35.482 0.0000000000
65953  -43.353  -9.710  34.964 0.0000000000
65969  -42.407  -10.051  33.706 0.0000000000
65981  -41.780  -10.103  32.748 0.0000000000
156532  -29.085  -13.864  38.845 0.0000000000
61611  -41.420  -13.844  35.697 0.0000000000
62729  -42.049  -13.478  36.067 0.0000000000
62712  -42.985  -13.280  37.044 0.0000000000
139978  -43.858  -12.335  37.524 0.0000000000
63829  -43.243  -12.475  36.811 0.0000000000
64904  -43.100  -11.197  35.826 0.0000000000
156979  -44.404  -6.657  26.797 0.0000000000
71423  -46.024  -5.929  27.471 0.0000000000
70317  -45.692  -6.826  26.515 0.0000000000
147339  -46.156  -7.126  25.835 0.0000000000
70346  -47.097  -7.076  24.643 0.0000000000
79193  -49.888  0.151  15.203 0.0000000000
79155  -49.951  0.576  16.398 0.0000000000
80098  -51.477  0.956  16.108 0.0000000000
81038  -53.675  2.097  16.495 0.0000000000
134657  -57.489  -0.588  12.939 0.0000000000
57888  -18.673  -16.924  46.227 0.0000000000
57878  -18.738  -16.853  47.498 0.0000000000
69099  -44.137  -7.697  31.553 0.0000000000
70242  -45.074  -6.549  32.353 0.0000000000
69106  -43.810  -7.228  30.719 0.0000000000
71377  -42.813  -5.678  30.626 0.0000000000
71376  -42.155  -5.318  30.196 0.0000000000
72502  -41.982  -4.464  29.447 0.0000000000
157991  -40.982  -5.711  28.727 0.0000000000
70303  -40.358  -6.006  27.970 0.0000000000
70311  -39.013  -6.926  26.627 0.0000000000
61452  -33.382  -13.924  43.916 0.0000000000
155262  -33.742  -13.687  45.212 0.0000000000
61435  -34.742  -14.405  45.113 0.0000000000
60229  -36.058  -15.055  46.560 0.0000000000
56766  -38.489  -17.776  46.589 0.0000000000
58070  -35.013  -17.099  37.168 0.0000000000
56892  -36.080  -17.248  38.093 0.0000000000
56869  -42.389  -17.647  39.571 0.0000000000
55815  -40.579  -18.081  39.705 0.0000000000
56844  -41.328  -17.269  40.817 0.0000000000
58015  -40.671  -16.610  41.538 0.0000000000
59182  -40.815  -15.921  42.273 0.0000000000
57957  -40.889  -16.281  43.138 0.0000000000
59157  -41.126  -15.507  43.129 0.0000000000
60315  -24.977  -14.747  40.955 0.0000000000
60273  -25.011  -14.614  42.443 0.0000000000
61427  -25.640  -14.140  44.504 0.0000000000
135848  -25.734  -13.845  45.745 0.0000000000
61393  -26.785  -13.827  46.429 0.0000000000
141546  -44.567  -5.286  18.912 0.0000000000
72632  -45.388  -5.156  20.164 0.0000000000
72640  -45.549  -4.676  19.596 0.0000000000
73691  -47.274  -3.944  21.284 0.0000000000
74777  -49.107  -2.981  22.110 0.0000000000
78207  -49.570  -0.829  8.940 0.0000000000
77158  -51.216  -1.084  9.084 0.0000000000
78239  -50.023  -0.368  7.790 0.0000000000
156111  -54.284  4.505  4.584 0.0000000000
83170  -55.901  5.001  5.514 0.0000000000
84140  -55.370  5.244  4.963 0.0000000000
84157  -55.745  6.087  4.601 0.0000000000
61388  -21.667  -14.388  46.625 0.0000000000
60216  -21.132  -14.750  47.295 0.0000000000
71308  -46.157  -6.488  37.773 0.0000000000
69065  -45.732  -7.689  36.501 0.0000000000
69072  -44.964  -8.151  34.962 0.0000000000
69078  -44.703  -8.036  34.395 0.0000000000
68035  -43.256  -9.154  33.986 0.0000000000
147074  -43.624  -8.653  33.673 0.0000000000
68052  -43.598  -8.380  32.058 0.0000000000
145458  -42.945  -8.551  30.859 0.0000000000
141724  -42.150  -8.635  29.663 0.0000000000
61448  -28.374  -14.265  43.527 0.0000000000
61432  -29.708  -13.888  44.679 0.0000000000
61450  -29.954  -13.931  43.283 0.0000000000
62636  -30.900  -13.728  43.000 0.0000000000
62648  -31.499  -13.648  42.682 0.0000000000
136278  -29.988  -13.764  40.020 0.0000000000
62672  -31.444  -13.588  41.579 0.0000000000
61470  -32.092  -13.772  42.663 0.0000000000
61489  -33.108  -14.203  42.597 0.0000000000
59166  -34.457  -15.234  42.404 0.0000000000
144816  -35.090  -15.748  42.290 0.0000000000
56919  -40.115  -17.802  36.195 0.0000000000
56907  -41.144  -18.021  37.473 0.0000000000
59249  -41.521  -15.476  36.544 0.0000000000
58072  -42.080  -16.794  37.482 0.0000000000
58063  -42.296  -17.436  38.248 0.0000000000
58053  -43.493  -16.413  39.755 0.0000000000
59204  -43.603  -16.040  40.448 0.0000000000
60302  -43.665  -14.910  41.696 0.0000000000
61475  -43.699  -13.743  42.737 0.0000000000
138007  -44.920  -13.701  41.440 0.0000000000
62664  -45.511  -12.982  41.188 0.0000000000
148500  -46.066  -11.638  40.389 0.0000000000
63803  -44.522  -11.969  38.021 0.0000000000
64853  -45.256  -11.626  38.623 0.0000000000
65859  -45.831  -10.294  40.535 0.0000000000
66926  -45.532  -8.999  39.642 0.0000000000
139283  -25.756  -14.773  40.531 0.0000000000
75798  -46.446  -2.539  31.433 0.0000000000
74698  -47.748  -2.911  30.737 0.0000000000
74707  -48.905  -3.200  30.041 0.0000000000
74716  -49.942  -3.356  29.384 0.0000000000
145406  -47.805  -4.909  28.152 0.0000000000
139206  -49.732  -4.097  28.531 0.0000000000
77033  -47.064  -1.548  17.006 0.0000000000
75928  -47.473  -2.033  18.432 0.0000000000
77023  -48.273  -1.126  18.188 0.0000000000
79121  -49.549  -0.261  18.987 0.0000000000
79114  -50.547  0.654  20.123 0.0000000000
80061  -50.770  1.166  18.433 0.0000000000
141777  -51.470  1.989  20.015 0.0000000000
69279  -40.151  -8.338  20.868 0.0000000000
69281  -42.128  -7.869  21.290 0.0000000000
69312  -40.446  -7.656  19.798 0.0000000000
70438  -41.656  -7.165  19.451 0.0000000000
71562  -42.154  -6.197  18.292 0.0000000000
139754  -42.699  -5.774  17.799 0.0000000000
72674  -43.036  -4.787  16.697 0.0000000000
73744  -44.212  -3.988  16.612 0.0000000000
74833  -44.568  -3.345  16.308 0.0000000000
75963  -45.410  -1.806  15.762 0.0000000000
77058  -45.904  -1.003  15.187 0.0000000000
135316  -47.075  -0.767  14.867 0.0000000000
78157  -48.148  -0.333  14.977 0.0000000000
78180  -45.160  -0.918  13.695 0.0000000000
78172  -47.162  -0.708  14.485 0.0000000000
78158  -48.541  -0.153  14.933 0.0000000000
78175  -49.606  -0.628  14.571 0.0000000000
77078  -51.143  -1.044  14.824 0.0000000000
75991  -52.469  -1.687  14.586 0.0000000000
75992  -53.777  -1.870  14.036 0.0000000000
155347  -51.282  -2.134  12.651 0.0000000000
76026  -50.179  -2.011  11.341 0.0000000000
159096  -49.788  -1.601  10.318 0.0000000000
78206  -48.987  -0.736  9.466 0.0000000000
60215  -20.606  -15.320  47.657 0.0000000000
59039  -19.806  -16.059  48.444 0.0000000000
57850  -19.077  -16.346  49.583 0.0000000000
60166  -20.220  -14.732  51.364 0.0000000000
59023  -19.302  -15.702  50.680 0.0000000000
57848  -17.954  -17.052  49.840 0.0000000000
56715  -17.387  -17.073  51.225 0.0000000000
56713  -16.098  -17.855  51.932 0.0000000000
55677  -15.040  -18.620  52.776 0.0000000000
56692  -15.091  -17.643  54.835 0.0000000000
76837  -46.147  -1.275  33.069 0.0000000000
73501  -46.337  -4.065  35.448 0.0000000000
71352  -44.930  -5.635  32.506 0.0000000000
135407  -45.293  -4.233  33.679 0.0000000000
74652  -45.371  -2.782  33.558 0.0000000000
75769  -44.765  -2.442  32.395 0.0000000000
74687  -45.528  -2.534  31.653 0.0000000000
74703  -45.559  -3.544  30.724 0.0000000000
73584  -45.038  -4.434  29.674 0.0000000000
72515  -44.279  -5.074  28.688 0.0000000000
72513  -42.288  -4.596  28.768 0.0000000000
71420  -43.521  -5.792  27.678 0.0000000000
71431  -44.012  -6.279  27.209 0.0000000000
70332  -43.512  -7.292  26.073 0.0000000000
142035  -42.455  -7.974  24.528 0.0000000000
68152  -41.408  -8.358  23.361 0.0000000000
68101  -38.173  -8.273  27.156 0.0000000000
69159  -38.139  -7.372  26.725 0.0000000000
70310  -38.334  -7.192  26.484 0.0000000000
150929  -38.385  -7.500  25.265 0.0000000000
157159  -38.427  -7.976  23.919 0.0000000000
69249  -38.863  -8.214  23.368 0.0000000000
68172  -39.168  -8.553  22.111 0.0000000000
68186  -39.432  -8.558  21.393 0.0000000000
162111  -34.458  -13.502  46.366 0.0000000000
161018  -31.733  -14.837  37.802 0.0000000000
59226  -32.950  -15.648  38.226 0.0000000000
60367  -32.488  -15.239  38.731 0.0000000000
59193  -33.755  -15.513  40.548 0.0000000000
59194  -35.222  -16.031  41.064 0.0000000000
59168  -35.779  -16.287  42.266 0.0000000000
55865  -37.523  -18.323  36.187 0.0000000000
56905  -37.223  -17.961  37.484 0.0000000000
58062  -36.892  -17.169  38.888 0.0000000000
56882  -38.952  -17.834  39.401 0.0000000000
56864  -38.395  -17.311  39.929 0.0000000000
149490  -37.349  -16.857  40.168 0.0000000000
150240  -36.958  -16.667  40.677 0.0000000000
162533  -37.082  -16.774  42.384 0.0000000000
154080  -37.046  -16.903  43.027 0.0000000000
57934  -37.642  -17.361  44.122 0.0000000000
56784  -38.850  -17.968  44.749 0.0000000000
59151  -20.043  -15.848  43.718 0.0000000000
60248  -20.762  -15.385  44.264 0.0000000000
61481  -22.216  -14.662  41.428 0.0000000000
160589  -21.329  -14.790  41.789 0.0000000000
139634  -21.555  -14.798  42.925 0.0000000000
60249  -21.539  -14.793  44.355 0.0000000000
60237  -21.901  -14.429  45.166 0.0000000000
61390  -22.932  -13.568  46.048 0.0000000000
62585  -25.947  -13.413  47.367 0.0000000000
69268  -44.108  -7.340  22.550 0.0000000000
70382  -45.586  -6.861  23.026 0.0000000000
70364  -47.380  -6.717  23.977 0.0000000000
71518  -46.907  -5.512  22.428 0.0000000000
71479  -48.205  -5.798  23.481 0.0000000000
71463  -49.217  -6.406  24.636 0.0000000000
71465  -50.719  -5.990  24.802 0.0000000000
75913  -48.559  -1.956  20.499 0.0000000000
75876  -49.226  -2.331  21.795 0.0000000000
156883  -50.229  -2.692  22.745 0.0000000000
76007  -54.273  -1.844  13.327 0.0000000000
77109  -55.298  -1.301  12.171 0.0000000000
77124  -55.891  -0.869  11.717 0.0000000000
77144  -53.227  -0.826  9.778 0.0000000000
147287  -55.010  -0.505  10.276 0.0000000000
78202  -56.693  -0.294  10.733 0.0000000000
79222  -57.287  0.405  10.303 0.0000000000
79231  -57.904  0.858  9.817 0.0000000000
80185  -54.113  1.039  6.578 0.0000000000
160459  -55.251  1.400  7.025 0.0000000000
80165  -57.562  2.140  8.161 0.0000000000
83158  -58.004  4.997  6.264 0.0000000000
63881  -41.461  -11.629  33.970 0.0000000000
63862  -41.006  -12.372  34.196 0.0000000000
68165  -41.823  -8.339  22.629 0.0000000000
69251  -42.962  -8.046  23.310 0.0000000000
134841  -42.518  -8.119  22.625 0.0000000000
78163  -53.316  -0.341  15.148 0.0000000000
79197  -53.615  0.254  15.381 0.0000000000
79198  -54.383  0.167  15.282 0.0000000000
78138  -55.160  0.119  15.235 0.0000000000
142926  -54.887  -0.656  14.991 0.0000000000
146465  -55.782  -0.586  15.042 0.0000000000
75981  -54.949  -1.382  14.604 0.0000000000
140951  -20.575  -15.533  45.113 0.0000000000
59113  -20.105  -15.984  45.601 0.0000000000
68087  -40.889  -8.218  28.178 0.0000000000
68088  -41.340  -7.636  28.537 0.0000000000
68103  -39.380  -7.617  27.601 0.0000000000
145634  -29.130  -13.853  45.817 0.0000000000
61412  -29.078  -13.920  45.139 0.0000000000
152975  -35.471  -15.903  43.492 0.0000000000
59142  -35.840  -16.206  44.026 0.0000000000
57932  -36.507  -16.660  44.345 0.0000000000
57953  -36.442  -16.641  43.525 0.0000000000
60301  -42.666  -15.000  42.293 0.0000000000
60300  -41.831  -15.103  42.575 0.0000000000
60281  -42.337  -14.624  42.898 0.0000000000
61454  -42.224  -14.245  43.436 0.0000000000
61411  -28.441  -13.943  45.497 0.0000000000
74825  -45.762  -3.296  17.089 0.0000000000
74809  -46.550  -3.262  18.578 0.0000000000
74826  -46.382  -2.950  17.690 0.0000000000
66971  -44.514  -9.324  36.225 0.0000000000
67029  -41.394  -9.905  31.606 0.0000000000
67030  -41.873  -9.589  31.954 0.0000000000
61502  -28.740  -14.203  40.760 0.0000000000
61523  -28.499  -14.105  39.416 0.0000000000
61564  -31.286  -14.358  38.947 0.0000000000
61545  -31.440  -14.219  39.717 0.0000000000
60337  -32.168  -14.602  39.991 0.0000000000
157929  -43.218  -14.025  37.673 0.0000000000
60380  -42.910  -14.498  37.541 0.0000000000
60354  -43.948  -14.996  38.666 0.0000000000
61547  -44.678  -14.088  39.003 0.0000000000
61566  -44.197  -13.562  38.327 0.0000000000
65908  -44.308  -10.348  37.086 0.0000000000
65918  -44.364  -9.833  36.629 0.0000000000
66957  -44.868  -9.395  36.767 0.0000000000
60335  -27.630  -14.430  39.802 0.0000000000
148312  -27.620  -14.524  40.428 0.0000000000
72516  -45.219  -5.204  28.655 0.0000000000
72506  -46.644  -4.841  28.884 0.0000000000
147461  -46.112  -5.218  28.514 0.0000000000
70320  -48.509  -6.502  25.901 0.0000000000
71437  -49.002  -5.878  26.592 0.0000000000
137371  -49.757  -6.109  26.080 0.0000000000
78121  -48.885  0.190  16.597 0.0000000000
79154  -49.351  0.422  16.491 0.0000000000
141003  -53.737  3.022  19.104 0.0000000000
76023  -47.339  -2.085  11.711 0.0000000000
77114  -47.910  -1.966  11.296 0.0000000000
56738  -18.164  -17.228  47.755 0.0000000000
56737  -17.589  -17.606  48.054 0.0000000000
56736  -17.010  -17.983  48.331 0.0000000000
56731  -17.499  -17.583  48.803 0.0000000000
61325  -21.002  -13.855  51.028 0.0000000000
59005  -17.517  -15.817  54.936 0.0000000000
157369  -44.908  -7.661  33.702 0.0000000000
70233  -45.256  -6.957  33.108 0.0000000000
72475  -42.973  -4.418  31.063 0.0000000000
72466  -43.464  -4.684  31.599 0.0000000000
73558  -43.400  -3.991  31.495 0.0000000000
136160  -43.223  -3.875  30.880 0.0000000000
150535  -43.340  -3.923  30.290 0.0000000000
70329  -40.339  -6.887  26.384 0.0000000000
69179  -40.237  -7.307  25.598 0.0000000000
69180  -41.033  -7.338  25.669 0.0000000000
62638  -32.111  -13.714  43.619 0.0000000000
62626  -32.464  -13.658  44.377 0.0000000000
62627  -32.866  -13.633  44.744 0.0000000000
134884  -35.810  -16.834  38.656 0.0000000000
58047  -35.044  -16.569  38.615 0.0000000000
58048  -35.542  -16.565  39.221 0.0000000000
159984  -35.330  -16.420  39.591 0.0000000000
55857  -40.734  -18.372  37.705 0.0000000000
55843  -40.197  -18.545  38.200 0.0000000000
55830  -40.353  -18.402  38.997 0.0000000000
57996  -40.396  -16.498  42.070 0.0000000000
57995  -39.759  -16.954  41.895 0.0000000000
57955  -39.675  -17.057  42.443 0.0000000000
64829  -45.711  -11.583  41.793 0.0000000000
61409  -24.544  -13.759  45.306 0.0000000000
71551  -42.964  -6.474  19.065 0.0000000000
70426  -44.252  -6.245  20.542 0.0000000000
71544  -43.924  -6.209  19.940 0.0000000000
73657  -49.366  -4.076  22.886 0.0000000000
73642  -50.482  -4.545  23.407 0.0000000000
73659  -50.821  -3.876  23.172 0.0000000000
79102  -50.894  0.381  21.454 0.0000000000
79101  -50.339  -0.272  21.181 0.0000000000
77131  -50.717  -1.489  10.057 0.0000000000
77119  -52.074  -1.490  10.906 0.0000000000
138013  -51.289  -1.353  9.785 0.0000000000
79264  -53.930  0.494  7.371 0.0000000000
82132  -54.243  3.188  5.119 0.0000000000
82115  -54.927  3.248  5.567 0.0000000000
139916  -55.782  3.514  6.164 0.0000000000
156433  -56.646  4.656  6.397 0.0000000000
65934  -43.284  -10.596  35.636 0.0000000000
65952  -43.040  -10.229  34.998 0.0000000000
64935  -42.566  -10.523  34.362 0.0000000000
64954  -41.504  -10.633  33.014 0.0000000000
153907  -41.990  -10.242  33.243 0.0000000000
134898  -41.186  -10.464  32.443 0.0000000000
62747  -40.960  -13.425  35.156 0.0000000000
62730  -42.663  -13.050  36.407 0.0000000000
63828  -42.798  -12.354  36.066 0.0000000000
70333  -44.442  -7.202  26.181 0.0000000000
70316  -45.026  -6.751  26.647 0.0000000000
69185  -45.598  -7.437  25.345 0.0000000000
69209  -46.167  -7.355  24.859 0.0000000000
149855  -46.786  -7.182  25.316 0.0000000000
69232  -45.685  -7.439  24.178 0.0000000000
79194  -50.563  0.171  15.354 0.0000000000
79173  -51.021  0.529  15.742 0.0000000000
79174  -51.855  0.654  15.749 0.0000000000
81039  -54.331  2.224  16.360 0.0000000000
81028  -54.162  2.452  16.826 0.0000000000
82047  -54.887  2.787  16.935 0.0000000000
76009  -57.076  -1.077  13.548 0.0000000000
134451  -57.995  -0.351  13.553 0.0000000000
57889  -19.291  -16.539  46.423 0.0000000000
57899  -19.034  -16.697  45.660 0.0000000000
141254  -18.841  -16.798  46.854 0.0000000000
57879  -19.277  -16.522  47.216 0.0000000000
69113  -43.199  -7.096  30.303 0.0000000000
70275  -42.178  -6.605  29.709 0.0000000000
70266  -42.584  -6.328  30.145 0.0000000000
70265  -41.826  -5.836  29.751 0.0000000000
71391  -41.310  -5.538  29.184 0.0000000000
70273  -41.032  -6.068  28.970 0.0000000000
70302  -39.869  -6.578  27.672 0.0000000000
70312  -39.675  -6.608  26.995 0.0000000000
61453  -33.955  -14.171  44.110 0.0000000000
61434  -34.136  -14.031  44.814 0.0000000000
60251  -34.578  -14.658  44.276 0.0000000000
59124  -36.094  -15.791  45.395 0.0000000000
60239  -35.842  -15.236  45.956 0.0000000000
59107  -36.372  -15.719  46.164 0.0000000000
57911  -37.816  -17.383  45.946 0.0000000000
56916  -35.582  -17.487  36.437 0.0000000000
56903  -35.783  -17.401  37.304 0.0000000000
58036  -42.315  -17.251  40.530 0.0000000000
56868  -41.711  -17.741  40.026 0.0000000000
59184  -41.429  -15.493  42.243 0.0000000000
57997  -41.122  -16.024  41.965 0.0000000000
143148  -40.821  -16.174  41.992 0.0000000000
59170  -41.154  -15.401  42.615 0.0000000000
59169  -40.847  -15.937  42.598 0.0000000000
60252  -41.520  -15.049  43.642 0.0000000000
60316  -25.779  -14.755  41.327 0.0000000000
141382  -25.200  -14.733  41.710 0.0000000000
60294  -25.750  -14.710  42.074 0.0000000000
61428  -26.458  -14.242  44.361 0.0000000000
135505  -26.208  -14.033  45.166 0.0000000000
135536  -26.999  -13.992  45.620 0.0000000000
61380  -28.146  -13.776  47.036 0.0000000000
61394  -27.592  -13.822  46.490 0.0000000000
72647  -44.445  -5.084  18.313 0.0000000000
72648  -45.129  -4.769  18.803 0.0000000000
144716  -47.165  -3.179  20.123 0.0000000000
73703  -46.605  -3.826  20.042 0.0000000000
74789  -47.554  -3.452  21.121 0.0000000000
153621  -48.453  -3.362  21.870 0.0000000000
74790  -48.051  -3.127  21.292 0.0000000000
151844  -49.730  -0.567  8.364 0.0000000000
83186  -53.572  4.131  4.363 0.0000000000
154604  -53.694  4.817  4.096 0.0000000000
61376  -22.052  -13.764  47.057 0.0000000000
62522  -22.304  -12.477  50.591 0.0000000000
69047  -45.554  -7.908  37.950 0.0000000000
145423  -45.823  -7.222  37.871 0.0000000000
143446  -45.652  -7.773  37.256 0.0000000000
149779  -44.558  -8.634  35.341 0.0000000000
68014  -45.291  -8.180  35.758 0.0000000000
68036  -44.221  -8.317  34.051 0.0000000000
66998  -42.926  -9.723  34.345 0.0000000000
66999  -43.521  -9.303  34.663 0.0000000000
68051  -42.963  -8.853  32.566 0.0000000000
68042  -43.044  -8.958  33.305 0.0000000000
68043  -43.556  -8.515  32.929 0.0000000000
68064  -42.281  -8.906  30.634 0.0000000000
61449  -29.102  -14.116  43.411 0.0000000000
61467  -28.633  -14.274  42.854 0.0000000000
154494  -30.215  -13.644  41.278 0.0000000000
61486  -29.829  -13.844  41.926 0.0000000000
62647  -31.022  -13.587  42.270 0.0000000000
62660  -31.233  -13.575  41.916 0.0000000000
61524  -29.475  -13.830  39.336 0.0000000000
61505  -31.195  -13.666  40.931 0.0000000000
61487  -31.978  -13.808  41.925 0.0000000000
61471  -32.661  -13.878  42.977 0.0000000000
61488  -32.608  -14.006  42.256 0.0000000000
60299  -34.036  -15.172  41.877 0.0000000000
59179  -34.741  -15.658  41.751 0.0000000000
58081  -40.390  -16.954  35.947 0.0000000000
154305  -40.669  -17.424  36.481 0.0000000000
152968  -40.572  -18.092  36.951 0.0000000000
58071  -41.266  -17.363  37.007 0.0000000000
59248  -41.097  -15.153  36.097 0.0000000000
59239  -42.623  -15.939  37.677 0.0000000000
59238  -42.001  -15.761  37.081 0.0000000000
58073  -42.757  -16.722  38.242 0.0000000000
58064  -42.712  -17.260  38.932 0.0000000000
59218  -43.201  -16.634  39.019 0.0000000000
60339  -44.462  -15.133  40.169 0.0000000000
161206  -44.056  -15.561  40.477 0.0000000000
59196  -43.642  -15.554  41.059 0.0000000000
60323  -44.244  -15.115  40.884 0.0000000000
61490  -44.107  -14.129  41.998 0.0000000000
61508  -44.504  -14.496  41.229 0.0000000000
62684  -45.509  -13.109  39.875 0.0000000000
62673  -45.407  -13.487  40.660 0.0000000000
140420  -45.742  -12.875  40.550 0.0000000000
63780  -45.929  -12.307  40.844 0.0000000000
63788  -45.783  -12.315  40.091 0.0000000000
65879  -45.258  -10.743  38.380 0.0000000000
64854  -45.540  -10.902  39.172 0.0000000000
65880  -45.491  -10.284  38.919 0.0000000000
66913  -45.607  -9.599  39.949 0.0000000000
139637  -45.518  -9.546  39.112 0.0000000000
155615  -45.426  -8.665  37.673 0.0000000000
67977  -45.488  -8.413  38.335 0.0000000000
61483  -27.703  -14.633  42.018 0.0000000000
74697  -46.926  -3.024  30.909 0.0000000000
74705  -47.370  -3.428  30.314 0.0000000000
74706  -48.160  -3.314  30.155 0.0000000000
74714  -48.570  -3.685  29.545 0.0000000000
74708  -49.591  -3.075  29.922 0.0000000000
74715  -49.280  -3.502  29.442 0.0000000000
71424  -46.865  -5.797  27.371 0.0000000000
72525  -47.299  -5.255  27.884 0.0000000000
71425  -47.693  -5.653  27.334 0.0000000000
152776  -49.384  -4.872  27.761 0.0000000000
149001  -48.766  -4.981  27.733 0.0000000000
73604  -49.861  -4.571  28.036 0.0000000000
73589  -50.257  -3.702  28.882 0.0000000000
158237  -50.508  -4.138  28.280 0.0000000000
73596  -51.329  -3.995  28.247 0.0000000000
72530  -52.083  -4.710  27.302 0.0000000000
77034  -47.494  -1.275  17.382 0.0000000000
77035  -47.993  -0.784  17.344 0.0000000000
78108  -49.278  -0.104  18.051 0.0000000000
140739  -49.789  0.202  18.625 0.0000000000
79122  -50.053  0.298  19.446 0.0000000000
79123  -50.526  0.824  19.460 0.0000000000
80086  -51.198  1.078  16.702 0.0000000000
79141  -50.494  0.742  16.971 0.0000000000
80074  -50.940  1.128  17.548 0.0000000000
80997  -52.055  2.263  19.401 0.0000000000
55665  -13.966  -18.747  54.807 0.0000000000
54591  -13.450  -19.974  53.701 0.0000000000
55661  -13.591  -19.284  54.883 0.0000000000
70448  -40.869  -6.671  18.539 0.0000000000
70449  -41.688  -6.741  18.812 0.0000000000
70460  -40.672  -6.279  17.935 0.0000000000
71575  -41.905  -5.817  17.607 0.0000000000
72656  -42.436  -5.376  16.984 0.0000000000
72657  -43.370  -5.238  17.424 0.0000000000
142927  -42.379  -4.840  16.455 0.0000000000
73743  -43.436  -4.167  16.393 0.0000000000
74832  -43.814  -3.534  16.092 0.0000000000
74851  -43.409  -2.981  15.729 0.0000000000
75962  -44.601  -2.034  15.640 0.0000000000
161598  -45.982  -1.103  14.137 0.0000000000
149893  -46.415  -0.907  14.533 0.0000000000
78135  -47.654  -0.464  15.076 0.0000000000
78156  -47.543  -0.877  14.500 0.0000000000
77086  -46.659  -1.255  14.145 0.0000000000
78173  -47.875  -0.621  14.722 0.0000000000
77088  -48.344  -1.066  14.359 0.0000000000
78174  -48.957  -0.460  14.616 0.0000000000
76002  -49.163  -2.144  13.190 0.0000000000
77090  -49.978  -1.482  14.200 0.0000000000
75989  -50.329  -2.057  13.671 0.0000000000
77092  -51.607  -1.740  14.470 0.0000000000
75990  -51.235  -2.111  13.560 0.0000000000
135126  -52.144  -2.043  13.787 0.0000000000
76004  -50.611  -2.151  12.849 0.0000000000
77116  -49.485  -1.899  10.725 0.0000000000
77117  -50.332  -1.744  10.563 0.0000000000
55712  -16.475  -18.420  49.315 0.0000000000
142844  -21.379  -14.286  47.818 0.0000000000
60189  -20.893  -14.683  48.230 0.0000000000
151228  -20.187  -15.039  49.886 0.0000000000
59030  -20.028  -15.560  49.155 0.0000000000
140898  -19.563  -16.084  49.188 0.0000000000
143627  -18.601  -15.910  51.878 0.0000000000
59016  -19.178  -15.605  51.464 0.0000000000
57842  -18.571  -16.186  50.990 0.0000000000
57849  -18.517  -16.569  50.090 0.0000000000
57837  -17.940  -16.575  51.271 0.0000000000
145466  -17.407  -17.345  50.335 0.0000000000
57831  -16.871  -16.857  52.800 0.0000000000
56709  -16.487  -17.317  52.349 0.0000000000
56708  -15.944  -17.678  52.709 0.0000000000
55678  -15.556  -18.234  52.325 0.0000000000
56700  -15.808  -17.526  53.524 0.0000000000
56699  -15.320  -17.874  54.026 0.0000000000
57825  -15.669  -17.336  54.369 0.0000000000
58994  -17.089  -16.177  55.221 0.0000000000
76815  -46.284  -1.161  34.200 0.0000000000
76828  -46.233  -1.136  33.569 0.0000000000
76827  -45.802  -1.603  33.228 0.0000000000
71313  -46.258  -6.452  36.968 0.0000000000
71333  -46.232  -5.522  34.793 0.0000000000
153710  -46.347  -5.582  35.681 0.0000000000
72433  -46.300  -4.824  35.184 0.0000000000
70250  -44.567  -6.402  31.793 0.0000000000
135801  -44.610  -5.850  32.014 0.0000000000
72458  -44.206  -4.181  32.536 0.0000000000
73532  -44.822  -4.566  33.164 0.0000000000
73525  -45.268  -3.478  33.649 0.0000000000
74638  -45.764  -3.143  34.169 0.0000000000
73524  -44.937  -3.096  33.163 0.0000000000
74686  -44.774  -2.651  31.914 0.0000000000
75784  -45.238  -2.154  32.237 0.0000000000
74695  -45.049  -3.003  31.318 0.0000000000
73583  -44.078  -4.115  29.825 0.0000000000
73575  -45.011  -4.001  30.256 0.0000000000
72504  -44.669  -4.699  29.221 0.0000000000
72501  -41.572  -4.836  29.005 0.0000000000
71407  -41.932  -5.042  28.360 0.0000000000
71419  -42.558  -5.621  27.743 0.0000000000
70305  -43.159  -6.212  27.210 0.0000000000
70315  -43.738  -6.734  26.692 0.0000000000
69203  -40.881  -7.772  24.770 0.0000000000
69204  -41.753  -7.725  25.034 0.0000000000
69227  -41.002  -8.144  23.968 0.0000000000
69228  -41.755  -8.110  24.122 0.0000000000
68151  -40.542  -8.304  23.463 0.0000000000
69146  -38.393  -7.435  27.098 0.0000000000
140766  -37.658  -7.595  26.540 0.0000000000
69175  -37.285  -7.532  25.643 0.0000000000
69176  -37.996  -7.367  25.839 0.0000000000
136125  -37.188  -7.615  24.796 0.0000000000
69224  -37.815  -7.850  24.283 0.0000000000
69248  -37.975  -8.143  23.396 0.0000000000
62613  -30.517  -13.733  44.909 0.0000000000
62614  -31.288  -13.608  45.214 0.0000000000
144585  -33.091  -13.145  46.434 0.0000000000
61398  -34.633  -13.751  46.163 0.0000000000
62617  -34.132  -13.486  45.966 0.0000000000
61383  -35.322  -14.028  47.094 0.0000000000
59227  -33.703  -16.027  38.435 0.0000000000
59216  -33.178  -15.633  38.957 0.0000000000
60353  -33.425  -15.602  39.700 0.0000000000
134930  -34.304  -15.978  39.727 0.0000000000
151370  -35.357  -16.239  40.387 0.0000000000
59181  -35.924  -16.367  41.426 0.0000000000
59180  -35.360  -16.004  41.721 0.0000000000
55866  -38.326  -18.438  36.229 0.0000000000
56906  -38.001  -18.283  37.631 0.0000000000
56894  -37.501  -17.625  38.417 0.0000000000
56843  -40.548  -17.241  40.953 0.0000000000
56883  -39.785  -18.068  39.637 0.0000000000
56866  -40.037  -17.480  40.470 0.0000000000
58034  -38.627  -17.015  40.777 0.0000000000
58033  -37.968  -17.013  40.286 0.0000000000
58051  -37.687  -17.184  39.704 0.0000000000
57994  -38.365  -16.917  41.970 0.0000000000
57993  -37.516  -16.796  41.908 0.0000000000
157679  -37.666  -17.217  43.255 0.0000000000
57935  -40.529  -17.070  43.133 0.0000000000
57912  -41.048  -16.989  43.742 0.0000000000
62652  -44.169  -13.133  42.925 0.0000000000
60293  -24.512  -14.624  41.719 0.0000000000
61501  -23.410  -14.687  41.066 0.0000000000
60292  -23.748  -14.608  41.711 0.0000000000
148167  -22.621  -14.571  42.313 0.0000000000
60313  -21.500  -14.648  41.344 0.0000000000
60291  -21.821  -14.709  42.157 0.0000000000
60290  -21.059  -14.962  42.236 0.0000000000
155279  -22.780  -14.120  44.392 0.0000000000
60261  -21.921  -14.629  43.664 0.0000000000
60250  -22.245  -14.391  44.385 0.0000000000
61406  -22.417  -13.969  45.630 0.0000000000
61377  -25.773  -13.649  46.548 0.0000000000
76851  -49.633  -1.225  31.944 0.0000000000
69300  -41.711  -7.753  20.518 0.0000000000
69266  -42.790  -7.801  21.939 0.0000000000
69282  -42.853  -7.481  21.170 0.0000000000
70399  -45.255  -6.546  22.315 0.0000000000
70383  -46.269  -6.637  23.222 0.0000000000
70363  -46.675  -6.917  23.879 0.0000000000
71477  -46.916  -6.406  23.387 0.0000000000
72619  -46.328  -4.811  21.140 0.0000000000
71533  -46.008  -5.399  21.493 0.0000000000
155364  -46.617  -5.126  21.806 0.0000000000
72573  -48.926  -5.555  23.536 0.0000000000
71499  -47.625  -5.413  22.829 0.0000000000
71462  -48.744  -6.190  24.029 0.0000000000
71480  -49.478  -5.960  24.042 0.0000000000
71464  -50.015  -6.122  24.653 0.0000000000
160960  -50.450  -5.872  24.413 0.0000000000
72559  -52.179  -5.360  24.347 0.0000000000
71467  -52.374  -5.708  24.982 0.0000000000
77015  -48.392  -1.484  18.953 0.0000000000
75921  -47.796  -2.104  19.208 0.0000000000
77009  -48.450  -1.833  19.712 0.0000000000
76982  -50.001  -1.508  21.935 0.0000000000
76981  -49.408  -1.706  21.523 0.0000000000
154544  -49.727  -2.026  22.013 0.0000000000
74778  -49.730  -2.566  22.305 0.0000000000
75877  -50.312  -2.048  22.487 0.0000000000
76005  -52.697  -2.061  13.067 0.0000000000
76019  -53.216  -1.912  12.424 0.0000000000
77121  -53.325  -1.369  11.155 0.0000000000
77108  -54.507  -1.453  11.979 0.0000000000
77110  -56.155  -1.116  12.325 0.0000000000
77123  -55.110  -1.090  11.482 0.0000000000
77142  -51.897  -1.085  9.426 0.0000000000
78208  -52.576  -0.761  9.090 0.0000000000
78209  -54.556  -0.383  9.747 0.0000000000
78201  -55.652  -0.329  10.528 0.0000000000
79221  -56.223  0.080  10.109 0.0000000000
79242  -56.292  0.741  8.924 0.0000000000
79243  -57.338  1.096  9.178 0.0000000000
80140  -58.556  1.437  9.339 0.0000000000
80147  -58.042  1.765  8.747 0.0000000000
80204  -53.524  1.750  5.715 0.0000000000
80184  -53.447  1.232  6.149 0.0000000000
80162  -54.768  0.978  7.089 0.0000000000
80186  -54.996  1.659  6.567 0.0000000000
81104  -57.244  2.589  7.566 0.0000000000
81099  -58.833  2.485  8.261 0.0000000000
83157  -56.922  5.300  5.984 0.0000000000
84128  -57.550  5.250  5.991 0.0000000000
62768  -41.334  -12.763  34.828 0.0000000000
63843  -42.011  -12.478  35.184 0.0000000000
161404  -42.479  -12.254  35.524 0.0000000000
63864  -42.362  -11.824  35.061 0.0000000000
69205  -43.031  -7.919  24.780 0.0000000000
69206  -43.730  -7.894  24.618 0.0000000000
69230  -43.685  -7.896  23.765 0.0000000000
69253  -44.394  -7.602  23.418 0.0000000000
78162  -52.041  -0.255  15.268 0.0000000000
148348  -52.995  0.394  15.489 0.0000000000
79177  -54.103  0.818  15.585 0.0000000000
79179  -56.257  0.924  15.530 0.0000000000
78140  -56.884  0.232  15.235 0.0000000000
134475  -58.094  0.450  15.061 0.0000000000
78165  -56.574  -0.459  14.977 0.0000000000
75983  -56.434  -1.248  14.496 0.0000000000
59150  -19.492  -16.321  44.055 0.0000000000
59133  -19.436  -16.418  44.991 0.0000000000
59093  -19.826  -16.217  46.240 0.0000000000
68074  -42.441  -7.939  29.449 0.0000000000
69112  -42.732  -7.349  29.891 0.0000000000
69119  -41.881  -7.582  29.008 0.0000000000
69135  -41.116  -6.703  28.830 0.0000000000
69148  -39.427  -6.972  27.599 0.0000000000
61381  -28.938  -13.803  46.889 0.0000000000
60263  -34.683  -15.104  43.546 0.0000000000
143417  -35.097  -14.991  44.720 0.0000000000
57909  -36.601  -16.504  45.093 0.0000000000
59195  -42.866  -15.991  41.215 0.0000000000
59185  -42.252  -15.534  42.034 0.0000000000
59171  -41.368  -15.222  42.599 0.0000000000
60279  -41.440  -14.995  42.878 0.0000000000
61429  -27.309  -14.298  44.194 0.0000000000
61395  -28.456  -13.844  46.273 0.0000000000
73730  -45.332  -4.023  17.532 0.0000000000
73720  -45.568  -4.226  18.318 0.0000000000
155015  -46.053  -3.848  18.645 0.0000000000
74810  -46.884  -3.265  19.424 0.0000000000
75911  -47.385  -2.717  19.680 0.0000000000
67988  -45.270  -8.865  36.988 0.0000000000
68001  -45.344  -8.408  36.581 0.0000000000
68024  -44.004  -8.941  35.020 0.0000000000
65982  -42.251  -9.763  33.119 0.0000000000
67020  -42.048  -9.632  32.542 0.0000000000
67031  -42.373  -9.223  32.173 0.0000000000
68058  -42.395  -9.069  31.430 0.0000000000
67041  -41.831  -9.425  31.263 0.0000000000
61484  -28.383  -14.430  41.554 0.0000000000
61485  -28.974  -14.207  42.126 0.0000000000
61504  -29.917  -13.771  40.866 0.0000000000
137129  -30.288  -13.869  38.697 0.0000000000
61527  -31.647  -14.022  40.475 0.0000000000
61507  -32.551  -14.174  41.494 0.0000000000
60320  -33.087  -14.819  41.049 0.0000000000
60393  -42.110  -14.525  36.755 0.0000000000
60378  -41.920  -15.096  36.799 0.0000000000
60368  -43.018  -15.233  37.908 0.0000000000
59230  -43.591  -15.426  38.519 0.0000000000
59219  -43.649  -16.002  39.087 0.0000000000
60355  -44.393  -14.949  39.277 0.0000000000
60340  -44.967  -14.451  39.874 0.0000000000
61529  -45.197  -13.685  39.413 0.0000000000
153511  -45.244  -13.021  39.140 0.0000000000
64874  -43.919  -10.862  37.042 0.0000000000
64875  -44.116  -11.439  37.502 0.0000000000
157286  -44.324  -10.833  37.430 0.0000000000
65894  -44.880  -10.425  37.638 0.0000000000
66943  -45.213  -9.789  37.683 0.0000000000
66958  -45.227  -9.317  37.373 0.0000000000
60334  -26.336  -14.709  40.049 0.0000000000
145657  -27.045  -14.660  40.252 0.0000000000
60318  -27.319  -14.650  40.916 0.0000000000
73585  -46.395  -4.395  29.513 0.0000000000
73577  -46.920  -3.962  29.912 0.0000000000
73586  -47.331  -4.369  29.146 0.0000000000
73595  -47.935  -4.561  28.577 0.0000000000
71436  -48.120  -6.042  26.683 0.0000000000
72538  -49.225  -5.260  27.297 0.0000000000
72527  -49.959  -4.985  27.471 0.0000000000
72528  -50.674  -4.875  27.426 0.0000000000
155948  -50.389  -5.284  27.046 0.0000000000
72540  -51.007  -5.249  26.918 0.0000000000
71439  -51.409  -5.696  26.275 0.0000000000
143445  -47.991  -0.337  16.390 0.0000000000
78120  -48.474  -0.195  16.889 0.0000000000
79128  -49.786  0.397  17.926 0.0000000000
81026  -52.844  2.037  17.647 0.0000000000
81025  -52.084  1.788  17.868 0.0000000000
81012  -52.519  2.181  18.518 0.0000000000
134743  -59.314  0.970  11.023 0.0000000000
73741  -41.914  -4.472  16.121 0.0000000000
77075  -44.826  -0.725  14.751 0.0000000000
78154  -44.407  -0.236  14.476 0.0000000000
135187  -45.184  -0.737  14.074 0.0000000000
78170  -45.732  -1.096  13.998 0.0000000000
75999  -46.552  -2.030  12.699 0.0000000000
76000  -47.050  -1.920  13.462 0.0000000000
75986  -47.935  -1.897  13.750 0.0000000000
148587  -47.698  -2.144  12.935 0.0000000000
76001  -48.463  -2.175  12.870 0.0000000000
76014  -49.242  -2.205  12.426 0.0000000000
76015  -50.035  -2.150  12.178 0.0000000000
76024  -48.585  -2.183  11.840 0.0000000000
141245  -16.453  -18.451  48.617 0.0000000000
55706  -16.827  -17.964  49.933 0.0000000000
61352  -21.106  -14.166  49.082 0.0000000000
61351  -20.728  -14.498  49.687 0.0000000000
60156  -20.102  -14.702  52.571 0.0000000000
155992  -18.602  -15.773  52.547 0.0000000000
59011  -18.057  -16.171  52.382 0.0000000000
57836  -17.674  -16.598  51.852 0.0000000000
140198  -17.692  -16.239  53.015 0.0000000000
57828  -17.233  -16.489  53.158 0.0000000000
57827  -16.707  -16.682  53.718 0.0000000000
57820  -16.210  -16.846  54.688 0.0000000000
59004  -16.876  -16.315  54.740 0.0000000000
58999  -17.641  -15.742  55.196 0.0000000000
70214  -46.052  -6.930  35.504 0.0000000000
152751  -46.239  -6.321  35.816 0.0000000000
70221  -45.869  -6.911  34.737 0.0000000000
145357  -46.043  -6.162  34.349 0.0000000000
71344  -45.683  -5.850  33.650 0.0000000000
141268  -44.232  -3.441  32.506 0.0000000000
72467  -43.897  -3.535  31.921 0.0000000000
73560  -44.559  -3.448  30.951 0.0000000000
140840  -41.027  -5.846  27.594 0.0000000000
70313  -41.712  -6.663  26.677 0.0000000000
69226  -40.374  -8.011  24.172 0.0000000000
139281  -31.825  -13.569  44.842 0.0000000000
62615  -32.769  -13.436  45.136 0.0000000000
62604  -33.318  -13.243  45.765 0.0000000000
60220  -36.217  -14.944  47.197 0.0000000000
61384  -35.811  -14.508  47.409 0.0000000000
58069  -34.366  -16.634  37.481 0.0000000000
58060  -34.350  -16.449  38.222 0.0000000000
59228  -34.356  -16.234  38.934 0.0000000000
55855  -39.316  -18.550  37.145 0.0000000000
55854  -38.567  -18.531  36.968 0.0000000000
55842  -39.477  -18.606  37.963 0.0000000000
56896  -38.857  -18.212  38.550 0.0000000000
58013  -39.235  -16.963  41.511 0.0000000000
58012  -38.510  -16.855  41.398 0.0000000000
57975  -38.531  -17.190  42.658 0.0000000000
61463  -24.453  -14.296  43.217 0.0000000000
153681  -23.723  -14.285  42.951 0.0000000000
136943  -23.050  -14.313  43.152 0.0000000000
61443  -23.151  -14.088  43.995 0.0000000000
61424  -23.260  -13.834  44.826 0.0000000000
61407  -22.922  -13.798  45.403 0.0000000000
61366  -27.217  -13.524  48.219 0.0000000000
61365  -26.520  -13.475  47.769 0.0000000000
70424  -42.570  -7.103  20.058 0.0000000000
70413  -43.484  -7.085  21.139 0.0000000000
70425  -43.668  -6.683  20.519 0.0000000000
70414  -44.220  -6.596  21.220 0.0000000000
71516  -45.636  -5.946  21.891 0.0000000000
73673  -47.567  -4.272  21.872 0.0000000000
72603  -47.253  -4.887  22.158 0.0000000000
73656  -48.677  -4.389  22.647 0.0000000000
72589  -49.110  -4.815  23.150 0.0000000000
72574  -49.616  -5.315  23.597 0.0000000000
71482  -50.872  -5.711  24.250 0.0000000000
72575  -50.753  -5.179  23.816 0.0000000000
153550  -51.988  -4.920  23.874 0.0000000000
72577  -52.684  -4.906  23.989 0.0000000000
77010  -49.389  -1.030  20.109 0.0000000000
159169  -49.584  -1.077  20.684 0.0000000000
78077  -50.441  -0.911  21.870 0.0000000000
77105  -52.221  -1.696  11.569 0.0000000000
77106  -52.935  -1.717  11.706 0.0000000000
77120  -52.669  -1.496  11.166 0.0000000000
77133  -52.783  -1.232  10.501 0.0000000000
78222  -54.324  -0.137  8.979 0.0000000000
158130  -55.034  0.011  9.216 0.0000000000
79229  -55.804  0.333  9.476 0.0000000000
161143  -54.761  0.161  8.575 0.0000000000
80145  -55.827  0.961  8.202 0.0000000000
161623  -52.380  3.254  4.511 0.0000000000
81144  -54.061  2.402  5.462 0.0000000000
81119  -55.851  2.745  6.602 0.0000000000
81120  -57.019  3.239  7.065 0.0000000000
82109  -57.999  4.293  6.793 0.0000000000
137105  -57.054  5.929  5.204 0.0000000000
83171  -57.299  5.525  5.661 0.0000000000
83187  -57.205  5.728  5.136 0.0000000000
66981  -43.795  -9.462  35.289 0.0000000000
135751  -29.878  -13.741  38.537 0.0000000000
61563  -30.773  -14.051  38.689 0.0000000000
61610  -40.671  -14.207  35.382 0.0000000000
60405  -41.237  -14.517  35.920 0.0000000000
61598  -41.814  -14.170  36.258 0.0000000000
61599  -42.433  -13.815  36.709 0.0000000000
61584  -42.878  -13.888  37.277 0.0000000000
61585  -43.287  -13.500  37.547 0.0000000000
62699  -43.780  -13.156  37.808 0.0000000000
62713  -43.442  -12.951  37.352 0.0000000000
64888  -43.163  -11.701  36.304 0.0000000000
64889  -43.546  -10.926  36.340 0.0000000000
65935  -43.671  -10.289  36.010 0.0000000000
71422  -45.201  -5.932  27.574 0.0000000000
71433  -45.521  -6.389  27.078 0.0000000000
71434  -46.377  -6.483  26.784 0.0000000000
69184  -44.911  -7.565  25.405 0.0000000000
70318  -46.964  -6.816  26.001 0.0000000000
70335  -47.346  -6.994  25.387 0.0000000000
70336  -48.011  -6.852  25.155 0.0000000000
154427  -49.366  0.283  15.413 0.0000000000
141007  -49.485  0.415  15.938 0.0000000000
79172  -50.114  0.413  15.739 0.0000000000
79156  -50.693  0.734  16.242 0.0000000000
80087  -52.008  1.351  16.406 0.0000000000
79175  -52.671  0.905  15.742 0.0000000000
80100  -52.644  1.413  16.038 0.0000000000
81037  -53.038  1.932  16.752 0.0000000000
81027  -53.619  2.326  17.350 0.0000000000
82046  -54.305  2.772  17.532 0.0000000000
134061  -57.903  -0.237  14.636 0.0000000000
134822  -58.784  0.574  12.756 0.0000000000
78184  -58.000  -0.086  12.203 0.0000000000
57898  -18.677  -16.915  44.874 0.0000000000
56762  -18.081  -17.311  45.926 0.0000000000
56748  -18.230  -17.169  46.850 0.0000000000
57865  -18.636  -16.853  48.299 0.0000000000
69100  -44.608  -7.172  31.972 0.0000000000
69107  -44.233  -6.717  31.312 0.0000000000
70257  -43.574  -6.127  30.916 0.0000000000
70267  -43.218  -6.456  30.505 0.0000000000
71365  -42.591  -4.857  30.601 0.0000000000
72488  -42.130  -4.589  30.074 0.0000000000
71375  -41.728  -5.046  29.643 0.0000000000
71406  -41.216  -5.219  28.588 0.0000000000
70291  -40.656  -6.116  28.511 0.0000000000
71417  -40.877  -5.620  28.240 0.0000000000
70328  -39.714  -6.933  26.277 0.0000000000
61451  -32.797  -13.819  43.699 0.0000000000
62628  -33.277  -13.577  44.994 0.0000000000
61433  -33.540  -13.813  44.605 0.0000000000
61415  -34.992  -14.188  45.813 0.0000000000
60238  -35.415  -14.930  45.414 0.0000000000
60228  -35.525  -14.617  46.178 0.0000000000
57893  -37.478  -16.911  46.395 0.0000000000
146807  -34.371  -16.811  36.517 0.0000000000
141122  -35.425  -16.966  37.986 0.0000000000
58061  -36.359  -17.094  38.659 0.0000000000
56884  -41.754  -18.067  39.191 0.0000000000
55831  -41.061  -18.283  39.102 0.0000000000
55816  -41.246  -18.096  39.684 0.0000000000
56867  -40.909  -17.655  40.268 0.0000000000
58016  -41.617  -16.633  41.321 0.0000000000
57977  -40.440  -16.408  42.268 0.0000000000
59143  -41.314  -15.796  43.684 0.0000000000
60264  -41.352  -15.031  43.087 0.0000000000
61464  -25.386  -14.487  43.204 0.0000000000
61426  -24.810  -14.010  44.618 0.0000000000
135841  -25.333  -13.912  45.205 0.0000000000
160394  -26.297  -13.898  45.906 0.0000000000
160215  -27.269  -13.894  46.106 0.0000000000
61379  -27.213  -13.733  47.252 0.0000000000
71564  -43.933  -5.619  18.655 0.0000000000
71553  -44.288  -5.703  19.383 0.0000000000
72639  -44.954  -5.217  19.494 0.0000000000
72633  -46.020  -4.546  20.338 0.0000000000
72641  -46.026  -4.192  19.673 0.0000000000
73690  -46.687  -4.182  20.849 0.0000000000
73692  -47.850  -3.700  21.603 0.0000000000
73675  -48.930  -3.683  22.393 0.0000000000
74762  -49.698  -3.281  22.672 0.0000000000
77140  -50.066  -1.117  9.180 0.0000000000
77157  -50.568  -1.026  8.807 0.0000000000
150831  -50.372  -0.737  8.265 0.0000000000
78240  -50.826  -0.435  7.794 0.0000000000
83169  -53.063  3.514  4.470 0.0000000000
138142  -53.905  3.677  4.751 0.0000000000
82133  -54.874  4.097  5.149 0.0000000000
159836  -56.167  5.922  5.026 0.0000000000
84156  -54.577  5.343  4.288 0.0000000000
60236  -21.444  -14.761  45.880 0.0000000000
60227  -21.131  -14.934  46.521 0.0000000000
61375  -21.629  -14.190  47.339 0.0000000000
62539  -21.499  -13.507  49.513 0.0000000000
70203  -46.039  -7.118  37.144 0.0000000000
144484  -45.814  -7.510  35.847 0.0000000000
69073  -45.554  -7.574  35.208 0.0000000000
139781  -43.795  -8.800  34.364 0.0000000000
68044  -44.218  -8.160  33.272 0.0000000000
69092  -44.188  -7.964  32.427 0.0000000000
68059  -43.621  -8.191  31.114 0.0000000000
68065  -42.778  -8.287  30.064 0.0000000000
68073  -41.740  -8.502  28.839 0.0000000000
61431  -28.962  -14.031  44.498 0.0000000000
146359  -29.502  -14.014  43.991 0.0000000000
62624  -30.519  -13.818  43.978 0.0000000000
61468  -29.446  -14.035  42.704 0.0000000000
62637  -31.589  -13.657  43.494 0.0000000000
161026  -31.812  -13.714  43.151 0.0000000000
62649  -31.862  -13.734  42.974 0.0000000000
148674  -29.075  -14.009  40.041 0.0000000000
62670  -30.614  -13.485  40.961 0.0000000000
61525  -30.515  -13.665  40.012 0.0000000000
62683  -30.727  -13.589  40.664 0.0000000000
62661  -31.628  -13.677  42.294 0.0000000000
62650  -32.287  -13.723  43.357 0.0000000000
61472  -33.263  -14.071  43.199 0.0000000000
61473  -33.805  -14.358  43.430 0.0000000000
60277  -33.745  -14.638  42.638 0.0000000000
60278  -34.298  -14.866  43.073 0.0000000000
59167  -34.790  -15.442  42.916 0.0000000000
141849  -35.357  -15.886  42.886 0.0000000000
55876  -39.411  -18.155  35.919 0.0000000000
55868  -39.778  -18.337  36.630 0.0000000000
56897  -41.313  -18.176  38.049 0.0000000000
144938  -41.024  -15.845  36.226 0.0000000000
58083  -41.501  -16.323  36.745 0.0000000000
56908  -41.709  -17.705  37.748 0.0000000000
56898  -41.854  -17.996  38.430 0.0000000000
56899  -42.279  -17.769  38.858 0.0000000000
58052  -42.960  -17.069  39.734 0.0000000000
58017  -43.018  -16.612  40.455 0.0000000000
135089  -43.203  -14.433  42.542 0.0000000000
62662  -44.514  -13.460  42.237 0.0000000000
61509  -45.011  -14.149  40.670 0.0000000000
62663  -45.151  -12.994  41.844 0.0000000000
63773  -45.659  -12.323  41.549 0.0000000000
65851  -45.863  -10.865  41.288 0.0000000000
62700  -44.317  -12.789  38.159 0.0000000000
146267  -45.022  -12.526  38.577 0.0000000000
138395  -45.661  -11.612  39.578 0.0000000000
148218  -45.994  -11.041  40.693 0.0000000000
66901  -45.631  -9.544  40.699 0.0000000000
67963  -45.512  -8.572  39.051 0.0000000000
60332  -25.135  -14.763  40.076 0.0000000000
60295  -26.426  -14.726  41.778 0.0000000000
60317  -26.538  -14.737  40.917 0.0000000000
75799  -47.288  -2.470  31.289 0.0000000000
75810  -48.531  -2.861  30.667 0.0000000000
75811  -49.262  -2.747  30.534 0.0000000000
75812  -49.956  -2.631  30.361 0.0000000000
72517  -46.489  -5.496  27.928 0.0000000000
72518  -47.323  -4.860  28.482 0.0000000000
72526  -48.067  -5.132  27.742 0.0000000000
72519  -48.369  -4.753  28.165 0.0000000000
73588  -49.005  -3.988  28.880 0.0000000000
159088  -49.655  -3.754  29.025 0.0000000000
74717  -50.691  -3.172  29.391 0.0000000000
73606  -51.679  -4.298  27.748 0.0000000000
75939  -46.732  -2.247  17.373 0.0000000000
74816  -46.960  -2.535  18.117 0.0000000000
75940  -47.258  -1.859  17.722 0.0000000000
77022  -47.681  -1.391  17.987 0.0000000000
78113  -48.661  -0.520  17.718 0.0000000000
78099  -48.924  -0.795  18.667 0.0000000000
78100  -49.316  -0.735  19.398 0.0000000000
78101  -49.740  -0.382  19.804 0.0000000000
79113  -50.171  0.030  20.325 0.0000000000
139795  -50.583  0.371  20.783 0.0000000000
80073  -50.305  0.794  17.798 0.0000000000
81011  -51.824  1.908  18.612 0.0000000000
144139  -51.252  1.648  19.115 0.0000000000
80052  -50.722  1.155  19.140 0.0000000000
80040  -50.895  1.363  19.912 0.0000000000
54601  -14.608  -19.245  52.423 0.0000000000
69280  -40.823  -8.352  21.265 0.0000000000
145712  -41.433  -8.095  21.052 0.0000000000
69313  -41.283  -7.553  19.885 0.0000000000
70437  -40.875  -7.157  19.209 0.0000000000
69314  -42.000  -7.332  19.978 0.0000000000
70439  -42.364  -6.910  19.410 0.0000000000
70450  -42.417  -6.533  18.812 0.0000000000
71574  -41.070  -5.809  17.398 0.0000000000
155429  -43.340  -6.073  18.705 0.0000000000
71576  -43.373  -5.727  18.144 0.0000000000
72646  -43.878  -5.319  18.010 0.0000000000
72658  -44.183  -4.887  17.626 0.0000000000
73742  -42.680  -4.349  16.147 0.0000000000
72675  -43.830  -4.610  16.956 0.0000000000
73729  -44.613  -4.374  17.196 0.0000000000
73745  -44.983  -3.752  16.832 0.0000000000
159504  -45.211  -3.121  16.530 0.0000000000
74852  -44.200  -2.838  15.861 0.0000000000
75947  -44.955  -2.623  16.064 0.0000000000
74834  -45.763  -2.445  16.414 0.0000000000
75948  -46.467  -1.911  16.651 0.0000000000
77040  -46.131  -1.493  15.933 0.0000000000
77041  -46.868  -1.028  16.157 0.0000000000
77059  -46.537  -0.791  15.327 0.0000000000
158930  -47.129  -0.565  15.397 0.0000000000
78136  -48.062  -0.112  15.531 0.0000000000
78137  -48.500  0.127  15.323 0.0000000000
134823  -44.883  -0.639  13.807 0.0000000000
77085  -45.895  -1.191  13.935 0.0000000000
78171  -46.630  -1.071  14.223 0.0000000000
79192  -48.852  0.177  15.215 0.0000000000
78159  -49.255  0.012  14.939 0.0000000000
152050  -49.987  -0.179  14.914 0.0000000000
78160  -50.724  -0.248  15.047 0.0000000000
77089  -49.194  -1.304  14.230 0.0000000000
77077  -50.361  -0.854  14.657 0.0000000000
78161  -51.448  -0.431  15.110 0.0000000000
77079  -51.983  -1.027  14.982 0.0000000000
77080  -52.824  -1.005  14.996 0.0000000000
75979  -53.290  -1.610  14.609 0.0000000000
75980  -54.079  -1.511  14.581 0.0000000000
139985  -52.978  -1.995  13.957 0.0000000000
155752  -51.921  -2.094  12.868 0.0000000000
76016  -50.901  -2.037  11.931 0.0000000000
76017  -51.720  -1.976  12.080 0.0000000000
76027  -50.849  -1.858  11.154 0.0000000000
77130  -50.053  -1.398  9.882 0.0000000000
150689  -49.293  -1.347  10.070 0.0000000000
77139  -49.567  -1.135  9.474 0.0000000000
60226  -20.686  -15.340  46.853 0.0000000000
59074  -20.215  -15.777  47.227 0.0000000000
60204  -20.367  -15.409  48.412 0.0000000000
59057  -20.157  -15.752  47.872 0.0000000000
59056  -19.760  -16.160  47.610 0.0000000000
57866  -19.229  -16.504  47.981 0.0000000000
57856  -18.477  -16.835  49.201 0.0000000000
157193  -20.534  -14.423  50.974 0.0000000000
149203  -20.159  -14.856  50.662 0.0000000000
60173  -19.742  -15.275  50.420 0.0000000000
60158  -19.758  -15.053  51.928 0.0000000000
60165  -19.728  -15.219  51.076 0.0000000000
59022  -19.004  -16.112  50.252 0.0000000000
57855  -17.883  -17.231  49.194 0.0000000000
56727  -17.441  -17.534  49.544 0.0000000000
57835  -17.100  -16.984  52.055 0.0000000000
56714  -16.722  -17.511  51.595 0.0000000000
55676  -14.526  -19.030  53.293 0.0000000000
56698  -14.751  -18.103  54.447 0.0000000000
56691  -14.449  -18.146  54.835 0.0000000000
57819  -15.700  -17.221  54.986 0.0000000000
57814  -15.550  -17.347  55.330 0.0000000000
78942  -47.198  -0.193  34.083 0.0000000000
77919  -46.568  -0.766  33.404 0.0000000000
71302  -46.441  -5.858  37.958 0.0000000000
71314  -46.336  -6.045  36.396 0.0000000000
70243  -45.388  -6.206  33.051 0.0000000000
161991  -44.636  -4.927  32.695 0.0000000000
72459  -45.178  -5.356  33.112 0.0000000000
72452  -45.501  -5.031  33.647 0.0000000000
72445  -45.975  -4.742  34.324 0.0000000000
162350  -46.148  -4.218  34.817 0.0000000000
75741  -45.902  -2.354  34.110 0.0000000000
75756  -45.545  -2.133  33.364 0.0000000000
74668  -44.592  -3.002  32.693 0.0000000000
74669  -45.072  -2.562  32.923 0.0000000000
75770  -45.397  -2.014  32.768 0.0000000000
75771  -45.838  -1.717  32.603 0.0000000000
74696  -46.031  -3.065  31.095 0.0000000000
73576  -46.022  -3.975  30.114 0.0000000000
152005  -45.653  -4.317  29.747 0.0000000000
71410  -44.787  -5.548  28.120 0.0000000000
73572  -42.392  -4.217  29.814 0.0000000000
148479  -42.694  -4.319  29.276 0.0000000000
72514  -43.312  -4.819  28.675 0.0000000000
71408  -42.925  -5.182  28.186 0.0000000000
71409  -43.899  -5.401  28.137 0.0000000000
71421  -44.379  -5.890  27.640 0.0000000000
70331  -42.633  -7.308  25.996 0.0000000000
69181  -42.515  -7.715  25.273 0.0000000000
69182  -43.270  -7.707  25.380 0.0000000000
68164  -41.024  -8.488  22.677 0.0000000000
67090  -39.344  -8.730  27.653 0.0000000000
69147  -38.921  -7.141  27.370 0.0000000000
69160  -38.621  -7.040  27.026 0.0000000000
135019  -37.765  -7.416  26.282 0.0000000000
69177  -38.669  -7.273  25.849 0.0000000000
139643  -38.446  -7.746  24.569 0.0000000000
69201  -39.111  -7.631  24.913 0.0000000000
69225  -39.051  -7.972  24.063 0.0000000000
138744  -39.723  -7.974  24.209 0.0000000000
68150  -39.691  -8.304  23.495 0.0000000000
68160  -37.831  -8.283  22.467 0.0000000000
68161  -38.630  -8.366  22.636 0.0000000000
68162  -39.389  -8.492  22.756 0.0000000000
68163  -40.186  -8.530  22.752 0.0000000000
68173  -39.833  -8.600  22.086 0.0000000000
162181  -40.183  -8.528  21.519 0.0000000000
61413  -29.780  -13.799  45.416 0.0000000000
62602  -30.519  -13.695  45.695 0.0000000000
155547  -32.026  -13.412  45.514 0.0000000000
62616  -33.590  -13.449  45.548 0.0000000000
62605  -33.820  -13.317  46.027 0.0000000000
60365  -31.125  -14.396  38.129 0.0000000000
60366  -31.822  -14.811  38.472 0.0000000000
60352  -32.701  -15.168  39.477 0.0000000000
60322  -34.334  -15.639  41.188 0.0000000000
139747  -34.698  -15.920  40.463 0.0000000000
56918  -36.902  -18.057  36.734 0.0000000000
55853  -37.830  -18.389  36.862 0.0000000000
159385  -37.347  -18.245  36.797 0.0000000000
56904  -36.487  -17.621  37.443 0.0000000000
56893  -36.752  -17.423  38.199 0.0000000000
56865  -39.173  -17.445  40.250 0.0000000000
154927  -38.124  -17.584  39.075 0.0000000000
152745  -37.431  -17.272  39.130 0.0000000000
58050  -37.051  -16.928  39.511 0.0000000000
144007  -36.592  -16.674  40.005 0.0000000000
58010  -36.580  -16.562  41.161 0.0000000000
58011  -37.260  -16.721  41.313 0.0000000000
57992  -36.664  -16.612  41.854 0.0000000000
57973  -36.462  -16.585  42.697 0.0000000000
145978  -37.034  -17.043  43.857 0.0000000000
57954  -38.207  -17.412  43.509 0.0000000000
56801  -38.356  -17.656  44.286 0.0000000000
57956  -40.417  -16.823  42.767 0.0000000000
56803  -40.075  -17.723  43.640 0.0000000000
144380  -19.377  -16.233  43.221 0.0000000000
139606  -21.183  -15.066  45.117 0.0000000000
158291  -20.964  -15.082  42.927 0.0000000000
60260  -21.226  -15.010  43.576 0.0000000000
61405  -21.940  -14.268  45.915 0.0000000000
61389  -22.259  -13.862  46.335 0.0000000000
145059  -42.158  -8.101  22.050 0.0000000000
69252  -43.609  -7.757  22.984 0.0000000000
70397  -43.846  -7.136  21.806 0.0000000000
70381  -44.858  -7.112  22.813 0.0000000000
70361  -45.247  -7.343  23.547 0.0000000000
69233  -46.345  -7.249  24.237 0.0000000000
70347  -47.832  -6.819  24.470 0.0000000000
154930  -45.239  -5.553  20.639 0.0000000000
71532  -45.414  -5.698  21.223 0.0000000000
71517  -46.277  -5.716  22.142 0.0000000000
71498  -46.563  -6.084  22.774 0.0000000000
70365  -48.054  -6.453  23.996 0.0000000000
70337  -48.474  -6.620  24.581 0.0000000000
71449  -48.858  -6.631  25.219 0.0000000000
135309  -49.589  -6.432  25.297 0.0000000000
71451  -51.088  -6.030  25.526 0.0000000000
71452  -51.861  -5.861  25.550 0.0000000000
71466  -51.530  -5.798  24.720 0.0000000000
75912  -47.909  -2.407  20.134 0.0000000000
144170  -49.189  -1.487  20.796 0.0000000000
75897  -48.860  -2.104  21.194 0.0000000000
75896  -48.253  -2.535  20.898 0.0000000000
74791  -48.628  -2.712  21.560 0.0000000000
74763  -50.448  -3.160  22.977 0.0000000000
151281  -51.200  -3.140  23.065 0.0000000000
73660  -51.511  -3.858  23.229 0.0000000000
75993  -54.568  -1.739  14.044 0.0000000000
75994  -55.355  -1.585  13.985 0.0000000000
77093  -55.700  -1.512  13.424 0.0000000000
77098  -53.988  -1.755  12.577 0.0000000000
77099  -54.776  -1.696  12.696 0.0000000000
77100  -55.530  -1.434  12.846 0.0000000000
134063  -56.975  -0.851  12.453 0.0000000000
77125  -56.924  -0.688  11.832 0.0000000000
77143  -52.499  -1.059  9.789 0.0000000000
77134  -53.641  -0.969  10.530 0.0000000000
139147  -53.262  -0.548  9.097 0.0000000000
156328  -53.914  -0.614  10.016 0.0000000000
78200  -54.392  -0.718  10.437 0.0000000000
78190  -55.043  -0.784  10.821 0.0000000000
157416  -56.499  -0.621  11.315 0.0000000000
78192  -57.332  -0.187  11.356 0.0000000000
78203  -58.019  0.371  10.887 0.0000000000
79223  -58.552  0.732  10.418 0.0000000000
79230  -56.788  0.510  9.620 0.0000000000
79232  -59.026  1.160  9.932 0.0000000000
79281  -53.272  0.727  6.731 0.0000000000
80163  -55.469  1.205  7.485 0.0000000000
80164  -56.410  1.644  7.803 0.0000000000
83172  -57.680  5.084  5.996 0.0000000000
54587  -13.241  -19.897  54.848 0.0000000000
54588  -13.582  -19.455  54.517 0.0000000000
55669  -14.300  -18.732  54.267 0.0000000000
55670  -14.917  -18.408  53.654 0.0000000000
55844  -40.872  -18.403  38.428 0.0000000000
56685  -14.311  -18.342  55.033 0.0000000000
56686  -14.893  -17.875  55.306 0.0000000000
56707  -15.457  -18.072  53.156 0.0000000000
57815  -16.059  -16.873  55.250 0.0000000000
57830  -16.310  -17.177  53.129 0.0000000000
57841  -17.969  -16.805  50.631 0.0000000000
57857  -19.131  -16.460  48.783 0.0000000000
58993  -16.465  -16.623  55.024 0.0000000000
58998  -16.992  -16.228  55.026 0.0000000000
59155  -35.165  -15.475  44.033 0.0000000000
60145  -18.077  -15.397  55.246 0.0000000000
61400  -35.677  -14.502  46.839 0.0000000000
61414  -34.314  -13.825  45.535 0.0000000000
61469  -30.319  -13.748  42.468 0.0000000000
62607  -34.797  -13.616  46.760 0.0000000000
62640  -33.276  -13.785  44.401 0.0000000000
62671  -30.972  -13.528  41.264 0.0000000000
62682  -30.510  -13.581  40.456 0.0000000000
64835  -46.002  -11.621  41.138 0.0000000000
64843  -45.804  -10.929  40.011 0.0000000000
65869  -45.633  -10.245  39.636 0.0000000000
69200  -37.828  -7.576  25.077 0.0000000000
69208  -45.323  -7.571  24.741 0.0000000000
69229  -43.088  -8.052  24.124 0.0000000000
69250  -42.193  -8.240  23.294 0.0000000000
69267  -43.459  -7.586  22.247 0.0000000000
69283  -43.294  -7.432  21.648 0.0000000000
70334  -45.324  -7.219  26.000 0.0000000000
70362  -45.970  -7.109  23.693 0.0000000000
70412  -43.009  -7.100  20.535 0.0000000000
71432  -44.772  -6.326  27.183 0.0000000000
71450  -50.320  -6.186  25.431 0.0000000000
71478  -47.540  -6.113  23.443 0.0000000000
71515  -44.975  -6.227  21.606 0.0000000000
71545  -44.704  -5.722  20.143 0.0000000000
71561  -41.382  -6.189  18.129 0.0000000000
71563  -42.833  -6.157  18.480 0.0000000000
72426  -46.464  -4.752  35.972 0.0000000000
72520  -49.098  -4.529  28.237 0.0000000000
72604  -47.951  -4.658  22.443 0.0000000000
72618  -45.741  -5.184  20.829 0.0000000000
72655  -41.665  -5.504  17.020 0.0000000000
73605  -50.979  -4.428  27.805 0.0000000000
73704  -47.110  -3.563  20.700 0.0000000000
73712  -45.786  -4.256  19.055 0.0000000000
75786  -47.608  -1.896  31.735 0.0000000000
75878  -51.078  -1.706  22.798 0.0000000000
75929  -47.912  -1.635  18.554 0.0000000000
75988  -49.543  -1.971  13.740 0.0000000000
76006  -53.497  -1.977  13.237 0.0000000000
76008  -55.024  -1.712  13.385 0.0000000000
76028  -51.519  -1.789  11.357 0.0000000000
77042  -47.531  -0.493  15.860 0.0000000000
77081  -53.629  -1.081  14.900 0.0000000000
77083  -55.702  -1.129  14.757 0.0000000000
77091  -50.771  -1.640  14.290 0.0000000000
77096  -45.479  -1.378  13.178 0.0000000000
77101  -56.466  -1.285  13.049 0.0000000000
77115  -48.704  -1.946  11.068 0.0000000000
77156  -50.057  -0.871  8.682 0.0000000000
77904  -46.595  -0.573  33.998 0.0000000000
78164  -54.007  -0.440  15.063 0.0000000000
78191  -55.749  -0.585  11.140 0.0000000000
78218  -51.084  -0.763  8.417 0.0000000000
78221  -53.653  -0.238  8.700 0.0000000000
78954  -47.516  -0.283  33.621 0.0000000000
79140  -49.835  0.538  17.135 0.0000000000
79178  -55.379  0.810  15.509 0.0000000000
80062  -51.427  1.465  18.162 0.0000000000
80076  -52.391  1.622  17.021 0.0000000000
80088  -52.645  1.626  16.362 0.0000000000
80089  -53.160  1.765  16.163 0.0000000000
80099  -52.131  1.110  15.968 0.0000000000
81053  -53.789  1.830  16.073 0.0000000000
84141  -57.222  5.585  5.638 0.0000000000
137753  -28.822  -14.126  43.954 0.0000000000
138654  -44.275  -7.812  24.124 0.0000000000
143042  -43.953  -15.455  39.080 0.0000000000
144375  -45.780  -3.890  34.235 0.0000000000
148448  -40.607  -8.538  22.016 0.0000000000
149080  -27.283  -14.483  43.497 0.0000000000
150379  -50.167  -5.067  23.641 0.0000000000
150917  -48.894  -1.512  20.128 0.0000000000
152482  -57.356  -0.326  14.902 0.0000000000
153742  -47.108  -5.909  22.960 0.0000000000
155833  -40.299  -6.645  18.314 0.0000000000
157611  -56.340  -0.958  14.798 0.0000000000
157730  -23.303  -13.614  45.537 0.0000000000
159287  -45.771  -1.658  32.956 0.0000000000
159412  -52.386  -0.594  15.154 0.0000000000
159524  -53.161  0.086  15.329 0.0000000000
160258  -33.901  -13.584  45.590 0.0000000000
160553  -50.260  -0.002  15.126 0.0000000000
161061  -48.517  -4.348  28.542 0.0000000000
161510  -47.486  -2.800  20.170 0.0000000000
161900  -30.545  -13.960  38.221 0.0000000000
162091  -53.884  2.670  17.912 0.0000000000
