#!ascii label  , from subject sub-v2s1x29901_ses-1 vox2ras=TkReg
1244
71502  11.479  -14.437  44.322 0.0000000000
77691  21.373  -10.772  51.995 0.0000000000
85895  31.427  -3.765  29.811 0.0000000000
82292  19.281  -6.772  36.621 0.0000000000
82109  22.435  -6.856  45.440 0.0000000000
94844  43.874  2.738  23.720 0.0000000000
90504  29.586  0.224  32.285 0.0000000000
87021  24.113  -2.317  30.566 0.0000000000
72812  7.163  -13.536  43.913 0.0000000000
73945  14.997  -13.530  48.042 0.0000000000
76567  18.273  -10.798  46.551 0.0000000000
72845  13.929  -14.392  42.924 0.0000000000
90556  37.128  0.083  26.109 0.0000000000
71418  12.502  -14.974  49.503 0.0000000000
73934  9.167  -13.172  48.928 0.0000000000
90535  35.393  -0.470  30.638 0.0000000000
75249  4.775  -11.822  47.972 0.0000000000
72762  -0.300  -13.896  47.278 0.0000000000
86969  22.736  -2.333  36.074 0.0000000000
82172  19.658  -7.269  41.471 0.0000000000
76681  24.360  -10.914  40.346 0.0000000000
158314  21.631  -11.219  43.888 0.0000000000
92794  28.415  1.429  34.791 0.0000000000
90523  26.833  -0.352  31.990 0.0000000000
91681  25.945  0.067  33.802 0.0000000000
93748  30.963  2.597  35.322 0.0000000000
71556  10.261  -15.283  41.905 0.0000000000
70256  8.214  -15.692  42.448 0.0000000000
72830  9.322  -13.794  43.559 0.0000000000
151968  13.564  -14.809  46.091 0.0000000000
174090  13.947  -13.732  45.064 0.0000000000
70235  12.511  -15.016  43.594 0.0000000000
70273  11.735  -15.914  41.655 0.0000000000
87085  31.993  -3.284  27.685 0.0000000000
88190  33.115  -3.277  31.874 0.0000000000
88214  33.446  -2.480  30.072 0.0000000000
89382  33.501  -1.180  27.989 0.0000000000
73912  7.887  -12.561  51.378 0.0000000000
73949  7.018  -12.299  48.505 0.0000000000
75216  5.955  -11.742  50.325 0.0000000000
76484  0.266  -10.847  52.260 0.0000000000
76536  0.912  -11.340  49.730 0.0000000000
73925  -1.594  -12.657  49.657 0.0000000000
71421  -3.093  -14.876  50.038 0.0000000000
72692  -3.692  -14.200  52.590 0.0000000000
84526  19.314  -5.055  43.994 0.0000000000
82138  21.529  -7.082  43.800 0.0000000000
80048  22.492  -8.425  41.183 0.0000000000
80038  23.938  -8.373  42.737 0.0000000000
77797  16.687  -10.494  43.765 0.0000000000
158783  20.428  -10.763  45.125 0.0000000000
148032  18.723  -10.651  42.006 0.0000000000
164054  20.168  -11.383  40.878 0.0000000000
84676  20.857  -4.656  36.003 0.0000000000
84712  21.600  -4.725  33.327 0.0000000000
153511  20.024  -7.162  33.307 0.0000000000
98111  47.341  5.906  21.987 0.0000000000
94875  44.258  3.339  21.507 0.0000000000
88198  30.543  -2.437  30.783 0.0000000000
87037  28.008  -2.566  29.431 0.0000000000
91674  32.200  0.503  33.247 0.0000000000
154044  18.737  -11.923  50.335 0.0000000000
76528  19.833  -11.106  49.247 0.0000000000
76547  17.069  -11.388  47.789 0.0000000000
76600  15.012  -11.633  44.689 0.0000000000
74057  14.055  -13.139  41.458 0.0000000000
93823  39.325  1.801  29.426 0.0000000000
92870  40.480  1.031  26.904 0.0000000000
91764  41.101  0.378  24.954 0.0000000000
91776  42.349  0.564  23.569 0.0000000000
176166  12.203  -14.768  47.059 0.0000000000
72774  9.944  -13.261  46.616 0.0000000000
72736  10.659  -14.009  49.245 0.0000000000
71427  14.403  -14.401  48.774 0.0000000000
91724  36.668  0.494  28.559 0.0000000000
155285  8.033  -12.904  46.089 0.0000000000
148299  6.037  -12.805  45.804 0.0000000000
72775  3.634  -13.522  45.669 0.0000000000
76533  3.385  -11.206  49.625 0.0000000000
73969  2.048  -12.509  47.130 0.0000000000
68832  -5.287  -16.377  55.461 0.0000000000
90435  25.222  -0.084  36.823 0.0000000000
85750  20.570  -4.430  38.971 0.0000000000
85701  19.578  -4.489  41.811 0.0000000000
82227  19.534  -6.590  39.094 0.0000000000
80085  20.823  -8.954  39.478 0.0000000000
77864  24.338  -10.700  38.644 0.0000000000
74124  22.861  -12.737  37.683 0.0000000000
77727  22.021  -10.713  48.735 0.0000000000
77759  23.162  -10.306  47.044 0.0000000000
78917  24.271  -8.936  44.662 0.0000000000
76646  23.293  -11.142  41.813 0.0000000000
75383  21.373  -12.169  39.126 0.0000000000
88177  23.324  -1.976  33.286 0.0000000000
84751  22.660  -4.544  30.910 0.0000000000
92758  28.051  1.807  36.033 0.0000000000
91662  27.178  0.903  34.478 0.0000000000
91645  27.010  1.061  35.308 0.0000000000
93750  29.400  2.276  35.714 0.0000000000
160590  10.518  -14.359  43.113 0.0000000000
72846  9.709  -14.167  42.944 0.0000000000
72808  10.638  -13.926  44.548 0.0000000000
71484  12.736  -14.785  45.564 0.0000000000
148089  12.887  -14.711  44.933 0.0000000000
149418  12.086  -14.795  43.957 0.0000000000
71520  11.923  -14.994  43.148 0.0000000000
85933  31.535  -3.747  28.214 0.0000000000
87032  32.002  -3.516  30.391 0.0000000000
88196  33.313  -3.469  31.459 0.0000000000
87051  32.529  -3.345  30.244 0.0000000000
88226  32.222  -2.762  28.430 0.0000000000
76466  -1.640  -11.099  52.433 0.0000000000
148142  -0.891  -11.375  51.297 0.0000000000
75207  -2.080  -12.153  51.107 0.0000000000
72729  -2.339  -13.797  49.854 0.0000000000
73914  -2.681  -13.396  51.246 0.0000000000
71394  -3.357  -14.437  51.439 0.0000000000
82125  20.503  -6.564  44.810 0.0000000000
150401  22.071  -6.930  44.848 0.0000000000
81104  23.283  -7.540  43.432 0.0000000000
81089  23.716  -7.543  44.273 0.0000000000
78828  21.868  -10.074  52.004 0.0000000000
76652  16.509  -10.797  41.709 0.0000000000
77809  17.633  -10.355  42.804 0.0000000000
76651  17.335  -10.663  41.495 0.0000000000
76669  17.655  -11.051  40.817 0.0000000000
83479  19.856  -5.665  36.629 0.0000000000
175659  20.393  -5.791  34.691 0.0000000000
93858  44.081  2.516  24.519 0.0000000000
95847  45.076  4.138  24.987 0.0000000000
97033  45.113  4.983  23.825 0.0000000000
97044  45.158  5.047  22.993 0.0000000000
94864  44.160  3.434  22.416 0.0000000000
90520  29.910  -0.414  31.785 0.0000000000
172858  29.170  -2.360  30.157 0.0000000000
89366  29.114  -1.055  30.981 0.0000000000
90533  25.761  -0.721  31.344 0.0000000000
88208  26.303  -2.100  29.696 0.0000000000
87038  25.073  -2.732  29.555 0.0000000000
92811  30.203  1.426  33.679 0.0000000000
91695  30.824  0.366  32.735 0.0000000000
90502  31.147  -0.343  32.450 0.0000000000
178263  7.501  -14.389  42.855 0.0000000000
71503  5.726  -14.426  43.759 0.0000000000
75229  16.557  -12.367  49.209 0.0000000000
75228  17.466  -12.092  49.397 0.0000000000
75246  15.637  -12.372  48.297 0.0000000000
72828  13.926  -14.340  43.693 0.0000000000
158106  14.566  -12.464  45.095 0.0000000000
74029  14.204  -13.049  43.863 0.0000000000
75310  14.504  -12.234  42.808 0.0000000000
72863  13.918  -14.069  41.929 0.0000000000
70271  13.379  -15.487  41.312 0.0000000000
78997  20.876  -10.077  37.726 0.0000000000
91722  37.941  0.791  28.071 0.0000000000
92851  39.920  1.405  28.209 0.0000000000
91737  38.473  0.497  26.656 0.0000000000
153774  39.741  -0.231  24.651 0.0000000000
90610  40.749  -0.374  23.989 0.0000000000
91777  41.908  0.267  24.006 0.0000000000
71429  12.504  -14.998  48.618 0.0000000000
72735  11.235  -14.434  48.599 0.0000000000
71419  11.756  -14.708  49.833 0.0000000000
71428  13.219  -14.936  48.793 0.0000000000
71441  12.926  -14.992  47.946 0.0000000000
92841  37.442  1.031  30.465 0.0000000000
91719  35.832  0.112  29.450 0.0000000000
90560  33.823  -0.892  26.685 0.0000000000
73946  9.497  -13.262  48.097 0.0000000000
73961  9.229  -13.084  46.896 0.0000000000
73962  8.546  -12.965  47.227 0.0000000000
75248  5.600  -12.008  47.953 0.0000000000
73964  6.502  -12.507  47.166 0.0000000000
148791  5.232  -12.444  46.701 0.0000000000
74005  4.761  -13.080  45.679 0.0000000000
73967  4.113  -12.587  46.518 0.0000000000
76501  3.427  -10.793  51.266 0.0000000000
75254  0.339  -11.897  48.513 0.0000000000
75237  1.842  -11.547  48.673 0.0000000000
73971  0.695  -13.029  47.373 0.0000000000
72778  1.580  -13.766  46.174 0.0000000000
85767  21.100  -3.791  38.647 0.0000000000
83346  19.438  -5.824  43.062 0.0000000000
85689  19.473  -4.436  42.630 0.0000000000
83373  19.252  -5.812  41.950 0.0000000000
159021  19.507  -5.655  40.630 0.0000000000
81144  19.637  -7.257  40.637 0.0000000000
81175  19.892  -8.044  39.568 0.0000000000
80060  20.856  -8.332  40.677 0.0000000000
78950  23.929  -9.496  40.990 0.0000000000
78972  23.662  -9.888  39.861 0.0000000000
77852  24.620  -10.701  39.328 0.0000000000
75406  24.348  -11.563  38.385 0.0000000000
75381  23.716  -11.912  39.065 0.0000000000
76544  19.605  -10.990  48.349 0.0000000000
76542  21.312  -10.955  48.960 0.0000000000
76543  20.657  -10.959  48.118 0.0000000000
76594  20.991  -11.010  44.441 0.0000000000
168292  21.599  -10.939  46.269 0.0000000000
148914  22.345  -11.076  44.913 0.0000000000
168820  23.939  -9.578  45.779 0.0000000000
77779  23.499  -10.367  44.680 0.0000000000
77807  23.787  -10.718  42.984 0.0000000000
171969  22.442  -11.261  42.945 0.0000000000
75357  19.366  -11.582  39.595 0.0000000000
75335  20.589  -11.673  40.302 0.0000000000
89292  23.619  -1.438  36.120 0.0000000000
89317  24.183  -0.872  34.926 0.0000000000
88161  22.783  -2.411  34.332 0.0000000000
83558  21.133  -5.754  32.072 0.0000000000
84738  21.943  -4.758  31.948 0.0000000000
97072  47.979  5.235  20.861 0.0000000000
154559  29.031  1.144  33.299 0.0000000000
90521  28.504  -0.153  31.914 0.0000000000
91699  27.453  0.499  33.131 0.0000000000
164424  26.365  -0.203  32.685 0.0000000000
90525  25.154  -0.668  32.380 0.0000000000
94713  30.648  2.937  35.979 0.0000000000
93771  29.639  2.073  34.991 0.0000000000
71557  9.630  -15.106  41.992 0.0000000000
72847  8.916  -14.132  42.859 0.0000000000
72811  8.066  -13.384  43.935 0.0000000000
71450  14.202  -14.400  46.939 0.0000000000
168598  14.511  -13.798  46.891 0.0000000000
71482  13.744  -14.472  45.580 0.0000000000
166512  13.689  -14.477  44.273 0.0000000000
71538  13.350  -14.952  43.333 0.0000000000
70272  12.983  -15.642  41.825 0.0000000000
70253  12.540  -15.262  42.963 0.0000000000
70274  11.020  -15.604  41.854 0.0000000000
90591  36.532  -0.646  24.905 0.0000000000
71405  12.165  -14.878  51.253 0.0000000000
89353  34.140  -2.844  32.248 0.0000000000
88194  34.210  -2.360  31.161 0.0000000000
89374  34.251  -1.734  30.414 0.0000000000
90540  34.216  -1.015  29.143 0.0000000000
89383  32.957  -1.665  28.486 0.0000000000
178831  32.592  -2.107  27.476 0.0000000000
73923  8.621  -12.932  50.124 0.0000000000
73948  7.758  -12.636  48.312 0.0000000000
75214  7.438  -12.439  49.907 0.0000000000
164463  6.319  -11.885  49.600 0.0000000000
75233  5.058  -11.458  49.303 0.0000000000
76504  1.287  -11.042  50.988 0.0000000000
76505  0.564  -11.131  51.025 0.0000000000
75219  -0.526  -11.704  49.651 0.0000000000
73954  -1.055  -13.225  48.341 0.0000000000
72752  -1.978  -14.219  48.347 0.0000000000
83327  19.921  -6.162  44.276 0.0000000000
81119  20.814  -7.401  42.558 0.0000000000
81142  20.862  -7.959  41.323 0.0000000000
81118  21.764  -7.677  42.542 0.0000000000
80047  23.596  -8.560  42.035 0.0000000000
78949  24.204  -9.946  41.240 0.0000000000
76582  17.647  -10.581  45.361 0.0000000000
176901  19.485  -10.671  46.241 0.0000000000
77780  18.917  -10.456  44.972 0.0000000000
76614  19.472  -10.520  43.876 0.0000000000
76632  20.177  -11.000  42.912 0.0000000000
76631  20.959  -11.230  42.725 0.0000000000
76649  19.271  -10.992  41.651 0.0000000000
75358  18.459  -11.501  39.408 0.0000000000
85807  21.741  -3.598  35.906 0.0000000000
165586  21.724  -4.110  34.243 0.0000000000
172365  21.075  -4.912  34.522 0.0000000000
83536  20.870  -5.843  33.544 0.0000000000
98100  46.954  6.254  22.641 0.0000000000
97056  46.113  5.275  21.820 0.0000000000
87020  31.052  -3.154  30.628 0.0000000000
85935  30.299  -4.251  28.630 0.0000000000
87053  30.090  -3.637  29.542 0.0000000000
155635  27.706  -1.013  30.826 0.0000000000
87057  26.772  -3.038  28.700 0.0000000000
93746  32.684  2.596  35.147 0.0000000000
92789  32.793  1.644  34.083 0.0000000000
91673  33.660  0.188  33.734 0.0000000000
89346  32.453  -1.340  32.524 0.0000000000
88191  31.755  -2.569  31.542 0.0000000000
76492  19.869  -11.666  51.141 0.0000000000
76510  21.097  -10.946  50.622 0.0000000000
76513  19.259  -11.432  49.793 0.0000000000
76529  18.933  -11.254  49.007 0.0000000000
76557  17.627  -11.053  47.165 0.0000000000
75270  15.274  -12.020  46.982 0.0000000000
76570  16.039  -11.170  45.965 0.0000000000
154645  16.793  -10.809  45.700 0.0000000000
76598  16.241  -10.666  44.350 0.0000000000
76654  15.180  -11.420  42.299 0.0000000000
175768  14.955  -12.157  40.913 0.0000000000
92858  41.797  1.422  27.252 0.0000000000
91748  39.424  0.404  25.954 0.0000000000
91734  40.691  0.825  26.261 0.0000000000
92868  42.020  1.246  26.594 0.0000000000
91744  42.331  0.916  25.140 0.0000000000
92889  42.814  1.131  23.924 0.0000000000
92890  43.143  1.633  23.467 0.0000000000
93864  43.380  2.306  22.168 0.0000000000
72772  11.357  -14.082  46.011 0.0000000000
72789  10.714  -13.718  45.478 0.0000000000
72757  11.174  -14.116  46.840 0.0000000000
72759  10.244  -13.662  47.922 0.0000000000
72737  9.848  -13.548  49.501 0.0000000000
71406  11.577  -14.595  50.817 0.0000000000
154972  9.133  -13.119  50.454 0.0000000000
73898  9.072  -13.214  51.816 0.0000000000
76454  20.816  -11.390  53.402 0.0000000000
75185  19.392  -12.115  51.648 0.0000000000
73908  17.676  -12.786  50.998 0.0000000000
73931  16.015  -13.029  49.647 0.0000000000
72724  15.491  -13.693  49.562 0.0000000000
166735  14.699  -14.095  48.236 0.0000000000
71451  13.957  -14.662  47.403 0.0000000000
71468  12.610  -14.886  46.391 0.0000000000
93815  38.639  1.907  30.458 0.0000000000
92854  37.758  0.956  28.790 0.0000000000
91731  36.528  0.362  27.542 0.0000000000
90548  34.668  -0.436  27.813 0.0000000000
90558  35.397  -0.208  26.518 0.0000000000
90573  35.492  -0.437  25.734 0.0000000000
74000  9.359  -13.196  45.361 0.0000000000
74018  8.802  -13.167  44.869 0.0000000000
74019  7.744  -13.157  44.553 0.0000000000
73963  7.236  -12.681  46.989 0.0000000000
74003  6.807  -12.877  45.567 0.0000000000
74021  6.146  -13.144  44.932 0.0000000000
72791  5.422  -13.562  44.705 0.0000000000
72815  4.416  -13.956  44.864 0.0000000000
76517  4.745  -11.203  50.439 0.0000000000
75234  3.741  -11.484  48.621 0.0000000000
75236  2.565  -11.600  48.439 0.0000000000
75264  3.342  -12.066  47.488 0.0000000000
73990  2.894  -12.873  46.462 0.0000000000
71374  -4.761  -15.415  53.867 0.0000000000
91631  26.219  0.794  36.732 0.0000000000
86928  22.480  -2.776  37.588 0.0000000000
85783  21.616  -3.684  37.211 0.0000000000
85784  20.644  -4.493  37.572 0.0000000000
84663  19.814  -5.445  37.867 0.0000000000
84616  20.083  -4.669  40.289 0.0000000000
84635  19.823  -5.587  39.348 0.0000000000
82244  19.431  -6.838  38.360 0.0000000000
172482  19.634  -8.348  38.228 0.0000000000
78987  20.322  -9.460  38.162 0.0000000000
78986  21.211  -9.841  38.511 0.0000000000
80071  22.197  -8.960  40.260 0.0000000000
78973  22.846  -9.807  39.453 0.0000000000
153630  23.354  -10.526  38.253 0.0000000000
76718  24.317  -11.606  37.513 0.0000000000
75432  24.035  -12.127  37.565 0.0000000000
82083  23.660  -6.866  46.566 0.0000000000
77701  21.784  -10.513  50.578 0.0000000000
159300  22.403  -10.341  49.571 0.0000000000
77726  22.937  -9.997  49.255 0.0000000000
148955  20.976  -10.867  46.806 0.0000000000
77750  22.561  -10.580  47.574 0.0000000000
78857  23.696  -8.813  48.300 0.0000000000
79975  24.053  -8.590  47.241 0.0000000000
81073  24.139  -7.828  46.204 0.0000000000
81088  23.917  -7.897  44.750 0.0000000000
80029  24.144  -8.487  43.404 0.0000000000
77806  24.040  -10.188  42.509 0.0000000000
76645  24.148  -10.788  41.296 0.0000000000
76666  21.675  -11.479  41.281 0.0000000000
75333  22.146  -11.654  40.599 0.0000000000
75354  22.876  -11.874  39.893 0.0000000000
75408  22.200  -12.405  38.470 0.0000000000
90454  25.363  -0.160  35.040 0.0000000000
89347  24.458  -1.090  33.433 0.0000000000
175646  23.455  -2.209  31.898 0.0000000000
86992  22.174  -3.652  33.447 0.0000000000
85870  22.431  -3.771  32.066 0.0000000000
172052  23.327  -3.758  30.304 0.0000000000
93867  43.575  2.206  21.327 0.0000000000
93736  28.300  2.270  36.623 0.0000000000
92773  27.557  1.408  35.751 0.0000000000
92759  27.430  1.791  36.514 0.0000000000
93722  28.906  2.755  37.125 0.0000000000
71522  10.832  -14.241  43.838 0.0000000000
149767  12.269  -14.665  44.845 0.0000000000
71521  11.328  -14.633  43.492 0.0000000000
85911  31.416  -3.753  29.103 0.0000000000
85934  31.015  -4.049  28.478 0.0000000000
87052  31.898  -3.545  29.715 0.0000000000
87071  31.801  -3.287  28.803 0.0000000000
76487  -2.279  -11.378  52.348 0.0000000000
76486  -1.669  -11.486  51.670 0.0000000000
75194  -2.368  -11.960  51.795 0.0000000000
73902  -2.571  -12.664  51.465 0.0000000000
75195  -2.810  -12.460  52.122 0.0000000000
73903  -2.951  -13.178  51.882 0.0000000000
82096  21.993  -6.634  46.068 0.0000000000
82110  21.345  -6.697  45.341 0.0000000000
82122  23.266  -7.325  43.951 0.0000000000
82108  23.072  -7.134  44.752 0.0000000000
78817  21.685  -9.694  53.055 0.0000000000
76671  16.023  -11.320  41.203 0.0000000000
75336  16.301  -11.558  40.399 0.0000000000
76670  16.810  -11.117  40.950 0.0000000000
160095  19.443  -6.174  36.827 0.0000000000
83510  19.792  -6.244  35.435 0.0000000000
95848  44.647  3.675  24.606 0.0000000000
94843  44.278  3.198  24.195 0.0000000000
95859  44.478  3.864  23.825 0.0000000000
95871  44.469  3.977  22.937 0.0000000000
94853  44.133  3.375  23.363 0.0000000000
89357  29.743  -0.849  31.238 0.0000000000
160649  29.190  -0.090  31.954 0.0000000000
88200  24.860  -1.775  30.424 0.0000000000
89377  25.529  -1.499  30.432 0.0000000000
88210  24.770  -2.373  30.040 0.0000000000
87059  24.679  -3.388  29.285 0.0000000000
87039  24.350  -2.949  29.906 0.0000000000
91677  29.731  1.081  33.209 0.0000000000
91676  30.523  0.993  33.112 0.0000000000
91696  30.040  0.579  32.717 0.0000000000
90503  30.378  -0.044  32.313 0.0000000000
71523  7.100  -14.980  42.900 0.0000000000
158344  6.947  -14.205  43.156 0.0000000000
71524  6.282  -14.878  43.213 0.0000000000
72833  6.373  -14.046  43.707 0.0000000000
75230  15.800  -12.677  48.954 0.0000000000
75247  15.064  -12.810  47.967 0.0000000000
74030  14.070  -13.736  43.402 0.0000000000
74041  14.089  -13.490  42.519 0.0000000000
164105  13.755  -14.836  42.252 0.0000000000
179129  13.782  -14.560  41.535 0.0000000000
77877  21.590  -10.574  37.182 0.0000000000
91738  37.643  0.390  26.742 0.0000000000
91729  38.164  0.645  27.348 0.0000000000
71430  11.889  -14.767  48.960 0.0000000000
71417  13.258  -14.973  49.731 0.0000000000
90527  35.590  -0.573  31.713 0.0000000000
91711  36.018  0.022  30.743 0.0000000000
91714  36.286  0.328  29.972 0.0000000000
91715  35.770  -0.046  30.104 0.0000000000
178587  9.137  -13.088  47.545 0.0000000000
73947  8.610  -12.950  48.088 0.0000000000
73965  5.775  -12.332  47.265 0.0000000000
75262  5.039  -12.179  47.296 0.0000000000
73966  4.647  -12.377  46.779 0.0000000000
75263  4.178  -12.141  47.228 0.0000000000
148670  2.590  -10.820  51.600 0.0000000000
73972  0.048  -13.325  47.619 0.0000000000
73952  0.405  -12.606  47.962 0.0000000000
72761  0.351  -13.607  47.024 0.0000000000
72779  0.708  -13.934  46.401 0.0000000000
82155  19.538  -6.297  42.539 0.0000000000
165729  19.272  -5.640  42.572 0.0000000000
82173  19.444  -6.580  41.780 0.0000000000
172579  19.458  -6.768  41.170 0.0000000000
81159  20.071  -7.921  40.298 0.0000000000
81143  20.187  -7.746  41.040 0.0000000000
78958  24.310  -10.163  40.541 0.0000000000
77842  24.344  -10.310  39.919 0.0000000000
165189  24.543  -10.607  39.976 0.0000000000
76680  24.657  -10.955  39.473 0.0000000000
75353  24.116  -11.441  39.685 0.0000000000
151305  19.107  -10.941  47.599 0.0000000000
76555  19.830  -10.884  47.436 0.0000000000
76593  21.786  -11.123  44.517 0.0000000000
76577  22.933  -10.730  45.261 0.0000000000
76592  22.538  -11.130  44.090 0.0000000000
76610  23.047  -11.109  43.350 0.0000000000
177791  22.255  -11.257  43.496 0.0000000000
88118  23.189  -1.871  36.293 0.0000000000
173940  23.211  -1.853  35.614 0.0000000000
88140  22.760  -2.318  35.167 0.0000000000
91678  28.550  1.255  33.920 0.0000000000
91698  28.357  0.819  33.048 0.0000000000
91679  27.715  0.934  33.765 0.0000000000
91680  26.499  0.476  34.130 0.0000000000
167171  27.082  0.591  33.761 0.0000000000
173818  26.008  -0.146  33.226 0.0000000000
90508  25.667  -0.420  32.857 0.0000000000
95702  31.590  3.765  36.934 0.0000000000
92771  28.916  1.812  35.247 0.0000000000
92793  29.136  1.604  34.524 0.0000000000
92812  29.417  1.387  33.812 0.0000000000
72831  8.509  -13.763  43.432 0.0000000000
72810  8.898  -13.332  44.135 0.0000000000
71465  13.987  -14.482  46.264 0.0000000000
70221  12.779  -14.870  44.215 0.0000000000
71501  13.238  -14.628  44.620 0.0000000000
71519  13.319  -14.811  43.917 0.0000000000
70234  12.972  -15.021  43.487 0.0000000000
70252  13.118  -15.283  42.754 0.0000000000
71539  10.981  -14.937  42.521 0.0000000000
70254  11.818  -15.380  42.354 0.0000000000
89345  33.454  -1.928  32.582 0.0000000000
88182  33.697  -2.861  32.284 0.0000000000
88204  33.279  -3.174  30.707 0.0000000000
88195  33.823  -3.107  31.358 0.0000000000
88203  33.854  -2.513  30.595 0.0000000000
89379  33.805  -1.712  29.783 0.0000000000
89380  33.158  -1.973  29.381 0.0000000000
88238  32.357  -2.555  27.541 0.0000000000
73924  7.980  -12.695  50.462 0.0000000000
75202  7.289  -12.372  50.774 0.0000000000
75215  6.743  -12.121  50.164 0.0000000000
164099  5.698  -11.627  49.437 0.0000000000
75217  5.230  -11.416  49.986 0.0000000000
150588  1.033  -10.864  51.914 0.0000000000
75220  -1.255  -11.966  49.979 0.0000000000
76522  -0.728  -11.515  50.454 0.0000000000
75239  -1.010  -12.279  49.273 0.0000000000
73937  -0.773  -12.585  48.621 0.0000000000
73938  -1.334  -12.954  49.011 0.0000000000
72738  -1.662  -13.574  48.694 0.0000000000
73939  -1.827  -13.389  49.442 0.0000000000
72730  -2.835  -14.217  50.284 0.0000000000
71420  -2.683  -14.413  49.549 0.0000000000
72706  -3.507  -14.160  51.970 0.0000000000
71395  -3.864  -14.759  52.011 0.0000000000
71384  -4.094  -14.810  52.851 0.0000000000
82139  20.628  -6.686  44.006 0.0000000000
83345  19.925  -6.329  43.382 0.0000000000
147876  20.738  -6.985  43.317 0.0000000000
82153  21.641  -7.430  43.144 0.0000000000
81116  23.634  -7.805  43.029 0.0000000000
81129  23.317  -7.979  42.373 0.0000000000
78941  23.872  -9.238  41.679 0.0000000000
80046  23.862  -9.064  42.342 0.0000000000
77782  17.595  -10.437  44.509 0.0000000000
77781  18.282  -10.428  44.761 0.0000000000
77795  18.242  -10.365  44.005 0.0000000000
178897  18.306  -10.394  42.565 0.0000000000
76615  18.904  -10.380  43.544 0.0000000000
76634  18.909  -10.474  42.785 0.0000000000
76613  19.998  -10.768  43.558 0.0000000000
160657  19.519  -10.612  43.152 0.0000000000
76633  19.548  -10.916  42.318 0.0000000000
152246  18.823  -10.931  41.366 0.0000000000
76684  18.004  -11.256  40.085 0.0000000000
85797  21.323  -4.050  36.496 0.0000000000
85808  21.276  -4.154  35.498 0.0000000000
84690  20.878  -4.722  35.145 0.0000000000
82334  20.112  -6.271  34.650 0.0000000000
157350  20.583  -5.839  34.265 0.0000000000
82352  20.310  -6.432  33.855 0.0000000000
95884  44.648  4.020  21.942 0.0000000000
97057  45.426  4.968  22.166 0.0000000000
95898  45.174  4.242  21.375 0.0000000000
95906  45.686  3.951  20.801 0.0000000000
94874  44.877  3.687  21.118 0.0000000000
87034  30.626  -3.420  30.087 0.0000000000
88205  30.351  -2.859  30.385 0.0000000000
87036  28.807  -2.766  29.731 0.0000000000
87055  28.389  -3.168  29.145 0.0000000000
85915  27.951  -3.538  28.586 0.0000000000
90522  27.673  -0.249  31.937 0.0000000000
90530  28.271  -0.627  31.245 0.0000000000
90531  27.306  -0.588  31.273 0.0000000000
160536  26.086  -2.914  28.891 0.0000000000
88217  26.514  -2.534  29.209 0.0000000000
87072  26.758  -3.669  28.252 0.0000000000
94712  31.476  3.063  35.810 0.0000000000
94711  32.316  3.080  35.723 0.0000000000
93747  31.812  2.634  35.184 0.0000000000
92809  31.784  1.216  33.563 0.0000000000
172291  32.145  1.590  33.966 0.0000000000
167410  32.518  1.134  33.657 0.0000000000
92808  33.250  1.066  33.811 0.0000000000
167125  32.912  0.581  33.531 0.0000000000
91693  32.978  -0.142  33.351 0.0000000000
165342  32.341  -0.403  32.931 0.0000000000
89364  30.884  -1.957  31.204 0.0000000000
89355  31.251  -1.553  31.718 0.0000000000
88197  31.235  -2.765  31.078 0.0000000000
75199  19.108  -11.998  50.970 0.0000000000
76512  19.593  -11.583  50.466 0.0000000000
75244  17.165  -11.778  48.555 0.0000000000
76530  18.026  -11.484  48.815 0.0000000000
76546  17.801  -11.249  47.979 0.0000000000
177465  14.225  -13.743  46.099 0.0000000000
75271  14.772  -12.558  46.760 0.0000000000
73999  14.236  -13.293  45.599 0.0000000000
75288  14.501  -12.340  44.270 0.0000000000
168607  14.947  -11.898  45.456 0.0000000000
76583  15.490  -11.349  45.381 0.0000000000
76569  16.618  -11.092  46.371 0.0000000000
159216  16.185  -10.905  45.183 0.0000000000
76599  15.673  -11.107  44.740 0.0000000000
74056  14.225  -12.579  42.245 0.0000000000
76637  14.941  -11.653  42.969 0.0000000000
153446  14.699  -11.912  42.225 0.0000000000
168785  15.216  -11.668  41.538 0.0000000000
75320  14.490  -12.289  41.488 0.0000000000
70294  12.383  -16.071  41.346 0.0000000000
168885  39.899  2.510  30.087 0.0000000000
92860  40.216  1.204  27.556 0.0000000000
92850  40.663  1.531  28.055 0.0000000000
92849  41.507  1.751  27.949 0.0000000000
92859  41.000  1.320  27.416 0.0000000000
90590  37.986  -0.509  24.714 0.0000000000
90570  38.834  0.126  25.577 0.0000000000
91765  40.344  0.215  25.034 0.0000000000
91746  40.877  0.613  25.587 0.0000000000
91733  41.431  0.982  26.089 0.0000000000
91745  41.619  0.737  25.414 0.0000000000
92876  42.213  1.083  25.882 0.0000000000
91762  42.401  0.735  24.379 0.0000000000
92891  42.617  1.057  22.961 0.0000000000
71469  11.860  -14.511  46.549 0.0000000000
71454  11.659  -14.497  47.227 0.0000000000
72747  11.064  -14.169  47.733 0.0000000000
72748  10.634  -13.990  48.439 0.0000000000
72749  10.005  -13.608  48.689 0.0000000000
72716  10.161  -13.647  50.996 0.0000000000
72728  9.716  -13.396  50.315 0.0000000000
73910  9.444  -13.253  51.072 0.0000000000
75184  20.117  -11.769  51.937 0.0000000000
73919  17.086  -12.914  50.602 0.0000000000
72734  14.996  -13.994  49.021 0.0000000000
71439  14.205  -14.510  48.056 0.0000000000
71453  12.755  -14.987  47.185 0.0000000000
71485  12.102  -14.542  45.751 0.0000000000
91718  36.468  0.439  29.236 0.0000000000
92846  37.583  1.067  29.547 0.0000000000
91717  37.129  0.707  29.033 0.0000000000
91723  37.274  0.665  28.329 0.0000000000
179144  36.372  0.379  28.089 0.0000000000
90544  34.111  -0.832  28.332 0.0000000000
90543  34.708  -0.511  28.665 0.0000000000
90549  34.007  -0.763  27.485 0.0000000000
89402  34.220  -0.742  26.184 0.0000000000
90559  34.569  -0.456  26.843 0.0000000000
90574  34.789  -0.530  26.006 0.0000000000
72773  10.635  -13.661  46.320 0.0000000000
158205  10.005  -13.439  45.029 0.0000000000
72790  10.030  -13.307  45.819 0.0000000000
73984  8.597  -12.988  46.456 0.0000000000
74001  8.575  -13.032  45.606 0.0000000000
165617  8.235  -13.067  44.971 0.0000000000
74002  7.681  -12.959  45.385 0.0000000000
73936  7.598  -12.492  49.089 0.0000000000
148650  7.126  -12.544  47.742 0.0000000000
73986  5.915  -12.554  46.579 0.0000000000
170582  6.647  -12.687  46.402 0.0000000000
74004  5.396  -13.074  45.341 0.0000000000
72793  4.244  -13.524  45.364 0.0000000000
71486  3.770  -14.183  45.003 0.0000000000
154427  4.190  -11.024  50.989 0.0000000000
76518  4.075  -11.127  50.048 0.0000000000
76531  4.577  -11.300  49.642 0.0000000000
76532  3.902  -11.327  49.264 0.0000000000
76520  1.498  -11.146  50.234 0.0000000000
76535  1.682  -11.316  49.444 0.0000000000
75265  1.715  -12.323  47.676 0.0000000000
75252  2.537  -12.089  47.740 0.0000000000
75251  3.221  -11.690  48.181 0.0000000000
73968  2.759  -12.414  47.027 0.0000000000
73991  2.328  -12.768  46.656 0.0000000000
71373  -4.406  -14.892  53.589 0.0000000000
71358  -4.701  -14.998  54.385 0.0000000000
173710  -5.091  -15.826  55.646 0.0000000000
70100  -4.956  -15.771  54.690 0.0000000000
89283  24.266  -0.987  37.754 0.0000000000
175741  22.185  -3.070  37.666 0.0000000000
86941  22.113  -3.161  37.161 0.0000000000
86942  21.867  -3.341  37.744 0.0000000000
85768  20.784  -4.243  38.173 0.0000000000
84648  20.226  -4.891  38.190 0.0000000000
84662  20.167  -5.119  37.245 0.0000000000
84597  19.833  -4.536  41.031 0.0000000000
83423  19.664  -5.965  39.952 0.0000000000
84617  19.824  -5.309  40.071 0.0000000000
165473  19.626  -6.171  39.413 0.0000000000
83442  19.515  -6.093  38.808 0.0000000000
81187  19.525  -7.709  38.314 0.0000000000
165279  19.640  -7.344  39.114 0.0000000000
80086  20.212  -8.631  39.221 0.0000000000
78975  20.624  -9.227  38.891 0.0000000000
80049  21.598  -8.203  41.211 0.0000000000
160351  21.837  -8.617  40.674 0.0000000000
77853  24.010  -10.287  39.323 0.0000000000
77854  23.434  -10.258  38.856 0.0000000000
77875  24.018  -10.993  38.024 0.0000000000
76704  24.295  -11.246  38.233 0.0000000000
75407  23.514  -12.206  38.317 0.0000000000
165932  20.902  -10.980  50.074 0.0000000000
166063  21.949  -10.651  49.335 0.0000000000
161353  22.492  -10.381  49.025 0.0000000000
150096  19.862  -10.643  45.791 0.0000000000
148974  20.052  -10.748  46.599 0.0000000000
76579  20.699  -10.808  45.957 0.0000000000
76565  22.436  -10.782  46.676 0.0000000000
154369  23.178  -10.141  47.900 0.0000000000
78866  23.546  -9.516  48.142 0.0000000000
78881  23.790  -8.998  47.666 0.0000000000
77758  23.766  -9.645  47.331 0.0000000000
78909  24.366  -9.003  45.624 0.0000000000
78895  24.261  -8.792  46.573 0.0000000000
80005  24.275  -8.410  45.952 0.0000000000
171648  24.095  -8.021  45.510 0.0000000000
80006  24.175  -8.465  45.068 0.0000000000
80019  24.086  -8.486  44.188 0.0000000000
78925  24.219  -9.233  43.867 0.0000000000
77792  24.087  -10.078  43.352 0.0000000000
76628  23.930  -10.731  42.144 0.0000000000
148972  20.400  -11.201  42.142 0.0000000000
76648  21.261  -11.316  41.979 0.0000000000
150487  20.740  -11.394  41.337 0.0000000000
153764  20.678  -11.937  39.555 0.0000000000
75334  21.213  -11.621  40.717 0.0000000000
75355  21.577  -11.944  39.971 0.0000000000
75382  22.432  -12.138  39.269 0.0000000000
91632  25.768  0.322  36.379 0.0000000000
151749  26.236  0.662  36.060 0.0000000000
90441  25.288  -0.087  35.920 0.0000000000
89318  23.748  -1.380  34.460 0.0000000000
89332  24.332  -0.993  34.141 0.0000000000
89333  23.836  -1.451  33.719 0.0000000000
89348  23.900  -1.525  32.989 0.0000000000
88184  23.390  -2.087  32.567 0.0000000000
85834  21.849  -4.168  33.708 0.0000000000
86979  22.076  -3.644  34.136 0.0000000000
85853  21.973  -4.179  33.054 0.0000000000
84752  22.147  -4.958  31.183 0.0000000000
84737  22.313  -4.301  31.635 0.0000000000
85883  22.657  -3.903  31.305 0.0000000000
85882  23.073  -3.501  30.920 0.0000000000
85899  22.975  -4.141  30.611 0.0000000000
98128  48.781  6.092  20.869 0.0000000000
98141  48.440  5.493  20.553 0.0000000000
99154  49.124  6.630  20.446 0.0000000000
175859  43.112  1.814  21.681 0.0000000000
92899  43.418  1.401  21.245 0.0000000000
92772  28.240  1.588  35.474 0.0000000000
169094  27.894  1.196  34.393 0.0000000000
92795  27.720  1.248  35.048 0.0000000000
91663  26.466  0.681  34.919 0.0000000000
93751  28.675  2.047  35.911 0.0000000000
71540  10.064  -14.654  42.395 0.0000000000
72829  10.138  -13.976  43.711 0.0000000000
158085  9.738  -13.589  44.280 0.0000000000
71483  13.266  -14.690  45.404 0.0000000000
87008  32.803  -3.444  31.419 0.0000000000
87031  32.686  -3.417  30.975 0.0000000000
88215  32.932  -2.791  29.808 0.0000000000
161001  32.655  -2.378  28.959 0.0000000000
87070  32.351  -3.054  29.375 0.0000000000
73900  7.741  -12.564  52.246 0.0000000000
75191  7.165  -12.354  51.653 0.0000000000
75206  -1.475  -11.733  50.746 0.0000000000
75221  -1.935  -12.290  50.291 0.0000000000
73926  -2.132  -13.084  50.058 0.0000000000
73913  -2.391  -12.811  50.733 0.0000000000
72717  -2.571  -13.560  50.526 0.0000000000
72718  -2.936  -14.037  51.008 0.0000000000
72705  -3.128  -13.815  51.631 0.0000000000
72691  -3.335  -13.650  52.264 0.0000000000
73891  -3.531  -13.547  52.980 0.0000000000
82111  20.421  -6.317  45.581 0.0000000000
82124  21.365  -6.850  44.497 0.0000000000
82137  22.467  -7.383  43.591 0.0000000000
82123  22.336  -7.074  44.212 0.0000000000
81115  24.025  -8.010  43.292 0.0000000000
77810  16.828  -10.456  43.072 0.0000000000
77796  17.465  -10.378  43.673 0.0000000000
77822  17.047  -10.436  42.252 0.0000000000
77821  17.873  -10.446  42.063 0.0000000000
76650  18.171  -10.712  41.392 0.0000000000
76685  17.102  -11.359  40.135 0.0000000000
84677  20.382  -5.151  36.357 0.0000000000
84691  20.497  -5.204  35.559 0.0000000000
83493  20.084  -5.692  35.884 0.0000000000
93855  43.870  1.898  24.771 0.0000000000
94821  44.638  2.825  25.596 0.0000000000
94833  44.469  2.991  24.919 0.0000000000
98102  45.497  5.607  23.375 0.0000000000
95883  44.867  4.540  22.562 0.0000000000
89356  30.449  -1.127  31.422 0.0000000000
88206  29.813  -2.300  30.447 0.0000000000
88199  29.153  -1.738  30.502 0.0000000000
89367  28.386  -1.318  30.649 0.0000000000
90532  26.451  -0.610  31.295 0.0000000000
89368  26.892  -1.104  30.641 0.0000000000
89369  26.001  -1.061  30.793 0.0000000000
88209  25.497  -2.076  29.929 0.0000000000
87058  25.452  -3.130  29.030 0.0000000000
92791  30.699  1.842  34.141 0.0000000000
93769  31.261  2.207  34.648 0.0000000000
92810  31.001  1.362  33.589 0.0000000000
91675  31.324  0.813  33.108 0.0000000000
91694  31.591  0.067  32.840 0.0000000000
90519  30.792  -0.742  31.968 0.0000000000
161067  7.812  -14.961  42.673 0.0000000000
161155  5.629  -15.136  43.578 0.0000000000
75201  17.778  -12.355  50.258 0.0000000000
75245  16.399  -12.129  48.493 0.0000000000
75259  16.298  -11.724  47.775 0.0000000000
72827  13.971  -13.881  44.270 0.0000000000
74017  14.201  -13.146  44.696 0.0000000000
76618  14.924  -11.667  43.809 0.0000000000
74040  14.256  -12.898  43.066 0.0000000000
160155  13.978  -14.037  41.097 0.0000000000
71555  13.621  -15.095  41.701 0.0000000000
78998  20.058  -9.630  37.385 0.0000000000
92844  38.943  1.458  29.040 0.0000000000
92843  39.622  1.618  28.869 0.0000000000
92852  39.187  1.272  28.374 0.0000000000
92861  39.460  1.076  27.706 0.0000000000
91736  39.232  0.589  26.573 0.0000000000
170611  40.753  0.040  24.566 0.0000000000
91763  41.781  0.513  24.725 0.0000000000
91778  41.296  0.094  24.325 0.0000000000
90609  41.471  -0.290  23.552 0.0000000000
91782  42.035  0.022  23.328 0.0000000000
71442  12.027  -14.766  47.917 0.0000000000
153290  11.339  -14.435  49.328 0.0000000000
174286  13.868  -14.699  48.559 0.0000000000
71440  13.597  -14.845  47.981 0.0000000000
91713  36.946  0.692  29.788 0.0000000000
91725  35.965  0.225  28.610 0.0000000000
89392  33.483  -1.145  27.256 0.0000000000
170742  9.773  -13.287  47.376 0.0000000000
152210  7.927  -12.864  46.768 0.0000000000
73950  6.373  -12.294  47.898 0.0000000000
73987  5.330  -12.744  46.067 0.0000000000
73988  4.703  -12.701  46.286 0.0000000000
74006  4.169  -13.070  45.973 0.0000000000
73989  3.553  -13.000  46.230 0.0000000000
152473  3.494  -10.965  50.424 0.0000000000
153654  1.021  -11.526  48.911 0.0000000000
75253  1.199  -11.997  48.174 0.0000000000
73951  1.072  -12.561  47.675 0.0000000000
73970  1.359  -12.749  47.190 0.0000000000
73992  1.744  -12.999  46.635 0.0000000000
72760  1.027  -13.296  46.746 0.0000000000
86930  21.657  -3.326  38.382 0.0000000000
86916  21.440  -3.251  39.093 0.0000000000
85749  20.941  -3.757  39.385 0.0000000000
84550  19.263  -5.172  43.095 0.0000000000
85674  19.472  -4.399  43.476 0.0000000000
84574  19.276  -5.094  42.219 0.0000000000
157359  19.368  -5.199  41.344 0.0000000000
164631  19.701  -5.059  40.669 0.0000000000
83401  19.332  -6.072  41.242 0.0000000000
154828  19.486  -6.432  40.576 0.0000000000
82210  19.636  -6.743  39.803 0.0000000000
81160  19.747  -7.457  39.873 0.0000000000
80073  20.493  -8.503  39.906 0.0000000000
78951  23.385  -9.227  40.718 0.0000000000
80059  22.725  -8.846  40.696 0.0000000000
78959  23.892  -9.733  40.391 0.0000000000
76693  24.539  -11.030  38.919 0.0000000000
75380  24.452  -11.317  39.079 0.0000000000
76527  20.700  -11.010  49.484 0.0000000000
156582  20.415  -11.032  48.845 0.0000000000
167059  21.520  -10.935  48.330 0.0000000000
156194  21.432  -10.994  45.275 0.0000000000
76578  22.296  -10.937  45.761 0.0000000000
77767  23.004  -10.503  46.121 0.0000000000
77766  23.658  -9.949  46.411 0.0000000000
155817  23.523  -10.142  45.519 0.0000000000
77778  24.022  -9.576  44.858 0.0000000000
156332  23.975  -9.997  44.092 0.0000000000
77793  23.524  -10.741  43.879 0.0000000000
178167  22.600  -11.209  42.361 0.0000000000
76682  19.756  -11.457  40.301 0.0000000000
75356  20.077  -11.698  39.778 0.0000000000
151736  20.626  -12.158  38.915 0.0000000000
75409  21.056  -12.459  38.406 0.0000000000
75410  20.216  -12.406  38.335 0.0000000000
90442  24.665  -0.473  36.348 0.0000000000
90455  24.727  -0.480  35.431 0.0000000000
89305  24.114  -0.882  35.811 0.0000000000
88139  23.226  -1.834  34.788 0.0000000000
88160  23.272  -1.903  34.013 0.0000000000
84723  21.296  -5.374  32.898 0.0000000000
84722  21.759  -4.725  32.656 0.0000000000
176375  21.523  -5.170  32.220 0.0000000000
97055  46.908  5.444  21.589 0.0000000000
98130  47.682  5.564  21.392 0.0000000000
91697  29.238  0.737  32.792 0.0000000000
90505  28.788  0.348  32.369 0.0000000000
90506  27.957  0.242  32.465 0.0000000000
90507  27.133  0.014  32.593 0.0000000000
90524  25.929  -0.482  32.053 0.0000000000
89358  25.302  -0.735  31.714 0.0000000000
89371  24.411  -1.591  31.074 0.0000000000
94698  31.132  3.348  36.468 0.0000000000
93734  29.874  2.739  36.193 0.0000000000
93749  30.156  2.468  35.512 0.0000000000
93770  30.431  2.181  34.806 0.0000000000
92792  29.902  1.789  34.302 0.0000000000
70255  9.006  -15.410  42.054 0.0000000000
71541  9.288  -14.614  42.343 0.0000000000
71542  8.526  -14.773  42.437 0.0000000000
72848  8.148  -14.228  42.828 0.0000000000
72832  7.707  -13.886  43.315 0.0000000000
72756  14.536  -14.002  47.181 0.0000000000
73960  14.782  -13.421  47.321 0.0000000000
72771  14.291  -14.043  46.530 0.0000000000
72787  14.037  -14.063  45.746 0.0000000000
150697  13.506  -14.405  44.980 0.0000000000
72807  13.747  -14.128  44.991 0.0000000000
71518  13.660  -14.687  43.529 0.0000000000
71537  13.567  -14.969  42.879 0.0000000000
70251  13.461  -15.333  42.219 0.0000000000
165782  12.509  -15.667  42.183 0.0000000000
90572  36.685  -0.269  25.612 0.0000000000
148913  37.419  -0.297  25.336 0.0000000000
153632  12.219  -14.917  50.412 0.0000000000
70144  12.667  -15.088  50.886 0.0000000000
89343  34.916  -1.808  32.890 0.0000000000
89352  34.571  -2.219  32.445 0.0000000000
88189  33.764  -3.194  31.901 0.0000000000
88188  34.190  -2.805  31.914 0.0000000000
89363  34.513  -1.892  31.704 0.0000000000
90528  34.826  -0.971  31.281 0.0000000000
90536  34.733  -0.936  30.319 0.0000000000
90539  34.751  -0.666  29.451 0.0000000000
173919  34.376  -1.232  29.794 0.0000000000
151063  33.612  -1.356  28.858 0.0000000000
173564  32.545  -2.121  28.067 0.0000000000
89393  32.921  -1.613  27.525 0.0000000000
88247  32.724  -2.195  26.835 0.0000000000
164280  8.677  -12.969  49.467 0.0000000000
73935  8.321  -12.809  48.914 0.0000000000
151212  8.104  -12.725  49.650 0.0000000000
75231  6.900  -12.169  49.330 0.0000000000
75232  6.202  -11.920  48.750 0.0000000000
149081  5.327  -11.611  48.669 0.0000000000
149964  0.877  -11.183  50.420 0.0000000000
76521  0.152  -11.363  50.215 0.0000000000
75218  0.239  -11.581  49.289 0.0000000000
75238  -0.364  -11.999  48.910 0.0000000000
178654  -0.178  -12.373  48.383 0.0000000000
72750  -0.625  -13.603  47.820 0.0000000000
71443  -1.556  -14.557  47.759 0.0000000000
72739  -2.168  -14.000  49.126 0.0000000000
83316  19.411  -5.590  44.686 0.0000000000
83328  19.468  -5.711  43.751 0.0000000000
169095  20.125  -6.808  42.833 0.0000000000
82154  19.890  -7.046  42.196 0.0000000000
81132  20.398  -7.573  41.760 0.0000000000
81131  21.426  -7.841  41.874 0.0000000000
170463  22.239  -8.073  41.591 0.0000000000
81117  22.660  -7.683  42.902 0.0000000000
156861  23.009  -8.232  41.734 0.0000000000
80058  23.357  -8.800  41.290 0.0000000000
77832  24.384  -10.445  40.786 0.0000000000
76581  18.138  -10.689  45.887 0.0000000000
76566  19.142  -10.772  46.789 0.0000000000
76580  18.965  -10.602  45.835 0.0000000000
76596  19.610  -10.523  45.075 0.0000000000
77794  18.875  -10.389  44.279 0.0000000000
169730  19.394  -10.476  44.494 0.0000000000
76595  20.086  -10.702  44.294 0.0000000000
76612  20.750  -11.097  43.576 0.0000000000
152243  19.902  -11.187  41.555 0.0000000000
76668  18.504  -11.104  40.826 0.0000000000
76667  19.342  -11.195  40.980 0.0000000000
86954  22.180  -2.997  36.257 0.0000000000
169321  22.363  -2.705  35.540 0.0000000000
85818  21.754  -3.695  34.929 0.0000000000
85819  21.310  -4.340  34.684 0.0000000000
85835  21.438  -4.714  34.016 0.0000000000
84702  20.645  -5.349  34.759 0.0000000000
84701  21.048  -5.352  34.118 0.0000000000
84713  21.301  -5.238  33.611 0.0000000000
83546  20.777  -6.124  32.695 0.0000000000
99126  47.773  6.357  22.387 0.0000000000
98101  46.193  5.983  22.970 0.0000000000
98112  46.519  5.766  22.223 0.0000000000
87033  31.412  -3.595  30.269 0.0000000000
85912  30.907  -3.940  29.211 0.0000000000
85896  30.873  -3.834  29.723 0.0000000000
171885  30.382  -3.959  29.219 0.0000000000
87035  29.716  -2.975  29.979 0.0000000000
87054  29.211  -3.379  29.363 0.0000000000
89375  27.655  -1.537  30.323 0.0000000000
161079  26.932  -1.764  30.038 0.0000000000
159059  27.542  -2.099  29.788 0.0000000000
87056  27.617  -3.045  28.907 0.0000000000
85916  27.313  -3.438  28.474 0.0000000000
93768  32.182  2.115  34.500 0.0000000000
90500  33.192  -0.953  32.896 0.0000000000
88183  32.889  -2.476  32.251 0.0000000000
90501  31.808  -0.606  32.589 0.0000000000
89354  32.056  -1.959  32.026 0.0000000000
149561  32.471  -2.839  31.917 0.0000000000
87019  31.998  -3.346  31.012 0.0000000000
178711  21.056  -11.079  51.692 0.0000000000
76491  20.677  -11.294  51.332 0.0000000000
76511  20.405  -11.275  50.582 0.0000000000
157344  20.135  -11.208  49.960 0.0000000000
75227  18.354  -11.756  49.613 0.0000000000
76545  18.620  -11.111  48.180 0.0000000000
76556  18.413  -10.960  47.361 0.0000000000
75261  14.951  -12.536  47.409 0.0000000000
75260  15.501  -12.107  47.598 0.0000000000
75279  14.631  -12.526  45.935 0.0000000000
75278  15.227  -11.737  46.221 0.0000000000
76559  15.952  -11.492  46.872 0.0000000000
76558  16.835  -11.229  47.043 0.0000000000
76568  17.418  -10.858  46.300 0.0000000000
76597  16.902  -10.597  44.909 0.0000000000
77783  16.971  -10.465  44.254 0.0000000000
169834  15.380  -11.254  43.406 0.0000000000
76616  16.025  -10.741  43.423 0.0000000000
76653  15.762  -11.112  42.003 0.0000000000
75338  15.148  -12.401  40.338 0.0000000000
70293  13.017  -16.123  40.886 0.0000000000
155596  19.173  -7.272  37.040 0.0000000000
93838  42.333  1.786  27.654 0.0000000000
90571  38.069  0.181  25.969 0.0000000000
91749  38.806  0.374  26.136 0.0000000000
91735  39.955  0.688  26.423 0.0000000000
90588  39.558  0.152  25.290 0.0000000000
91747  40.137  0.488  25.754 0.0000000000
92869  41.245  1.126  26.767 0.0000000000
92857  42.602  1.551  27.064 0.0000000000
92867  42.804  1.409  26.353 0.0000000000
92875  43.040  1.311  25.549 0.0000000000
92883  42.935  1.180  24.732 0.0000000000
92882  43.497  1.502  24.977 0.0000000000
92888  43.382  1.555  24.324 0.0000000000
93859  43.658  2.080  24.021 0.0000000000
93862  43.442  2.234  23.117 0.0000000000
94854  43.774  2.846  22.799 0.0000000000
92894  42.917  1.650  22.384 0.0000000000
72788  11.464  -14.200  45.161 0.0000000000
72758  10.478  -13.684  47.144 0.0000000000
72726  11.109  -14.276  50.037 0.0000000000
72715  10.877  -14.090  50.897 0.0000000000
72727  10.402  -13.823  50.152 0.0000000000
73922  9.193  -13.187  49.781 0.0000000000
73911  8.659  -12.907  51.032 0.0000000000
73899  8.398  -12.873  51.982 0.0000000000
77682  21.310  -10.240  53.495 0.0000000000
77683  21.225  -10.890  52.919 0.0000000000
76473  20.833  -11.330  52.284 0.0000000000
150071  18.776  -12.367  51.434 0.0000000000
75200  18.359  -12.360  50.924 0.0000000000
75213  16.840  -12.610  49.948 0.0000000000
73932  15.464  -13.383  49.022 0.0000000000
176053  15.251  -13.696  48.964 0.0000000000
72746  14.784  -13.884  47.799 0.0000000000
71438  14.463  -14.268  47.572 0.0000000000
71466  13.746  -14.786  46.740 0.0000000000
71452  13.380  -14.961  47.278 0.0000000000
71467  13.212  -14.965  46.610 0.0000000000
150206  13.107  -14.882  46.017 0.0000000000
93813  39.600  2.688  30.774 0.0000000000
93814  39.305  2.172  30.081 0.0000000000
92840  38.132  1.421  30.047 0.0000000000
92845  38.263  1.295  29.275 0.0000000000
91730  37.303  0.525  27.553 0.0000000000
90557  36.795  0.271  26.856 0.0000000000
90542  35.313  -0.211  29.027 0.0000000000
149384  35.314  -0.128  28.205 0.0000000000
164062  35.311  -0.111  27.355 0.0000000000
90547  35.904  0.200  27.787 0.0000000000
90546  36.003  0.176  27.021 0.0000000000
149321  36.227  -0.088  26.194 0.0000000000
157096  36.109  -0.421  25.486 0.0000000000
72809  9.370  -13.307  44.721 0.0000000000
73983  9.304  -13.108  46.128 0.0000000000
174353  8.356  -13.187  44.479 0.0000000000
152211  7.851  -12.799  47.538 0.0000000000
73985  7.385  -12.808  46.214 0.0000000000
74020  7.002  -13.122  44.757 0.0000000000
152984  6.522  -13.518  44.336 0.0000000000
72813  5.930  -13.812  44.294 0.0000000000
148051  5.400  -14.130  44.252 0.0000000000
72792  4.826  -13.482  45.036 0.0000000000
72814  4.912  -14.078  44.540 0.0000000000
156696  4.366  -14.597  44.481 0.0000000000
76499  5.324  -11.452  50.677 0.0000000000
160222  4.474  -11.482  48.772 0.0000000000
76503  2.031  -10.978  50.845 0.0000000000
76502  2.808  -10.944  50.690 0.0000000000
178335  2.919  -11.095  49.998 0.0000000000
76534  2.560  -11.310  49.266 0.0000000000
75235  3.223  -11.409  48.886 0.0000000000
75250  3.951  -11.744  48.028 0.0000000000
161421  3.457  -12.426  46.763 0.0000000000
72776  2.986  -13.440  45.972 0.0000000000
72777  2.315  -13.297  46.266 0.0000000000
72794  3.064  -14.041  45.433 0.0000000000
72679  -3.951  -14.187  53.436 0.0000000000
70122  -4.536  -15.518  53.104 0.0000000000
149477  -4.846  -16.169  53.083 0.0000000000
92746  27.128  1.970  37.314 0.0000000000
88107  23.375  -1.606  36.947 0.0000000000
88119  22.941  -2.106  36.736 0.0000000000
86940  22.555  -2.602  36.900 0.0000000000
85796  21.824  -3.527  36.634 0.0000000000
152171  21.291  -3.796  37.883 0.0000000000
165255  21.107  -4.128  37.289 0.0000000000
84661  20.763  -4.601  36.829 0.0000000000
83480  19.654  -5.817  37.337 0.0000000000
85731  20.547  -4.251  39.803 0.0000000000
84634  20.215  -4.926  39.581 0.0000000000
160544  20.070  -5.063  38.940 0.0000000000
84649  19.732  -5.510  38.549 0.0000000000
83461  19.556  -6.068  38.059 0.0000000000
82269  19.359  -6.635  37.428 0.0000000000
161883  19.312  -7.427  37.656 0.0000000000
80097  19.398  -8.153  37.682 0.0000000000
80087  19.768  -8.151  38.839 0.0000000000
80096  19.955  -8.824  38.546 0.0000000000
77865  22.016  -10.354  38.011 0.0000000000
80072  21.372  -8.892  40.027 0.0000000000
78961  22.146  -9.285  39.836 0.0000000000
78974  21.559  -9.482  39.294 0.0000000000
78985  22.301  -10.113  38.777 0.0000000000
77876  23.069  -10.890  37.496 0.0000000000
76719  24.178  -11.365  37.394 0.0000000000
74141  24.211  -12.227  36.750 0.0000000000
152846  22.889  -6.777  46.068 0.0000000000
152280  21.650  -10.476  51.335 0.0000000000
78837  22.505  -9.899  50.585 0.0000000000
76526  21.415  -10.830  49.657 0.0000000000
77712  21.883  -10.555  49.866 0.0000000000
79950  23.618  -8.861  49.044 0.0000000000
76554  20.535  -10.873  47.297 0.0000000000
76553  21.257  -10.877  47.625 0.0000000000
77751  21.807  -10.856  47.176 0.0000000000
77739  22.561  -10.440  48.376 0.0000000000
77738  23.068  -10.046  48.624 0.0000000000
78858  23.398  -9.481  48.820 0.0000000000
79949  23.852  -8.223  48.727 0.0000000000
155651  24.035  -9.065  47.139 0.0000000000
79989  24.188  -8.198  46.719 0.0000000000
81048  24.118  -7.256  47.190 0.0000000000
81060  24.071  -7.285  46.522 0.0000000000
82095  23.886  -7.178  46.044 0.0000000000
81075  23.711  -7.408  45.158 0.0000000000
81102  23.952  -7.979  43.826 0.0000000000
78932  24.116  -9.323  42.921 0.0000000000
78940  24.029  -9.722  42.075 0.0000000000
77820  24.219  -10.333  41.638 0.0000000000
76630  21.814  -11.273  42.513 0.0000000000
76647  22.201  -11.335  41.870 0.0000000000
76665  22.673  -11.424  41.194 0.0000000000
76664  23.611  -11.112  41.037 0.0000000000
75332  23.266  -11.369  40.455 0.0000000000
170456  22.971  -12.189  38.791 0.0000000000
74125  21.596  -12.936  37.815 0.0000000000
92760  26.794  1.135  36.117 0.0000000000
91646  26.477  0.796  35.574 0.0000000000
91664  25.895  0.231  34.586 0.0000000000
90470  24.816  -0.561  34.581 0.0000000000
90483  25.496  -0.373  33.511 0.0000000000
90509  25.051  -0.725  33.148 0.0000000000
89360  23.936  -1.607  32.121 0.0000000000
88192  23.831  -1.959  31.376 0.0000000000
86978  22.291  -2.966  34.758 0.0000000000
86991  22.406  -3.047  33.878 0.0000000000
87000  22.449  -3.092  33.150 0.0000000000
85871  22.141  -4.219  32.376 0.0000000000
85852  22.291  -3.687  32.766 0.0000000000
88185  22.861  -2.557  32.851 0.0000000000
87009  22.984  -2.678  32.121 0.0000000000
87022  23.358  -2.738  31.261 0.0000000000
87040  23.655  -3.162  30.419 0.0000000000
94865  43.771  2.875  21.858 0.0000000000
94876  43.994  2.763  21.215 0.0000000000
93866  44.130  2.306  20.808 0.0000000000
71357  -4.386  -14.448  54.095 0.0000000000
73933  15.069  -13.720  48.493 0.0000000000
73944  15.284  -13.118  48.530 0.0000000000
73953  -0.359  -12.969  48.108 0.0000000000
73982  14.460  -13.354  46.452 0.0000000000
75299  14.519  -12.285  43.466 0.0000000000
75337  15.557  -11.836  40.681 0.0000000000
76472  21.283  -10.862  51.219 0.0000000000
76611  21.604  -11.309  43.203 0.0000000000
76617  15.512  -11.142  44.067 0.0000000000
76629  23.279  -11.047  42.626 0.0000000000
76635  16.247  -10.661  42.521 0.0000000000
76636  15.567  -11.109  42.772 0.0000000000
76683  18.916  -11.338  40.217 0.0000000000
77700  22.281  -10.281  50.057 0.0000000000
77740  21.994  -10.763  48.011 0.0000000000
77768  18.390  -10.528  45.368 0.0000000000
77808  18.263  -10.325  43.226 0.0000000000
78960  22.973  -9.354  40.166 0.0000000000
81059  24.156  -7.652  46.812 0.0000000000
81074  23.965  -7.566  45.696 0.0000000000
81103  23.763  -7.705  43.621 0.0000000000
81130  22.436  -7.898  42.141 0.0000000000
83494  19.566  -6.199  36.194 0.0000000000
83509  20.221  -5.721  35.143 0.0000000000
83569  22.536  -5.243  30.473 0.0000000000
86970  22.049  -3.171  35.475 0.0000000000
87010  22.604  -3.194  32.444 0.0000000000
87023  22.787  -3.309  31.695 0.0000000000
88178  22.798  -2.477  33.571 0.0000000000
88207  28.394  -2.048  30.088 0.0000000000
88216  27.240  -2.536  29.230 0.0000000000
88218  25.810  -2.560  29.351 0.0000000000
89306  23.670  -1.354  35.270 0.0000000000
89344  34.317  -2.265  32.573 0.0000000000
89359  24.626  -1.131  31.785 0.0000000000
89365  29.963  -1.596  30.919 0.0000000000
89370  25.187  -1.165  31.047 0.0000000000
89376  26.180  -1.557  30.206 0.0000000000
89410  34.890  -0.804  25.310 0.0000000000
90469  25.383  -0.229  34.209 0.0000000000
90482  26.608  0.220  33.308 0.0000000000
90484  24.924  -0.662  33.830 0.0000000000
90518  31.580  -1.071  32.198 0.0000000000
90529  29.138  -0.484  31.481 0.0000000000
90538  35.305  -0.355  29.817 0.0000000000
91647  25.915  0.355  35.497 0.0000000000
91710  36.692  0.532  30.589 0.0000000000
91721  38.693  0.957  27.866 0.0000000000
91727  39.731  0.865  27.066 0.0000000000
91728  38.963  0.766  27.199 0.0000000000
92747  26.679  1.424  36.973 0.0000000000
92839  38.762  1.686  29.713 0.0000000000
92853  38.456  1.133  28.559 0.0000000000
93767  33.122  2.112  34.596 0.0000000000
93854  44.276  2.308  25.201 0.0000000000
97034  44.696  4.528  23.420 0.0000000000
97043  45.728  5.508  22.565 0.0000000000
97075  45.744  4.717  21.368 0.0000000000
98129  48.330  5.764  21.168 0.0000000000
149937  -4.331  -15.269  52.377 0.0000000000
153627  39.043  2.312  30.781 0.0000000000
154571  24.529  -1.107  32.680 0.0000000000
156874  26.818  -4.109  27.932 0.0000000000
157856  21.521  -10.409  52.658 0.0000000000
162564  24.119  -9.336  46.526 0.0000000000
162952  1.987  -11.904  48.114 0.0000000000
163536  34.493  -1.549  30.948 0.0000000000
163679  23.381  -7.001  45.645 0.0000000000
164646  32.478  -3.274  31.606 0.0000000000
165060  11.260  -14.303  51.531 0.0000000000
167028  21.437  -10.752  50.132 0.0000000000
168734  16.766  -11.739  48.139 0.0000000000
170346  45.135  4.549  21.855 0.0000000000
170491  36.820  0.517  28.003 0.0000000000
172359  26.920  -2.189  29.585 0.0000000000
172643  23.911  -8.492  47.738 0.0000000000
173218  22.981  -10.890  44.560 0.0000000000
176585  20.679  -11.518  40.804 0.0000000000
178268  23.967  -7.081  46.554 0.0000000000
179097  20.949  -4.150  37.731 0.0000000000
179155  24.148  -1.522  31.563 0.0000000000
