#!ascii label  , from subject sub-v2s1x29884_ses-1 vox2ras=TkReg
1432
70732  -22.278  -14.388  -33.094 0.4285714328
71920  -22.535  -13.137  -33.874 0.2857142985
70744  -22.403  -13.782  -33.461 0.4285714328
182222  -22.958  -12.629  -33.556 0.4285714328
73041  -23.406  -12.210  -33.224 0.4285714328
71931  -22.693  -12.539  -34.308 0.2857142985
73051  -23.185  -12.062  -33.968 0.4285714328
73064  -23.530  -11.528  -34.438 0.4285714328
74293  -23.312  -11.465  -35.277 0.4285714328
74318  -23.394  -10.781  -36.542 0.4285714328
75770  -24.018  -10.325  -36.164 0.4285714328
75800  -23.662  -10.265  -37.844 0.5714285970
75785  -23.828  -10.255  -36.983 0.5714285970
75786  -24.501  -9.735  -36.648 0.4285714328
164922  -25.696  -8.895  -36.994 0.2857142985
161875  -24.717  -9.356  -37.898 0.7142857313
77257  -25.339  -9.021  -37.554 0.7142857313
80197  -27.223  -7.693  -37.686 0.7142857313
158158  -28.022  -7.484  -37.794 0.4285714328
78720  -25.690  -8.488  -38.203 0.7142857313
78704  -26.013  -8.535  -37.419 0.5714285970
81698  -29.094  -6.842  -38.367 0.5714285970
80211  -26.845  -7.465  -38.435 0.5714285970
80213  -28.308  -7.034  -38.391 0.5714285970
81710  -29.489  -6.454  -38.992 0.5714285970
81699  -29.930  -6.766  -38.330 0.5714285970
171673  -27.231  -7.132  -38.916 0.5714285970
81700  -30.793  -6.808  -38.286 0.4285714328
83026  -31.822  -6.135  -39.309 0.5714285970
81726  -34.043  -7.117  -40.074 0.5714285970
81724  -29.161  -6.141  -39.655 0.7142857313
83039  -33.054  -5.999  -39.829 0.7142857313
81737  -34.182  -6.506  -40.765 0.7142857313
80251  -34.533  -7.352  -40.844 0.5714285970
83024  -30.353  -5.972  -39.681 0.5714285970
80238  -27.001  -6.997  -40.303 0.5714285970
83051  -32.591  -5.456  -40.207 0.8571428657
80263  -34.893  -7.370  -41.562 0.7142857313
169880  -34.792  -8.033  -41.936 0.5714285970
83050  -31.722  -5.248  -40.420 0.7142857313
178499  -29.616  -5.535  -40.451 0.5714285970
80279  -34.984  -8.183  -43.286 0.7142857313
78781  -34.363  -9.392  -43.413 0.5714285970
83052  -33.826  -5.692  -40.762 0.7142857313
80273  -35.178  -7.497  -42.439 0.7142857313
78788  -34.788  -8.675  -44.001 0.5714285970
81752  -35.036  -6.614  -41.912 0.7142857313
166153  -34.360  -9.649  -44.379 0.5714285970
83064  -33.914  -5.272  -41.311 0.5714285970
81769  -35.304  -6.554  -42.749 0.7142857313
80280  -35.140  -7.877  -44.102 0.7142857313
78801  -34.705  -9.669  -47.096 0.7142857313
78794  -34.508  -9.664  -45.539 0.7142857313
81777  -35.356  -7.109  -44.264 0.7142857313
78795  -34.934  -8.456  -45.025 0.7142857313
78802  -34.943  -8.414  -46.674 0.7142857313
75916  -35.060  -9.712  -48.902 0.7142857313
77367  -34.644  -10.231  -48.081 0.5714285970
80285  -35.399  -7.591  -44.897 0.7142857313
84179  -34.519  -5.292  -42.760 0.5714285970
78817  -35.547  -8.512  -48.365 0.5714285970
80291  -36.088  -7.625  -47.010 0.5714285970
81782  -35.555  -7.032  -45.370 0.8571428657
83113  -35.404  -6.483  -44.555 0.8571428657
162197  -35.786  -7.364  -47.927 0.7142857313
81791  -35.932  -6.989  -47.528 0.7142857313
175690  -35.679  -7.153  -46.966 0.8571428657
81786  -35.802  -7.489  -47.558 0.7142857313
83144  -36.187  -6.369  -48.350 0.8571428657
157908  -36.486  -6.110  -46.708 0.5714285970
169868  -35.905  -6.859  -48.134 0.8571428657
175765  -35.356  -6.831  -48.070 0.8571428657
83123  -35.714  -6.912  -47.447 0.8571428657
167469  -35.892  -5.002  -49.042 0.8571428657
86533  -35.509  -3.441  -47.583 0.8571428657
183277  -34.788  -2.092  -48.408 0.8571428657
83143  -35.588  -6.645  -48.364 0.8571428657
85362  -35.326  -3.987  -49.123 0.8571428657
86545  -33.415  -2.994  -50.656 1.0000000000
86546  -34.520  -3.335  -49.754 1.0000000000
84274  -35.688  -4.972  -49.305 0.8571428657
87657  -34.141  -2.208  -50.061 1.0000000000
86550  -34.161  -3.779  -50.701 1.0000000000
178963  -34.142  -0.158  -49.792 1.0000000000
92388  -33.489  1.083  -48.148 0.7142857313
87652  -34.412  -1.537  -49.541 1.0000000000
88840  -33.646  -1.272  -49.427 1.0000000000
187087  -34.251  0.150  -49.972 1.0000000000
95028  -32.757  3.340  -51.446 1.0000000000
95015  -31.208  2.869  -50.212 0.8571428657
96318  -29.617  3.150  -53.023 0.8571428657
95036  -30.195  3.133  -52.121 1.0000000000
167224  -25.786  4.515  -54.934 0.8571428657
95050  -26.991  2.769  -53.915 0.8571428657
96330  -28.359  3.198  -53.635 1.0000000000
101075  -24.870  7.117  -55.019 0.8571428657
99939  -25.174  6.121  -54.714 0.8571428657
102285  -24.390  8.140  -55.024 0.7142857313
163446  -25.069  6.984  -53.539 0.5714285970
104582  -25.699  10.871  -53.741 0.7142857313
167943  -25.070  10.473  -54.493 0.5714285970
104568  -27.873  11.022  -51.338 0.5714285970
102275  -26.473  9.097  -52.151 0.5714285970
178095  -28.128  11.268  -50.757 0.4285714328
107855  -28.330  14.388  -51.143 0.4285714328
106798  -27.991  14.658  -52.100 0.4285714328
110872  -27.768  16.441  -49.299 0.2857142985
111877  -27.127  17.380  -48.936 0.2857142985
109873  -28.388  14.987  -49.001 0.2857142985
113802  -26.010  18.740  -47.582 0.2857142985
71930  -22.253  -13.093  -34.667 0.2857142985
81711  -30.366  -6.392  -39.015 0.5714285970
171110  -34.703  -8.554  -42.606 0.5714285970
168787  -36.301  -6.541  -46.778 0.5714285970
169438  -35.031  -7.635  -47.880 0.7142857313
80295  -35.280  -8.249  -48.137 0.7142857313
84247  -36.325  -6.326  -47.594 0.8571428657
84246  -36.517  -5.438  -47.446 0.8571428657
85356  -35.864  -4.397  -47.443 0.8571428657
86540  -35.351  -3.395  -48.355 0.8571428657
92393  -33.871  1.530  -49.107 0.8571428657
116891  -23.595  20.846  -45.561 0.1428571492
73062  -22.458  -12.560  -35.163 0.2857142985
73063  -22.978  -12.009  -34.793 0.2857142985
75757  -24.226  -10.487  -35.392 0.4285714328
73074  -22.727  -12.015  -35.683 0.2857142985
75771  -24.608  -9.927  -35.789 0.4285714328
75784  -23.206  -10.751  -37.381 0.5714285970
77255  -24.224  -9.751  -37.453 0.5714285970
77271  -24.142  -9.732  -38.272 0.2857142985
77273  -25.154  -8.984  -38.210 0.7142857313
80212  -27.589  -7.282  -38.372 0.4285714328
178257  -26.691  -7.392  -39.198 0.5714285970
81714  -33.381  -7.026  -38.985 0.4285714328
81708  -27.905  -6.613  -39.636 0.7142857313
81712  -31.286  -6.526  -38.853 0.7142857313
83027  -32.762  -6.462  -39.244 0.5714285970
81715  -33.713  -7.206  -39.397 0.4285714328
173074  -33.334  -5.560  -40.285 0.7142857313
81738  -34.663  -6.743  -41.278 0.7142857313
83035  -29.079  -5.784  -40.315 0.5714285970
77356  -34.379  -10.910  -45.908 0.5714285970
160072  -30.890  -5.228  -40.655 0.5714285970
77345  -34.068  -10.805  -44.804 0.5714285970
80274  -35.276  -7.273  -43.385 0.7142857313
161740  -34.559  -10.805  -47.046 0.5714285970
84153  -34.296  -5.240  -41.963 0.8571428657
80290  -35.466  -7.660  -46.197 0.7142857313
172405  -36.555  -5.630  -46.750 0.5714285970
83154  -35.458  -6.383  -48.490 1.0000000000
170188  -34.699  -1.397  -48.371 1.0000000000
85374  -33.037  -4.654  -51.799 1.0000000000
89979  -33.720  0.093  -48.504 0.8571428657
93713  -32.018  2.157  -48.286 0.7142857313
156519  -32.772  2.360  -49.044 1.0000000000
93733  -34.366  2.235  -50.041 1.0000000000
95016  -32.115  3.042  -50.387 0.7142857313
95018  -34.184  2.552  -50.571 1.0000000000
93723  -31.803  2.425  -48.927 0.7142857313
95037  -31.223  3.454  -52.175 0.8571428657
180336  -26.264  3.151  -54.671 0.8571428657
96331  -29.567  3.569  -53.477 1.0000000000
96319  -30.785  3.665  -52.930 1.0000000000
101071  -24.656  7.268  -54.759 0.7142857313
105684  -28.489  12.413  -50.035 0.7142857313
101061  -25.795  7.711  -52.540 0.5714285970
103442  -26.609  10.117  -52.435 0.7142857313
104583  -26.626  11.346  -52.904 0.7142857313
104553  -28.300  10.311  -50.457 0.4285714328
111889  -28.002  16.562  -50.561 0.2857142985
109886  -28.486  15.307  -50.882 0.4285714328
105699  -26.704  12.291  -53.415 0.4285714328
109887  -28.516  14.745  -51.715 0.4285714328
113809  -26.717  18.594  -48.318 0.2857142985
78730  -25.048  -8.717  -39.327 0.4285714328
78731  -25.618  -8.306  -39.035 0.4285714328
108853  -28.569  14.382  -50.222 0.4285714328
172518  -28.321  15.521  -49.577 0.2857142985
112852  -26.773  18.024  -48.623 0.2857142985
71910  -22.867  -13.250  -33.130 0.4285714328
71919  -22.037  -13.655  -34.213 0.2857142985
185360  -23.241  -12.772  -32.950 0.4285714328
74304  -23.063  -11.397  -36.127 0.2857142985
74305  -23.680  -10.925  -35.737 0.4285714328
74317  -22.897  -11.390  -37.007 0.4285714328
77256  -24.782  -9.427  -37.270 0.4285714328
78719  -25.247  -8.745  -38.688 0.5714285970
78732  -26.129  -7.753  -38.672 0.5714285970
80228  -27.821  -6.908  -39.010 0.5714285970
180083  -29.807  -6.148  -39.457 0.5714285970
81713  -32.175  -6.712  -38.756 0.4285714328
83038  -31.813  -5.712  -39.861 0.7142857313
81723  -28.369  -6.131  -40.093 0.7142857313
83037  -31.042  -5.670  -39.979 0.7142857313
80227  -27.272  -7.003  -39.641 0.7142857313
84135  -32.392  -5.086  -40.855 0.5714285970
84151  -32.629  -4.906  -41.545 0.7142857313
83084  -35.021  -5.869  -43.153 0.8571428657
160564  -34.625  -9.255  -48.530 0.7142857313
83098  -35.108  -6.009  -43.924 0.8571428657
83132  -36.073  -6.688  -47.655 0.8571428657
83155  -35.883  -6.449  -48.764 0.8571428657
84259  -36.476  -5.444  -48.580 0.8571428657
83131  -35.143  -6.179  -47.244 0.8571428657
84281  -35.072  -4.789  -50.246 1.0000000000
89986  -33.728  -0.576  -48.995 1.0000000000
93714  -32.925  1.989  -48.438 0.8571428657
98846  -25.460  5.189  -54.278 0.8571428657
99938  -25.066  6.341  -54.612 0.8571428657
172707  -25.063  7.871  -53.839 0.7142857313
103455  -24.902  9.343  -54.584 0.7142857313
102274  -25.489  8.706  -53.125 0.5714285970
104567  -27.406  10.556  -51.842 0.5714285970
103427  -27.239  9.445  -51.446 0.5714285970
168525  -28.884  11.376  -49.233 0.4285714328
106788  -27.622  13.286  -51.229 0.4285714328
111876  -26.140  17.110  -48.129 0.2857142985
109856  -28.573  14.501  -49.325 0.2857142985
115825  -24.997  19.820  -46.810 0.2857142985
116890  -23.487  20.743  -46.365 0.1428571492
77272  -24.709  -9.217  -38.718 0.2857142985
95008  -32.518  2.769  -49.669 1.0000000000
104584  -27.252  11.960  -52.362 0.5714285970
112886  -29.873  17.310  -51.451 0.2857142985
175258  -28.161  19.999  -48.561 0.1428571492
111907  -29.180  16.874  -52.484 0.2857142985
111900  -30.383  16.511  -50.875 0.2857142985
186474  -28.004  19.299  -49.444 0.1428571492
167838  -27.980  20.671  -48.206 0.1428571492
113810  -27.174  18.765  -49.310 0.1428571492
162360  -28.235  17.520  -53.113 0.2857142985
114746  -26.952  19.601  -48.624 0.1428571492
163017  -30.777  13.923  -50.589 0.2857142985
110883  -29.684  15.489  -51.660 0.2857142985
105728  -30.162  10.507  -55.562 0.2857142985
106816  -30.431  12.095  -53.145 0.2857142985
117867  -26.670  22.253  -48.232 0.1428571492
107856  -28.463  14.160  -51.116 0.2857142985
104611  -27.118  10.756  -55.447 0.2857142985
107872  -30.021  13.532  -51.626 0.2857142985
110889  -28.836  15.275  -52.724 0.2857142985
103443  -28.701  9.094  -52.598 0.1428571492
105718  -28.322  11.275  -54.667 0.2857142985
106815  -29.244  12.340  -53.072 0.2857142985
116901  -26.192  20.878  -48.461 0.1428571492
106805  -28.406  13.565  -52.630 0.2857142985
108867  -29.225  14.499  -51.738 0.2857142985
104569  -31.794  10.229  -50.935 0.1428571492
103445  -30.068  9.333  -51.575 0.1428571492
104599  -28.021  10.306  -54.931 0.4285714328
105706  -25.439  11.922  -54.868 0.2857142985
99911  -29.976  6.329  -51.889 0.2857142985
99934  -27.296  7.359  -53.464 0.4285714328
103463  -25.535  9.479  -55.276 0.2857142985
106797  -27.331  13.957  -52.154 0.2857142985
98797  -31.342  6.585  -49.620 0.1428571492
101064  -29.213  7.994  -51.726 0.2857142985
102293  -25.561  8.501  -55.036 0.4285714328
98827  -28.386  6.092  -52.885 0.5714285970
101076  -25.843  7.537  -54.568 0.7142857313
98799  -32.580  5.747  -49.107 0.1428571492
180217  -31.542  6.159  -50.348 0.1428571492
99940  -26.107  6.476  -54.326 0.7142857313
103462  -24.904  8.701  -55.070 0.4285714328
161427  -29.786  5.742  -52.603 0.4285714328
97554  -33.127  5.215  -47.603 0.2857142985
97569  -33.337  5.087  -49.655 0.7142857313
98842  -27.266  5.815  -53.421 0.7142857313
96320  -31.837  4.114  -52.705 0.8571428657
178515  -32.174  4.908  -52.427 0.8571428657
98843  -29.163  5.304  -53.119 0.5714285970
96275  -34.269  4.392  -46.956 0.2857142985
97555  -33.844  4.780  -47.279 0.2857142985
98844  -30.140  5.023  -53.131 0.7142857313
96328  -25.477  3.141  -54.139 0.5714285970
97618  -29.463  4.240  -53.391 0.8571428657
96271  -34.388  3.841  -45.574 0.1428571492
97578  -34.100  4.435  -50.236 0.7142857313
93687  -34.638  2.438  -45.494 0.1428571492
86531  -32.206  -3.679  -48.533 0.5714285970
175192  -33.255  -2.042  -50.129 0.8571428657
88839  -32.992  -1.395  -48.402 0.8571428657
87651  -32.757  -2.150  -49.260 0.4285714328
172327  -33.085  -0.679  -47.775 0.5714285970
95017  -33.438  2.916  -50.709 0.8571428657
92395  -34.482  1.645  -49.313 0.8571428657
95039  -33.176  3.765  -52.137 0.8571428657
165424  -34.678  1.706  -46.147 0.2857142985
96300  -34.671  3.423  -49.327 0.8571428657
96313  -33.948  4.125  -51.116 0.8571428657
97619  -30.374  4.273  -53.379 0.8571428657
170230  -34.635  0.822  -44.784 0.4285714328
95001  -34.722  2.949  -48.039 0.7142857313
96292  -34.372  4.145  -48.771 0.7142857313
86525  -31.723  -3.782  -47.396 0.2857142985
86538  -32.038  -3.766  -50.179 0.5714285970
87656  -33.427  -2.254  -50.376 0.8571428657
91189  -34.312  0.923  -49.191 0.8571428657
92394  -34.396  1.385  -49.445 0.8571428657
93724  -34.545  2.129  -49.509 0.8571428657
176034  -34.375  2.866  -50.550 0.8571428657
172870  -34.748  0.146  -46.204 0.4285714328
91183  -34.668  0.910  -47.825 0.8571428657
95009  -34.758  2.786  -49.020 0.8571428657
91167  -34.675  0.202  -45.163 0.4285714328
84198  -32.616  -4.715  -43.308 0.7142857313
84218  -32.219  -4.575  -44.136 0.4285714328
157682  -33.960  -4.847  -43.852 0.7142857313
84232  -34.659  -5.221  -45.957 0.8571428657
85321  -33.118  -4.303  -45.371 0.5714285970
85346  -31.816  -4.055  -47.052 0.5714285970
85335  -31.212  -3.928  -45.835 0.4285714328
84245  -34.593  -5.259  -46.998 0.8571428657
168982  -32.820  -4.107  -47.344 0.5714285970
85355  -32.225  -3.880  -48.010 0.5714285970
84266  -34.872  -5.775  -49.337 0.8571428657
85361  -32.786  -4.916  -49.930 0.7142857313
85360  -32.218  -4.252  -49.460 0.5714285970
86526  -35.154  -2.740  -47.019 0.7142857313
87646  -34.898  -2.068  -47.511 0.7142857313
167882  -34.667  -0.684  -48.221 0.7142857313
188287  -34.669  -0.150  -48.100 0.8571428657
87620  -34.809  -2.018  -44.762 0.2857142985
87632  -34.841  -2.045  -45.628 0.4285714328
88831  -34.797  -1.328  -46.130 0.5714285970
84134  -31.667  -5.030  -41.288 0.4285714328
84175  -31.303  -4.923  -42.718 0.4285714328
84197  -31.808  -4.800  -43.431 0.4285714328
171990  -35.483  -6.494  -45.785 0.7142857313
84221  -34.526  -5.178  -44.795 0.7142857313
83122  -35.199  -5.942  -45.922 0.7142857313
84258  -34.470  -5.427  -48.225 0.8571428657
85348  -35.854  -4.285  -46.446 0.7142857313
86507  -35.539  -3.425  -44.848 0.2857142985
86521  -35.474  -3.425  -45.781 0.5714285970
86527  -35.523  -3.452  -46.691 0.5714285970
179184  -29.271  -5.710  -41.106 0.4285714328
83061  -29.180  -5.788  -41.917 0.5714285970
84177  -32.873  -4.830  -42.465 0.5714285970
84176  -32.120  -4.805  -42.803 0.5714285970
83112  -35.105  -5.892  -44.729 0.7142857313
83124  -36.629  -5.853  -45.455 0.4285714328
85338  -36.174  -4.682  -45.306 0.4285714328
85337  -35.784  -4.147  -45.524 0.4285714328
80236  -25.995  -7.847  -40.341 0.5714285970
77335  -33.901  -10.784  -43.843 0.4285714328
170096  -36.354  -8.289  -46.002 0.4285714328
77380  -35.588  -9.345  -47.648 0.4285714328
80287  -36.815  -7.474  -44.535 0.4285714328
81787  -36.565  -6.552  -45.746 0.4285714328
77240  -25.129  -9.458  -36.156 0.1428571492
163294  -35.091  -11.624  -46.744 0.4285714328
183695  -35.801  -10.270  -45.809 0.4285714328
77357  -36.288  -9.671  -45.419 0.4285714328
78690  -26.261  -8.634  -36.705 0.1428571492
78707  -27.991  -7.987  -36.699 0.1428571492
80216  -31.166  -7.243  -37.684 0.2857142985
77328  -33.331  -10.698  -42.570 0.2857142985
160667  -34.801  -11.072  -43.479 0.2857142985
75849  -33.740  -10.823  -43.201 0.2857142985
80250  -34.186  -8.109  -40.430 0.4285714328
75861  -35.617  -10.934  -43.599 0.2857142985
75859  -34.252  -11.266  -43.960 0.2857142985
77329  -33.580  -10.437  -43.007 0.2857142985
75871  -35.626  -11.188  -44.280 0.2857142985
75870  -35.221  -12.107  -45.007 0.4285714328
78691  -26.694  -8.613  -36.153 0.1428571492
78692  -27.425  -8.371  -36.246 0.1428571492
155151  -25.191  -9.268  -36.845 0.1428571492
80189  -28.762  -7.967  -36.588 0.2857142985
80200  -29.980  -7.635  -37.228 0.2857142985
78722  -33.462  -8.832  -38.634 0.2857142985
77312  -33.035  -9.618  -41.315 0.2857142985
162802  -33.604  -8.889  -40.649 0.2857142985
80230  -33.625  -7.627  -38.938 0.2857142985
78771  -33.342  -9.618  -41.810 0.2857142985
78693  -28.275  -8.351  -36.081 0.1428571492
78696  -31.584  -8.663  -36.759 0.2857142985
80190  -29.687  -8.047  -36.537 0.2857142985
78709  -32.407  -8.320  -37.255 0.2857142985
80201  -30.683  -7.576  -37.328 0.2857142985
80198  -28.411  -7.690  -37.218 0.2857142985
80218  -33.056  -7.981  -37.847 0.2857142985
75758  -24.808  -10.118  -34.993 0.1428571492
74294  -23.913  -11.040  -34.956 0.2857142985
77215  -25.798  -9.459  -35.010 0.1428571492
70733  -22.804  -13.987  -32.682 0.2857142985
69576  -22.865  -14.666  -32.275 0.2857142985
69587  -22.325  -15.013  -32.755 0.2857142985
74295  -24.178  -11.083  -34.128 0.2857142985
70720  -23.348  -14.129  -31.961 0.1428571492
68426  -22.221  -15.733  -32.701 0.1428571492
78708  -30.622  -8.069  -36.800 0.2857142985
183712  -33.424  -8.651  -38.032 0.2857142985
188347  -32.947  -9.968  -41.740 0.2857142985
78746  -33.657  -8.567  -39.943 0.2857142985
179204  -33.914  -9.511  -42.748 0.4285714328
75860  -34.996  -11.702  -44.228 0.2857142985
77336  -36.301  -10.104  -43.807 0.2857142985
84220  -33.619  -4.630  -44.570 0.7142857313
77346  -36.314  -9.941  -44.584 0.4285714328
174622  -33.251  -4.309  -48.358 0.5714285970
78809  -36.032  -8.435  -47.125 0.4285714328
84234  -36.536  -5.338  -45.885 0.4285714328
85323  -36.195  -4.553  -44.575 0.2857142985
87621  -35.198  -2.657  -44.429 0.2857142985
87633  -35.072  -2.722  -45.243 0.5714285970
95035  -28.446  2.469  -52.878 0.7142857313
172180  -34.765  -0.538  -46.917 0.7142857313
95038  -32.336  3.601  -52.220 0.8571428657
161620  -25.134  6.073  -53.233 0.4285714328
97614  -25.033  4.544  -54.167 0.5714285970
97616  -26.916  4.703  -53.894 0.7142857313
185971  -34.674  -0.928  -44.851 0.2857142985
97601  -33.214  4.242  -52.342 0.8571428657
97617  -28.239  4.356  -53.447 0.8571428657
97562  -33.828  4.708  -48.184 0.5714285970
105708  -26.767  12.342  -53.490 0.2857142985
98804  -30.503  6.484  -51.106 0.4285714328
99923  -29.346  7.122  -51.853 0.4285714328
119554  -25.101  23.826  -48.131 0.1428571492
103458  -28.686  9.648  -53.326 0.2857142985
102277  -29.305  8.715  -51.840 0.1428571492
106799  -31.119  12.914  -51.498 0.2857142985
71899  -23.358  -13.299  -32.355 0.1428571492
70743  -21.815  -14.353  -33.840 0.2857142985
73042  -23.947  -11.886  -32.863 0.1428571492
75747  -24.389  -10.666  -34.750 0.1428571492
77227  -25.743  -9.238  -35.793 0.1428571492
78682  -28.617  -8.653  -35.417 0.1428571492
78684  -29.897  -8.518  -35.814 0.1428571492
80214  -29.522  -7.197  -37.740 0.2857142985
80202  -31.396  -7.891  -37.247 0.2857142985
78723  -33.566  -8.126  -38.421 0.2857142985
77320  -32.846  -10.362  -41.647 0.2857142985
81701  -31.710  -6.946  -38.178 0.2857142985
165110  -29.883  -5.427  -41.664 0.5714285970
80239  -33.860  -7.831  -39.626 0.2857142985
84174  -29.395  -5.413  -43.129 0.2857142985
170472  -36.362  -10.119  -43.121 0.2857142985
78782  -36.724  -9.215  -43.345 0.2857142985
84219  -33.128  -4.598  -43.901 0.7142857313
85319  -30.781  -4.494  -44.945 0.4285714328
185019  -32.873  -4.399  -44.579 0.5714285970
78789  -36.699  -9.053  -44.128 0.4285714328
160756  -31.275  -3.713  -46.952 0.2857142985
78803  -36.582  -8.818  -45.088 0.2857142985
75893  -34.979  -11.084  -47.486 0.4285714328
84244  -33.691  -4.640  -47.147 0.7142857313
86530  -31.833  -3.429  -47.824 0.2857142985
81783  -37.003  -6.995  -44.188 0.1428571492
83100  -36.743  -5.786  -44.205 0.4285714328
84201  -36.598  -5.131  -43.612 0.1428571492
89988  -34.222  0.239  -49.785 0.8571428657
85307  -36.291  -4.493  -43.830 0.1428571492
86520  -35.095  -2.741  -46.117 0.5714285970
93694  -34.695  2.354  -46.565 0.7142857313
97600  -32.462  4.426  -52.690 0.8571428657
167405  -34.549  2.581  -44.156 0.2857142985
172612  -34.591  2.733  -44.752 0.1428571492
111888  -27.526  17.526  -50.376 0.2857142985
94995  -34.652  3.046  -47.018 0.4285714328
93676  -34.614  2.158  -44.741 0.4285714328
96270  -34.188  4.488  -46.060 0.1428571492
186737  -31.749  5.878  -50.893 0.5714285970
97549  -33.817  4.952  -46.437 0.1428571492
188355  -32.667  5.773  -48.488 0.1428571492
98798  -31.956  6.419  -48.974 0.1428571492
116910  -25.613  21.314  -48.545 0.1428571492
98829  -30.552  5.645  -52.607 0.5714285970
98791  -32.403  6.294  -48.334 0.1428571492
183273  -30.903  6.988  -49.982 0.1428571492
103457  -27.870  9.490  -53.681 0.2857142985
168284  -28.102  7.933  -52.866 0.2857142985
101050  -29.652  7.721  -51.290 0.2857142985
102250  -30.566  8.288  -50.093 0.1428571492
103416  -30.736  9.008  -50.298 0.1428571492
103430  -30.399  9.196  -50.944 0.1428571492
104612  -29.103  10.704  -54.890 0.2857142985
104623  -30.036  10.502  -55.782 0.2857142985
104614  -30.326  10.376  -54.698 0.1428571492
104602  -30.754  10.030  -53.634 0.1428571492
73026  -24.258  -12.237  -32.153 0.1428571492
159595  -26.620  -9.199  -34.769 0.1428571492
159461  -33.584  -10.784  -42.748 0.2857142985
87615  -34.908  -2.005  -43.942 0.2857142985
104604  -32.518  10.516  -52.423 0.1428571492
105737  -30.524  10.946  -57.002 0.2857142985
69586  -21.839  -14.863  -33.318 0.2857142985
71911  -23.676  -12.537  -32.548 0.1428571492
73052  -23.702  -11.625  -33.612 0.1428571492
77241  -25.707  -9.061  -36.438 0.1428571492
178477  -27.795  -7.750  -37.262 0.2857142985
156664  -28.742  -7.304  -37.765 0.4285714328
80199  -29.169  -7.658  -37.190 0.2857142985
78705  -26.661  -8.160  -37.193 0.1428571492
78759  -34.530  -8.049  -41.264 0.4285714328
84199  -34.168  -4.930  -43.166 0.5714285970
84152  -33.496  -4.977  -41.760 0.4285714328
158153  -36.508  -7.751  -45.454 0.4285714328
84200  -34.619  -5.389  -43.718 0.7142857313
83142  -35.079  -6.476  -48.198 0.7142857313
88836  -34.798  -1.348  -47.214 0.7142857313
87655  -32.513  -3.199  -50.630 0.8571428657
84273  -35.097  -5.385  -49.851 0.8571428657
84272  -34.309  -5.126  -50.717 0.8571428657
88841  -34.435  -0.682  -49.360 0.8571428657
92389  -34.133  1.057  -49.260 0.8571428657
96327  -25.229  3.725  -54.449 0.5714285970
98847  -25.872  5.456  -54.184 0.7142857313
102292  -24.701  8.299  -55.329 0.5714285970
104598  -25.912  11.841  -54.173 0.2857142985
104610  -25.902  10.738  -55.237 0.2857142985
84233  -36.262  -4.899  -46.177 0.4285714328
77226  -25.170  -9.605  -35.429 0.1428571492
80226  -26.089  -7.808  -39.511 0.5714285970
80229  -33.278  -7.443  -38.437 0.2857142985
74405  -34.889  -12.071  -45.497 0.4285714328
174633  -32.146  -4.624  -50.850 0.5714285970
187615  -34.061  3.009  -50.877 0.8571428657
96333  -31.171  4.270  -53.134 0.8571428657
110888  -28.303  15.906  -51.779 0.2857142985
106804  -27.613  13.992  -52.563 0.2857142985
110891  -28.657  15.760  -52.844 0.2857142985
112874  -27.077  18.341  -52.177 0.2857142985
112885  -29.255  17.952  -52.213 0.2857142985
112876  -29.873  18.117  -50.376 0.1428571492
113836  -28.772  18.695  -50.415 0.2857142985
115834  -27.044  20.666  -48.200 0.1428571492
113850  -28.707  18.591  -52.790 0.2857142985
109889  -30.717  14.771  -50.406 0.2857142985
113824  -27.692  19.177  -50.091 0.1428571492
113834  -27.446  18.896  -52.094 0.1428571492
158886  -30.347  14.310  -50.765 0.2857142985
105719  -29.157  11.067  -54.654 0.2857142985
106807  -30.922  12.585  -52.275 0.2857142985
106822  -28.683  11.932  -53.969 0.2857142985
116911  -25.777  21.396  -48.557 0.1428571492
105717  -26.960  11.585  -54.808 0.2857142985
158235  -28.204  10.809  -55.389 0.2857142985
103464  -26.844  10.016  -55.321 0.2857142985
107884  -29.129  13.867  -52.250 0.2857142985
107885  -30.277  13.044  -51.915 0.2857142985
102288  -27.973  8.751  -53.066 0.2857142985
104585  -29.306  9.699  -53.186 0.1428571492
104586  -30.063  9.597  -52.522 0.1428571492
106821  -27.685  12.198  -53.840 0.2857142985
174757  -31.382  10.090  -51.702 0.1428571492
103429  -29.803  8.963  -51.302 0.1428571492
104587  -30.884  9.828  -52.552 0.1428571492
104601  -29.623  10.056  -53.961 0.1428571492
99899  -30.469  7.051  -50.498 0.1428571492
99935  -27.773  6.661  -53.156 0.5714285970
164316  -28.213  7.276  -52.808 0.4285714328
102287  -27.076  8.216  -53.692 0.5714285970
101022  -31.355  7.872  -48.977 0.1428571492
163349  -32.003  6.017  -49.736 0.1428571492
101063  -28.735  7.585  -52.283 0.2857142985
102265  -30.199  8.597  -50.703 0.2857142985
178838  -28.660  6.845  -52.498 0.4285714328
98828  -29.194  6.258  -52.374 0.5714285970
158100  -28.028  5.305  -53.138 0.7142857313
98807  -32.764  5.451  -50.168 0.4285714328
98817  -31.216  6.002  -51.145 0.5714285970
97570  -33.937  4.634  -49.187 0.5714285970
97577  -33.577  4.838  -50.806 0.7142857313
97588  -32.920  4.757  -52.211 0.7142857313
97598  -30.931  4.883  -53.010 0.7142857313
96283  -34.324  4.285  -47.844 0.5714285970
96304  -34.389  3.642  -50.568 0.8571428657
188304  -32.378  -2.828  -50.028 0.5714285970
87645  -32.316  -2.367  -48.052 0.4285714328
92390  -34.755  1.570  -48.509 0.8571428657
93705  -34.733  2.255  -47.662 0.8571428657
170228  -34.700  1.161  -46.700 0.4285714328
170229  -34.683  0.984  -45.709 0.5714285970
96293  -34.638  3.618  -48.403 0.8571428657
170512  -34.701  0.221  -47.377 0.7142857313
167664  -33.990  -4.774  -45.277 0.7142857313
84231  -33.884  -4.689  -46.104 0.7142857313
85320  -32.052  -4.204  -45.115 0.4285714328
85347  -32.968  -4.206  -46.435 0.5714285970
85336  -31.950  -4.096  -46.127 0.4285714328
85334  -30.540  -4.216  -45.245 0.2857142985
84257  -33.880  -5.088  -49.002 0.8571428657
87640  -34.906  -2.047  -46.553 0.5714285970
84149  -31.255  -4.995  -41.961 0.5714285970
83062  -30.552  -5.196  -42.215 0.5714285970
163764  -36.458  -5.082  -45.099 0.4285714328
85306  -35.892  -3.839  -44.140 0.2857142985
74398  -34.706  -11.858  -44.704 0.4285714328
77369  -36.040  -9.444  -46.384 0.4285714328
78796  -36.810  -8.147  -44.395 0.4285714328
83114  -36.756  -6.440  -44.724 0.4285714328
75880  -35.422  -11.368  -45.868 0.4285714328
80215  -30.339  -7.156  -37.733 0.2857142985
80217  -32.101  -7.526  -37.651 0.2857142985
77322  -33.419  -9.960  -42.400 0.2857142985
78772  -34.177  -8.908  -41.973 0.2857142985
78758  -33.877  -8.832  -41.205 0.2857142985
75881  -35.786  -10.874  -45.034 0.4285714328
77229  -27.127  -8.796  -35.138 0.1428571492
78681  -27.078  -8.634  -35.699 0.1428571492
78733  -33.180  -9.119  -39.610 0.2857142985
78694  -29.111  -8.365  -35.953 0.1428571492
78710  -33.209  -8.850  -37.413 0.2857142985
70721  -23.862  -13.639  -31.666 0.1428571492
84222  -36.521  -5.125  -44.437 0.2857142985
118758  -24.596  22.376  -48.319 0.1428571492
73043  -24.582  -11.598  -32.506 0.1428571492
115840  -25.119  21.415  -48.547 0.1428571492
95033  -26.982  2.361  -52.588 0.5714285970
93738  -28.797  2.209  -50.881 0.4285714328
93728  -28.170  2.211  -50.470 0.4285714328
95034  -27.551  2.238  -52.782 0.5714285970
93739  -29.425  2.303  -50.447 0.4285714328
155086  -29.166  2.633  -51.955 0.5714285970
95045  -27.801  2.401  -53.474 0.4285714328
93702  -31.304  1.901  -47.817 0.4285714328
93731  -30.602  2.482  -49.698 0.4285714328
93721  -29.969  2.209  -49.136 0.4285714328
167973  -29.683  2.266  -49.844 0.5714285970
163103  -30.600  3.007  -51.415 0.5714285970
95026  -29.754  2.703  -51.176 0.5714285970
91181  -33.150  0.586  -47.639 0.5714285970
75844  -36.069  -10.012  -41.551 0.1428571492
174041  -35.657  -10.636  -42.923 0.1428571492
77330  -36.767  -9.404  -42.627 0.1428571492
75799  -23.071  -10.962  -38.380 0.2857142985
75850  -34.004  -10.972  -43.348 0.1428571492
77302  -36.404  -9.724  -40.344 0.1428571492
75843  -35.110  -10.340  -41.680 0.1428571492
171422  -36.779  -9.574  -39.790 0.1428571492
77313  -36.643  -9.689  -41.077 0.1428571492
77289  -37.366  -9.204  -39.523 0.1428571492
74336  -22.819  -11.402  -37.781 0.2857142985
74382  -32.947  -10.980  -41.617 0.1428571492
75835  -34.393  -10.609  -41.264 0.1428571492
75841  -33.192  -10.895  -42.116 0.1428571492
185813  -35.113  -10.212  -41.118 0.1428571492
77275  -36.797  -9.838  -38.569 0.1428571492
175617  -35.749  -9.950  -40.282 0.1428571492
77234  -37.697  -8.943  -35.780 0.1428571492
165664  -37.583  -9.311  -37.846 0.1428571492
77248  -37.847  -8.852  -36.597 0.1428571492
73106  -22.425  -12.105  -37.639 0.2857142985
77287  -32.770  -9.639  -39.211 0.1428571492
77300  -32.522  -10.029  -40.236 0.1428571492
77311  -32.640  -10.385  -41.092 0.1428571492
75833  -32.774  -10.769  -41.570 0.1428571492
75827  -34.572  -10.654  -40.410 0.1428571492
74374  -32.881  -11.228  -41.037 0.1428571492
75828  -35.368  -10.313  -39.932 0.1428571492
75826  -33.713  -11.030  -40.965 0.1428571492
75819  -36.235  -10.122  -38.796 0.1428571492
75791  -37.213  -10.080  -36.827 0.1428571492
77260  -37.544  -9.412  -37.059 0.1428571492
73090  -21.991  -12.694  -37.146 0.2857142985
71958  -21.458  -13.280  -36.898 0.2857142985
77258  -32.736  -9.149  -36.848 0.1428571492
75802  -32.348  -10.223  -38.822 0.1428571492
75825  -32.188  -10.969  -40.638 0.1428571492
74367  -33.784  -11.239  -40.160 0.1428571492
74381  -32.655  -11.022  -41.086 0.1428571492
75803  -35.128  -10.892  -38.727 0.1428571492
75806  -37.143  -9.922  -37.532 0.1428571492
75804  -35.694  -10.572  -38.274 0.1428571492
78674  -37.752  -8.565  -34.538 0.1428571492
77259  -33.174  -9.684  -37.104 0.1428571492
77246  -32.753  -9.883  -36.571 0.1428571492
75801  -31.438  -11.102  -39.644 0.1428571492
75788  -32.851  -10.232  -37.608 0.1428571492
74365  -32.319  -12.256  -40.350 0.1428571492
75816  -32.010  -10.570  -39.925 0.1428571492
74366  -33.247  -11.854  -39.747 0.1428571492
74373  -32.212  -11.618  -40.614 0.1428571492
74352  -34.300  -11.327  -38.866 0.1428571492
75789  -35.784  -10.736  -37.404 0.1428571492
77233  -37.501  -9.643  -35.405 0.1428571492
77247  -37.478  -9.624  -36.241 0.1428571492
77245  -32.064  -9.914  -36.112 0.1428571492
78695  -30.326  -8.402  -36.285 0.1428571492
74337  -31.607  -11.314  -38.055 0.1428571492
74321  -32.429  -10.831  -37.333 0.1428571492
75773  -32.870  -10.371  -36.844 0.1428571492
75787  -31.836  -10.841  -38.533 0.1428571492
73133  -32.747  -12.538  -39.473 0.1428571492
73132  -31.852  -12.760  -40.003 0.1428571492
74351  -33.637  -11.943  -38.550 0.1428571492
74353  -34.990  -11.112  -37.811 0.1428571492
75790  -36.560  -10.430  -37.156 0.1428571492
183801  -31.021  -11.818  -37.187 0.1428571492
186280  -32.074  -11.056  -36.522 0.1428571492
180232  -32.414  -10.855  -36.648 0.1428571492
73131  -31.122  -12.549  -39.976 0.1428571492
184364  -30.933  -12.050  -38.404 0.1428571492
176205  -34.277  -11.578  -37.881 0.1428571492
74350  -31.017  -11.633  -39.289 0.1428571492
73140  -31.662  -12.170  -40.291 0.1428571492
165046  -32.741  -11.617  -40.451 0.1428571492
77301  -33.023  -9.418  -40.509 0.1428571492
77221  -37.623  -9.054  -35.012 0.1428571492
172012  -37.885  -8.131  -33.998 0.1428571492
75851  -34.651  -10.718  -42.670 0.1428571492
77323  -36.688  -9.708  -41.898 0.1428571492
73073  -22.130  -12.772  -36.172 0.2857142985
74341  -36.015  -10.862  -36.755 0.1428571492
75774  -37.250  -10.296  -36.279 0.1428571492
168681  -37.783  -8.822  -33.931 0.1428571492
167660  -38.160  -7.772  -33.426 0.1428571492
93703  -32.046  1.766  -47.690 0.4285714328
172145  -37.886  -7.894  -34.650 0.1428571492
78685  -37.835  -8.396  -35.254 0.1428571492
77261  -37.989  -8.797  -37.400 0.1428571492
78697  -38.095  -8.196  -36.123 0.1428571492
77314  -37.200  -9.077  -41.277 0.1428571492
95032  -26.564  2.851  -52.350 0.4285714328
97615  -24.990  3.982  -53.652 0.4285714328
104643  -31.107  10.794  -57.089 0.1428571492
95044  -27.054  2.419  -53.535 0.4285714328
73091  -22.525  -12.058  -36.634 0.2857142985
105721  -30.703  11.237  -55.922 0.1428571492
75852  -35.861  -10.378  -42.178 0.1428571492
181090  -32.157  -9.393  -36.468 0.1428571492
162712  -30.877  -8.615  -36.397 0.1428571492
75840  -32.927  -10.769  -41.827 0.1428571492
78790  -37.007  -8.351  -43.602 0.1428571492
80281  -37.124  -7.602  -43.839 0.1428571492
75842  -33.962  -10.760  -42.073 0.1428571492
75836  -35.753  -9.959  -40.923 0.1428571492
77288  -36.769  -9.680  -39.161 0.1428571492
75829  -36.107  -9.939  -39.630 0.1428571492
77276  -37.379  -9.276  -38.662 0.1428571492
77303  -37.217  -9.278  -40.404 0.1428571492
78735  -38.107  -8.725  -39.198 0.1428571492
75834  -33.347  -11.043  -41.644 0.1428571492
163790  -37.096  -9.734  -38.138 0.1428571492
75805  -36.491  -10.231  -37.996 0.1428571492
77274  -33.244  -9.439  -38.020 0.1428571492
75817  -34.875  -10.884  -39.542 0.1428571492
75818  -35.581  -10.426  -39.131 0.1428571492
75815  -31.626  -11.485  -40.343 0.1428571492
77244  -31.365  -9.201  -36.236 0.1428571492
75772  -32.403  -10.462  -36.344 0.1428571492
74364  -31.082  -11.952  -40.055 0.1428571492
74340  -35.368  -11.289  -37.075 0.1428571492
74363  -30.744  -12.307  -39.712 0.1428571492
67292  -21.360  -17.250  -32.985 0.1428571492
171963  -21.646  -15.591  -33.226 0.1428571492
68424  -21.144  -16.442  -33.472 0.1428571492
178689  -21.610  -14.110  -34.547 0.1428571492
159845  -21.104  -14.175  -35.068 0.1428571492
70769  -21.028  -13.914  -35.797 0.1428571492
70754  -21.714  -13.695  -35.138 0.1428571492
170591  -22.044  -13.126  -35.448 0.1428571492
70768  -20.465  -14.247  -35.547 0.1428571492
71942  -21.547  -13.485  -36.074 0.1428571492
71969  -20.940  -13.294  -37.217 0.1428571492
73105  -21.779  -12.586  -37.773 0.1428571492
73120  -21.945  -12.107  -38.301 0.2857142985
73121  -22.497  -11.654  -38.358 0.1428571492
77285  -24.086  -9.710  -39.129 0.2857142985
80248  -25.859  -7.892  -41.203 0.4285714328
81736  -28.043  -6.115  -40.925 0.4285714328
83048  -28.616  -6.041  -41.474 0.4285714328
89974  -32.889  -0.094  -47.159 0.2857142985
92378  -31.514  1.043  -46.439 0.2857142985
92379  -32.693  0.946  -47.222 0.2857142985
96281  -27.742  3.429  -47.779 0.2857142985
160711  -28.140  2.275  -49.775 0.2857142985
95024  -27.457  2.474  -51.527 0.2857142985
95013  -27.084  3.057  -50.662 0.4285714328
74347  -21.413  -11.770  -38.643 0.1428571492
74349  -22.540  -11.322  -39.054 0.2857142985
75814  -23.643  -10.358  -38.803 0.1428571492
69597  -21.187  -14.607  -34.501 0.1428571492
71957  -20.837  -13.774  -36.656 0.1428571492
73104  -21.121  -12.713  -37.604 0.1428571492
73119  -21.279  -12.203  -38.086 0.1428571492
74362  -22.016  -11.300  -39.273 0.2857142985
75813  -23.100  -10.875  -39.360 0.2857142985
75824  -23.588  -10.253  -39.633 0.2857142985
77286  -24.456  -9.182  -39.594 0.2857142985
78745  -25.541  -8.341  -39.858 0.4285714328
78757  -25.457  -8.439  -40.754 0.4285714328
78770  -25.327  -8.475  -41.616 0.2857142985
87639  -32.564  -1.508  -47.223 0.2857142985
91166  -31.384  -0.038  -45.725 0.2857142985
91176  -32.481  0.437  -46.714 0.2857142985
92377  -30.660  1.088  -46.500 0.2857142985
92386  -31.179  1.488  -47.143 0.2857142985
93711  -30.205  2.056  -48.294 0.2857142985
93709  -28.634  2.253  -48.618 0.2857142985
94993  -27.926  2.769  -47.392 0.2857142985
176097  -32.658  -0.816  -46.792 0.2857142985
91174  -31.013  0.573  -46.034 0.2857142985
89969  -31.655  -0.801  -45.784 0.2857142985
176202  -29.735  1.033  -46.734 0.2857142985
92383  -27.860  1.670  -47.230 0.2857142985
166994  -30.567  1.836  -47.626 0.2857142985
182003  -28.539  1.730  -47.660 0.2857142985
93699  -27.794  2.033  -47.039 0.2857142985
93720  -29.091  2.070  -49.319 0.2857142985
158710  -28.272  0.462  -46.654 0.2857142985
92375  -27.865  1.046  -46.809 0.2857142985
92384  -28.668  1.245  -47.242 0.2857142985
80237  -26.507  -7.289  -40.803 0.4285714328
81721  -27.071  -6.808  -40.799 0.4285714328
69598  -21.251  -15.143  -33.921 0.1428571492
93719  -28.481  2.144  -49.579 0.2857142985
93700  -28.261  2.111  -47.819 0.2857142985
71970  -21.454  -12.970  -37.388 0.1428571492
74348  -22.003  -11.676  -38.851 0.2857142985
95000  -28.038  2.587  -48.061 0.2857142985
77299  -24.200  -9.389  -40.542 0.4285714328
182933  -28.229  1.343  -45.921 0.2857142985
81768  -27.643  -6.202  -42.389 0.2857142985
81751  -27.921  -6.222  -41.683 0.2857142985
83083  -29.756  -5.466  -42.424 0.2857142985
156687  -34.890  13.163  -50.503 0.1428571492
107889  -35.145  13.157  -51.415 0.1428571492
107888  -33.793  12.852  -51.563 0.1428571492
106817  -32.238  12.162  -53.490 0.1428571492
155479  -31.760  11.896  -54.679 0.1428571492
107876  -36.043  13.515  -50.297 0.1428571492
161504  -32.477  12.383  -52.579 0.1428571492
108854  -31.325  14.287  -49.626 0.1428571492
111892  -32.037  16.720  -48.461 0.1428571492
83060  -28.408  -5.983  -42.299 0.2857142985
169634  -27.668  -5.997  -43.141 0.2857142985
106828  -32.631  12.330  -55.332 0.1428571492
107895  -34.842  12.862  -52.332 0.1428571492
105720  -30.570  11.397  -54.867 0.1428571492
106818  -33.104  12.263  -53.138 0.1428571492
106824  -32.885  12.210  -54.136 0.1428571492
106823  -29.600  11.754  -54.108 0.1428571492
107858  -31.795  13.221  -50.475 0.1428571492
156724  -31.212  11.929  -53.836 0.1428571492
107844  -33.192  13.363  -49.357 0.1428571492
110875  -32.417  15.467  -48.392 0.1428571492
108855  -32.127  14.095  -49.128 0.1428571492
111901  -31.015  16.355  -49.797 0.1428571492
173972  -30.426  17.444  -50.434 0.1428571492
110873  -31.229  15.505  -49.546 0.1428571492
161237  -31.588  12.267  -52.860 0.1428571492
106808  -31.853  12.591  -52.040 0.1428571492
81735  -27.467  -6.522  -41.193 0.2857142985
158659  -34.338  12.996  -51.024 0.1428571492
107845  -35.342  13.304  -49.099 0.1428571492
106810  -34.086  12.767  -52.295 0.1428571492
107873  -32.784  12.943  -50.589 0.1428571492
107860  -33.379  13.044  -49.990 0.1428571492
107835  -35.832  13.364  -48.604 0.1428571492
107859  -32.631  13.282  -49.906 0.1428571492
106825  -33.719  12.421  -53.812 0.1428571492
91163  -27.778  -0.008  -46.499 0.1428571492
91165  -30.581  0.036  -45.662 0.1428571492
91172  -28.916  0.232  -46.492 0.1428571492
93686  -28.778  2.425  -45.494 0.1428571492
168222  -26.853  3.694  -43.572 0.1428571492
166860  -28.266  4.197  -43.780 0.1428571492
88830  -32.052  -1.448  -46.302 0.1428571492
93693  -28.521  2.536  -46.213 0.1428571492
97522  -27.998  4.928  -43.618 0.1428571492
167325  -28.916  4.821  -45.426 0.1428571492
97543  -29.137  5.427  -45.044 0.2857142985
176144  -31.403  -4.483  -44.649 0.2857142985
85318  -30.279  -4.506  -44.824 0.1428571492
187681  -30.096  -2.136  -45.262 0.1428571492
87631  -31.559  -2.567  -46.120 0.1428571492
89967  -29.993  -0.660  -45.549 0.1428571492
91158  -34.663  0.370  -44.289 0.1428571492
91157  -27.869  0.332  -45.523 0.1428571492
94986  -28.395  3.226  -46.543 0.1428571492
179309  -28.066  3.970  -48.871 0.1428571492
97553  -28.562  5.036  -47.043 0.1428571492
180643  -28.875  5.448  -46.475 0.2857142985
97587  -27.644  5.305  -50.507 0.2857142985
103400  -28.554  8.995  -49.425 0.2857142985
103383  -29.046  9.370  -48.085 0.2857142985
104540  -28.945  10.410  -49.106 0.2857142985
178745  -26.724  19.112  -48.266 0.1428571492
111874  -25.165  17.055  -47.675 0.1428571492
96311  -26.680  3.666  -51.070 0.2857142985
97567  -28.277  5.301  -49.215 0.2857142985
99910  -27.755  7.158  -50.397 0.2857142985
101020  -28.366  7.749  -48.895 0.2857142985
101062  -26.644  7.745  -51.707 0.2857142985
102249  -28.084  8.463  -49.850 0.2857142985
102237  -28.688  8.693  -48.682 0.2857142985
103428  -27.948  9.864  -50.986 0.2857142985
108839  -28.567  14.219  -48.311 0.1428571492
105663  -29.281  11.300  -46.918 0.2857142985
174674  -24.928  20.340  -47.460 0.1428571492
117862  -23.831  21.494  -46.563 0.1428571492
159485  -29.014  8.987  -47.551 0.1428571492
102206  -28.901  9.094  -46.068 0.1428571492
98771  -29.156  6.168  -45.327 0.2857142985
167885  -29.266  10.089  -47.687 0.2857142985
108829  -28.917  13.602  -47.779 0.1428571492
168762  -29.349  11.686  -47.464 0.2857142985
109854  -27.082  15.240  -48.353 0.1428571492
108828  -28.142  14.016  -47.662 0.1428571492
98743  -26.333  5.976  -43.375 0.2857142985
106753  -28.353  12.178  -46.436 0.1428571492
110845  -24.884  16.522  -47.492 0.1428571492
108827  -27.097  13.907  -47.494 0.1428571492
98768  -22.299  5.550  -46.895 0.1428571492
92356  -34.620  1.114  -44.042 0.1428571492
87616  -35.390  -2.655  -43.689 0.1428571492
86518  -30.628  -3.162  -45.570 0.1428571492
88822  -29.137  -1.109  -45.587 0.1428571492
169616  -34.641  0.570  -43.645 0.1428571492
88821  -28.049  -1.011  -46.348 0.1428571492
172121  -27.530  0.725  -44.059 0.1428571492
92354  -27.703  1.348  -43.847 0.1428571492
92355  -28.175  1.591  -44.260 0.1428571492
182920  -28.807  3.282  -45.636 0.1428571492
163393  -27.006  5.251  -43.484 0.1428571492
96274  -28.432  4.192  -46.729 0.1428571492
99837  -28.049  6.221  -43.638 0.2857142985
98796  -28.574  5.729  -48.463 0.1428571492
99894  -28.720  6.652  -48.581 0.1428571492
99898  -28.067  6.717  -49.709 0.2857142985
101014  -28.916  7.554  -47.887 0.1428571492
99893  -28.311  7.092  -49.058 0.1428571492
107822  -26.681  13.027  -47.272 0.1428571492
105654  -28.812  11.723  -46.116 0.2857142985
107823  -27.827  13.281  -47.209 0.1428571492
170071  -26.251  14.858  -48.210 0.1428571492
109872  -27.949  15.565  -48.734 0.1428571492
110855  -25.042  15.691  -48.035 0.1428571492
110856  -25.308  16.346  -47.998 0.1428571492
88815  -34.711  -1.272  -44.305 0.1428571492
89961  -34.677  -0.428  -44.483 0.1428571492
91147  -34.672  -0.015  -43.677 0.1428571492
99921  -25.856  6.980  -52.410 0.2857142985
102262  -27.184  8.402  -51.326 0.2857142985
175210  -27.017  15.877  -48.619 0.1428571492
173042  -25.476  18.104  -47.003 0.1428571492
103415  -28.648  9.870  -49.669 0.2857142985
157677  -29.245  11.707  -48.282 0.2857142985
106779  -29.131  12.674  -48.581 0.2857142985
109853  -26.009  15.672  -48.268 0.1428571492
116895  -23.940  21.047  -47.319 0.1428571492
97585  -26.342  4.209  -51.905 0.2857142985
85345  -31.312  -3.917  -46.674 0.1428571492
168687  -30.769  -3.872  -45.597 0.1428571492
98841  -24.950  4.910  -53.426 0.2857142985
87638  -31.929  -2.628  -47.003 0.1428571492
86497  -35.731  -3.278  -43.548 0.1428571492
96290  -28.031  3.263  -48.594 0.1428571492
95014  -27.656  2.490  -50.229 0.1428571492
96303  -27.663  3.671  -49.869 0.1428571492
89966  -28.595  -0.297  -46.274 0.1428571492
93685  -28.267  1.071  -45.031 0.1428571492
93674  -28.292  2.268  -44.171 0.1428571492
91156  -27.480  0.138  -44.818 0.1428571492
91162  -27.519  -0.297  -46.056 0.1428571492
94962  -28.099  2.845  -43.842 0.1428571492
171991  -27.752  3.580  -43.716 0.1428571492
97523  -28.814  4.729  -43.821 0.1428571492
179453  -28.922  4.102  -45.020 0.1428571492
88825  -31.378  -1.634  -45.596 0.1428571492
98745  -28.539  5.480  -43.623 0.1428571492
97532  -29.120  4.888  -44.411 0.1428571492
96282  -28.017  4.247  -47.447 0.1428571492
88823  -29.949  -1.573  -45.270 0.1428571492
97568  -28.262  4.788  -48.707 0.2857142985
98776  -29.139  6.158  -46.330 0.2857142985
98803  -28.087  5.798  -49.831 0.2857142985
97586  -26.830  4.728  -51.075 0.2857142985
97575  -27.958  4.810  -49.849 0.2857142985
103401  -28.908  9.553  -48.908 0.2857142985
102263  -27.792  8.878  -50.672 0.2857142985
103360  -29.105  9.954  -46.381 0.1428571492
177408  -29.331  10.886  -47.728 0.2857142985
112846  -25.113  18.003  -46.170 0.1428571492
98816  -27.738  6.290  -50.431 0.2857142985
98814  -26.218  5.274  -52.215 0.2857142985
98826  -26.450  6.362  -51.866 0.2857142985
183164  -28.005  7.625  -49.543 0.2857142985
101048  -27.310  7.530  -51.093 0.2857142985
102214  -28.837  8.316  -47.490 0.1428571492
101049  -27.700  7.990  -50.406 0.2857142985
106754  -28.932  12.248  -46.585 0.2857142985
117866  -24.045  21.761  -47.872 0.1428571492
107824  -28.646  13.342  -47.298 0.2857142985
173321  -29.072  6.336  -47.177 0.1428571492
99887  -28.975  7.004  -48.130 0.2857142985
109852  -25.308  15.130  -48.173 0.1428571492
75798  -21.089  -11.032  -38.728 0.1428571492
75812  -22.384  -11.026  -39.792 0.1428571492
75810  -20.764  -10.267  -38.961 0.1428571492
78729  -20.678  -9.408  -40.112 0.1428571492
77295  -21.343  -9.797  -40.452 0.1428571492
77284  -21.814  -10.444  -40.106 0.1428571492
78743  -21.726  -9.465  -41.046 0.1428571492
77296  -22.087  -10.072  -40.682 0.1428571492
77298  -23.461  -9.866  -40.426 0.1428571492
78754  -22.079  -9.361  -41.604 0.1428571492
77310  -24.079  -9.431  -41.491 0.1428571492
78756  -24.774  -8.887  -41.067 0.1428571492
78769  -24.696  -8.823  -41.847 0.1428571492
78753  -21.441  -8.820  -41.619 0.1428571492
78767  -22.860  -9.051  -42.252 0.1428571492
78780  -25.184  -8.376  -42.219 0.1428571492
80262  -25.907  -7.272  -42.333 0.1428571492
83082  -28.472  -5.664  -43.195 0.1428571492
84194  -28.818  -5.418  -43.882 0.1428571492
99853  -28.414  6.615  -44.142 0.1428571492
75822  -22.402  -10.561  -40.354 0.1428571492
165618  -23.979  -9.671  -39.851 0.1428571492
77283  -21.055  -10.070  -39.748 0.1428571492
104510  -29.137  10.897  -46.346 0.1428571492
164752  -30.341  -4.917  -43.795 0.1428571492
80249  -26.182  -7.315  -41.677 0.1428571492
75811  -21.540  -10.871  -39.452 0.1428571492
74361  -21.597  -11.428  -39.077 0.1428571492
75823  -22.933  -10.501  -40.071 0.1428571492
81749  -26.620  -6.850  -42.304 0.1428571492
77282  -20.248  -9.571  -39.412 0.1428571492
77308  -22.429  -9.806  -41.260 0.1428571492
78755  -22.696  -9.473  -41.798 0.1428571492
77297  -22.740  -10.142  -40.725 0.1428571492
77319  -23.427  -9.393  -41.942 0.1428571492
78766  -22.148  -8.994  -42.078 0.1428571492
184344  -23.742  -9.639  -40.969 0.1428571492
78779  -24.578  -8.533  -42.364 0.1428571492
78741  -20.367  -8.432  -40.458 0.1428571492
75797  -20.313  -10.661  -38.354 0.1428571492
73171  -34.896  -12.045  -45.839 0.4285714328
73175  -34.907  -11.957  -46.056 0.4285714328
74410  -34.803  -11.900  -46.025 0.4285714328
74411  -35.027  -12.068  -45.946 0.4285714328
74416  -34.931  -11.600  -46.701 0.4285714328
74424  -34.875  -11.090  -47.412 0.5714285970
75869  -34.326  -11.537  -45.110 0.4285714328
75879  -34.663  -11.390  -46.456 0.4285714328
75892  -34.757  -11.023  -47.358 0.5714285970
75906  -34.988  -10.494  -48.198 0.5714285970
77228  -26.447  -8.938  -35.517 0.1428571492
77242  -26.166  -8.885  -36.122 0.1428571492
77309  -23.231  -9.731  -41.280 0.1428571492
77321  -33.071  -10.447  -42.017 0.2857142985
77368  -35.434  -10.590  -46.939 0.4285714328
77378  -34.753  -9.457  -49.222 0.7142857313
77379  -35.273  -9.309  -49.007 0.7142857313
77391  -34.861  -9.140  -49.820 0.7142857313
77392  -34.943  -9.246  -49.900 0.7142857313
78706  -27.307  -7.979  -36.918 0.1428571492
78721  -26.395  -7.964  -37.903 0.7142857313
78734  -33.652  -8.334  -39.126 0.2857142985
78744  -24.885  -8.782  -40.159 0.4285714328
78768  -24.063  -9.047  -42.119 0.1428571492
78808  -34.753  -8.328  -48.435 0.7142857313
78815  -34.526  -8.976  -48.973 0.7142857313
78816  -34.881  -8.791  -48.997 0.7142857313
78821  -34.776  -9.071  -49.947 0.7142857313
78829  -34.799  -9.068  -49.919 0.7142857313
80261  -25.618  -7.921  -41.972 0.1428571492
80286  -36.625  -7.009  -45.152 0.4285714328
80296  -35.600  -8.018  -48.358 0.5714285970
80299  -34.651  -9.073  -48.543 0.7142857313
80305  -34.691  -9.103  -49.458 0.7142857313
80312  -34.748  -8.876  -50.224 0.7142857313
81702  -32.630  -7.202  -38.164 0.2857142985
81709  -28.592  -6.575  -39.153 0.5714285970
81722  -27.528  -6.491  -40.343 0.5714285970
81725  -33.490  -6.641  -39.594 0.4285714328
81734  -26.856  -6.877  -41.442 0.2857142985
81750  -27.258  -6.528  -41.990 0.2857142985
83023  -29.718  -5.911  -39.968 0.7142857313
83025  -31.018  -6.065  -39.395 0.5714285970
83034  -28.635  -5.872  -40.790 0.4285714328
83036  -30.261  -5.577  -40.241 0.5714285970
83040  -33.645  -6.250  -40.221 0.7142857313
83049  -30.059  -5.343  -40.897 0.4285714328
83053  -34.447  -5.925  -41.441 0.7142857313
83063  -30.719  -5.180  -41.454 0.4285714328
83099  -35.333  -6.520  -43.636 0.7142857313
83156  -36.314  -6.093  -48.732 0.8571428657
83164  -35.626  -5.894  -49.248 0.8571428657
84136  -33.230  -5.137  -40.887 0.5714285970
84150  -31.983  -4.862  -42.123 0.5714285970
84178  -33.855  -4.918  -42.527 0.5714285970
84196  -31.003  -4.885  -43.570 0.4285714328
84265  -34.000  -5.268  -49.962 0.8571428657
84267  -36.201  -5.762  -49.004 0.8571428657
84271  -33.332  -4.891  -51.638 0.8571428657
84279  -33.682  -4.582  -51.560 1.0000000000
84280  -34.379  -4.638  -51.089 0.8571428657
84287  -34.266  -4.423  -51.194 1.0000000000
85322  -35.894  -4.121  -44.844 0.4285714328
85366  -32.544  -4.711  -51.729 1.0000000000
85367  -32.898  -5.160  -51.075 0.5714285970
85368  -35.105  -4.328  -50.087 1.0000000000
85369  -35.456  -4.723  -49.608 1.0000000000
85375  -34.776  -4.502  -50.711 1.0000000000
85380  -33.573  -4.311  -51.548 1.0000000000
86519  -31.033  -3.638  -46.049 0.1428571492
86532  -35.105  -2.724  -47.923 0.8571428657
86539  -34.796  -2.748  -48.967 1.0000000000
86544  -32.622  -4.152  -51.630 1.0000000000
87629  -29.641  -2.314  -45.151 0.1428571492
87630  -30.581  -2.128  -45.420 0.1428571492
88824  -30.614  -1.292  -45.360 0.1428571492
88826  -34.716  -1.380  -45.167 0.2857142985
88845  -33.987  -1.050  -49.651 1.0000000000
89950  -34.662  -0.713  -43.645 0.1428571492
89968  -30.965  -0.682  -45.494 0.2857142985
89973  -32.165  -0.316  -46.285 0.2857142985
89980  -34.179  0.329  -49.775 1.0000000000
89987  -34.218  0.088  -49.974 1.0000000000
91164  -29.629  -0.039  -46.129 0.1428571492
91171  -28.236  0.148  -46.590 0.1428571492
91173  -29.970  0.534  -46.307 0.1428571492
91175  -31.805  0.459  -46.190 0.2857142985
91182  -33.856  0.687  -48.679 0.8571428657
92365  -27.980  0.836  -44.423 0.1428571492
92366  -34.626  1.468  -44.764 0.4285714328
92370  -27.952  0.561  -46.311 0.2857142985
92376  -28.793  0.707  -46.775 0.2857142985
92385  -30.092  1.411  -47.134 0.2857142985
92387  -32.083  1.276  -47.079 0.2857142985
93663  -27.885  2.103  -43.720 0.1428571492
93675  -28.540  1.908  -44.851 0.1428571492
93692  -27.899  1.646  -46.623 0.2857142985
93701  -29.572  1.753  -47.671 0.2857142985
93704  -32.884  1.441  -47.830 0.8571428657
93710  -29.097  1.999  -48.127 0.2857142985
93712  -31.177  2.119  -48.350 0.4285714328
93715  -34.388  1.723  -49.557 0.8571428657
93716  -34.769  2.149  -48.762 0.8571428657
93722  -30.887  2.298  -48.990 0.2857142985
93729  -28.805  2.042  -50.041 0.2857142985
93730  -30.381  2.691  -50.535 0.5714285970
93732  -33.698  2.390  -50.053 1.0000000000
94971  -28.632  2.752  -44.493 0.1428571492
94972  -28.889  3.390  -44.843 0.1428571492
94973  -34.497  3.239  -44.362 0.1428571492
94981  -34.535  3.212  -45.127 0.1428571492
94987  -34.578  3.112  -46.018 0.1428571492
94994  -28.026  3.591  -47.172 0.1428571492
95006  -28.222  2.398  -49.006 0.2857142985
95007  -31.520  2.712  -49.580 0.7142857313
95019  -34.612  2.700  -49.864 0.8571428657
95023  -26.783  2.732  -51.595 0.4285714328
95025  -28.196  2.333  -51.711 0.5714285970
95027  -31.493  3.165  -51.192 0.8571428657
95029  -33.624  3.446  -51.398 0.8571428657
95030  -34.102  3.456  -51.109 0.8571428657
95043  -26.471  2.885  -53.325 0.4285714328
95046  -28.723  2.916  -53.339 0.7142857313
95049  -26.301  2.884  -54.327 0.4285714328
96269  -28.639  4.123  -45.940 0.1428571492
96276  -34.446  3.789  -46.501 0.1428571492
96284  -34.516  3.739  -47.466 0.5714285970
96291  -27.943  4.148  -48.212 0.1428571492
96298  -27.911  3.088  -49.337 0.1428571492
96299  -34.448  3.965  -49.725 0.7142857313
96305  -34.571  3.277  -50.068 0.8571428657
96310  -26.467  3.349  -51.838 0.2857142985
96312  -33.613  3.958  -51.751 0.8571428657
96317  -25.833  3.529  -52.771 0.2857142985
96321  -32.728  4.095  -52.426 0.8571428657
96329  -27.086  3.430  -54.228 0.8571428657
96332  -30.338  3.825  -53.330 1.0000000000
96342  -25.764  3.329  -54.806 0.8571428657
97547  -28.994  5.489  -45.808 0.2857142985
97560  -28.334  4.968  -47.921 0.2857142985
97561  -33.039  5.214  -48.541 0.1428571492
97574  -27.193  4.188  -50.416 0.2857142985
97576  -32.952  5.177  -51.280 0.7142857313
97589  -33.562  4.535  -51.811 0.8571428657
97597  -25.178  4.304  -52.683 0.4285714328
97599  -31.726  4.668  -52.865 0.8571428657
97629  -25.641  4.086  -54.765 0.5714285970
97630  -26.086  3.742  -55.046 0.8571428657
98732  -25.992  6.321  -43.478 0.2857142985
98744  -27.809  5.623  -43.447 0.1428571492
98746  -28.996  5.341  -43.924 0.1428571492
98759  -28.737  5.981  -44.020 0.2857142985
98760  -29.059  5.705  -44.517 0.2857142985
98784  -28.924  5.750  -46.925 0.2857142985
98790  -28.910  6.417  -47.927 0.1428571492
98795  -28.367  6.218  -49.136 0.1428571492
98805  -30.934  6.517  -50.381 0.1428571492
98806  -32.203  5.749  -50.653 0.5714285970
98815  -27.205  5.838  -51.235 0.2857142985
98818  -32.134  5.466  -51.616 0.5714285970
98830  -31.375  5.442  -52.324 0.5714285970
98840  -25.000  5.600  -53.985 0.4285714328
99888  -32.025  6.927  -48.364 0.1428571492
99909  -27.307  6.744  -51.122 0.2857142985
99912  -30.001  7.089  -51.201 0.2857142985
99922  -26.667  7.159  -51.649 0.2857142985
99933  -24.802  6.399  -54.121 0.7142857313
101021  -28.751  7.380  -48.555 0.1428571492
101023  -31.572  7.123  -48.931 0.1428571492
101034  -31.103  7.323  -49.478 0.1428571492
101051  -30.120  7.826  -50.648 0.2857142985
102223  -28.831  8.657  -48.043 0.2857142985
102236  -28.284  8.240  -49.146 0.2857142985
102264  -29.667  8.354  -51.171 0.2857142985
102276  -28.724  8.371  -52.331 0.2857142985
102286  -24.947  8.549  -54.274 0.7142857313
102291  -24.569  7.960  -55.199 0.7142857313
102296  -24.541  8.223  -55.131 0.7142857313
103368  -29.189  9.638  -47.254 0.1428571492
103414  -28.278  9.361  -50.169 0.2857142985
103431  -30.994  9.631  -50.642 0.1428571492
103441  -25.586  9.783  -53.405 0.7142857313
103444  -29.417  9.295  -52.196 0.1428571492
103446  -30.751  9.636  -51.531 0.1428571492
103454  -24.506  8.553  -54.952 0.7142857313
103456  -26.857  9.090  -54.275 0.2857142985
104515  -29.275  10.466  -47.015 0.2857142985
104526  -29.167  10.170  -48.352 0.2857142985
104554  -28.501  10.897  -49.907 0.4285714328
104555  -31.346  10.106  -50.287 0.1428571492
104597  -25.159  11.484  -54.903 0.5714285970
104600  -28.892  10.310  -54.496 0.4285714328
104603  -31.638  10.144  -52.695 0.1428571492
104609  -25.276  11.482  -55.042 0.2857142985
104613  -29.744  10.642  -54.973 0.2857142985
104621  -25.471  11.559  -55.134 0.2857142985
104622  -26.214  11.306  -55.185 0.2857142985
104631  -30.514  10.689  -57.128 0.2857142985
104632  -30.901  10.463  -56.777 0.1428571492
104639  -30.467  10.766  -57.361 0.1428571492
104640  -30.693  10.644  -57.164 0.1428571492
104641  -31.699  10.643  -56.803 0.1428571492
105643  -28.958  11.227  -46.028 0.1428571492
105655  -29.064  11.627  -46.398 0.2857142985
105676  -29.163  10.868  -48.535 0.2857142985
105683  -28.161  11.937  -50.548 0.4285714328
105691  -27.346  12.687  -51.657 0.4285714328
105700  -27.093  13.182  -52.685 0.4285714328
105707  -26.050  12.052  -54.320 0.2857142985
105715  -25.252  11.794  -54.976 0.2857142985
105716  -25.620  11.902  -54.961 0.2857142985
105746  -30.517  10.862  -57.373 0.2857142985
105755  -31.098  11.169  -57.080 0.1428571492
105756  -31.737  11.239  -57.019 0.1428571492
106752  -27.385  11.901  -46.399 0.1428571492
106765  -29.191  12.060  -46.964 0.2857142985
106772  -29.275  12.382  -47.672 0.1428571492
106789  -28.130  13.891  -51.108 0.4285714328
106806  -29.816  12.752  -52.424 0.2857142985
106809  -33.260  12.646  -52.214 0.1428571492
106813  -27.394  13.003  -52.964 0.2857142985
106814  -28.031  12.959  -53.175 0.2857142985
106819  -33.758  12.517  -52.875 0.1428571492
106840  -30.829  11.139  -57.220 0.1428571492
106851  -31.442  11.563  -57.070 0.1428571492
107808  -26.745  12.388  -46.803 0.1428571492
107809  -27.591  12.620  -46.770 0.1428571492
107810  -28.550  12.829  -46.814 0.2857142985
107811  -29.081  12.843  -47.234 0.2857142985
107832  -29.103  13.135  -48.106 0.1428571492
107841  -28.978  13.583  -49.278 0.2857142985
107842  -31.862  13.778  -49.794 0.1428571492
107843  -32.589  13.713  -49.447 0.1428571492
107846  -36.095  13.717  -49.494 0.1428571492
107857  -29.793  13.863  -51.661 0.2857142985
107862  -35.466  13.330  -49.968 0.1428571492
107870  -27.702  14.609  -52.297 0.2857142985
107871  -28.697  14.570  -52.192 0.2857142985
107874  -33.578  12.930  -50.769 0.1428571492
107875  -35.511  13.246  -50.666 0.1428571492
107883  -27.999  14.595  -52.338 0.2857142985
107886  -32.129  12.820  -51.227 0.1428571492
107887  -33.032  12.807  -51.367 0.1428571492
108837  -26.447  14.233  -48.068 0.1428571492
108838  -27.233  14.602  -47.881 0.1428571492
108840  -28.894  13.834  -48.711 0.2857142985
108856  -32.887  13.917  -48.914 0.1428571492
108866  -28.407  14.579  -51.909 0.4285714328
109855  -28.079  14.826  -48.246 0.1428571492
109857  -32.872  14.887  -48.279 0.1428571492
109874  -31.566  14.786  -49.204 0.1428571492
109888  -29.146  14.722  -51.828 0.2857142985
109894  -28.591  15.106  -52.389 0.4285714328
109895  -28.924  15.001  -52.497 0.2857142985
110857  -26.484  16.446  -48.452 0.1428571492
110882  -28.286  15.944  -50.237 0.2857142985
110884  -30.589  15.589  -50.570 0.2857142985
110892  -28.798  15.864  -52.978 0.2857142985
111890  -30.918  17.179  -49.869 0.1428571492
111891  -31.395  16.947  -49.119 0.1428571492
111899  -27.802  17.116  -51.765 0.4285714328
111906  -28.233  16.644  -52.875 0.2857142985
111908  -29.482  16.081  -52.195 0.2857142985
111909  -28.539  16.539  -53.224 0.2857142985
112847  -25.230  17.557  -46.940 0.1428571492
112851  -25.859  17.866  -47.792 0.1428571492
112863  -27.213  18.303  -49.784 0.2857142985
112873  -26.707  18.845  -51.229 0.1428571492
112875  -29.411  18.224  -51.201 0.2857142985
112883  -27.727  18.621  -53.282 0.2857142985
112884  -27.756  17.717  -52.779 0.2857142985
112887  -28.138  18.995  -53.412 0.2857142985
112888  -28.298  18.598  -53.228 0.2857142985
112889  -28.710  17.614  -53.109 0.2857142985
113811  -27.522  19.231  -49.353 0.1428571492
113823  -27.233  19.001  -50.603 0.1428571492
113835  -27.926  19.186  -51.252 0.1428571492
113842  -28.219  19.230  -52.747 0.2857142985
113843  -28.283  19.106  -53.026 0.2857142985
113844  -28.642  18.779  -52.415 0.2857142985
113845  -28.729  18.819  -51.863 0.2857142985
113847  -28.174  19.521  -52.964 0.2857142985
113848  -28.244  19.076  -53.328 0.2857142985
113849  -28.481  18.934  -52.980 0.2857142985
113851  -28.146  19.892  -51.689 0.2857142985
113852  -28.331  19.041  -53.352 0.2857142985
114741  -25.551  19.295  -47.134 0.2857142985
114747  -27.535  19.560  -48.946 0.1428571492
114762  -28.316  19.506  -49.018 0.1428571492
114774  -28.284  19.167  -53.009 0.2857142985
114777  -28.147  19.615  -52.392 0.2857142985
115819  -23.911  20.444  -46.125 0.1428571492
115832  -25.695  20.795  -48.171 0.1428571492
115833  -26.555  20.198  -48.420 0.1428571492
116902  -26.894  21.520  -47.996 0.1428571492
116909  -25.033  21.611  -48.765 0.1428571492
117855  -23.430  21.112  -45.612 0.1428571492
117874  -24.452  21.883  -48.468 0.1428571492
117875  -24.936  22.027  -48.474 0.1428571492
117876  -25.632  22.018  -48.434 0.1428571492
118759  -25.563  23.058  -48.199 0.1428571492
154293  -28.311  19.193  -53.250 0.2857142985
154757  -28.239  19.337  -52.659 0.2857142985
155353  -30.877  13.373  -50.991 0.2857142985
155788  -25.183  10.362  -54.928 0.4285714328
155825  -28.500  14.951  -50.084 0.2857142985
157110  -29.074  9.037  -46.856 0.1428571492
157240  -31.297  10.159  -53.862 0.1428571492
157435  -30.307  -5.112  -43.061 0.2857142985
157851  -32.212  -3.083  -48.979 0.4285714328
158605  -28.619  8.064  -48.327 0.2857142985
158980  -35.086  -10.336  -48.398 0.4285714328
159265  -29.920  10.352  -54.489 0.1428571492
160302  -26.350  8.314  -52.053 0.5714285970
161140  -33.940  -1.667  -50.127 1.0000000000
161455  -28.821  13.203  -49.714 0.4285714328
161499  -30.153  -2.732  -45.287 0.1428571492
161682  -29.296  -1.740  -45.293 0.1428571492
161931  -28.661  4.864  -46.239 0.1428571492
162364  -34.910  -5.818  -42.279 0.7142857313
162418  -30.294  10.549  -56.556 0.2857142985
162429  -31.071  -4.190  -45.238 0.2857142985
162446  -33.440  -4.751  -43.184 0.5714285970
162655  -33.822  2.004  -49.480 1.0000000000
164183  -35.689  -4.287  -48.302 0.8571428657
164466  -28.108  4.325  -49.319 0.1428571492
164476  -34.586  0.308  -48.759 0.8571428657
164855  -31.146  -2.577  -45.706 0.1428571492
165192  -30.287  9.866  -53.444 0.1428571492
165444  -34.715  1.625  -47.223 0.8571428657
165445  -34.645  1.760  -45.338 0.4285714328
165446  -34.594  1.884  -44.091 0.1428571492
165707  -27.213  6.080  -43.402 0.2857142985
166361  -27.753  -8.640  -35.495 0.1428571492
166468  -27.333  20.000  -48.525 0.1428571492
166575  -32.412  -5.911  -39.657 0.7142857313
166669  -28.729  5.718  -47.585 0.2857142985
166776  -35.577  -3.159  -44.118 0.2857142985
167623  -26.608  -7.395  -39.974 0.5714285970
168329  -34.193  -11.309  -44.449 0.4285714328
168558  -27.921  2.173  -47.487 0.2857142985
169185  -23.482  -8.983  -42.319 0.1428571492
169283  -27.172  19.132  -48.777 0.1428571492
169384  -27.350  6.583  -43.701 0.1428571492
169706  -36.212  -7.008  -46.620 0.5714285970
170124  -28.488  14.678  -50.738 0.4285714328
171052  -23.865  22.912  -47.365 0.1428571492
171887  -34.494  -11.679  -45.760 0.4285714328
172791  -32.914  -6.959  -38.681 0.4285714328
172969  -28.570  19.169  -49.510 0.1428571492
173275  -29.951  15.265  -51.313 0.2857142985
173338  -34.650  -0.303  -43.119 0.1428571492
173436  -28.514  3.567  -44.066 0.1428571492
173537  -31.911  14.430  -48.897 0.1428571492
173561  -29.392  2.124  -48.688 0.4285714328
173720  -29.097  -5.712  -42.581 0.2857142985
174429  -32.110  16.005  -48.562 0.1428571492
174535  -34.729  -0.612  -45.535 0.5714285970
174541  -32.573  12.637  -51.870 0.1428571492
174833  -36.382  -8.924  -45.945 0.4285714328
174910  -34.451  12.924  -51.719 0.1428571492
175123  -26.850  -8.315  -36.625 0.1428571492
175296  -32.110  -4.204  -51.255 0.5714285970
175375  -35.856  -3.341  -42.975 0.1428571492
175650  -34.467  12.739  -53.337 0.1428571492
175770  -34.626  0.982  -43.357 0.1428571492
175948  -28.238  11.661  -46.081 0.2857142985
176970  -31.761  11.942  -55.750 0.1428571492
177173  -34.527  -0.108  -49.201 0.8571428657
177179  -28.955  4.130  -44.187 0.1428571492
178168  -31.454  -4.756  -44.044 0.1428571492
178327  -28.984  12.200  -49.106 0.2857142985
179094  -27.598  14.310  -51.976 0.4285714328
179324  -35.163  -10.178  -40.637 0.1428571492
179611  -27.741  -0.518  -46.531 0.1428571492
179719  -30.712  6.042  -51.860 0.5714285970
180588  -25.075  8.734  -55.227 0.5714285970
180756  -36.375  -10.117  -42.531 0.1428571492
180957  -37.647  -9.137  -34.414 0.1428571492
181329  -24.775  7.923  -55.263 0.5714285970
182675  -29.819  11.024  -54.754 0.2857142985
183490  -30.837  1.991  -47.986 0.4285714328
183703  -32.121  0.844  -46.626 0.2857142985
183766  -32.326  6.772  -48.000 0.1428571492
183806  -24.608  22.972  -48.159 0.1428571492
184618  -35.802  -7.248  -47.496 0.7142857313
184751  -30.329  11.712  -54.225 0.1428571492
184982  -27.725  1.538  -46.958 0.2857142985
185016  -28.498  11.573  -49.877 0.4285714328
185455  -28.737  4.183  -43.936 0.1428571492
185942  -27.308  19.065  -49.892 0.1428571492
186234  -31.515  13.004  -50.980 0.2857142985
186237  -22.587  -14.503  -32.692 0.2857142985
186325  -31.851  4.394  -52.919 0.8571428657
186640  -28.443  14.625  -48.641 0.1428571492
186892  -31.233  10.020  -50.993 0.1428571492
187054  -31.399  -5.874  -39.624 0.7142857313
187605  -34.709  0.670  -46.727 0.7142857313
187662  -28.461  8.157  -48.754 0.2857142985
187966  -26.236  7.410  -51.991 0.2857142985
188290  -34.137  -0.377  -49.842 1.0000000000
