#!ascii label  , from subject sub-v2s1x29884_ses-1 vox2ras=TkReg
1211
64239  16.078  -21.428  40.790 0.0000000000
67859  21.328  -18.821  45.944 0.0000000000
185028  35.449  -11.422  25.451 0.0000000000
74370  26.532  -13.846  29.916 0.0000000000
67975  25.994  -18.929  39.929 0.0000000000
85206  48.505  -7.118  21.844 0.0000000000
73153  36.171  -16.412  27.577 0.0000000000
74407  32.535  -14.625  25.659 0.0000000000
61991  12.872  -22.606  38.915 0.0000000000
61937  19.579  -23.834  42.439 0.0000000000
66732  20.193  -19.394  41.826 0.0000000000
158566  17.774  -23.417  38.309 0.0000000000
181000  40.875  -7.281  23.450 0.0000000000
63012  16.440  -22.342  45.309 0.0000000000
64201  12.423  -21.384  44.973 0.0000000000
81166  40.636  -9.266  28.657 0.0000000000
60690  9.529  -24.257  41.742 0.0000000000
54226  10.111  -28.944  37.834 0.0000000000
163805  31.075  -12.072  30.682 0.0000000000
70575  27.279  -16.382  34.903 0.0000000000
157196  23.378  -18.572  34.174 0.0000000000
65498  22.575  -20.066  38.312 0.0000000000
75578  36.438  -13.805  30.135 0.0000000000
74396  34.660  -16.073  26.480 0.0000000000
76929  34.348  -12.629  28.730 0.0000000000
74340  38.483  -15.989  31.818 0.0000000000
63109  15.545  -22.105  39.214 0.0000000000
161264  14.386  -22.882  39.308 0.0000000000
64261  14.212  -21.162  39.921 0.0000000000
63057  17.786  -23.162  41.391 0.0000000000
63071  18.992  -23.623  40.450 0.0000000000
161327  17.051  -22.984  39.376 0.0000000000
62007  16.206  -23.422  38.222 0.0000000000
79668  34.950  -9.776  23.410 0.0000000000
78290  37.693  -11.925  27.858 0.0000000000
79654  37.860  -10.142  26.831 0.0000000000
82657  37.286  -8.564  24.467 0.0000000000
61887  10.976  -22.625  46.856 0.0000000000
61929  10.636  -22.425  43.756 0.0000000000
59393  9.829  -24.315  45.751 0.0000000000
50383  8.473  -30.654  42.753 0.0000000000
166917  9.565  -29.297  40.622 0.0000000000
52853  8.282  -29.414  39.117 0.0000000000
54229  5.989  -28.509  38.304 0.0000000000
52764  3.710  -28.678  43.717 0.0000000000
70523  28.865  -16.457  37.973 0.0000000000
157520  27.030  -17.565  37.961 0.0000000000
158007  25.543  -17.503  34.962 0.0000000000
68020  24.867  -18.839  37.856 0.0000000000
66772  18.952  -19.736  38.595 0.0000000000
67976  21.268  -18.979  40.305 0.0000000000
66789  20.154  -19.089  37.647 0.0000000000
182626  20.572  -19.330  35.656 0.0000000000
75580  28.351  -12.623  30.086 0.0000000000
176536  28.741  -12.301  26.722 0.0000000000
74391  26.945  -13.253  26.911 0.0000000000
86361  49.169  -6.067  23.738 0.0000000000
171287  49.839  -6.496  21.215 0.0000000000
75609  36.230  -13.936  26.688 0.0000000000
178202  34.054  -15.570  25.481 0.0000000000
185675  38.622  -14.430  29.746 0.0000000000
65421  20.643  -20.575  44.512 0.0000000000
66695  20.807  -19.273  43.822 0.0000000000
185926  19.582  -21.220  41.933 0.0000000000
65484  18.921  -21.233  39.677 0.0000000000
63140  17.864  -22.578  37.273 0.0000000000
83926  44.014  -7.948  27.789 0.0000000000
83979  43.865  -7.758  24.654 0.0000000000
170193  44.424  -6.849  21.814 0.0000000000
85245  46.121  -6.268  20.547 0.0000000000
64206  16.117  -21.768  43.240 0.0000000000
158644  14.268  -21.133  43.045 0.0000000000
179285  14.753  -21.657  45.463 0.0000000000
61917  18.660  -24.178  44.158 0.0000000000
83949  40.382  -8.249  26.177 0.0000000000
173456  12.089  -21.188  41.593 0.0000000000
182906  10.465  -22.975  39.866 0.0000000000
59449  10.570  -25.079  38.369 0.0000000000
174104  9.098  -26.060  43.738 0.0000000000
56810  9.912  -27.232  39.258 0.0000000000
51591  0.582  -30.724  43.034 0.0000000000
76841  33.775  -12.095  32.340 0.0000000000
74322  28.455  -14.002  32.837 0.0000000000
71827  28.886  -15.549  35.958 0.0000000000
71883  26.988  -15.362  32.513 0.0000000000
70608  25.537  -16.534  32.262 0.0000000000
69282  23.548  -17.319  31.571 0.0000000000
68089  21.318  -18.748  30.926 0.0000000000
67942  22.693  -19.004  42.271 0.0000000000
65467  23.481  -20.451  40.461 0.0000000000
66768  24.190  -20.332  39.102 0.0000000000
66800  23.203  -19.986  36.764 0.0000000000
173356  21.324  -19.606  33.781 0.0000000000
76946  31.821  -12.107  27.564 0.0000000000
74410  30.359  -13.791  25.709 0.0000000000
76837  37.188  -12.693  31.975 0.0000000000
75579  35.838  -13.147  29.868 0.0000000000
76887  35.397  -12.345  30.352 0.0000000000
75523  37.836  -13.196  32.279 0.0000000000
185504  15.711  -21.807  39.460 0.0000000000
63110  14.823  -21.878  39.281 0.0000000000
64260  15.036  -21.259  39.873 0.0000000000
63073  16.936  -22.151  41.042 0.0000000000
63072  17.594  -23.126  40.452 0.0000000000
63090  16.746  -22.279  40.034 0.0000000000
63108  16.259  -22.289  39.310 0.0000000000
79666  34.713  -10.777  24.261 0.0000000000
78303  36.399  -11.588  26.385 0.0000000000
78295  37.900  -11.116  27.668 0.0000000000
79656  36.632  -10.815  26.182 0.0000000000
79664  35.789  -10.150  24.766 0.0000000000
164436  7.489  -30.749  42.651 0.0000000000
51603  8.356  -30.261  41.573 0.0000000000
52816  7.031  -29.426  41.130 0.0000000000
155582  6.910  -28.660  39.265 0.0000000000
52798  6.131  -28.846  41.430 0.0000000000
54142  4.808  -28.261  41.979 0.0000000000
161151  27.341  -17.585  38.696 0.0000000000
157521  26.085  -18.235  38.694 0.0000000000
68019  25.641  -18.134  37.572 0.0000000000
68008  25.580  -18.471  38.317 0.0000000000
67873  21.879  -18.593  45.551 0.0000000000
65516  18.574  -20.289  38.044 0.0000000000
66779  19.486  -19.155  38.303 0.0000000000
65549  18.295  -20.122  36.433 0.0000000000
66821  18.766  -19.504  35.735 0.0000000000
75581  27.619  -12.898  29.807 0.0000000000
75599  27.233  -12.609  28.041 0.0000000000
84034  48.074  -7.552  22.317 0.0000000000
83997  49.996  -8.252  23.496 0.0000000000
84017  50.621  -7.808  23.145 0.0000000000
85192  51.304  -7.188  22.923 0.0000000000
85221  49.065  -6.711  21.329 0.0000000000
74395  36.185  -15.563  26.725 0.0000000000
74406  34.953  -15.279  25.800 0.0000000000
73188  34.992  -16.160  26.236 0.0000000000
74398  33.111  -14.593  26.096 0.0000000000
73191  33.326  -15.508  25.568 0.0000000000
171839  32.804  -15.466  25.289 0.0000000000
73137  37.965  -16.040  30.252 0.0000000000
74374  37.635  -16.084  28.733 0.0000000000
75602  37.109  -13.995  27.656 0.0000000000
61990  13.697  -22.575  39.083 0.0000000000
60720  12.322  -23.201  38.647 0.0000000000
64205  20.240  -21.961  43.734 0.0000000000
179037  20.428  -21.097  43.901 0.0000000000
63044  19.735  -23.213  42.116 0.0000000000
61986  18.204  -23.695  39.730 0.0000000000
64257  19.002  -22.465  40.125 0.0000000000
63107  18.381  -23.148  39.282 0.0000000000
64275  18.625  -21.925  39.031 0.0000000000
63127  18.010  -22.912  37.899 0.0000000000
62022  17.557  -23.292  37.636 0.0000000000
70657  24.204  -16.093  29.532 0.0000000000
83964  42.135  -7.624  25.934 0.0000000000
174645  44.340  -7.999  26.522 0.0000000000
84000  42.699  -7.485  23.962 0.0000000000
85227  43.440  -6.673  21.332 0.0000000000
176179  43.426  -6.384  20.413 0.0000000000
85226  44.862  -6.515  21.157 0.0000000000
63024  16.526  -22.261  44.499 0.0000000000
64197  15.341  -21.674  44.243 0.0000000000
63013  15.770  -22.085  45.680 0.0000000000
61918  17.969  -23.308  44.555 0.0000000000
63033  17.457  -22.676  43.288 0.0000000000
182496  42.387  -8.413  28.935 0.0000000000
82580  41.160  -8.723  28.344 0.0000000000
82674  37.780  -8.118  24.030 0.0000000000
64210  13.299  -21.213  43.938 0.0000000000
64229  13.574  -20.987  41.933 0.0000000000
64221  12.737  -21.214  43.463 0.0000000000
61940  9.886  -23.070  42.892 0.0000000000
63060  10.507  -22.237  41.871 0.0000000000
60689  9.777  -23.435  41.439 0.0000000000
169921  10.434  -24.112  39.032 0.0000000000
59420  9.985  -24.506  39.789 0.0000000000
55436  8.813  -27.168  44.431 0.0000000000
168054  9.777  -29.125  39.350 0.0000000000
55482  9.581  -27.623  40.297 0.0000000000
54203  10.212  -28.610  38.251 0.0000000000
55533  10.691  -27.345  37.484 0.0000000000
75510  29.533  -13.269  33.580 0.0000000000
70551  28.062  -16.406  36.713 0.0000000000
71798  28.639  -16.155  37.130 0.0000000000
71828  28.212  -15.882  35.605 0.0000000000
71857  27.969  -15.457  34.170 0.0000000000
71859  26.852  -16.089  33.501 0.0000000000
71885  25.887  -16.038  31.881 0.0000000000
70581  26.467  -16.568  33.855 0.0000000000
68043  24.389  -18.192  34.868 0.0000000000
158237  24.316  -17.605  33.355 0.0000000000
68059  23.614  -18.065  33.531 0.0000000000
68076  22.367  -18.019  31.570 0.0000000000
68070  22.472  -18.754  33.293 0.0000000000
66716  20.731  -19.187  43.012 0.0000000000
67902  21.345  -18.937  43.345 0.0000000000
67944  21.505  -18.894  41.767 0.0000000000
66770  22.366  -19.630  39.123 0.0000000000
66758  22.847  -19.929  40.218 0.0000000000
66769  22.801  -20.009  39.579 0.0000000000
65481  23.892  -20.603  40.059 0.0000000000
65513  23.591  -20.509  38.626 0.0000000000
65530  23.504  -20.300  37.846 0.0000000000
65515  22.547  -20.263  37.601 0.0000000000
182857  19.426  -19.530  33.740 0.0000000000
66818  20.991  -19.493  35.217 0.0000000000
178159  32.306  -12.129  31.125 0.0000000000
76890  32.926  -12.115  29.905 0.0000000000
76933  30.918  -11.977  28.467 0.0000000000
74400  28.913  -13.281  26.099 0.0000000000
75625  29.666  -13.160  25.982 0.0000000000
86378  48.612  -5.663  23.054 0.0000000000
74375  36.792  -15.925  29.139 0.0000000000
74388  35.665  -16.459  27.405 0.0000000000
75596  35.512  -14.374  28.470 0.0000000000
75604  34.602  -14.283  27.555 0.0000000000
75606  33.053  -12.764  27.245 0.0000000000
74319  38.587  -15.095  32.978 0.0000000000
74341  38.003  -15.612  31.409 0.0000000000
158294  15.090  -22.616  39.074 0.0000000000
163674  14.409  -22.314  39.259 0.0000000000
64278  13.299  -21.498  39.219 0.0000000000
61946  18.818  -24.413  41.574 0.0000000000
61945  19.148  -24.157  41.653 0.0000000000
61956  18.440  -23.925  40.649 0.0000000000
61971  18.179  -23.726  39.966 0.0000000000
168540  17.582  -23.487  38.628 0.0000000000
165445  17.177  -23.623  38.099 0.0000000000
61988  16.900  -23.335  38.736 0.0000000000
61989  15.912  -22.815  38.785 0.0000000000
162065  39.594  -6.804  21.748 0.0000000000
62994  16.268  -22.553  46.915 0.0000000000
78282  39.023  -11.550  29.263 0.0000000000
79643  39.035  -10.389  28.420 0.0000000000
81168  39.394  -9.817  28.070 0.0000000000
82599  39.512  -9.065  27.052 0.0000000000
81223  37.243  -9.497  25.562 0.0000000000
81234  36.189  -9.410  24.481 0.0000000000
167976  12.010  -21.849  46.051 0.0000000000
63027  11.823  -21.578  44.524 0.0000000000
61898  10.839  -22.545  46.117 0.0000000000
61921  10.419  -23.093  44.992 0.0000000000
60670  9.505  -24.324  44.186 0.0000000000
54107  8.832  -28.444  43.728 0.0000000000
171544  9.001  -30.053  41.546 0.0000000000
51631  9.025  -29.927  39.941 0.0000000000
52895  9.487  -29.207  38.077 0.0000000000
167949  7.965  -28.607  37.156 0.0000000000
70539  27.609  -17.061  37.646 0.0000000000
69227  27.129  -17.067  36.484 0.0000000000
69236  26.224  -17.241  35.286 0.0000000000
156830  26.028  -17.586  36.164 0.0000000000
68026  25.313  -17.953  36.209 0.0000000000
165722  23.849  -19.049  35.908 0.0000000000
66761  19.447  -19.508  39.831 0.0000000000
67945  20.815  -18.920  40.851 0.0000000000
159460  19.751  -19.023  39.558 0.0000000000
155705  20.723  -18.970  38.892 0.0000000000
66777  20.951  -19.185  38.143 0.0000000000
66787  21.965  -19.857  37.136 0.0000000000
66803  20.574  -19.271  36.800 0.0000000000
66833  18.868  -19.446  34.990 0.0000000000
76869  29.791  -12.159  30.332 0.0000000000
76915  29.738  -11.994  28.722 0.0000000000
76917  28.615  -12.154  28.748 0.0000000000
76950  28.109  -12.344  27.059 0.0000000000
85178  49.763  -6.499  24.271 0.0000000000
85203  51.892  -6.298  22.840 0.0000000000
76956  35.717  -12.072  25.945 0.0000000000
78308  34.517  -11.915  24.737 0.0000000000
76965  34.674  -12.776  25.130 0.0000000000
169605  34.473  -16.168  26.157 0.0000000000
73205  33.596  -15.638  25.209 0.0000000000
73119  39.397  -15.747  32.961 0.0000000000
74339  39.281  -15.452  31.876 0.0000000000
76860  39.433  -13.416  30.590 0.0000000000
75594  38.151  -13.510  28.956 0.0000000000
166927  36.675  -13.198  27.100 0.0000000000
65388  20.754  -19.851  45.855 0.0000000000
67874  21.339  -18.813  45.136 0.0000000000
66671  20.543  -19.701  44.194 0.0000000000
65444  20.119  -20.109  42.896 0.0000000000
65457  19.869  -19.873  42.173 0.0000000000
64225  19.493  -22.214  41.643 0.0000000000
168776  19.367  -21.240  41.331 0.0000000000
185517  19.297  -20.293  40.612 0.0000000000
65500  18.715  -20.688  38.861 0.0000000000
64304  18.262  -20.990  37.492 0.0000000000
64305  17.980  -21.658  36.974 0.0000000000
179212  45.160  -8.316  24.872 0.0000000000
85195  42.631  -7.176  22.627 0.0000000000
84023  43.890  -7.444  23.182 0.0000000000
173404  45.205  -7.675  23.001 0.0000000000
84037  45.755  -7.532  22.453 0.0000000000
85209  46.111  -7.092  21.816 0.0000000000
85223  47.327  -6.786  21.231 0.0000000000
85243  47.739  -6.405  20.620 0.0000000000
64226  16.395  -21.580  41.608 0.0000000000
162082  15.404  -21.038  41.019 0.0000000000
64218  15.604  -21.330  42.813 0.0000000000
64198  14.734  -21.461  44.323 0.0000000000
64190  13.753  -21.386  45.132 0.0000000000
63005  14.921  -22.010  46.689 0.0000000000
63007  12.900  -21.737  46.240 0.0000000000
182678  12.171  -22.185  47.367 0.0000000000
162034  21.126  -19.554  47.090 0.0000000000
65387  21.018  -20.782  46.283 0.0000000000
63011  20.425  -22.284  45.207 0.0000000000
61916  20.366  -23.504  44.002 0.0000000000
60667  19.397  -24.195  44.222 0.0000000000
60684  18.767  -24.298  42.928 0.0000000000
61939  18.254  -23.411  42.832 0.0000000000
63045  17.627  -22.747  42.409 0.0000000000
82557  43.728  -8.350  29.306 0.0000000000
83928  42.694  -7.849  27.278 0.0000000000
83982  40.797  -7.678  24.858 0.0000000000
82634  39.020  -8.571  25.752 0.0000000000
83984  39.193  -7.871  24.569 0.0000000000
84025  39.597  -7.315  23.448 0.0000000000
156870  14.139  -20.961  41.352 0.0000000000
64243  13.048  -20.977  40.662 0.0000000000
64263  12.064  -21.501  39.782 0.0000000000
63047  11.673  -21.481  42.792 0.0000000000
63074  11.169  -21.694  40.678 0.0000000000
61993  11.376  -22.449  39.222 0.0000000000
59433  10.976  -23.901  38.574 0.0000000000
166133  11.279  -24.532  38.174 0.0000000000
59394  9.587  -24.955  45.326 0.0000000000
58087  9.082  -25.451  42.349 0.0000000000
165819  9.207  -26.229  41.006 0.0000000000
58089  9.324  -25.530  40.999 0.0000000000
169379  10.159  -25.703  38.859 0.0000000000
52747  1.992  -29.459  44.570 0.0000000000
156927  35.153  -11.912  32.401 0.0000000000
76825  30.783  -12.318  32.593 0.0000000000
75547  29.473  -12.798  32.135 0.0000000000
75548  28.786  -13.077  31.715 0.0000000000
74360  27.477  -13.832  31.081 0.0000000000
73085  28.848  -14.545  34.218 0.0000000000
73122  27.907  -14.398  32.488 0.0000000000
74361  26.828  -14.168  30.747 0.0000000000
73132  25.918  -15.176  30.794 0.0000000000
71891  25.064  -16.080  30.839 0.0000000000
70640  24.405  -16.424  30.462 0.0000000000
186579  25.455  -17.155  33.696 0.0000000000
70609  24.791  -16.811  31.977 0.0000000000
69302  23.172  -17.170  30.395 0.0000000000
69304  22.263  -17.763  30.196 0.0000000000
68109  21.219  -18.505  29.532 0.0000000000
66756  25.400  -19.829  40.250 0.0000000000
179000  21.988  -18.632  44.801 0.0000000000
67900  22.910  -18.892  43.713 0.0000000000
66715  23.377  -19.472  42.477 0.0000000000
185359  21.889  -18.961  41.268 0.0000000000
66729  23.204  -19.559  41.725 0.0000000000
66728  23.879  -20.160  41.968 0.0000000000
65465  24.586  -20.593  41.014 0.0000000000
66757  24.748  -20.253  39.831 0.0000000000
66767  24.902  -19.602  39.141 0.0000000000
66774  24.498  -19.641  38.493 0.0000000000
66786  23.705  -19.791  37.231 0.0000000000
154646  23.322  -19.584  36.025 0.0000000000
66801  22.070  -20.042  36.338 0.0000000000
65562  22.254  -19.964  35.567 0.0000000000
184649  22.318  -19.517  34.472 0.0000000000
171504  21.266  -19.303  32.217 0.0000000000
76889  33.773  -12.184  29.932 0.0000000000
76945  32.604  -12.223  27.796 0.0000000000
75613  31.698  -12.710  26.413 0.0000000000
76960  30.347  -12.041  26.997 0.0000000000
75614  30.819  -12.560  26.267 0.0000000000
74409  31.216  -13.928  25.629 0.0000000000
86408  48.151  -5.948  19.931 0.0000000000
177099  36.623  -12.048  32.347 0.0000000000
76838  36.444  -12.272  31.615 0.0000000000
157345  35.930  -11.863  32.326 0.0000000000
76818  37.219  -12.172  32.713 0.0000000000
64259  15.806  -21.583  39.817 0.0000000000
64276  15.278  -21.582  39.422 0.0000000000
64240  15.452  -21.158  40.393 0.0000000000
78311  34.984  -11.243  24.877 0.0000000000
78314  34.249  -11.062  23.713 0.0000000000
78312  34.462  -11.329  24.342 0.0000000000
78306  36.015  -11.175  25.797 0.0000000000
79661  35.594  -10.828  25.214 0.0000000000
51588  6.728  -30.410  42.895 0.0000000000
51605  7.256  -30.265  42.156 0.0000000000
52797  6.721  -29.472  41.819 0.0000000000
52817  6.604  -28.889  40.632 0.0000000000
182200  6.083  -29.078  42.087 0.0000000000
52782  5.715  -29.036  42.609 0.0000000000
67992  26.394  -18.310  39.242 0.0000000000
67993  25.607  -18.824  39.102 0.0000000000
67858  21.868  -18.609  46.350 0.0000000000
64314  18.075  -20.705  36.706 0.0000000000
65533  18.470  -19.986  37.141 0.0000000000
65550  17.957  -20.495  36.016 0.0000000000
75582  26.912  -13.210  29.444 0.0000000000
75591  26.724  -13.051  28.513 0.0000000000
85207  47.695  -7.162  21.804 0.0000000000
84019  48.509  -7.872  22.867 0.0000000000
84033  48.959  -7.527  22.339 0.0000000000
85205  49.249  -7.115  21.921 0.0000000000
85222  48.143  -6.755  21.268 0.0000000000
73161  36.248  -16.381  27.166 0.0000000000
73173  35.626  -16.228  26.630 0.0000000000
73192  31.952  -14.851  25.321 0.0000000000
73145  37.214  -16.276  28.823 0.0000000000
73144  37.532  -16.242  29.052 0.0000000000
73151  37.134  -16.310  28.581 0.0000000000
169829  36.786  -15.754  27.558 0.0000000000
60719  13.137  -23.229  38.839 0.0000000000
60737  12.668  -23.751  38.421 0.0000000000
61936  20.128  -23.362  42.806 0.0000000000
63043  19.993  -22.395  42.977 0.0000000000
62006  17.954  -23.551  38.983 0.0000000000
63126  18.263  -22.765  38.487 0.0000000000
70658  23.749  -16.475  29.135 0.0000000000
163336  41.628  -7.560  24.624 0.0000000000
181126  42.226  -7.502  24.484 0.0000000000
84001  41.933  -7.500  23.938 0.0000000000
85247  44.432  -6.193  20.422 0.0000000000
61919  17.162  -22.747  44.936 0.0000000000
63023  17.270  -22.727  44.131 0.0000000000
81141  40.283  -9.807  28.996 0.0000000000
81139  41.571  -9.260  29.424 0.0000000000
82581  40.406  -9.011  27.998 0.0000000000
64200  13.161  -21.296  44.667 0.0000000000
64211  12.519  -21.283  44.217 0.0000000000
174904  9.616  -23.636  42.976 0.0000000000
60696  9.723  -24.020  40.913 0.0000000000
60707  9.928  -23.975  40.278 0.0000000000
59421  9.696  -24.458  40.480 0.0000000000
55430  8.968  -27.582  45.771 0.0000000000
181372  10.051  -29.155  38.392 0.0000000000
54204  10.079  -28.910  38.844 0.0000000000
54247  10.419  -28.262  37.495 0.0000000000
70552  27.598  -16.636  36.305 0.0000000000
70565  27.970  -16.253  36.125 0.0000000000
70566  27.581  -16.412  35.628 0.0000000000
71845  27.613  -15.914  34.502 0.0000000000
70576  26.573  -16.758  34.639 0.0000000000
68044  23.776  -18.607  34.786 0.0000000000
68060  23.020  -18.540  33.634 0.0000000000
66731  20.728  -19.065  42.235 0.0000000000
65497  23.154  -20.439  38.943 0.0000000000
65514  23.114  -20.386  38.105 0.0000000000
164759  31.676  -12.127  31.382 0.0000000000
76866  31.841  -12.075  30.586 0.0000000000
156869  31.302  -12.021  29.910 0.0000000000
164582  36.761  -15.147  29.809 0.0000000000
74376  36.188  -15.396  28.740 0.0000000000
75586  36.278  -14.370  29.470 0.0000000000
75588  35.006  -13.054  28.949 0.0000000000
75597  34.864  -13.519  28.223 0.0000000000
75598  34.146  -12.930  28.047 0.0000000000
75605  33.859  -13.337  27.372 0.0000000000
163989  39.081  -13.861  33.938 0.0000000000
75545  37.654  -14.026  31.677 0.0000000000
75564  37.370  -14.525  31.054 0.0000000000
74358  37.081  -14.847  30.365 0.0000000000
64277  14.526  -21.465  39.415 0.0000000000
63111  13.966  -21.754  39.153 0.0000000000
175094  13.843  -21.352  39.398 0.0000000000
61947  18.693  -24.247  41.381 0.0000000000
61972  17.502  -23.202  39.793 0.0000000000
61987  17.779  -23.527  39.255 0.0000000000
76907  38.946  -12.327  29.612 0.0000000000
78283  38.502  -11.719  28.776 0.0000000000
79650  37.571  -10.790  27.091 0.0000000000
79644  38.403  -10.675  28.115 0.0000000000
79649  38.144  -10.416  27.447 0.0000000000
79648  38.698  -10.054  27.832 0.0000000000
81207  38.206  -9.551  26.523 0.0000000000
81208  37.576  -9.851  26.208 0.0000000000
81235  35.552  -9.639  24.006 0.0000000000
63008  11.491  -22.200  46.468 0.0000000000
63018  11.323  -22.096  45.707 0.0000000000
61909  10.466  -23.141  45.745 0.0000000000
60660  10.129  -23.685  45.388 0.0000000000
172789  10.086  -23.563  44.753 0.0000000000
59400  9.772  -24.219  44.890 0.0000000000
51569  8.917  -30.114  43.723 0.0000000000
177670  9.081  -29.497  42.792 0.0000000000
52834  8.402  -29.735  39.750 0.0000000000
51632  8.535  -30.009  40.365 0.0000000000
52852  9.029  -29.668  39.352 0.0000000000
52874  8.903  -29.396  38.662 0.0000000000
54249  8.768  -28.792  37.297 0.0000000000
52875  8.057  -29.078  38.545 0.0000000000
160337  6.738  -28.531  38.579 0.0000000000
156078  7.314  -28.620  37.433 0.0000000000
54124  4.243  -28.271  42.553 0.0000000000
54108  3.779  -28.408  43.070 0.0000000000
54109  3.202  -28.625  43.217 0.0000000000
69207  27.642  -17.255  38.253 0.0000000000
69218  27.082  -17.310  37.150 0.0000000000
158788  26.543  -17.469  36.640 0.0000000000
68018  26.400  -17.676  37.365 0.0000000000
157523  25.074  -18.375  36.957 0.0000000000
68027  24.501  -18.609  36.217 0.0000000000
170650  19.908  -19.150  40.184 0.0000000000
176609  19.414  -19.318  39.104 0.0000000000
66790  19.396  -19.197  37.539 0.0000000000
66771  19.918  -18.919  38.999 0.0000000000
66778  20.171  -18.985  38.412 0.0000000000
66788  21.171  -19.360  37.385 0.0000000000
156718  19.685  -19.092  36.904 0.0000000000
167411  29.101  -12.375  30.289 0.0000000000
76916  29.328  -12.076  29.062 0.0000000000
76893  28.841  -12.269  29.541 0.0000000000
75607  27.341  -12.681  27.261 0.0000000000
76937  27.757  -12.377  27.700 0.0000000000
75618  27.678  -12.959  26.688 0.0000000000
85204  50.887  -6.797  22.197 0.0000000000
85191  51.894  -6.756  23.548 0.0000000000
85220  50.627  -6.418  21.572 0.0000000000
85219  51.422  -6.252  22.080 0.0000000000
86394  49.430  -6.211  20.684 0.0000000000
75610  35.743  -13.281  26.245 0.0000000000
169821  35.244  -12.956  25.675 0.0000000000
74415  34.431  -14.973  25.406 0.0000000000
75628  34.288  -13.697  24.945 0.0000000000
74416  33.805  -14.730  24.879 0.0000000000
74389  35.127  -16.215  27.054 0.0000000000
73163  35.094  -16.201  26.528 0.0000000000
167651  33.300  -15.700  25.270 0.0000000000
73190  33.947  -15.749  25.763 0.0000000000
73206  33.032  -15.565  24.909 0.0000000000
74320  38.659  -15.852  32.432 0.0000000000
73103  39.054  -15.638  33.095 0.0000000000
73121  38.654  -16.054  31.867 0.0000000000
73135  38.568  -15.880  30.674 0.0000000000
73129  38.770  -16.079  31.332 0.0000000000
74356  39.263  -14.651  31.039 0.0000000000
74355  39.800  -14.207  31.517 0.0000000000
75577  38.930  -14.317  30.227 0.0000000000
75585  38.672  -13.385  29.587 0.0000000000
76955  36.260  -12.592  26.567 0.0000000000
64188  20.874  -20.636  45.392 0.0000000000
66651  20.699  -19.788  45.040 0.0000000000
64215  20.136  -21.161  43.146 0.0000000000
65434  20.372  -20.281  43.655 0.0000000000
65445  19.799  -20.698  42.411 0.0000000000
63056  19.317  -23.569  41.160 0.0000000000
65483  19.127  -21.107  40.580 0.0000000000
65468  19.418  -20.358  41.067 0.0000000000
180083  19.187  -20.239  40.137 0.0000000000
63139  18.217  -22.103  37.723 0.0000000000
64292  18.484  -21.426  38.275 0.0000000000
60732  16.561  -23.791  37.654 0.0000000000
154968  44.183  -8.234  28.768 0.0000000000
155495  44.042  -7.905  25.215 0.0000000000
82595  44.816  -8.139  26.925 0.0000000000
82632  44.694  -8.159  25.348 0.0000000000
82631  45.350  -8.400  25.486 0.0000000000
83978  44.556  -8.023  24.609 0.0000000000
164740  41.555  -6.674  21.469 0.0000000000
85196  41.876  -7.105  22.714 0.0000000000
183604  43.921  -6.721  21.564 0.0000000000
85211  43.722  -6.949  21.956 0.0000000000
85193  44.149  -7.239  22.465 0.0000000000
186063  44.559  -7.469  22.898 0.0000000000
176765  44.912  -7.246  22.441 0.0000000000
84021  45.978  -7.978  23.169 0.0000000000
85210  45.298  -6.949  21.843 0.0000000000
85246  45.285  -6.176  20.475 0.0000000000
85225  45.694  -6.638  21.183 0.0000000000
85224  46.518  -6.741  21.203 0.0000000000
64217  16.284  -21.581  42.396 0.0000000000
64227  15.691  -21.156  41.808 0.0000000000
63026  15.063  -21.663  44.844 0.0000000000
64189  14.432  -21.441  44.935 0.0000000000
178914  14.194  -21.521  45.524 0.0000000000
63004  15.654  -22.189  46.439 0.0000000000
62997  13.893  -21.976  47.309 0.0000000000
63006  13.713  -21.822  46.599 0.0000000000
62998  13.157  -21.953  47.088 0.0000000000
62999  12.301  -22.046  46.857 0.0000000000
174712  20.933  -19.927  46.521 0.0000000000
63022  20.250  -22.573  44.339 0.0000000000
60676  18.896  -24.384  43.728 0.0000000000
171959  19.368  -24.146  43.467 0.0000000000
61927  18.804  -24.337  43.253 0.0000000000
61938  18.850  -24.554  42.171 0.0000000000
63046  16.831  -22.127  42.854 0.0000000000
63058  16.972  -22.127  41.968 0.0000000000
76969  33.644  -12.516  24.003 0.0000000000
82596  41.564  -8.275  27.741 0.0000000000
83916  42.328  -8.062  27.814 0.0000000000
83929  41.979  -7.932  27.198 0.0000000000
159523  41.440  -7.667  26.027 0.0000000000
83965  40.881  -7.847  25.731 0.0000000000
82618  38.581  -9.006  26.180 0.0000000000
82617  39.264  -8.820  26.417 0.0000000000
82635  38.296  -8.707  25.509 0.0000000000
84006  37.573  -7.910  23.286 0.0000000000
83985  38.490  -7.966  24.316 0.0000000000
84005  38.284  -7.742  23.536 0.0000000000
179836  39.596  -7.596  24.117 0.0000000000
157570  38.867  -7.375  22.924 0.0000000000
64219  14.973  -21.070  42.460 0.0000000000
64228  14.900  -20.971  41.573 0.0000000000
155728  14.274  -21.016  42.171 0.0000000000
64230  12.815  -21.033  41.605 0.0000000000
156054  13.481  -20.920  41.210 0.0000000000
155772  12.523  -21.202  40.127 0.0000000000
64244  12.297  -21.128  40.911 0.0000000000
63037  11.230  -21.983  44.103 0.0000000000
161707  11.152  -21.940  43.274 0.0000000000
166150  10.458  -22.600  40.379 0.0000000000
63075  10.647  -22.150  40.976 0.0000000000
63092  10.851  -22.122  40.279 0.0000000000
63091  11.412  -21.891  39.857 0.0000000000
61973  10.824  -22.442  39.714 0.0000000000
60721  11.401  -23.178  38.790 0.0000000000
61994  10.790  -22.968  39.259 0.0000000000
182798  10.620  -24.449  38.543 0.0000000000
58118  11.069  -25.277  37.818 0.0000000000
160652  9.087  -26.208  45.340 0.0000000000
185655  9.215  -25.647  44.285 0.0000000000
59401  9.409  -24.959  44.473 0.0000000000
58086  9.102  -25.754  43.069 0.0000000000
54140  9.330  -28.655  41.867 0.0000000000
54158  9.471  -28.539  41.140 0.0000000000
56798  9.639  -27.031  39.905 0.0000000000
56789  9.377  -26.879  40.639 0.0000000000
159464  9.472  -26.058  40.260 0.0000000000
58103  9.822  -26.342  39.414 0.0000000000
185822  1.957  -29.947  45.200 0.0000000000
51574  0.677  -30.500  43.755 0.0000000000
172218  1.055  -29.860  43.339 0.0000000000
76802  33.448  -12.229  33.617 0.0000000000
180768  31.142  -12.423  33.795 0.0000000000
76844  30.298  -12.310  31.814 0.0000000000
75525  30.056  -12.622  32.687 0.0000000000
74321  29.010  -13.628  33.210 0.0000000000
74342  28.880  -13.346  32.504 0.0000000000
74343  28.307  -13.737  32.124 0.0000000000
74359  28.115  -13.453  31.396 0.0000000000
71843  28.672  -15.342  35.238 0.0000000000
73087  27.741  -15.238  33.511 0.0000000000
73105  27.547  -15.019  32.834 0.0000000000
73123  27.350  -14.776  32.161 0.0000000000
73130  27.108  -14.490  31.478 0.0000000000
73124  26.751  -15.112  31.850 0.0000000000
73131  26.508  -14.840  31.136 0.0000000000
71890  25.649  -15.804  31.178 0.0000000000
70624  25.337  -16.345  31.554 0.0000000000
70625  24.779  -16.522  31.227 0.0000000000
69240  25.992  -17.149  34.650 0.0000000000
69241  25.547  -17.258  34.195 0.0000000000
69271  23.769  -17.656  32.793 0.0000000000
69270  24.507  -17.271  32.672 0.0000000000
69281  23.999  -17.274  32.067 0.0000000000
70610  24.084  -16.877  31.265 0.0000000000
69292  23.372  -17.192  30.994 0.0000000000
69303  22.789  -17.437  29.980 0.0000000000
158680  22.698  -17.606  30.761 0.0000000000
160747  21.788  -18.508  31.369 0.0000000000
68088  21.930  -18.151  30.717 0.0000000000
66901  20.984  -18.949  30.218 0.0000000000
66670  20.935  -19.284  44.674 0.0000000000
67887  21.422  -18.867  44.226 0.0000000000
67922  22.044  -18.829  42.825 0.0000000000
67901  22.119  -18.799  43.540 0.0000000000
67921  22.825  -18.958  42.990 0.0000000000
67964  21.420  -18.939  41.065 0.0000000000
66744  22.995  -19.724  40.956 0.0000000000
65456  23.691  -20.250  41.199 0.0000000000
65455  24.283  -20.569  41.468 0.0000000000
65466  24.078  -20.632  40.725 0.0000000000
65495  24.207  -20.562  39.737 0.0000000000
65480  24.414  -20.656  40.307 0.0000000000
186491  23.344  -20.156  37.316 0.0000000000
166664  21.393  -19.558  36.732 0.0000000000
66802  21.072  -19.524  36.040 0.0000000000
158869  21.254  -19.641  34.434 0.0000000000
65563  21.783  -19.850  34.992 0.0000000000
162499  21.944  -19.628  34.339 0.0000000000
66847  21.930  -19.348  33.586 0.0000000000
66862  21.315  -19.506  33.069 0.0000000000
156874  34.474  -12.002  32.583 0.0000000000
185572  34.320  -12.071  31.255 0.0000000000
76932  32.137  -12.057  28.405 0.0000000000
76912  32.486  -12.067  29.171 0.0000000000
76957  32.402  -12.360  27.165 0.0000000000
76958  31.949  -12.351  26.888 0.0000000000
76948  29.664  -11.994  27.557 0.0000000000
156732  30.351  -11.953  27.911 0.0000000000
76961  29.407  -12.180  26.810 0.0000000000
75624  30.301  -12.991  25.959 0.0000000000
75623  30.808  -13.234  25.850 0.0000000000
86379  47.470  -5.784  23.195 0.0000000000
87516  46.867  -5.481  22.635 0.0000000000
87517  46.087  -5.178  22.883 0.0000000000
86409  47.330  -6.007  19.906 0.0000000000
76861  36.641  -13.209  30.838 0.0000000000
76886  36.046  -12.794  30.422 0.0000000000
76910  34.440  -12.388  29.454 0.0000000000
79665  35.137  -10.238  24.117 0.0000000000
78289  38.213  -11.450  28.267 0.0000000000
78296  37.336  -11.541  27.314 0.0000000000
78302  37.001  -11.176  26.745 0.0000000000
79655  37.257  -10.480  26.508 0.0000000000
79659  36.943  -10.170  25.877 0.0000000000
79660  36.264  -10.487  25.531 0.0000000000
61877  11.115  -22.659  47.626 0.0000000000
61888  10.507  -23.136  47.321 0.0000000000
51617  7.935  -30.041  41.044 0.0000000000
52815  7.584  -29.501  40.318 0.0000000000
54205  7.498  -28.911  38.881 0.0000000000
54180  6.902  -28.839  39.918 0.0000000000
158290  6.146  -28.510  40.115 0.0000000000
156777  5.312  -28.335  41.420 0.0000000000
54123  5.000  -28.531  42.654 0.0000000000
52763  4.456  -28.585  43.366 0.0000000000
183971  27.013  -17.941  39.154 0.0000000000
69208  26.680  -17.886  38.649 0.0000000000
68007  26.212  -17.920  38.105 0.0000000000
66780  18.914  -19.513  37.784 0.0000000000
66791  19.013  -19.353  37.025 0.0000000000
66804  18.668  -19.608  36.422 0.0000000000
65564  18.316  -19.927  35.891 0.0000000000
75589  28.093  -12.425  29.280 0.0000000000
75590  27.374  -12.688  28.942 0.0000000000
84020  47.642  -7.889  22.877 0.0000000000
82682  48.068  -8.230  23.404 0.0000000000
84015  51.731  -7.133  23.928 0.0000000000
84016  51.510  -7.506  23.627 0.0000000000
174741  49.897  -6.842  21.749 0.0000000000
74405  35.770  -14.704  26.388 0.0000000000
75620  35.375  -14.191  25.914 0.0000000000
182102  35.370  -15.491  26.133 0.0000000000
73189  34.471  -15.910  25.885 0.0000000000
74397  33.968  -15.506  26.339 0.0000000000
73174  33.880  -15.729  25.911 0.0000000000
71963  32.561  -15.589  24.905 0.0000000000
186199  38.391  -15.957  31.014 0.0000000000
74373  37.957  -15.877  29.189 0.0000000000
74367  38.349  -15.605  29.911 0.0000000000
74381  37.951  -15.077  28.713 0.0000000000
74382  37.317  -15.550  28.186 0.0000000000
75603  36.580  -14.842  27.109 0.0000000000
59448  12.234  -24.299  38.056 0.0000000000
64196  20.559  -21.623  44.452 0.0000000000
64216  19.767  -21.776  42.397 0.0000000000
63089  18.607  -23.418  39.921 0.0000000000
64258  18.731  -22.444  39.601 0.0000000000
71909  24.608  -15.636  29.063 0.0000000000
167333  43.051  -7.808  26.788 0.0000000000
83944  44.141  -7.925  27.133 0.0000000000
83963  42.814  -7.617  25.475 0.0000000000
83980  42.745  -7.533  24.747 0.0000000000
156052  43.326  -7.561  24.364 0.0000000000
85228  42.492  -6.629  21.036 0.0000000000
184285  42.708  -6.497  20.350 0.0000000000
169166  44.077  -6.477  21.127 0.0000000000
86412  44.929  -6.026  19.723 0.0000000000
63034  16.662  -22.207  43.689 0.0000000000
63035  15.965  -21.904  44.021 0.0000000000
63025  15.763  -21.962  44.843 0.0000000000
185030  15.301  -21.824  45.357 0.0000000000
61928  18.137  -23.332  43.716 0.0000000000
82537  42.346  -8.740  29.601 0.0000000000
82615  40.586  -8.428  26.848 0.0000000000
82656  38.022  -8.404  24.773 0.0000000000
64209  13.903  -21.207  43.676 0.0000000000
180317  13.725  -21.068  42.620 0.0000000000
64220  13.489  -21.135  43.241 0.0000000000
159095  12.991  -21.132  42.612 0.0000000000
64231  12.236  -21.242  42.299 0.0000000000
177359  10.202  -22.849  43.474 0.0000000000
63049  10.450  -22.418  42.849 0.0000000000
61948  10.010  -22.869  42.105 0.0000000000
61957  10.205  -22.757  41.201 0.0000000000
60695  10.049  -23.310  40.501 0.0000000000
60706  10.324  -23.617  39.654 0.0000000000
59434  10.230  -24.862  39.014 0.0000000000
56773  8.844  -26.786  45.058 0.0000000000
172106  8.923  -26.809  43.748 0.0000000000
54179  9.624  -29.134  39.945 0.0000000000
162163  9.638  -28.440  40.420 0.0000000000
55501  9.838  -28.222  39.588 0.0000000000
55500  10.156  -27.965  38.759 0.0000000000
55517  10.392  -27.609  38.065 0.0000000000
165390  30.112  -12.998  33.829 0.0000000000
75495  30.280  -13.159  34.392 0.0000000000
74301  29.754  -13.478  34.223 0.0000000000
74302  29.195  -13.880  33.893 0.0000000000
70538  28.169  -16.630  37.420 0.0000000000
71813  28.454  -15.974  36.377 0.0000000000
71844  28.141  -15.642  34.843 0.0000000000
71858  27.422  -15.769  33.830 0.0000000000
71872  27.231  -15.603  33.153 0.0000000000
71884  26.444  -15.727  32.181 0.0000000000
71873  26.646  -15.914  32.844 0.0000000000
71874  26.119  -16.267  32.530 0.0000000000
70597  25.747  -16.691  32.920 0.0000000000
68035  24.904  -17.988  35.423 0.0000000000
69242  24.904  -17.708  34.575 0.0000000000
69243  24.177  -17.999  34.167 0.0000000000
69283  23.143  -17.720  32.125 0.0000000000
68069  23.070  -18.159  32.980 0.0000000000
156832  22.457  -18.386  32.463 0.0000000000
68077  21.863  -18.697  32.012 0.0000000000
67923  21.345  -18.907  42.579 0.0000000000
67943  22.002  -18.861  42.194 0.0000000000
66760  21.450  -19.115  39.429 0.0000000000
66745  22.162  -19.155  40.745 0.0000000000
66759  22.163  -19.376  39.898 0.0000000000
65482  23.343  -20.508  39.757 0.0000000000
65496  23.733  -20.558  39.371 0.0000000000
66775  23.887  -20.203  38.417 0.0000000000
65531  22.975  -20.280  37.356 0.0000000000
162729  20.177  -19.247  35.310 0.0000000000
66849  19.832  -19.424  34.067 0.0000000000
65583  19.913  -19.637  33.346 0.0000000000
182218  20.189  -19.764  32.774 0.0000000000
174231  20.707  -19.699  32.591 0.0000000000
65610  19.347  -20.185  31.787 0.0000000000
164856  33.135  -12.150  31.964 0.0000000000
165628  33.340  -12.135  30.659 0.0000000000
164801  32.582  -12.101  30.576 0.0000000000
157360  32.122  -12.051  29.862 0.0000000000
159425  31.496  -11.991  28.232 0.0000000000
75616  29.128  -12.596  26.305 0.0000000000
86376  51.229  -5.445  23.663 0.0000000000
86362  48.076  -6.119  23.736 0.0000000000
73152  36.732  -16.329  28.295 0.0000000000
74383  35.950  -16.209  27.973 0.0000000000
74384  35.324  -15.344  27.746 0.0000000000
75587  35.672  -13.658  29.188 0.0000000000
74390  34.292  -14.915  26.909 0.0000000000
75611  33.486  -13.855  26.747 0.0000000000
75612  32.554  -13.033  26.630 0.0000000000
74300  38.947  -15.104  33.578 0.0000000000
75522  38.311  -13.539  32.804 0.0000000000
75544  38.251  -14.947  32.180 0.0000000000
74357  37.707  -15.891  30.653 0.0000000000
74368  37.451  -16.006  29.670 0.0000000000
161621  13.305  -22.033  39.049 0.0000000000
63112  12.706  -21.980  39.114 0.0000000000
60683  18.817  -24.342  42.195 0.0000000000
61955  18.817  -24.237  40.966 0.0000000000
61970  18.525  -23.913  40.322 0.0000000000
173074  40.249  -6.807  22.295 0.0000000000
85197  41.030  -6.990  22.734 0.0000000000
85215  40.259  -6.673  21.592 0.0000000000
63003  16.366  -22.502  46.116 0.0000000000
78271  40.072  -11.460  30.211 0.0000000000
78281  39.709  -11.112  29.603 0.0000000000
78288  38.727  -11.032  28.686 0.0000000000
79638  39.360  -10.749  29.011 0.0000000000
79637  40.002  -10.438  29.298 0.0000000000
79642  39.716  -10.146  28.664 0.0000000000
81167  40.032  -9.553  28.343 0.0000000000
81186  39.780  -9.317  27.686 0.0000000000
81187  39.110  -9.545  27.440 0.0000000000
81222  37.903  -9.227  25.894 0.0000000000
81224  36.573  -9.819  25.192 0.0000000000
81233  36.875  -9.109  24.860 0.0000000000
82676  36.008  -8.779  23.340 0.0000000000
63016  12.409  -21.552  45.622 0.0000000000
63017  11.840  -21.707  45.297 0.0000000000
63028  11.262  -22.049  44.907 0.0000000000
61908  10.777  -22.522  45.340 0.0000000000
61930  10.239  -23.062  44.201 0.0000000000
60669  9.797  -23.754  44.206 0.0000000000
60678  9.503  -24.101  43.494 0.0000000000
166563  8.828  -28.824  44.210 0.0000000000
52780  9.246  -29.508  42.067 0.0000000000
52814  9.393  -29.417  41.320 0.0000000000
51615  9.286  -29.924  40.790 0.0000000000
52833  9.378  -29.788  40.189 0.0000000000
52851  9.389  -29.536  39.601 0.0000000000
52873  9.640  -29.395  38.884 0.0000000000
54248  9.643  -28.869  37.352 0.0000000000
54227  7.378  -28.744  38.185 0.0000000000
70524  28.168  -16.867  38.123 0.0000000000
169993  27.601  -16.830  36.950 0.0000000000
70553  27.197  -16.846  35.960 0.0000000000
70567  26.922  -16.809  35.406 0.0000000000
69228  26.619  -17.230  35.955 0.0000000000
185048  26.149  -17.431  35.757 0.0000000000
69237  25.687  -17.610  35.635 0.0000000000
69229  25.818  -17.822  36.820 0.0000000000
68036  24.140  -18.591  35.424 0.0000000000
66746  20.144  -19.234  40.979 0.0000000000
170925  20.762  -19.004  41.469 0.0000000000
67977  20.482  -18.942  40.404 0.0000000000
67994  20.429  -18.896  39.687 0.0000000000
154803  21.702  -19.334  38.625 0.0000000000
66776  21.863  -19.602  37.866 0.0000000000
66819  20.077  -19.192  36.077 0.0000000000
181533  19.242  -19.274  36.293 0.0000000000
66820  19.433  -19.259  35.535 0.0000000000
66850  19.020  -19.493  34.163 0.0000000000
76868  30.320  -12.145  30.884 0.0000000000
76891  30.450  -12.050  30.042 0.0000000000
179795  29.939  -12.092  29.873 0.0000000000
76935  29.204  -12.016  28.208 0.0000000000
76949  28.869  -12.068  27.286 0.0000000000
76918  27.884  -12.342  28.438 0.0000000000
76936  28.386  -12.150  27.883 0.0000000000
75617  28.421  -12.739  26.469 0.0000000000
85179  48.590  -6.563  24.313 0.0000000000
85176  51.610  -6.689  24.192 0.0000000000
86359  51.519  -6.096  23.995 0.0000000000
86360  50.392  -6.026  23.887 0.0000000000
86392  51.523  -5.701  21.588 0.0000000000
78307  35.053  -11.994  25.342 0.0000000000
75621  34.870  -13.929  25.450 0.0000000000
74417  33.211  -15.127  24.560 0.0000000000
76885  39.173  -12.838  30.105 0.0000000000
76927  38.026  -12.446  28.469 0.0000000000
75595  37.631  -13.787  28.349 0.0000000000
76928  37.498  -12.833  27.975 0.0000000000
76943  37.170  -12.498  27.487 0.0000000000
78297  36.791  -12.023  26.955 0.0000000000
66631  21.035  -19.306  46.277 0.0000000000
66650  20.983  -19.253  45.497 0.0000000000
66696  20.427  -19.619  43.363 0.0000000000
66717  20.296  -19.500  42.592 0.0000000000
66733  19.716  -19.749  41.423 0.0000000000
64238  19.265  -22.457  40.824 0.0000000000
65458  19.603  -20.454  41.740 0.0000000000
66747  19.544  -19.723  40.615 0.0000000000
65499  19.050  -20.038  39.385 0.0000000000
64315  17.717  -21.282  36.197 0.0000000000
60731  17.126  -23.653  37.537 0.0000000000
73146  25.917  -14.222  29.510 0.0000000000
161875  45.854  -8.546  24.759 0.0000000000
85180  42.296  -7.376  23.291 0.0000000000
84024  43.040  -7.405  23.210 0.0000000000
85212  42.975  -6.938  21.931 0.0000000000
85194  43.390  -7.240  22.557 0.0000000000
83999  44.049  -7.687  23.990 0.0000000000
83998  44.766  -7.962  23.974 0.0000000000
158589  45.314  -8.008  23.626 0.0000000000
82673  45.920  -8.347  23.937 0.0000000000
185588  46.260  -7.754  22.720 0.0000000000
160420  46.790  -7.898  22.928 0.0000000000
84036  46.507  -7.548  22.323 0.0000000000
85208  46.907  -7.170  21.787 0.0000000000
85244  46.935  -6.393  20.578 0.0000000000
64207  15.504  -21.549  43.589 0.0000000000
64208  14.984  -21.270  43.273 0.0000000000
159525  14.490  -21.287  43.763 0.0000000000
64199  13.986  -21.307  44.343 0.0000000000
64191  13.027  -21.425  45.434 0.0000000000
63014  15.133  -21.862  45.981 0.0000000000
62996  14.657  -22.114  47.452 0.0000000000
183015  14.304  -21.913  46.855 0.0000000000
63015  14.375  -21.733  46.160 0.0000000000
64180  13.656  -21.553  45.875 0.0000000000
61886  11.665  -22.311  47.168 0.0000000000
61876  12.002  -22.340  47.848 0.0000000000
67846  21.367  -18.866  46.879 0.0000000000
64179  20.943  -21.508  45.710 0.0000000000
166182  20.810  -21.343  45.049 0.0000000000
63032  20.266  -23.031  43.481 0.0000000000
61926  20.055  -23.687  43.227 0.0000000000
60666  19.997  -23.863  43.871 0.0000000000
181750  19.340  -24.116  42.837 0.0000000000
168251  18.287  -23.718  41.982 0.0000000000
76971  33.966  -11.805  23.994 0.0000000000
82556  44.431  -8.384  29.370 0.0000000000
82558  43.003  -8.343  29.163 0.0000000000
82577  43.538  -8.151  28.691 0.0000000000
83914  43.464  -7.927  28.094 0.0000000000
159526  42.420  -7.752  26.663 0.0000000000
159692  41.506  -7.560  25.412 0.0000000000
84003  40.317  -7.451  23.972 0.0000000000
82598  40.167  -8.847  27.291 0.0000000000
82616  39.932  -8.641  26.632 0.0000000000
82633  39.711  -8.417  25.968 0.0000000000
82655  38.751  -8.273  25.050 0.0000000000
83967  39.470  -8.160  25.273 0.0000000000
83966  40.188  -8.016  25.473 0.0000000000
83983  39.921  -7.782  24.726 0.0000000000
85182  40.263  -7.073  23.109 0.0000000000
85198  39.589  -6.976  22.633 0.0000000000
64241  14.733  -21.022  40.656 0.0000000000
64242  13.818  -20.940  40.560 0.0000000000
64262  13.331  -21.113  39.793 0.0000000000
64279  12.655  -21.442  39.476 0.0000000000
63036  11.893  -21.479  43.641 0.0000000000
64232  11.580  -21.403  41.968 0.0000000000
63048  11.035  -21.828  42.402 0.0000000000
63059  11.043  -21.728  41.536 0.0000000000
64245  11.625  -21.344  41.163 0.0000000000
64264  11.799  -21.360  40.374 0.0000000000
63113  12.034  -21.939  39.332 0.0000000000
61992  12.088  -22.536  38.937 0.0000000000
60738  11.806  -23.829  38.411 0.0000000000
58117  11.899  -24.905  37.621 0.0000000000
59406  9.372  -24.716  43.793 0.0000000000
169173  9.312  -24.775  42.267 0.0000000000
55443  8.802  -27.640  43.745 0.0000000000
159711  8.903  -27.252  43.013 0.0000000000
186085  8.897  -26.744  42.715 0.0000000000
55469  9.399  -27.652  40.940 0.0000000000
56784  9.137  -26.833  41.454 0.0000000000
56780  8.876  -26.250  42.449 0.0000000000
159665  9.020  -25.961  41.699 0.0000000000
59411  9.294  -25.108  41.677 0.0000000000
59413  9.523  -24.744  41.035 0.0000000000
58093  9.571  -25.107  40.352 0.0000000000
58092  9.798  -25.412  39.600 0.0000000000
58119  10.518  -25.861  38.152 0.0000000000
56809  10.190  -26.735  38.613 0.0000000000
56826  10.573  -26.625  37.814 0.0000000000
176880  10.897  -25.922  37.590 0.0000000000
52745  3.669  -29.097  44.490 0.0000000000
52746  2.820  -29.165  44.623 0.0000000000
167089  2.449  -29.098  44.054 0.0000000000
52767  1.830  -29.324  43.625 0.0000000000
51573  1.218  -29.821  44.097 0.0000000000
76819  36.251  -11.738  33.083 0.0000000000
76822  32.683  -12.189  32.525 0.0000000000
76842  31.921  -12.194  32.194 0.0000000000
76867  30.905  -12.135  31.337 0.0000000000
76845  29.469  -12.455  31.150 0.0000000000
75526  29.446  -13.067  32.916 0.0000000000
75565  28.615  -12.832  30.883 0.0000000000
75566  27.871  -13.166  30.635 0.0000000000
74369  27.208  -13.522  30.303 0.0000000000
74287  29.413  -14.104  34.598 0.0000000000
74303  28.618  -14.271  33.543 0.0000000000
73070  28.483  -15.122  34.543 0.0000000000
73104  28.084  -14.659  33.174 0.0000000000
74344  27.699  -14.107  31.809 0.0000000000
73138  26.225  -14.531  30.367 0.0000000000
73139  25.631  -14.886  29.987 0.0000000000
71889  26.216  -15.493  31.499 0.0000000000
71896  25.370  -15.531  30.412 0.0000000000
71897  24.769  -15.820  30.018 0.0000000000
180007  23.879  -16.515  29.869 0.0000000000
70577  26.080  -16.910  34.173 0.0000000000
70582  25.868  -16.876  33.591 0.0000000000
70598  25.147  -16.927  32.721 0.0000000000
69255  24.956  -17.439  33.775 0.0000000000
70641  23.688  -16.806  30.461 0.0000000000
70642  23.312  -16.883  29.710 0.0000000000
69313  22.812  -17.321  29.223 0.0000000000
69314  22.226  -17.627  28.749 0.0000000000
68108  21.630  -17.949  29.135 0.0000000000
180585  21.290  -18.377  28.833 0.0000000000
67886  22.257  -18.752  44.152 0.0000000000
66714  24.004  -20.045  42.744 0.0000000000
66730  22.413  -19.008  41.532 0.0000000000
65443  24.490  -20.515  42.239 0.0000000000
65479  24.925  -20.400  40.592 0.0000000000
170221  25.327  -19.495  39.661 0.0000000000
178493  25.087  -19.049  38.590 0.0000000000
154860  24.117  -19.641  37.829 0.0000000000
66785  24.372  -19.119  37.083 0.0000000000
66799  23.841  -19.360  36.529 0.0000000000
66815  23.449  -19.192  35.343 0.0000000000
65532  22.467  -20.276  37.021 0.0000000000
65547  22.640  -20.231  36.740 0.0000000000
65548  21.701  -19.901  35.600 0.0000000000
65561  22.712  -20.072  36.137 0.0000000000
66816  22.853  -19.688  35.508 0.0000000000
182823  22.974  -19.430  35.109 0.0000000000
66830  22.588  -19.205  34.136 0.0000000000
66861  21.886  -19.046  32.791 0.0000000000
66873  20.999  -19.256  31.440 0.0000000000
66874  20.601  -19.664  31.858 0.0000000000
66891  20.493  -19.625  31.122 0.0000000000
66902  20.456  -19.577  30.286 0.0000000000
76839  35.476  -11.958  31.675 0.0000000000
76888  34.613  -12.216  30.202 0.0000000000
174899  33.866  -12.293  29.215 0.0000000000
76911  33.252  -12.180  29.241 0.0000000000
76930  33.638  -12.350  28.629 0.0000000000
74399  32.198  -13.591  26.046 0.0000000000
155734  30.274  -11.986  28.671 0.0000000000
76947  31.026  -11.988  27.663 0.0000000000
75615  29.926  -12.513  26.328 0.0000000000
76959  31.273  -12.161  26.913 0.0000000000
75622  31.429  -13.243  25.948 0.0000000000
74408  31.861  -13.982  25.727 0.0000000000
85242  48.566  -6.274  20.679 0.0000000000
50385  7.297  -30.969  43.202 0.0000000000
51570  8.697  -30.686  43.495 0.0000000000
51586  8.872  -30.149  43.092 0.0000000000
51618  7.362  -29.924  41.557 0.0000000000
52761  8.931  -29.350  43.579 0.0000000000
52765  3.066  -28.914  43.931 0.0000000000
52766  2.574  -28.953  43.430 0.0000000000
52781  6.439  -29.583  42.464 0.0000000000
52854  7.616  -29.232  39.533 0.0000000000
52896  8.289  -28.927  37.916 0.0000000000
54122  9.176  -28.754  42.573 0.0000000000
54141  5.489  -28.629  42.035 0.0000000000
54143  4.118  -28.232  41.771 0.0000000000
54159  5.760  -28.494  40.780 0.0000000000
54160  4.963  -28.333  40.831 0.0000000000
55431  8.770  -27.430  45.156 0.0000000000
56772  9.035  -26.304  44.494 0.0000000000
56777  8.941  -26.480  43.127 0.0000000000
58081  9.286  -25.600  44.949 0.0000000000
58084  9.243  -25.339  43.740 0.0000000000
59408  9.304  -24.910  43.029 0.0000000000
60677  9.829  -23.376  43.566 0.0000000000
60685  9.635  -23.552  42.282 0.0000000000
60686  9.449  -24.190  42.615 0.0000000000
60722  10.730  -23.506  38.957 0.0000000000
61920  10.713  -22.482  44.552 0.0000000000
65595  20.053  -19.906  32.181 0.0000000000
66817  22.461  -19.627  34.862 0.0000000000
66831  20.432  -19.395  34.598 0.0000000000
66832  19.606  -19.309  34.776 0.0000000000
66848  20.654  -19.574  33.881 0.0000000000
66863  20.741  -19.701  33.251 0.0000000000
66890  20.855  -19.238  30.812 0.0000000000
66925  21.195  -18.801  28.299 0.0000000000
68078  21.442  -18.902  31.604 0.0000000000
68096  21.411  -18.449  30.259 0.0000000000
69254  25.362  -17.049  33.303 0.0000000000
69293  23.021  -17.559  31.405 0.0000000000
70580  27.050  -16.255  34.193 0.0000000000
70596  26.304  -16.434  33.179 0.0000000000
71829  27.766  -16.028  35.099 0.0000000000
73086  28.285  -14.906  33.861 0.0000000000
73120  39.034  -15.785  32.500 0.0000000000
73143  37.841  -16.089  29.742 0.0000000000
73160  36.660  -16.356  27.940 0.0000000000
73162  35.665  -16.501  27.106 0.0000000000
75524  30.527  -12.510  33.381 0.0000000000
75546  37.111  -13.136  31.388 0.0000000000
76820  35.521  -11.791  32.960 0.0000000000
76840  34.549  -11.999  31.803 0.0000000000
76843  31.178  -12.198  31.976 0.0000000000
76862  35.833  -12.253  30.974 0.0000000000
76863  34.921  -12.025  30.985 0.0000000000
76864  33.731  -12.111  31.446 0.0000000000
76865  32.930  -12.142  31.268 0.0000000000
76892  29.507  -12.136  29.749 0.0000000000
76908  38.512  -12.394  29.144 0.0000000000
76909  35.162  -12.656  29.654 0.0000000000
76913  31.602  -11.995  29.048 0.0000000000
76914  30.757  -12.000  29.256 0.0000000000
76931  32.899  -12.173  28.544 0.0000000000
76934  29.853  -11.987  28.231 0.0000000000
76944  33.397  -12.481  27.903 0.0000000000
76968  34.069  -12.594  24.586 0.0000000000
81140  40.903  -9.556  29.244 0.0000000000
81188  38.470  -9.821  27.151 0.0000000000
81206  38.858  -9.294  26.800 0.0000000000
81236  35.920  -9.128  23.851 0.0000000000
82578  42.822  -8.119  28.432 0.0000000000
82579  42.004  -8.376  28.382 0.0000000000
82597  40.827  -8.558  27.557 0.0000000000
82614  44.815  -8.183  26.079 0.0000000000
82636  37.563  -8.855  25.221 0.0000000000
82654  45.270  -8.272  24.272 0.0000000000
82658  36.525  -8.783  24.043 0.0000000000
83913  43.956  -8.086  28.310 0.0000000000
83915  42.951  -7.888  27.818 0.0000000000
83927  43.438  -7.842  27.357 0.0000000000
83930  41.254  -8.139  27.062 0.0000000000
83945  43.678  -7.867  26.511 0.0000000000
83946  42.950  -7.771  26.176 0.0000000000
83947  41.699  -7.797  26.564 0.0000000000
83948  41.021  -7.997  26.412 0.0000000000
83961  44.197  -7.978  25.897 0.0000000000
83962  43.522  -7.796  25.725 0.0000000000
83974  51.710  -7.169  24.214 0.0000000000
83981  42.160  -7.489  25.124 0.0000000000
84002  41.187  -7.521  24.016 0.0000000000
84004  39.003  -7.641  23.827 0.0000000000
84018  49.516  -7.908  22.888 0.0000000000
84022  44.629  -7.725  23.432 0.0000000000
84032  50.047  -7.377  22.391 0.0000000000
84035  47.262  -7.572  22.320 0.0000000000
85164  51.372  -7.137  24.504 0.0000000000
85165  50.439  -7.012  24.673 0.0000000000
85175  51.938  -6.485  23.867 0.0000000000
85177  50.973  -6.547  24.333 0.0000000000
85181  41.547  -7.373  23.346 0.0000000000
86380  46.503  -5.718  23.331 0.0000000000
86386  52.014  -5.741  22.381 0.0000000000
155268  8.964  -27.018  42.246 0.0000000000
155684  43.380  -7.659  25.049 0.0000000000
156708  8.962  -28.121  43.103 0.0000000000
162124  43.381  -7.510  23.735 0.0000000000
164802  32.455  -12.163  31.751 0.0000000000
164986  22.243  -17.683  29.544 0.0000000000
168044  4.246  -28.963  44.038 0.0000000000
171722  34.111  -12.125  30.757 0.0000000000
172894  38.331  -14.629  29.332 0.0000000000
174895  30.005  -12.042  29.350 0.0000000000
179313  6.189  -28.410  39.009 0.0000000000
179482  18.007  -20.257  35.462 0.0000000000
179736  35.224  -10.634  24.670 0.0000000000
180015  23.107  -19.109  34.734 0.0000000000
180740  9.063  -30.093  40.391 0.0000000000
180878  15.014  -21.451  43.850 0.0000000000
181257  41.764  -8.743  28.952 0.0000000000
181321  12.298  -21.295  42.995 0.0000000000
181483  45.561  -4.890  23.161 0.0000000000
181691  29.919  -12.881  33.285 0.0000000000
181935  41.181  -9.089  28.936 0.0000000000
183506  2.157  -29.124  42.978 0.0000000000
183571  6.397  -28.479  39.579 0.0000000000
185978  8.949  -26.490  41.970 0.0000000000
186372  24.876  -17.271  33.159 0.0000000000
186640  8.973  -28.815  43.162 0.0000000000
