#!ascii label  , from subject sub-v2s1x29896_ses-1 vox2ras=TkReg
353
86736  29.462  -7.193  -7.401 0.0000000000
78535  24.716  -14.805  -4.041 0.0000000000
92757  26.287  -2.603  -9.256 0.0000000000
101636  23.348  5.630  -8.016 0.0000000000
76341  22.718  -16.502  -3.884 0.0000000000
94905  29.216  -0.600  -7.733 0.0000000000
97082  27.799  1.495  -7.589 0.0000000000
85809  26.288  -8.896  -8.169 0.0000000000
83867  26.519  -10.591  -6.278 0.0000000000
85779  29.881  -8.693  -6.030 0.0000000000
149205  31.877  -6.477  -9.383 0.0000000000
84860  33.010  -9.501  -8.759 0.0000000000
89634  27.472  -4.789  -8.577 0.0000000000
91730  31.278  -3.608  -8.930 0.0000000000
98907  22.957  3.492  -8.479 0.0000000000
98902  27.463  3.488  -7.697 0.0000000000
80645  26.704  -12.899  -4.288 0.0000000000
96044  25.375  0.102  -8.609 0.0000000000
160205  25.084  1.341  -7.892 0.0000000000
86739  27.318  -7.823  -7.777 0.0000000000
84844  28.012  -8.684  -6.859 0.0000000000
85796  29.448  -8.258  -6.614 0.0000000000
77464  23.791  -15.676  -3.954 0.0000000000
90688  26.759  -3.679  -8.901 0.0000000000
160165  29.988  -4.159  -7.885 0.0000000000
92721  29.174  -2.550  -7.821 0.0000000000
94938  30.632  -0.022  -9.435 0.0000000000
92769  31.415  -1.719  -9.829 0.0000000000
101646  21.869  6.196  -8.762 0.0000000000
99824  21.112  4.118  -10.257 0.0000000000
99785  23.453  4.475  -7.816 0.0000000000
102488  27.194  7.158  -10.125 0.0000000000
100785  27.785  5.285  -10.182 0.0000000000
99780  27.595  4.572  -8.080 0.0000000000
99823  28.339  4.123  -10.170 0.0000000000
98943  28.685  3.504  -9.724 0.0000000000
83848  28.031  -10.641  -5.144 0.0000000000
81774  26.301  -11.647  -5.489 0.0000000000
76331  22.279  -17.076  -3.534 0.0000000000
92737  28.076  -1.966  -8.289 0.0000000000
94907  27.364  -0.990  -8.211 0.0000000000
96040  28.453  0.269  -7.643 0.0000000000
97096  29.822  1.333  -8.905 0.0000000000
82903  25.321  -11.060  -7.361 0.0000000000
83883  25.964  -10.049  -7.483 0.0000000000
83865  28.307  -9.990  -5.565 0.0000000000
83846  29.737  -10.360  -4.996 0.0000000000
87694  31.365  -6.644  -8.458 0.0000000000
86733  31.914  -7.726  -7.807 0.0000000000
86758  32.801  -7.643  -9.682 0.0000000000
86749  27.347  -7.000  -7.985 0.0000000000
88652  26.829  -5.802  -8.709 0.0000000000
88633  28.580  -5.917  -7.739 0.0000000000
88649  30.617  -5.542  -8.373 0.0000000000
89651  31.442  -5.032  -9.351 0.0000000000
89678  31.992  -5.165  -11.567 0.0000000000
93776  30.819  -2.038  -8.321 0.0000000000
91744  31.858  -3.109  -10.194 0.0000000000
98017  22.401  2.381  -9.654 0.0000000000
101634  25.020  5.905  -7.573 0.0000000000
99783  25.159  4.455  -7.566 0.0000000000
98905  24.913  3.028  -7.684 0.0000000000
97999  25.171  2.219  -7.655 0.0000000000
97997  27.878  2.297  -7.628 0.0000000000
98027  29.363  2.301  -10.032 0.0000000000
79590  24.432  -13.651  -5.633 0.0000000000
81789  25.168  -11.912  -6.632 0.0000000000
85793  31.936  -8.609  -6.852 0.0000000000
83861  31.734  -10.208  -5.937 0.0000000000
97084  24.439  1.109  -8.767 0.0000000000
97098  23.715  1.196  -9.271 0.0000000000
86737  28.681  -7.447  -7.400 0.0000000000
86722  28.936  -7.845  -7.103 0.0000000000
86721  29.868  -7.698  -6.961 0.0000000000
73905  21.485  -18.232  -2.955 0.0000000000
151966  22.181  -17.645  -2.966 0.0000000000
78536  24.074  -15.080  -4.295 0.0000000000
91731  26.817  -3.133  -8.817 0.0000000000
91702  28.523  -3.042  -8.182 0.0000000000
152647  27.859  -2.770  -8.523 0.0000000000
96065  30.600  0.096  -11.031 0.0000000000
94937  30.903  -0.342  -10.420 0.0000000000
155341  22.819  6.213  -8.368 0.0000000000
100765  22.027  5.359  -8.929 0.0000000000
100764  22.586  4.965  -8.664 0.0000000000
100751  23.104  4.981  -8.141 0.0000000000
100784  28.088  4.726  -9.717 0.0000000000
99837  28.135  4.099  -11.089 0.0000000000
82859  28.502  -11.151  -4.730 0.0000000000
82860  27.728  -11.282  -4.883 0.0000000000
78549  22.981  -15.166  -5.404 0.0000000000
93781  25.941  -1.312  -9.072 0.0000000000
94909  25.691  -0.603  -8.878 0.0000000000
96042  26.586  0.310  -7.728 0.0000000000
96041  27.543  0.485  -7.598 0.0000000000
97081  28.566  1.116  -7.654 0.0000000000
162982  29.592  1.087  -8.291 0.0000000000
97995  29.297  1.464  -8.145 0.0000000000
103244  22.617  7.497  -8.402 0.0000000000
83884  25.458  -10.165  -8.089 0.0000000000
84853  26.513  -9.321  -7.393 0.0000000000
85780  29.057  -8.727  -6.153 0.0000000000
84845  27.754  -9.418  -6.286 0.0000000000
84835  28.640  -9.308  -5.867 0.0000000000
83864  29.098  -9.807  -5.318 0.0000000000
83863  29.786  -9.714  -5.280 0.0000000000
76330  23.066  -16.752  -3.225 0.0000000000
87693  31.905  -6.908  -8.834 0.0000000000
86759  32.417  -7.385  -9.078 0.0000000000
87705  32.324  -6.966  -9.568 0.0000000000
86750  26.657  -7.432  -8.384 0.0000000000
89635  26.741  -4.460  -9.048 0.0000000000
148995  26.926  -5.134  -8.755 0.0000000000
88634  27.891  -5.898  -8.047 0.0000000000
88650  28.072  -5.266  -8.190 0.0000000000
88632  29.246  -5.504  -7.689 0.0000000000
141839  28.727  -5.025  -7.811 0.0000000000
90669  30.441  -3.856  -8.114 0.0000000000
89631  30.973  -4.897  -8.742 0.0000000000
90687  31.329  -4.311  -9.154 0.0000000000
89665  31.887  -5.158  -10.690 0.0000000000
90703  31.872  -3.968  -10.277 0.0000000000
148112  28.725  -1.255  -7.774 0.0000000000
93761  29.604  -1.931  -7.704 0.0000000000
93798  30.712  -1.274  -8.356 0.0000000000
92768  31.763  -2.274  -10.532 0.0000000000
142631  32.000  -3.573  -11.870 0.0000000000
99812  22.193  3.699  -8.870 0.0000000000
98944  21.598  3.528  -10.044 0.0000000000
98925  22.073  3.239  -9.635 0.0000000000
98029  21.792  2.718  -10.235 0.0000000000
98924  22.705  2.809  -8.900 0.0000000000
102482  27.403  6.601  -9.503 0.0000000000
102483  27.119  7.272  -9.225 0.0000000000
155505  26.746  5.956  -7.848 0.0000000000
100747  26.450  5.250  -7.690 0.0000000000
99799  27.213  4.030  -7.682 0.0000000000
98885  26.475  4.005  -7.581 0.0000000000
98903  26.701  3.507  -7.601 0.0000000000
157132  26.835  2.968  -7.643 0.0000000000
97998  26.151  2.464  -7.641 0.0000000000
156119  27.701  2.935  -7.672 0.0000000000
98959  28.962  2.921  -10.389 0.0000000000
98942  29.060  2.854  -9.323 0.0000000000
98038  29.137  2.251  -11.029 0.0000000000
97119  29.667  1.645  -10.667 0.0000000000
166593  23.943  -13.814  -6.051 0.0000000000
83868  25.917  -10.697  -6.908 0.0000000000
82891  25.007  -11.655  -7.209 0.0000000000
82878  26.072  -11.199  -6.150 0.0000000000
81756  26.621  -12.181  -4.831 0.0000000000
81757  25.916  -12.195  -5.306 0.0000000000
80654  25.857  -12.819  -4.787 0.0000000000
79575  25.386  -13.541  -4.560 0.0000000000
85816  32.597  -8.105  -8.202 0.0000000000
85805  32.291  -8.327  -7.490 0.0000000000
85804  32.814  -8.809  -7.987 0.0000000000
94910  25.024  -0.323  -9.240 0.0000000000
159738  24.737  0.363  -9.027 0.0000000000
142622  25.772  0.669  -7.781 0.0000000000
143082  26.784  1.042  -7.568 0.0000000000
85808  26.902  -8.544  -7.621 0.0000000000
85807  27.683  -8.348  -7.367 0.0000000000
85797  28.682  -8.415  -6.737 0.0000000000
77465  23.062  -15.950  -4.246 0.0000000000
77454  23.455  -16.230  -3.579 0.0000000000
77453  24.181  -15.970  -3.298 0.0000000000
87716  32.254  -6.616  -11.087 0.0000000000
87715  32.681  -7.215  -10.573 0.0000000000
90689  26.300  -3.977  -9.385 0.0000000000
90671  27.390  -4.024  -8.646 0.0000000000
89619  28.895  -4.346  -7.870 0.0000000000
90651  28.673  -3.733  -8.048 0.0000000000
91701  29.104  -3.240  -7.880 0.0000000000
91715  30.471  -3.187  -7.963 0.0000000000
94925  30.489  -0.491  -8.531 0.0000000000
94924  30.993  -0.894  -9.409 0.0000000000
157131  31.188  -1.085  -10.305 0.0000000000
99802  22.862  4.291  -8.433 0.0000000000
102487  27.406  6.467  -10.411 0.0000000000
152033  27.531  5.991  -8.955 0.0000000000
101632  27.168  5.307  -7.907 0.0000000000
100762  27.970  4.691  -8.843 0.0000000000
99798  28.104  4.016  -8.405 0.0000000000
98923  28.589  3.368  -8.657 0.0000000000
98960  28.490  3.493  -10.714 0.0000000000
82876  27.321  -10.853  -5.375 0.0000000000
82877  26.697  -11.048  -5.696 0.0000000000
82861  26.979  -11.442  -5.085 0.0000000000
81755  27.429  -11.906  -4.621 0.0000000000
75123  21.602  -17.708  -3.598 0.0000000000
162323  22.080  -16.712  -4.145 0.0000000000
77479  23.412  -15.416  -4.671 0.0000000000
78547  24.355  -14.566  -4.529 0.0000000000
93799  26.136  -1.983  -9.183 0.0000000000
92739  26.693  -2.171  -8.829 0.0000000000
93779  27.346  -1.734  -8.546 0.0000000000
155393  27.949  -1.353  -8.082 0.0000000000
94906  28.378  -0.600  -7.722 0.0000000000
147719  26.941  -0.285  -7.893 0.0000000000
148502  27.730  -0.258  -7.699 0.0000000000
96038  29.879  -0.185  -7.989 0.0000000000
163353  30.229  0.139  -8.703 0.0000000000
96054  30.207  0.645  -9.255 0.0000000000
96078  30.199  0.506  -11.269 0.0000000000
102476  22.223  6.843  -8.538 0.0000000000
102467  23.107  6.877  -8.211 0.0000000000
102466  23.913  6.991  -7.833 0.0000000000
164747  25.547  -10.529  -7.552 0.0000000000
83876  26.491  -10.048  -6.860 0.0000000000
146369  27.277  -8.928  -7.014 0.0000000000
83875  27.005  -9.532  -6.755 0.0000000000
140609  27.056  -10.064  -6.300 0.0000000000
83866  27.578  -10.255  -5.758 0.0000000000
83847  28.813  -10.462  -4.975 0.0000000000
82858  29.343  -11.093  -4.712 0.0000000000
87679  30.112  -6.733  -7.614 0.0000000000
86735  30.370  -7.226  -7.378 0.0000000000
86748  31.613  -7.115  -8.119 0.0000000000
86747  32.198  -7.534  -8.490 0.0000000000
85827  33.103  -8.401  -9.664 0.0000000000
86769  33.035  -8.124  -10.534 0.0000000000
84869  33.130  -9.272  -9.680 0.0000000000
85817  26.528  -8.195  -8.264 0.0000000000
86738  28.034  -7.300  -7.627 0.0000000000
87696  27.408  -6.249  -8.270 0.0000000000
87682  27.978  -6.546  -7.807 0.0000000000
87681  28.715  -6.833  -7.561 0.0000000000
87680  29.491  -6.273  -7.575 0.0000000000
87695  30.949  -6.199  -8.476 0.0000000000
88647  31.494  -6.284  -8.939 0.0000000000
89632  30.329  -4.699  -8.186 0.0000000000
88648  31.206  -5.628  -8.900 0.0000000000
88663  31.675  -5.800  -9.545 0.0000000000
141706  31.869  -5.680  -10.248 0.0000000000
88684  31.995  -5.898  -12.253 0.0000000000
160792  28.471  -2.439  -8.148 0.0000000000
92720  29.876  -2.350  -7.738 0.0000000000
92735  30.885  -2.745  -8.304 0.0000000000
93797  31.073  -1.634  -8.987 0.0000000000
92755  31.261  -2.364  -9.026 0.0000000000
92754  31.546  -3.041  -9.350 0.0000000000
90717  31.948  -4.357  -11.073 0.0000000000
98016  23.108  1.897  -9.223 0.0000000000
102465  24.471  6.472  -7.636 0.0000000000
102464  25.430  6.671  -7.675 0.0000000000
101635  24.164  5.753  -7.668 0.0000000000
100750  23.829  5.067  -7.757 0.0000000000
99784  24.266  4.442  -7.725 0.0000000000
99801  23.639  3.768  -7.946 0.0000000000
99782  26.066  4.543  -7.563 0.0000000000
99800  24.612  3.745  -7.690 0.0000000000
155162  24.160  3.155  -7.871 0.0000000000
98906  23.580  3.004  -8.421 0.0000000000
98015  23.500  2.370  -8.718 0.0000000000
97085  23.905  1.778  -8.755 0.0000000000
150845  24.543  1.787  -8.304 0.0000000000
97083  26.066  1.717  -7.598 0.0000000000
161510  27.097  1.825  -7.634 0.0000000000
147958  28.441  2.839  -7.901 0.0000000000
98014  28.934  2.679  -8.410 0.0000000000
97996  28.746  2.057  -7.837 0.0000000000
97109  29.772  1.796  -9.678 0.0000000000
97118  30.054  0.991  -10.744 0.0000000000
79576  24.356  -14.149  -5.013 0.0000000000
81776  24.969  -12.368  -6.283 0.0000000000
81775  25.595  -11.881  -5.985 0.0000000000
80666  24.716  -12.988  -5.966 0.0000000000
80655  25.076  -13.180  -5.204 0.0000000000
157914  24.836  -13.726  -4.949 0.0000000000
86720  30.738  -7.749  -6.963 0.0000000000
85794  31.154  -8.340  -6.596 0.0000000000
85778  30.754  -8.763  -6.056 0.0000000000
165820  32.649  -9.660  -7.109 0.0000000000
84831  31.887  -9.587  -6.214 0.0000000000
84832  31.225  -9.460  -5.878 0.0000000000
83862  30.952  -10.027  -5.520 0.0000000000
79577  23.872  -14.178  -5.694 0.0000000000
81754  28.181  -11.750  -4.421 0.0000000000
82890  25.516  -11.400  -6.694 0.0000000000
82904  24.737  -11.288  -7.783 0.0000000000
84833  30.339  -9.384  -5.621 0.0000000000
84834  29.442  -9.253  -5.694 0.0000000000
84842  32.584  -9.013  -7.246 0.0000000000
84843  32.232  -9.302  -6.672 0.0000000000
85777  31.565  -8.940  -6.276 0.0000000000
85795  30.306  -8.227  -6.528 0.0000000000
85806  28.184  -7.876  -7.436 0.0000000000
85815  32.979  -8.624  -8.815 0.0000000000
86719  31.547  -7.976  -7.154 0.0000000000
86734  31.179  -7.401  -7.535 0.0000000000
86746  32.766  -7.918  -8.946 0.0000000000
87678  30.851  -6.785  -7.951 0.0000000000
87697  26.776  -6.616  -8.568 0.0000000000
88631  29.943  -5.511  -7.873 0.0000000000
88651  27.456  -5.526  -8.438 0.0000000000
88672  32.002  -5.938  -11.104 0.0000000000
89618  29.511  -4.732  -7.768 0.0000000000
89633  28.198  -4.395  -8.288 0.0000000000
89650  31.777  -5.110  -9.948 0.0000000000
90650  29.438  -3.841  -7.817 0.0000000000
90668  30.868  -4.126  -8.567 0.0000000000
90670  28.012  -3.546  -8.471 0.0000000000
90686  31.722  -4.456  -9.746 0.0000000000
91700  29.813  -3.034  -7.765 0.0000000000
91714  30.871  -3.414  -8.390 0.0000000000
91716  27.304  -3.315  -8.649 0.0000000000
91729  31.671  -3.744  -9.581 0.0000000000
91732  26.391  -3.253  -9.233 0.0000000000
92736  30.412  -2.510  -7.892 0.0000000000
92738  27.288  -2.350  -8.630 0.0000000000
92756  26.732  -2.702  -8.882 0.0000000000
93762  28.928  -1.879  -7.810 0.0000000000
93777  30.246  -1.842  -7.874 0.0000000000
93778  29.767  -1.148  -7.746 0.0000000000
93780  26.628  -1.550  -8.718 0.0000000000
93810  31.535  -1.552  -10.804 0.0000000000
94908  26.445  -0.836  -8.528 0.0000000000
96039  29.227  0.086  -7.758 0.0000000000
96043  26.115  -0.128  -8.186 0.0000000000
96055  29.841  0.615  -8.322 0.0000000000
96066  30.394  0.447  -10.297 0.0000000000
97080  29.234  0.810  -7.867 0.0000000000
97108  30.075  1.201  -9.915 0.0000000000
98000  24.248  2.452  -8.209 0.0000000000
98013  29.326  2.094  -8.874 0.0000000000
98886  25.618  3.759  -7.606 0.0000000000
98901  28.131  3.464  -7.957 0.0000000000
98904  25.923  3.050  -7.625 0.0000000000
98946  20.300  3.878  -10.541 0.0000000000
99781  26.913  4.638  -7.644 0.0000000000
99803  22.122  4.605  -9.020 0.0000000000
99811  28.332  4.083  -9.219 0.0000000000
99813  21.698  4.194  -9.683 0.0000000000
101633  25.885  5.858  -7.654 0.0000000000
101652  27.586  5.913  -9.845 0.0000000000
144379  27.017  -10.550  -5.861 0.0000000000
144466  32.061  -6.378  -10.156 0.0000000000
145152  31.942  -3.569  -10.881 0.0000000000
146527  23.643  6.311  -7.970 0.0000000000
146868  28.306  -8.219  -7.168 0.0000000000
148476  31.187  -3.033  -8.763 0.0000000000
152098  30.323  -6.201  -7.998 0.0000000000
154105  27.785  3.931  -7.933 0.0000000000
157826  31.866  -4.609  -10.322 0.0000000000
159939  26.954  2.383  -7.644 0.0000000000
162890  30.299  -9.976  -5.237 0.0000000000
164000  27.175  -2.829  -8.678 0.0000000000
166701  30.056  -3.616  -7.868 0.0000000000
167045  25.057  0.719  -8.392 0.0000000000
168026  26.176  3.566  -7.583 0.0000000000
168107  28.402  -8.881  -6.375 0.0000000000
168630  31.662  -2.465  -9.767 0.0000000000
