#!ascii label  , from subject sub-v2s1x29869_ses-1 vox2ras=TkReg
1073
97116  40.036  28.010  18.965 0.0000000000
93142  43.014  22.134  8.558 0.0000000000
141430  52.069  27.146  3.494 0.0000000000
87378  44.359  16.197  0.652 0.0000000000
93816  41.358  23.350  18.859 0.0000000000
98888  50.292  30.299  9.787 0.0000000000
90507  43.913  19.754  2.625 0.0000000000
149486  43.845  26.025  6.028 0.0000000000
97737  45.309  28.861  11.095 0.0000000000
95940  40.389  26.018  12.812 0.0000000000
91320  43.667  20.098  13.055 0.0000000000
144344  48.397  29.152  5.868 0.0000000000
96043  45.485  25.631  1.634 0.0000000000
130460  47.390  23.952  6.111 0.0000000000
94732  46.386  23.805  -1.961 0.0000000000
97789  44.725  28.085  7.927 0.0000000000
97130  42.627  28.062  14.367 0.0000000000
96544  39.894  26.700  16.207 0.0000000000
146145  42.179  22.249  15.640 0.0000000000
128590  53.975  30.544  5.890 0.0000000000
100146  50.471  31.846  5.822 0.0000000000
97812  50.779  28.892  3.374 0.0000000000
96001  47.981  26.024  4.452 0.0000000000
95399  49.125  25.347  2.255 0.0000000000
95341  44.244  25.312  9.453 0.0000000000
96579  46.415  26.502  8.920 0.0000000000
94641  45.144  23.556  7.181 0.0000000000
150065  45.312  18.496  0.211 0.0000000000
93205  44.280  21.546  0.418 0.0000000000
90523  44.596  19.260  -1.890 0.0000000000
148690  43.723  21.291  -1.915 0.0000000000
89500  43.476  18.118  0.306 0.0000000000
89471  42.949  18.062  3.899 0.0000000000
144039  39.450  27.862  21.058 0.0000000000
95311  38.990  25.021  18.270 0.0000000000
98373  50.667  29.016  6.755 0.0000000000
90451  43.509  19.054  8.223 0.0000000000
92291  42.901  21.241  5.257 0.0000000000
136553  45.140  18.378  5.267 0.0000000000
89467  47.043  18.150  3.068 0.0000000000
133456  47.061  30.275  13.851 0.0000000000
98314  45.025  29.169  14.049 0.0000000000
97149  42.958  27.273  11.490 0.0000000000
94621  41.815  23.934  10.583 0.0000000000
94598  39.146  23.880  15.698 0.0000000000
93888  40.716  22.626  12.797 0.0000000000
91364  42.196  20.705  10.471 0.0000000000
89353  44.920  18.632  10.952 0.0000000000
97673  37.247  28.909  21.642 0.0000000000
100142  48.715  32.406  6.484 0.0000000000
148521  46.946  30.321  7.627 0.0000000000
97199  46.282  27.285  6.685 0.0000000000
96019  44.480  25.609  3.956 0.0000000000
95410  42.807  25.232  2.137 0.0000000000
98325  47.699  29.567  9.793 0.0000000000
97786  48.537  27.952  7.952 0.0000000000
95374  50.378  24.988  4.944 0.0000000000
93951  44.273  23.164  3.079 0.0000000000
151489  46.847  23.803  2.833 0.0000000000
94705  50.890  23.998  0.933 0.0000000000
96077  47.172  25.470  -2.425 0.0000000000
94724  43.591  24.168  -0.023 0.0000000000
97769  44.243  28.612  8.383 0.0000000000
149244  45.163  29.347  8.230 0.0000000000
97122  40.966  27.530  16.698 0.0000000000
150369  40.063  27.314  17.512 0.0000000000
98386  52.489  29.187  4.178 0.0000000000
98943  52.468  30.141  4.337 0.0000000000
97818  51.689  28.192  3.160 0.0000000000
96635  49.911  26.888  3.642 0.0000000000
96013  51.515  26.032  2.528 0.0000000000
94622  43.370  23.921  9.211 0.0000000000
94629  45.098  24.228  8.238 0.0000000000
93917  43.938  22.942  7.505 0.0000000000
88429  45.353  17.504  -0.129 0.0000000000
89505  45.081  18.186  -0.718 0.0000000000
88440  44.366  17.736  -0.943 0.0000000000
89512  43.998  18.336  -1.453 0.0000000000
87385  44.071  16.775  0.123 0.0000000000
88411  43.628  16.953  2.276 0.0000000000
86343  44.005  15.522  1.448 0.0000000000
95912  40.310  27.094  22.021 0.0000000000
149468  52.267  30.257  8.394 0.0000000000
98916  50.875  30.020  8.504 0.0000000000
89411  44.866  18.449  7.755 0.0000000000
89424  44.296  18.752  6.312 0.0000000000
89422  46.234  18.091  6.295 0.0000000000
88391  47.475  17.976  3.843 0.0000000000
89477  48.815  18.155  2.382 0.0000000000
89488  47.616  18.010  1.537 0.0000000000
97140  41.132  27.307  13.440 0.0000000000
97134  42.418  27.945  13.345 0.0000000000
96556  41.557  26.761  12.042 0.0000000000
95947  42.499  25.954  10.855 0.0000000000
95949  41.011  25.443  11.622 0.0000000000
94587  39.811  24.013  18.335 0.0000000000
94591  38.989  24.218  17.222 0.0000000000
93834  40.230  23.364  17.290 0.0000000000
137850  42.908  21.050  14.104 0.0000000000
93079  41.161  21.920  13.845 0.0000000000
92197  41.861  20.999  13.107 0.0000000000
93100  41.496  21.575  11.664 0.0000000000
91352  42.634  20.034  11.543 0.0000000000
90420  43.590  19.047  10.601 0.0000000000
90404  43.871  19.394  11.963 0.0000000000
90416  47.809  19.353  11.464 0.0000000000
99530  49.628  31.439  5.697 0.0000000000
100141  49.302  32.571  6.283 0.0000000000
98931  48.894  30.844  6.262 0.0000000000
99524  47.730  30.844  7.230 0.0000000000
98374  47.953  29.458  6.504 0.0000000000
98376  46.711  28.772  7.096 0.0000000000
97806  47.554  28.037  6.046 0.0000000000
96030  47.211  25.357  3.371 0.0000000000
96017  46.279  25.422  4.007 0.0000000000
96032  44.921  25.595  2.593 0.0000000000
96644  43.641  26.241  2.948 0.0000000000
96657  43.896  26.236  1.428 0.0000000000
98319  46.066  29.877  11.649 0.0000000000
99485  47.482  30.783  11.704 0.0000000000
131584  46.455  29.256  10.449 0.0000000000
95974  46.939  24.920  7.636 0.0000000000
96577  47.774  26.812  8.105 0.0000000000
95981  48.232  25.711  7.216 0.0000000000
96597  49.326  26.512  6.655 0.0000000000
94654  48.656  24.222  5.730 0.0000000000
91419  43.247  20.636  3.930 0.0000000000
93168  43.166  21.992  4.426 0.0000000000
93182  43.556  21.963  2.494 0.0000000000
93983  45.082  22.403  -0.649 0.0000000000
94711  44.909  23.383  1.154 0.0000000000
94709  46.629  23.784  0.522 0.0000000000
94694  48.392  23.845  1.828 0.0000000000
153040  48.927  24.050  -0.745 0.0000000000
94729  49.902  24.507  -1.018 0.0000000000
94737  47.065  25.042  -2.797 0.0000000000
144221  42.618  20.629  -0.040 0.0000000000
93984  43.820  22.969  -1.396 0.0000000000
93207  42.349  21.787  0.690 0.0000000000
93969  42.163  22.747  1.369 0.0000000000
99477  50.102  31.032  11.681 0.0000000000
97790  44.016  27.841  8.129 0.0000000000
96588  44.214  26.705  7.312 0.0000000000
97717  44.134  28.235  16.119 0.0000000000
97120  42.614  27.916  16.499 0.0000000000
150654  41.310  27.503  15.005 0.0000000000
133430  39.969  26.316  14.386 0.0000000000
93844  41.602  22.722  16.674 0.0000000000
146169  51.614  31.302  5.845 0.0000000000
99536  50.918  30.993  4.758 0.0000000000
98382  49.079  28.966  5.039 0.0000000000
97211  48.020  27.740  5.495 0.0000000000
96624  48.937  26.986  4.419 0.0000000000
96015  48.695  25.881  3.753 0.0000000000
151377  47.721  25.059  1.774 0.0000000000
97153  44.829  27.409  10.391 0.0000000000
97158  45.840  27.356  9.694 0.0000000000
95955  45.461  25.921  9.252 0.0000000000
95352  45.778  24.765  8.228 0.0000000000
94648  46.528  23.926  6.895 0.0000000000
90506  44.494  19.279  1.868 0.0000000000
92314  43.742  21.204  1.547 0.0000000000
91445  44.212  20.264  0.576 0.0000000000
91451  44.772  20.060  -1.564 0.0000000000
147551  45.517  21.720  -2.827 0.0000000000
93993  45.712  22.541  -3.963 0.0000000000
91461  44.130  19.737  -2.528 0.0000000000
90525  43.164  19.310  -0.759 0.0000000000
155475  42.483  19.552  1.204 0.0000000000
88403  43.576  16.651  3.628 0.0000000000
97111  39.440  27.975  20.282 0.0000000000
97117  39.377  27.246  19.103 0.0000000000
95925  39.098  26.157  19.654 0.0000000000
95307  39.665  24.997  19.718 0.0000000000
94582  41.996  24.262  20.453 0.0000000000
128586  53.860  30.481  7.980 0.0000000000
98936  53.515  30.186  5.976 0.0000000000
97804  51.238  27.931  5.471 0.0000000000
92274  42.805  20.618  8.190 0.0000000000
92280  43.121  21.730  7.033 0.0000000000
91402  42.995  19.898  6.255 0.0000000000
140087  44.001  19.176  5.201 0.0000000000
90493  44.199  19.221  3.972 0.0000000000
88368  46.978  17.737  5.524 0.0000000000
89453  46.006  18.148  4.202 0.0000000000
89481  44.952  18.717  3.121 0.0000000000
89490  45.968  18.358  1.710 0.0000000000
89497  46.744  18.035  0.667 0.0000000000
87376  46.445  17.126  0.901 0.0000000000
86341  44.913  15.635  2.001 0.0000000000
98878  45.895  29.883  13.513 0.0000000000
98320  45.072  29.429  12.382 0.0000000000
97725  43.789  28.533  14.015 0.0000000000
97734  43.600  28.475  12.225 0.0000000000
97738  43.911  28.202  11.500 0.0000000000
96566  43.774  26.828  10.629 0.0000000000
131914  42.840  24.929  10.095 0.0000000000
93896  42.572  23.067  9.670 0.0000000000
96539  39.191  26.205  17.301 0.0000000000
153746  39.032  25.343  15.318 0.0000000000
95329  39.456  25.019  13.595 0.0000000000
129590  40.367  22.895  15.569 0.0000000000
141660  40.153  23.108  13.760 0.0000000000
95332  40.175  24.509  12.413 0.0000000000
94618  40.872  23.525  11.657 0.0000000000
93110  41.810  21.978  10.505 0.0000000000
92257  42.365  21.474  9.413 0.0000000000
90444  43.011  19.516  9.286 0.0000000000
89385  43.879  18.698  9.379 0.0000000000
89382  45.826  18.385  9.557 0.0000000000
89343  45.786  18.905  11.797 0.0000000000
130222  46.838  18.628  10.918 0.0000000000
98240  39.522  29.840  21.756 0.0000000000
97086  39.306  29.216  22.991 0.0000000000
147083  36.671  26.801  21.096 0.0000000000
151345  48.218  33.363  7.692 0.0000000000
100735  47.361  33.307  6.590 0.0000000000
97787  46.086  28.523  7.400 0.0000000000
97799  45.877  27.782  7.240 0.0000000000
96600  45.207  26.527  6.732 0.0000000000
96611  47.383  26.697  5.523 0.0000000000
95991  45.964  25.929  5.647 0.0000000000
95993  44.127  25.759  5.368 0.0000000000
98889  49.071  30.332  9.998 0.0000000000
97748  47.053  28.377  9.380 0.0000000000
98338  48.089  29.296  9.223 0.0000000000
98353  49.216  29.240  8.425 0.0000000000
149278  49.508  28.057  7.114 0.0000000000
97196  50.417  27.489  6.093 0.0000000000
96000  51.220  25.704  4.475 0.0000000000
151770  43.707  22.794  6.143 0.0000000000
93928  44.650  23.554  5.744 0.0000000000
94665  45.869  23.761  4.701 0.0000000000
93959  43.807  22.550  1.978 0.0000000000
94684  45.503  23.702  2.995 0.0000000000
132859  47.242  23.789  4.492 0.0000000000
131119  48.783  23.804  3.562 0.0000000000
94671  50.623  24.237  3.577 0.0000000000
95390  51.822  25.141  2.751 0.0000000000
95405  51.272  24.858  0.822 0.0000000000
147265  49.440  25.050  0.049 0.0000000000
96061  46.904  25.877  -0.880 0.0000000000
94739  45.638  23.693  -3.580 0.0000000000
95433  45.018  25.313  -1.765 0.0000000000
96063  44.667  26.267  0.108 0.0000000000
146192  42.917  24.157  1.214 0.0000000000
89472  42.390  18.672  4.535 0.0000000000
98918  44.931  29.957  8.455 0.0000000000
148971  45.261  30.567  8.430 0.0000000000
97709  40.450  28.101  18.391 0.0000000000
97811  52.463  28.331  3.621 0.0000000000
97810  52.393  29.010  3.504 0.0000000000
136848  52.261  27.837  3.350 0.0000000000
97226  51.908  27.312  3.272 0.0000000000
96633  51.754  26.358  3.157 0.0000000000
93908  43.350  22.875  8.636 0.0000000000
140027  43.929  23.260  8.207 0.0000000000
93141  43.550  22.537  8.028 0.0000000000
87383  44.935  16.836  0.107 0.0000000000
88439  44.959  17.781  -0.718 0.0000000000
88430  44.609  17.259  -0.458 0.0000000000
87389  44.179  17.214  -0.526 0.0000000000
87384  44.244  16.720  0.088 0.0000000000
87379  44.082  16.081  0.767 0.0000000000
86348  44.069  15.626  1.103 0.0000000000
99487  51.495  30.375  10.145 0.0000000000
98887  51.813  30.259  9.486 0.0000000000
98903  50.593  30.146  9.152 0.0000000000
130608  45.946  18.367  8.147 0.0000000000
135714  45.890  18.280  7.002 0.0000000000
130040  46.660  18.132  7.005 0.0000000000
89465  49.337  18.381  2.742 0.0000000000
89476  49.352  18.173  2.394 0.0000000000
88409  48.815  18.030  2.211 0.0000000000
96615  43.240  26.035  5.488 0.0000000000
96553  40.704  26.707  13.145 0.0000000000
96552  41.266  27.102  12.690 0.0000000000
96557  40.954  26.423  12.417 0.0000000000
95943  41.236  26.073  11.740 0.0000000000
95944  40.703  25.723  12.160 0.0000000000
94586  40.601  23.677  18.625 0.0000000000
93825  40.246  23.584  17.954 0.0000000000
93824  40.944  23.214  17.929 0.0000000000
91304  43.230  20.518  13.604 0.0000000000
92186  42.406  20.756  13.508 0.0000000000
91321  42.928  20.249  12.972 0.0000000000
91322  42.236  20.518  12.752 0.0000000000
91339  42.762  20.080  12.294 0.0000000000
90405  43.177  19.585  11.816 0.0000000000
91338  43.388  19.770  12.480 0.0000000000
147313  49.011  29.627  5.536 0.0000000000
98383  48.588  29.914  6.122 0.0000000000
98932  48.182  30.322  6.712 0.0000000000
97796  47.737  28.735  6.232 0.0000000000
96042  46.325  25.300  1.715 0.0000000000
96031  45.910  25.251  2.523 0.0000000000
96044  44.528  26.053  1.539 0.0000000000
96053  44.419  26.366  0.881 0.0000000000
134053  45.461  29.465  11.671 0.0000000000
98327  45.931  29.338  11.035 0.0000000000
97741  45.854  28.688  10.525 0.0000000000
95368  47.469  24.645  7.057 0.0000000000
95973  47.555  25.335  7.473 0.0000000000
95982  47.969  25.093  7.026 0.0000000000
139686  48.436  25.189  6.772 0.0000000000
94655  48.087  24.183  6.080 0.0000000000
91426  43.603  20.252  3.293 0.0000000000
92301  43.348  21.186  3.064 0.0000000000
138816  43.575  20.588  2.644 0.0000000000
93976  45.695  23.259  -1.126 0.0000000000
94723  45.403  23.532  0.193 0.0000000000
94722  46.285  23.773  -0.525 0.0000000000
94720  47.862  23.967  -0.019 0.0000000000
94721  47.355  24.141  -1.012 0.0000000000
94731  47.030  24.304  -2.131 0.0000000000
91447  42.343  20.667  0.666 0.0000000000
92321  42.486  21.184  0.365 0.0000000000
91440  42.012  20.599  1.353 0.0000000000
92307  41.796  21.057  1.673 0.0000000000
98366  44.974  28.754  8.114 0.0000000000
97184  44.480  27.370  7.682 0.0000000000
97713  43.243  28.101  17.178 0.0000000000
97714  42.516  28.139  17.387 0.0000000000
97128  40.401  27.174  16.000 0.0000000000
97127  41.048  27.438  15.718 0.0000000000
97133  40.479  27.113  15.361 0.0000000000
96547  40.263  26.821  14.852 0.0000000000
147689  39.843  26.402  15.056 0.0000000000
128588  53.871  30.629  7.050 0.0000000000
99521  52.132  31.045  6.679 0.0000000000
128592  53.496  30.858  6.042 0.0000000000
98387  50.944  29.866  3.529 0.0000000000
98944  51.513  30.413  3.967 0.0000000000
98945  49.796  29.886  4.770 0.0000000000
98388  49.977  29.230  4.134 0.0000000000
97813  49.705  28.501  4.171 0.0000000000
97221  49.570  27.626  4.108 0.0000000000
96014  50.062  26.224  3.215 0.0000000000
96028  49.581  25.647  2.910 0.0000000000
95400  47.874  25.237  2.464 0.0000000000
95407  48.603  25.149  1.616 0.0000000000
95951  44.362  26.029  9.803 0.0000000000
96570  45.035  26.363  9.640 0.0000000000
95956  44.844  25.802  9.444 0.0000000000
130582  44.971  23.740  7.749 0.0000000000
94640  45.540  23.902  7.598 0.0000000000
94639  46.187  24.062  7.439 0.0000000000
137338  45.895  23.752  7.043 0.0000000000
89499  45.212  18.667  1.296 0.0000000000
91438  44.220  19.734  1.183 0.0000000000
90513  44.754  19.138  0.834 0.0000000000
133894  44.717  18.655  -1.226 0.0000000000
132259  44.699  19.300  -0.913 0.0000000000
92324  45.063  21.078  -1.605 0.0000000000
92331  45.056  20.692  -2.577 0.0000000000
92337  45.177  21.438  -3.252 0.0000000000
90532  44.333  19.408  -2.298 0.0000000000
89506  43.747  18.119  -0.700 0.0000000000
89513  43.623  18.630  -1.037 0.0000000000
89507  43.220  18.730  -0.143 0.0000000000
90520  42.727  19.424  0.419 0.0000000000
89501  42.840  18.825  1.022 0.0000000000
88421  43.339  18.046  1.340 0.0000000000
87369  43.721  16.039  2.237 0.0000000000
140607  43.598  16.719  2.969 0.0000000000
97097  39.750  28.883  21.881 0.0000000000
96535  39.127  26.958  19.784 0.0000000000
96522  39.293  27.098  20.574 0.0000000000
95295  40.311  25.906  21.068 0.0000000000
94571  40.601  24.877  20.343 0.0000000000
94570  41.641  25.015  21.058 0.0000000000
98926  51.411  29.943  7.740 0.0000000000
98925  52.390  30.073  6.987 0.0000000000
98372  51.769  29.554  6.267 0.0000000000
98381  52.428  29.447  5.133 0.0000000000
97794  51.327  28.787  5.785 0.0000000000
91395  42.866  19.968  8.156 0.0000000000
135694  42.865  20.203  7.592 0.0000000000
90473  43.048  19.616  7.055 0.0000000000
89440  44.564  18.659  5.675 0.0000000000
90481  44.021  19.037  5.876 0.0000000000
136294  43.940  19.326  4.534 0.0000000000
89455  44.528  18.790  4.699 0.0000000000
89421  47.102  17.829  6.293 0.0000000000
88367  47.736  17.732  5.681 0.0000000000
88392  46.646  17.972  3.865 0.0000000000
89468  46.198  18.239  3.374 0.0000000000
89469  45.459  18.452  3.666 0.0000000000
89480  45.655  18.432  2.817 0.0000000000
89491  45.077  18.695  2.298 0.0000000000
89479  46.553  18.293  2.446 0.0000000000
87375  47.306  17.707  1.283 0.0000000000
89496  47.113  18.049  0.986 0.0000000000
88418  46.755  17.851  0.657 0.0000000000
87367  46.798  16.847  1.683 0.0000000000
148601  45.635  29.120  14.845 0.0000000000
98313  45.768  29.461  14.157 0.0000000000
98316  45.326  29.582  13.270 0.0000000000
98317  44.674  29.222  13.000 0.0000000000
97722  43.352  28.160  15.294 0.0000000000
97721  43.992  28.364  14.976 0.0000000000
143294  43.358  28.327  14.429 0.0000000000
97144  42.618  27.583  12.140 0.0000000000
97735  42.921  28.174  12.664 0.0000000000
97143  43.253  27.884  11.831 0.0000000000
97148  43.679  27.452  11.131 0.0000000000
96560  43.259  26.923  11.001 0.0000000000
95953  42.327  25.161  10.525 0.0000000000
95339  42.355  24.348  10.199 0.0000000000
94623  42.760  23.774  9.684 0.0000000000
94620  42.205  23.512  10.191 0.0000000000
131882  39.005  25.635  18.500 0.0000000000
96537  39.149  26.323  18.187 0.0000000000
95928  38.850  25.518  17.589 0.0000000000
94594  38.975  24.074  16.451 0.0000000000
95319  38.645  25.063  16.339 0.0000000000
155709  38.893  24.683  15.389 0.0000000000
95323  39.018  24.991  14.964 0.0000000000
94602  38.970  24.284  15.072 0.0000000000
93048  42.344  22.473  16.338 0.0000000000
93845  40.949  22.794  16.170 0.0000000000
93057  41.067  22.535  15.409 0.0000000000
93090  40.967  22.088  13.131 0.0000000000
93873  40.782  22.430  14.237 0.0000000000
93883  40.315  23.153  13.168 0.0000000000
94610  39.841  23.725  13.594 0.0000000000
93889  40.504  23.205  12.587 0.0000000000
94614  40.522  23.673  12.189 0.0000000000
93894  40.832  22.876  12.035 0.0000000000
92227  41.824  21.282  10.969 0.0000000000
156108  41.555  21.930  11.108 0.0000000000
92245  42.057  21.373  10.132 0.0000000000
93132  42.156  22.015  9.825 0.0000000000
92244  42.392  20.815  9.717 0.0000000000
92267  42.601  20.886  8.913 0.0000000000
151437  42.572  20.279  10.120 0.0000000000
89354  44.233  18.691  10.738 0.0000000000
89369  44.042  18.647  10.034 0.0000000000
89368  44.736  18.512  10.222 0.0000000000
89383  45.249  18.400  9.054 0.0000000000
135074  45.177  18.408  9.732 0.0000000000
129639  46.450  19.807  12.382 0.0000000000
90417  47.019  19.008  11.460 0.0000000000
89365  47.406  18.570  10.396 0.0000000000
98253  38.923  29.919  20.972 0.0000000000
98236  37.616  29.768  21.932 0.0000000000
98235  38.412  29.929  22.422 0.0000000000
97672  38.275  29.608  22.481 0.0000000000
131737  38.377  27.713  22.225 0.0000000000
97087  37.907  28.403  22.072 0.0000000000
100734  48.774  32.722  6.615 0.0000000000
100721  49.203  32.672  6.837 0.0000000000
100722  48.329  33.025  6.924 0.0000000000
101367  47.645  33.443  6.678 0.0000000000
100143  48.135  32.899  6.778 0.0000000000
98927  46.206  30.240  7.916 0.0000000000
98364  46.302  29.423  7.625 0.0000000000
97798  46.515  28.054  6.904 0.0000000000
97200  45.584  27.101  7.047 0.0000000000
96599  45.817  26.710  6.614 0.0000000000
96625  48.080  26.661  4.900 0.0000000000
96610  47.870  27.146  5.413 0.0000000000
96002  47.316  26.101  5.062 0.0000000000
96018  45.371  25.487  4.174 0.0000000000
147191  45.892  25.543  4.514 0.0000000000
96004  45.575  25.637  4.937 0.0000000000
95992  45.106  25.783  5.575 0.0000000000
96005  44.772  25.616  4.763 0.0000000000
141964  43.107  25.947  4.037 0.0000000000
96020  43.619  25.865  3.556 0.0000000000
96045  42.801  25.999  2.181 0.0000000000
99474  47.479  30.733  13.174 0.0000000000
98884  47.762  30.476  10.942 0.0000000000
99484  48.278  30.944  11.460 0.0000000000
99489  48.649  30.744  10.676 0.0000000000
98890  48.101  30.169  10.225 0.0000000000
97157  46.363  27.128  9.252 0.0000000000
97749  46.407  27.817  9.574 0.0000000000
97156  46.903  27.559  9.082 0.0000000000
97166  47.934  27.558  8.299 0.0000000000
97768  47.500  27.931  8.797 0.0000000000
97767  48.147  28.286  8.475 0.0000000000
98354  48.432  28.980  8.673 0.0000000000
97766  48.826  28.614  8.175 0.0000000000
98363  49.523  28.964  7.847 0.0000000000
97785  49.162  28.314  7.625 0.0000000000
96609  49.816  26.055  5.975 0.0000000000
97197  49.614  27.376  6.771 0.0000000000
96596  50.135  26.830  6.050 0.0000000000
96608  50.882  26.375  5.155 0.0000000000
95988  50.360  25.638  5.341 0.0000000000
92286  42.970  21.577  6.200 0.0000000000
93157  43.408  22.277  6.512 0.0000000000
93163  43.340  22.285  5.546 0.0000000000
93944  43.591  22.645  3.975 0.0000000000
93937  43.709  22.849  4.724 0.0000000000
93936  44.418  23.475  4.910 0.0000000000
93935  45.260  23.714  5.209 0.0000000000
93942  45.037  23.676  4.345 0.0000000000
93197  43.937  21.774  1.045 0.0000000000
93189  43.697  21.904  1.737 0.0000000000
93967  43.941  22.447  1.247 0.0000000000
144132  46.186  23.759  1.673 0.0000000000
94697  45.413  23.634  2.035 0.0000000000
94696  46.096  23.781  2.533 0.0000000000
94683  46.258  23.773  3.365 0.0000000000
94682  47.073  23.784  3.654 0.0000000000
151375  47.858  23.806  3.939 0.0000000000
137784  47.882  23.803  2.967 0.0000000000
94693  49.703  23.825  1.279 0.0000000000
147009  49.813  23.879  2.953 0.0000000000
94692  50.648  23.946  1.943 0.0000000000
94680  51.429  24.595  2.666 0.0000000000
94691  51.460  24.368  1.890 0.0000000000
95404  51.353  24.598  1.057 0.0000000000
149177  51.343  24.293  0.202 0.0000000000
95432  48.025  25.084  -1.892 0.0000000000
95425  49.221  25.000  -1.183 0.0000000000
95426  48.378  25.283  -1.816 0.0000000000
95416  47.842  25.482  -0.655 0.0000000000
96070  46.903  25.831  -1.723 0.0000000000
93225  45.087  22.091  -3.597 0.0000000000
94744  45.691  23.085  -3.941 0.0000000000
141929  44.456  22.603  -2.590 0.0000000000
93978  43.300  23.160  -0.164 0.0000000000
94734  44.044  23.794  -1.149 0.0000000000
95434  44.322  24.695  -0.780 0.0000000000
96073  44.485  25.657  -0.399 0.0000000000
95427  43.846  25.156  0.249 0.0000000000
96064  43.896  26.020  0.691 0.0000000000
94725  43.015  23.730  0.644 0.0000000000
93190  41.618  21.891  1.944 0.0000000000
93960  41.889  22.922  2.029 0.0000000000
134496  44.029  29.250  8.611 0.0000000000
98355  44.598  29.303  8.434 0.0000000000
97118  41.691  28.031  17.544 0.0000000000
97119  40.769  27.714  17.563 0.0000000000
96541  39.700  26.743  17.000 0.0000000000
98380  53.186  29.995  4.949 0.0000000000
99534  53.204  30.618  4.941 0.0000000000
98948  52.648  29.676  4.177 0.0000000000
98949  52.070  29.740  3.539 0.0000000000
98391  51.810  29.051  3.179 0.0000000000
97819  50.532  28.207  3.350 0.0000000000
97227  51.015  27.520  3.223 0.0000000000
96634  51.445  26.631  2.951 0.0000000000
150543  50.825  25.833  2.540 0.0000000000
95342  43.785  24.571  9.289 0.0000000000
95353  44.611  24.724  8.900 0.0000000000
94631  44.084  23.990  8.660 0.0000000000
94630  44.506  23.703  8.116 0.0000000000
93916  44.473  23.427  7.602 0.0000000000
89504  45.498  17.942  -0.120 0.0000000000
90519  44.900  18.818  -0.312 0.0000000000
89511  44.542  18.223  -1.180 0.0000000000
129247  44.372  18.747  -1.782 0.0000000000
90533  44.127  18.761  -1.967 0.0000000000
88441  44.106  17.767  -1.010 0.0000000000
88431  43.934  17.426  -0.358 0.0000000000
88420  43.742  17.383  0.644 0.0000000000
136476  43.664  17.241  1.519 0.0000000000
151839  43.913  16.637  0.846 0.0000000000
86336  43.929  15.392  2.234 0.0000000000
131220  39.773  28.957  23.407 0.0000000000
131483  40.127  28.551  22.829 0.0000000000
95899  40.644  28.497  23.344 0.0000000000
128577  53.929  30.465  8.733 0.0000000000
98902  52.084  30.267  8.959 0.0000000000
98362  50.284  29.370  7.421 0.0000000000
89412  44.144  18.623  7.954 0.0000000000
90462  43.630  19.081  7.431 0.0000000000
89425  44.351  18.634  7.058 0.0000000000
147851  44.822  18.486  6.404 0.0000000000
89439  45.677  18.203  5.759 0.0000000000
88390  48.151  17.978  4.243 0.0000000000
89466  48.477  18.205  3.262 0.0000000000
130349  47.967  18.200  2.678 0.0000000000
89478  47.499  18.184  2.091 0.0000000000
89487  48.212  18.031  2.022 0.0000000000
88410  48.039  17.874  1.855 0.0000000000
98310  45.211  28.818  15.224 0.0000000000
97135  41.796  27.683  13.827 0.0000000000
97139  41.763  27.550  13.018 0.0000000000
97145  41.922  27.333  12.378 0.0000000000
96555  42.323  26.979  11.797 0.0000000000
96561  42.714  26.639  11.203 0.0000000000
96562  41.971  26.326  11.439 0.0000000000
95948  41.651  25.490  11.139 0.0000000000
95335  41.121  24.790  11.351 0.0000000000
95310  39.421  24.646  18.721 0.0000000000
95314  38.796  24.901  17.521 0.0000000000
94588  39.168  24.405  17.955 0.0000000000
94593  39.508  23.674  16.879 0.0000000000
94597  39.426  23.583  16.200 0.0000000000
92178  42.627  21.498  14.636 0.0000000000
93067  41.703  22.189  15.196 0.0000000000
92179  41.823  21.706  14.484 0.0000000000
92187  41.769  21.304  13.700 0.0000000000
92188  41.343  21.495  13.093 0.0000000000
93101  41.094  21.957  12.358 0.0000000000
92213  41.655  21.099  12.376 0.0000000000
92212  41.817  20.968  11.655 0.0000000000
91353  42.132  20.547  11.236 0.0000000000
143285  42.587  20.103  10.769 0.0000000000
90421  43.030  19.521  11.054 0.0000000000
137050  43.657  19.229  11.329 0.0000000000
90419  44.327  18.983  11.398 0.0000000000
90400  47.123  19.609  11.916 0.0000000000
91351  48.383  19.929  11.496 0.0000000000
99529  50.347  31.640  5.410 0.0000000000
100147  49.829  32.152  5.950 0.0000000000
99522  49.176  31.996  6.142 0.0000000000
99514  47.972  31.939  6.950 0.0000000000
99523  48.486  31.324  6.746 0.0000000000
98933  47.513  29.870  7.059 0.0000000000
147807  46.986  29.450  7.315 0.0000000000
98375  47.325  29.074  6.797 0.0000000000
97797  47.143  28.366  6.596 0.0000000000
97198  46.949  27.684  6.419 0.0000000000
96016  47.159  25.664  4.348 0.0000000000
130798  45.626  25.313  3.371 0.0000000000
138262  44.926  25.498  3.487 0.0000000000
96033  44.209  25.753  3.119 0.0000000000
96650  44.252  26.083  2.189 0.0000000000
96651  43.467  26.161  2.088 0.0000000000
96055  43.206  25.801  1.749 0.0000000000
98881  46.395  30.213  12.285 0.0000000000
99480  47.284  30.790  12.400 0.0000000000
149597  46.573  30.127  11.602 0.0000000000
98885  47.062  30.226  11.258 0.0000000000
98891  47.194  29.822  10.480 0.0000000000
95964  47.003  25.643  8.003 0.0000000000
131886  47.068  26.430  8.423 0.0000000000
96578  47.667  26.055  7.827 0.0000000000
96587  48.269  26.487  7.566 0.0000000000
96586  48.876  26.904  7.250 0.0000000000
96598  48.722  26.246  7.081 0.0000000000
95980  48.974  25.674  6.587 0.0000000000
95375  49.249  24.603  5.604 0.0000000000
91414  43.076  20.550  4.707 0.0000000000
142853  43.057  21.434  3.782 0.0000000000
93175  43.396  22.133  3.376 0.0000000000
146291  43.791  22.810  3.416 0.0000000000
93196  44.403  22.259  0.461 0.0000000000
150020  44.402  22.846  0.940 0.0000000000
93977  44.859  23.015  0.198 0.0000000000
94710  45.777  23.656  0.968 0.0000000000
94695  47.361  23.829  2.135 0.0000000000
137710  47.795  23.875  1.226 0.0000000000
94707  48.909  23.886  0.337 0.0000000000
94706  50.269  23.904  -0.105 0.0000000000
94718  50.589  24.078  -0.793 0.0000000000
149199  48.715  24.464  -1.367 0.0000000000
94730  47.599  24.839  -2.022 0.0000000000
95438  47.353  25.238  -2.431 0.0000000000
92320  42.933  21.006  -0.707 0.0000000000
93214  43.708  22.198  -1.566 0.0000000000
93215  43.099  21.838  -0.713 0.0000000000
93206  42.767  22.302  0.169 0.0000000000
93968  42.663  22.931  0.715 0.0000000000
93198  42.346  22.316  0.877 0.0000000000
151765  41.752  21.505  1.625 0.0000000000
99482  50.347  30.793  10.857 0.0000000000
142187  43.675  28.864  8.668 0.0000000000
144540  43.990  26.318  6.676 0.0000000000
97718  43.350  28.043  16.330 0.0000000000
97125  42.625  27.932  15.488 0.0000000000
97121  41.823  27.771  16.639 0.0000000000
97126  41.861  27.695  15.658 0.0000000000
97131  41.871  27.718  14.736 0.0000000000
97136  41.188  27.428  14.276 0.0000000000
96549  40.535  26.934  14.033 0.0000000000
96550  40.128  26.251  13.552 0.0000000000
93832  41.599  22.902  17.470 0.0000000000
130129  42.261  22.883  17.886 0.0000000000
93055  42.811  22.252  15.669 0.0000000000
93066  43.133  21.944  15.126 0.0000000000
92177  43.414  21.483  14.648 0.0000000000
92185  43.699  21.017  14.112 0.0000000000
91303  44.041  20.491  13.624 0.0000000000
91319  44.448  20.076  13.084 0.0000000000
100139  51.088  31.571  7.056 0.0000000000
152229  50.880  31.732  6.234 0.0000000000
130491  52.479  30.945  5.380 0.0000000000
99528  51.193  31.394  5.280 0.0000000000
98937  50.090  30.830  5.078 0.0000000000
97805  48.234  28.442  5.623 0.0000000000
97814  48.781  28.121  4.920 0.0000000000
97222  48.470  27.399  4.893 0.0000000000
96636  48.848  26.434  4.130 0.0000000000
147293  47.842  25.657  3.907 0.0000000000
95401  46.911  25.139  2.378 0.0000000000
131294  45.175  28.127  10.604 0.0000000000
97151  45.859  28.002  10.081 0.0000000000
96564  45.245  27.000  9.903 0.0000000000
96569  45.793  26.602  9.398 0.0000000000
150093  46.026  26.035  9.040 0.0000000000
141485  45.276  24.906  8.638 0.0000000000
95965  45.777  25.449  8.708 0.0000000000
133960  46.449  25.876  8.555 0.0000000000
94638  46.809  24.292  7.308 0.0000000000
154561  46.821  23.818  6.398 0.0000000000
91430  43.939  19.914  1.832 0.0000000000
91431  43.705  20.536  2.051 0.0000000000
91439  43.892  20.473  1.361 0.0000000000
92319  44.009  21.054  0.821 0.0000000000
149285  44.535  19.964  -0.362 0.0000000000
92318  44.482  20.825  -0.220 0.0000000000
93204  44.712  21.679  -0.396 0.0000000000
93213  45.300  21.828  -1.462 0.0000000000
93212  45.889  22.399  -2.325 0.0000000000
134869  46.257  23.223  -3.121 0.0000000000
92330  45.683  22.066  -3.750 0.0000000000
92338  44.937  21.368  -3.267 0.0000000000
92332  44.327  20.650  -2.723 0.0000000000
138541  44.054  19.143  -2.234 0.0000000000
91462  43.626  19.464  -1.880 0.0000000000
92333  43.594  20.270  -1.951 0.0000000000
91452  42.981  20.115  -0.905 0.0000000000
91446  42.656  20.062  0.093 0.0000000000
90508  42.402  19.319  1.858 0.0000000000
89482  42.971  18.202  2.986 0.0000000000
88412  43.339  17.792  2.218 0.0000000000
141178  43.431  17.455  2.837 0.0000000000
88394  43.415  17.287  4.104 0.0000000000
97110  40.113  28.650  19.817 0.0000000000
148463  39.098  26.379  18.982 0.0000000000
95913  39.659  27.057  21.181 0.0000000000
95296  39.468  25.857  20.259 0.0000000000
95308  39.184  25.303  19.137 0.0000000000
94584  40.182  24.298  19.165 0.0000000000
94583  41.128  23.993  19.689 0.0000000000
93815  41.957  23.559  19.667 0.0000000000
99505  53.847  30.713  8.564 0.0000000000
128581  53.961  30.627  7.286 0.0000000000
98915  53.409  30.225  7.758 0.0000000000
128587  53.904  30.510  7.216 0.0000000000
97803  52.210  28.462  4.594 0.0000000000
97209  52.151  27.630  4.099 0.0000000000
135249  42.866  21.384  8.290 0.0000000000
93151  43.183  21.872  7.801 0.0000000000
137158  42.932  21.082  7.523 0.0000000000
92281  42.919  21.134  6.781 0.0000000000
91408  42.852  20.743  6.130 0.0000000000
90472  43.669  19.192  6.515 0.0000000000
90482  43.474  19.550  5.669 0.0000000000
91407  43.056  20.295  5.469 0.0000000000
153132  43.398  20.199  4.383 0.0000000000
90494  43.661  19.836  4.046 0.0000000000
90500  44.392  19.177  3.296 0.0000000000
154114  46.620  17.842  5.937 0.0000000000
146874  45.820  18.113  5.018 0.0000000000
88378  47.544  17.777  4.862 0.0000000000
88379  46.656  17.825  4.713 0.0000000000
89454  45.275  18.417  4.473 0.0000000000
89470  44.775  18.741  3.871 0.0000000000
151379  44.555  19.107  2.668 0.0000000000
89489  47.091  18.189  1.444 0.0000000000
130971  46.814  18.160  0.903 0.0000000000
89498  46.033  18.127  0.634 0.0000000000
88428  46.074  17.829  0.407 0.0000000000
88419  45.894  17.314  0.389 0.0000000000
87377  45.329  16.544  0.723 0.0000000000
86347  44.552  15.782  1.181 0.0000000000
87368  45.708  16.336  1.494 0.0000000000
86340  46.020  16.055  2.289 0.0000000000
98877  46.381  30.148  13.230 0.0000000000
98882  45.731  29.939  12.566 0.0000000000
147873  44.813  29.081  11.696 0.0000000000
97724  44.515  28.674  14.572 0.0000000000
97726  43.084  28.333  13.626 0.0000000000
97730  43.569  28.601  13.088 0.0000000000
97729  44.227  28.908  13.537 0.0000000000
97733  44.046  28.953  12.620 0.0000000000
129318  44.194  28.777  11.882 0.0000000000
145472  44.617  28.494  11.263 0.0000000000
97154  44.238  27.240  10.644 0.0000000000
96565  44.488  26.715  10.195 0.0000000000
95952  43.787  25.675  9.911 0.0000000000
96567  43.174  26.395  10.650 0.0000000000
131005  43.104  25.623  10.281 0.0000000000
95338  43.433  25.098  9.767 0.0000000000
95343  43.049  24.451  9.683 0.0000000000
93899  43.079  23.292  9.175 0.0000000000
93909  42.859  22.646  9.138 0.0000000000
134288  39.551  27.136  18.005 0.0000000000
96542  39.337  26.173  16.447 0.0000000000
95315  38.613  25.143  16.991 0.0000000000
95931  38.861  25.549  16.771 0.0000000000
96545  39.565  26.264  15.648 0.0000000000
95935  39.375  25.761  14.906 0.0000000000
95938  39.629  25.701  13.948 0.0000000000
95941  39.880  25.564  13.185 0.0000000000
93833  40.904  22.986  16.994 0.0000000000
93846  40.134  23.188  16.392 0.0000000000
93855  39.644  23.295  15.623 0.0000000000
93068  41.175  22.205  14.670 0.0000000000
93864  39.946  23.081  14.922 0.0000000000
93856  39.379  23.604  14.979 0.0000000000
94611  39.433  24.370  13.752 0.0000000000
95328  39.775  24.420  13.148 0.0000000000
95945  40.158  25.333  12.503 0.0000000000
135039  40.600  25.014  11.933 0.0000000000
95331  40.740  24.230  11.762 0.0000000000
94617  41.279  23.905  11.145 0.0000000000
93111  41.181  22.282  11.517 0.0000000000
93893  41.488  22.517  10.859 0.0000000000
93897  41.655  23.262  10.717 0.0000000000
93900  42.007  22.692  10.184 0.0000000000
136073  42.430  22.495  9.600 0.0000000000
143506  42.656  21.596  8.854 0.0000000000
91385  42.799  20.103  8.747 0.0000000000
90452  43.050  19.504  8.514 0.0000000000
90433  42.935  19.590  10.167 0.0000000000
90443  43.447  19.057  8.964 0.0000000000
89397  44.002  18.638  8.737 0.0000000000
89396  44.685  18.469  8.532 0.0000000000
89395  45.370  18.402  8.318 0.0000000000
130492  46.629  18.357  8.365 0.0000000000
90389  44.876  19.610  12.637 0.0000000000
90418  45.091  18.916  11.611 0.0000000000
89352  45.636  18.626  11.192 0.0000000000
90401  46.430  19.195  11.868 0.0000000000
89351  46.310  18.745  11.373 0.0000000000
133083  46.170  18.521  10.834 0.0000000000
89366  46.513  18.476  10.134 0.0000000000
129852  46.570  18.416  9.208 0.0000000000
97691  40.134  29.430  19.898 0.0000000000
97692  39.886  29.428  20.914 0.0000000000
98241  38.942  30.087  22.352 0.0000000000
148531  39.481  29.961  22.792 0.0000000000
138831  39.679  28.384  23.324 0.0000000000
97088  36.919  27.790  21.271 0.0000000000
143160  37.436  27.350  21.535 0.0000000000
145167  37.511  26.617  21.439 0.0000000000
100723  47.365  32.401  7.082 0.0000000000
100724  46.584  32.692  7.256 0.0000000000
98928  45.617  29.872  8.123 0.0000000000
98365  45.590  29.019  7.835 0.0000000000
97788  45.411  28.282  7.679 0.0000000000
97183  45.194  27.567  7.510 0.0000000000
97201  44.922  26.888  7.265 0.0000000000
156284  44.611  26.464  6.855 0.0000000000
96614  44.638  26.052  6.244 0.0000000000
97212  47.343  27.324  5.889 0.0000000000
133065  46.901  26.811  5.913 0.0000000000
96003  46.405  25.727  4.910 0.0000000000
95990  46.736  26.238  5.619 0.0000000000
96612  46.302  26.599  6.171 0.0000000000
96613  45.525  26.201  6.210 0.0000000000
155924  43.382  25.857  4.819 0.0000000000
96637  43.027  26.120  3.204 0.0000000000
99479  47.975  31.023  12.396 0.0000000000
99483  49.271  30.927  11.201 0.0000000000
99488  49.785  30.596  10.454 0.0000000000
97740  46.411  28.564  9.951 0.0000000000
98326  46.989  29.153  9.854 0.0000000000
98339  47.485  29.033  9.425 0.0000000000
98905  48.476  29.895  9.552 0.0000000000
98337  48.848  29.568  8.965 0.0000000000
98904  49.423  30.043  9.354 0.0000000000
98917  49.740  29.819  8.721 0.0000000000
98352  50.060  29.606  8.096 0.0000000000
97784  49.834  28.657  7.228 0.0000000000
97795  50.305  28.178  6.528 0.0000000000
97210  51.061  27.186  5.290 0.0000000000
96623  51.804  26.397  3.917 0.0000000000
93150  43.534  22.349  7.307 0.0000000000
145986  43.826  22.834  6.795 0.0000000000
93923  44.175  23.238  6.285 0.0000000000
93929  43.927  23.119  5.554 0.0000000000
93922  44.883  23.543  6.492 0.0000000000
93921  45.452  23.688  6.007 0.0000000000
94657  46.062  23.735  5.532 0.0000000000
94656  46.779  23.757  5.818 0.0000000000
92306  43.555  21.249  2.241 0.0000000000
93966  44.273  22.978  1.590 0.0000000000
94685  44.832  23.458  2.651 0.0000000000
94676  44.897  23.570  3.478 0.0000000000
94675  45.672  23.736  3.857 0.0000000000
94674  46.465  23.772  4.201 0.0000000000
94663  47.442  23.831  5.337 0.0000000000
129960  48.236  23.962  5.425 0.0000000000
94662  49.028  24.108  5.124 0.0000000000
95384  49.809  24.427  4.909 0.0000000000
137746  49.180  23.810  2.492 0.0000000000
132573  49.764  23.919  3.675 0.0000000000
95383  50.593  24.554  4.235 0.0000000000
95382  51.553  25.183  3.742 0.0000000000
95999  51.860  25.848  3.537 0.0000000000
96012  51.862  25.679  2.912 0.0000000000
96027  51.723  25.525  2.405 0.0000000000
145461  51.583  25.578  2.210 0.0000000000
95398  50.969  25.424  1.821 0.0000000000
95423  50.884  24.441  -0.664 0.0000000000
95415  50.172  24.960  0.140 0.0000000000
137209  49.277  25.067  0.791 0.0000000000
95408  48.462  25.214  0.622 0.0000000000
95409  47.245  25.233  1.210 0.0000000000
96051  46.350  25.664  0.511 0.0000000000
94738  45.981  23.251  -3.757 0.0000000000
145334  46.292  24.047  -3.338 0.0000000000
95440  46.785  24.932  -2.979 0.0000000000
94740  44.627  23.467  -2.587 0.0000000000
94733  44.812  24.406  -2.324 0.0000000000
96079  45.975  25.414  -2.131 0.0000000000
96071  46.006  25.854  -1.314 0.0000000000
96668  45.229  26.302  -0.264 0.0000000000
96662  45.189  26.344  0.170 0.0000000000
96664  44.253  26.348  0.848 0.0000000000
96054  43.790  26.203  1.328 0.0000000000
95418  43.087  24.936  1.483 0.0000000000
94712  42.582  23.487  1.257 0.0000000000
94699  42.613  24.170  1.850 0.0000000000
86342  44.038  15.354  1.614 0.0000000000
86335  44.160  15.168  2.526 0.0000000000
88404  43.393  17.424  3.444 0.0000000000
89350  47.582  18.797  11.064 0.0000000000
89367  45.563  18.452  10.395 0.0000000000
89384  44.530  18.494  9.388 0.0000000000
89409  46.281  18.304  7.638 0.0000000000
89410  45.570  18.373  7.646 0.0000000000
89423  45.484  18.331  6.401 0.0000000000
89438  46.299  17.907  5.561 0.0000000000
89517  44.204  18.281  -1.442 0.0000000000
90390  44.109  19.641  12.576 0.0000000000
90403  44.592  19.296  12.058 0.0000000000
90432  43.468  19.056  9.746 0.0000000000
90463  43.066  19.521  7.805 0.0000000000
90487  43.495  19.832  4.852 0.0000000000
90501  43.899  19.616  3.437 0.0000000000
90514  42.402  20.081  0.933 0.0000000000
90524  43.829  18.831  -1.766 0.0000000000
91337  47.157  20.206  12.295 0.0000000000
91340  42.146  20.474  11.998 0.0000000000
91376  42.688  20.192  9.477 0.0000000000
91403  42.866  20.447  6.908 0.0000000000
91460  44.701  19.899  -2.411 0.0000000000
91466  44.682  20.457  -2.767 0.0000000000
92296  42.986  21.178  4.405 0.0000000000
92315  42.053  21.272  1.104 0.0000000000
93056  41.634  22.507  15.914 0.0000000000
93131  42.594  22.058  9.229 0.0000000000
93199  41.956  21.976  1.321 0.0000000000
93220  44.321  21.900  -2.543 0.0000000000
93224  45.407  21.946  -3.700 0.0000000000
93823  41.743  23.063  18.295 0.0000000000
93831  42.698  22.838  17.549 0.0000000000
93863  40.618  22.660  14.839 0.0000000000
93874  40.302  22.852  14.256 0.0000000000
93882  40.618  22.580  13.586 0.0000000000
93943  44.192  23.253  3.970 0.0000000000
93952  43.802  22.642  2.743 0.0000000000
93958  44.250  23.055  2.319 0.0000000000
93985  43.304  22.488  -0.636 0.0000000000
93990  46.022  22.458  -3.651 0.0000000000
93991  45.376  22.957  -3.767 0.0000000000
94590  39.599  23.821  17.630 0.0000000000
94601  39.734  23.338  14.286 0.0000000000
94605  39.328  23.959  14.325 0.0000000000
94615  40.142  23.764  12.811 0.0000000000
94646  47.666  24.273  6.551 0.0000000000
94647  47.136  24.103  6.750 0.0000000000
94649  46.186  23.734  6.349 0.0000000000
94661  49.793  24.086  4.399 0.0000000000
94664  46.658  23.752  5.030 0.0000000000
94670  51.236  24.712  3.431 0.0000000000
94672  48.877  23.893  4.409 0.0000000000
94673  48.051  23.848  4.688 0.0000000000
94681  50.722  24.120  2.783 0.0000000000
94698  44.725  23.337  1.966 0.0000000000
94704  51.047  24.288  -0.524 0.0000000000
94708  46.994  23.820  1.373 0.0000000000
94713  42.241  23.370  1.755 0.0000000000
94716  50.968  24.307  -0.745 0.0000000000
94717  50.975  23.976  -0.793 0.0000000000
94719  49.761  24.161  -0.877 0.0000000000
94728  50.760  24.374  -0.807 0.0000000000
95318  38.704  24.674  16.740 0.0000000000
95321  38.764  24.510  15.908 0.0000000000
95325  39.183  24.645  14.319 0.0000000000
95334  41.716  24.609  10.780 0.0000000000
95351  46.365  25.218  8.133 0.0000000000
95360  46.327  24.559  7.769 0.0000000000
95366  48.830  24.930  6.296 0.0000000000
95367  48.154  24.665  6.574 0.0000000000
95376  48.601  24.483  6.097 0.0000000000
95397  51.685  24.999  2.052 0.0000000000
95406  49.872  25.149  1.244 0.0000000000
95414  51.249  24.452  -0.054 0.0000000000
95417  43.534  25.565  1.046 0.0000000000
95424  50.214  24.751  -0.933 0.0000000000
95428  43.346  24.591  0.806 0.0000000000
95439  47.088  25.322  -2.748 0.0000000000
95441  45.795  24.657  -2.869 0.0000000000
95934  39.055  25.598  15.856 0.0000000000
95966  45.063  25.344  9.096 0.0000000000
95989  49.571  25.277  5.830 0.0000000000
96006  43.921  25.697  4.452 0.0000000000
96029  48.312  25.498  3.172 0.0000000000
96041  51.554  25.147  1.817 0.0000000000
96052  45.124  26.236  0.615 0.0000000000
96060  47.552  25.561  -1.469 0.0000000000
96062  45.822  26.039  -0.467 0.0000000000
96069  47.597  25.375  -2.001 0.0000000000
96072  45.251  25.896  -0.935 0.0000000000
96078  46.837  25.597  -2.466 0.0000000000
96607  51.710  26.919  4.398 0.0000000000
96643  51.811  26.024  2.680 0.0000000000
96658  43.480  26.144  1.935 0.0000000000
96663  44.748  26.324  0.449 0.0000000000
97085  39.615  29.670  23.213 0.0000000000
97123  40.241  27.217  16.765 0.0000000000
97132  40.776  27.220  14.843 0.0000000000
97138  42.328  27.746  12.685 0.0000000000
97147  44.408  27.815  10.915 0.0000000000
97152  45.404  27.567  10.132 0.0000000000
97167  47.319  27.208  8.596 0.0000000000
97168  46.793  26.978  8.835 0.0000000000
97181  48.984  27.647  7.428 0.0000000000
97182  48.373  27.235  7.769 0.0000000000
97213  46.759  27.149  6.229 0.0000000000
97671  39.136  29.830  22.811 0.0000000000
97679  39.711  29.724  22.316 0.0000000000
97747  47.761  28.654  8.981 0.0000000000
97817  52.298  28.421  3.280 0.0000000000
98323  46.518  29.803  11.039 0.0000000000
98361  51.158  29.595  7.051 0.0000000000
98876  46.864  30.500  12.826 0.0000000000
98880  46.914  30.438  11.990 0.0000000000
98938  49.310  30.389  5.614 0.0000000000
98941  53.777  30.613  5.538 0.0000000000
98942  53.182  30.230  4.836 0.0000000000
99535  51.933  30.758  4.719 0.0000000000
128591  53.741  30.714  5.519 0.0000000000
129230  46.568  24.236  -3.196 0.0000000000
129789  45.926  18.380  8.777 0.0000000000
130102  42.202  22.738  17.134 0.0000000000
130365  38.851  25.020  15.617 0.0000000000
130412  44.031  26.319  1.511 0.0000000000
130686  43.175  26.264  2.664 0.0000000000
131034  44.543  19.538  0.281 0.0000000000
131502  43.791  26.215  10.246 0.0000000000
132026  51.366  24.224  1.145 0.0000000000
132657  40.069  26.757  15.509 0.0000000000
133027  53.777  30.738  6.464 0.0000000000
133426  44.407  23.255  7.004 0.0000000000
133931  43.802  16.292  1.473 0.0000000000
134154  44.530  21.403  -2.927 0.0000000000
134182  39.222  25.248  14.281 0.0000000000
135847  51.013  24.103  -0.294 0.0000000000
136581  39.846  24.998  12.936 0.0000000000
137300  41.793  22.363  1.762 0.0000000000
137438  42.381  21.948  15.128 0.0000000000
138059  48.895  25.062  -1.416 0.0000000000
139333  45.149  18.397  7.042 0.0000000000
141372  45.925  19.300  12.209 0.0000000000
142328  42.672  21.640  0.035 0.0000000000
142605  43.548  23.473  8.767 0.0000000000
143775  46.389  25.234  3.155 0.0000000000
144464  41.172  23.041  11.299 0.0000000000
146979  47.783  23.970  5.753 0.0000000000
147180  48.536  23.927  4.947 0.0000000000
147229  45.806  24.272  7.866 0.0000000000
148096  43.948  18.936  11.040 0.0000000000
148447  42.268  21.219  14.095 0.0000000000
148912  45.539  23.676  6.636 0.0000000000
151873  45.126  18.382  5.908 0.0000000000
152021  50.639  30.473  4.318 0.0000000000
153482  48.351  23.830  4.169 0.0000000000
153789  44.529  29.112  12.269 0.0000000000
154149  38.810  25.244  17.959 0.0000000000
154476  46.645  23.800  2.162 0.0000000000
