#!ascii label  , from subject sub-v2s1x29871_ses-1 vox2ras=TkReg
1702
30660  14.052  -34.243  38.260 0.0000000000
57054  44.490  -10.683  20.656 0.0000000000
44041  29.193  -21.026  33.873 0.0000000000
43986  38.256  -20.942  37.350 0.0000000000
39326  23.921  -25.861  31.901 0.0000000000
38213  18.652  -26.996  39.537 0.0000000000
67136  50.066  -0.483  16.758 0.0000000000
59864  53.243  -7.965  24.489 0.0000000000
51856  39.253  -14.513  28.349 0.0000000000
119882  55.378  3.401  11.067 0.0000000000
40300  28.858  -25.112  38.396 0.0000000000
128088  16.689  -30.593  39.319 0.0000000000
64098  52.524  -4.094  20.137 0.0000000000
61850  48.538  -6.502  17.952 0.0000000000
53873  44.662  -13.250  25.694 0.0000000000
120688  48.937  -11.488  26.920 0.0000000000
53895  40.845  -13.013  24.960 0.0000000000
122945  35.244  -20.301  31.165 0.0000000000
119520  33.527  -22.084  34.754 0.0000000000
138283  25.072  -25.690  38.636 0.0000000000
138298  22.410  -24.952  41.454 0.0000000000
38266  21.209  -26.467  35.857 0.0000000000
35543  18.754  -29.416  35.310 0.0000000000
41289  26.758  -23.778  32.788 0.0000000000
69857  55.021  1.373  17.209 0.0000000000
66143  56.547  -1.078  22.236 0.0000000000
57039  49.739  -9.879  22.400 0.0000000000
55963  38.074  -9.691  29.940 0.0000000000
122789  39.177  -17.750  33.634 0.0000000000
68072  53.161  -0.859  12.802 0.0000000000
66257  58.053  -1.970  12.239 0.0000000000
68148  61.139  -0.354  8.705 0.0000000000
39153  27.649  -26.295  41.384 0.0000000000
130304  16.014  -32.184  38.970 0.0000000000
34586  15.823  -30.139  42.123 0.0000000000
130129  14.627  -32.199  41.351 0.0000000000
64142  47.076  -3.660  16.829 0.0000000000
53829  44.379  -13.289  28.548 0.0000000000
54882  46.478  -12.190  29.240 0.0000000000
27029  10.223  -37.464  41.139 0.0000000000
53953  39.888  -13.503  21.660 0.0000000000
45061  29.798  -20.613  31.662 0.0000000000
44076  31.816  -21.168  31.767 0.0000000000
133285  31.235  -21.337  34.114 0.0000000000
117327  24.349  -25.875  35.132 0.0000000000
39230  22.986  -25.639  37.404 0.0000000000
137112  22.467  -26.506  34.140 0.0000000000
40360  25.450  -25.308  32.948 0.0000000000
39265  26.558  -25.621  35.480 0.0000000000
39176  21.018  -25.427  40.080 0.0000000000
68037  52.500  0.774  17.074 0.0000000000
67095  55.307  0.959  19.391 0.0000000000
66180  54.233  -1.625  17.938 0.0000000000
61778  53.588  -5.805  22.879 0.0000000000
62896  55.020  -4.512  23.523 0.0000000000
58988  44.075  -8.873  19.053 0.0000000000
58985  46.407  -8.509  19.437 0.0000000000
57052  47.071  -10.101  21.265 0.0000000000
131298  37.615  -12.814  26.275 0.0000000000
54919  36.420  -10.375  26.952 0.0000000000
139342  39.208  -12.505  29.200 0.0000000000
45037  36.695  -20.621  34.194 0.0000000000
46168  37.179  -19.216  31.792 0.0000000000
46129  38.224  -19.409  35.297 0.0000000000
123032  49.713  -1.660  13.740 0.0000000000
69883  50.454  0.931  12.878 0.0000000000
66249  51.731  -2.265  14.400 0.0000000000
66212  54.679  -1.834  15.695 0.0000000000
70800  59.241  2.308  7.608 0.0000000000
69933  57.311  1.053  8.945 0.0000000000
67211  59.375  -1.540  10.501 0.0000000000
68109  56.219  -0.473  10.211 0.0000000000
42150  29.238  -22.798  36.619 0.0000000000
118060  30.689  -21.873  36.820 0.0000000000
42111  30.612  -23.325  38.994 0.0000000000
36346  17.660  -28.551  39.375 0.0000000000
37201  18.162  -27.147  42.870 0.0000000000
35484  17.256  -28.624  41.801 0.0000000000
66236  48.203  -2.266  15.143 0.0000000000
130941  52.579  -2.621  17.426 0.0000000000
64139  49.715  -3.702  16.784 0.0000000000
62953  50.798  -5.481  19.527 0.0000000000
60832  51.806  -6.905  22.052 0.0000000000
53931  45.036  -12.819  23.083 0.0000000000
54965  47.094  -11.928  23.449 0.0000000000
130834  46.831  -12.460  26.473 0.0000000000
49678  37.677  -16.843  27.201 0.0000000000
46101  39.529  -19.357  38.004 0.0000000000
29760  12.018  -35.117  38.541 0.0000000000
131411  13.820  -34.718  41.042 0.0000000000
27958  11.955  -36.351  40.680 0.0000000000
56077  41.857  -11.116  20.275 0.0000000000
53950  42.822  -13.331  22.307 0.0000000000
53893  42.645  -13.626  24.807 0.0000000000
53831  42.054  -12.821  28.082 0.0000000000
45089  32.552  -20.514  29.722 0.0000000000
44056  34.337  -21.285  32.884 0.0000000000
43094  36.074  -21.987  35.578 0.0000000000
43083  32.872  -22.207  36.858 0.0000000000
42124  34.716  -22.686  38.141 0.0000000000
38191  25.818  -26.381  41.180 0.0000000000
39131  24.366  -25.670  42.601 0.0000000000
39173  23.733  -25.428  39.882 0.0000000000
39197  21.886  -25.419  39.090 0.0000000000
38241  20.258  -26.295  37.596 0.0000000000
134702  20.920  -27.589  32.967 0.0000000000
37268  19.746  -27.734  35.464 0.0000000000
37245  18.879  -27.890  37.742 0.0000000000
34632  17.844  -30.224  37.033 0.0000000000
32757  16.620  -32.018  36.839 0.0000000000
31708  14.345  -33.046  36.603 0.0000000000
117936  27.827  -20.264  31.714 0.0000000000
44112  26.505  -21.254  30.678 0.0000000000
43126  27.928  -22.187  33.849 0.0000000000
40317  27.881  -24.692  35.886 0.0000000000
39192  27.414  -26.256  39.015 0.0000000000
66152  57.234  -1.237  22.033 0.0000000000
65182  54.564  -2.810  21.263 0.0000000000
61866  45.050  -5.729  17.437 0.0000000000
59901  48.668  -7.356  20.671 0.0000000000
58925  52.000  -8.560  23.863 0.0000000000
56021  49.458  -10.995  24.852 0.0000000000
117594  51.297  -10.148  25.785 0.0000000000
135268  37.835  -12.584  24.050 0.0000000000
54907  40.327  -11.362  27.666 0.0000000000
54847  41.645  -11.477  30.658 0.0000000000
48561  37.569  -17.849  29.557 0.0000000000
49639  39.139  -16.513  30.815 0.0000000000
47304  39.888  -18.062  36.517 0.0000000000
49586  40.602  -16.239  34.774 0.0000000000
51809  40.891  -14.522  31.770 0.0000000000
53740  40.559  -12.112  32.884 0.0000000000
56904  39.936  -9.590  33.952 0.0000000000
69029  54.480  0.609  11.246 0.0000000000
67177  55.606  -1.894  12.263 0.0000000000
68045  56.593  0.196  15.250 0.0000000000
39127  28.047  -25.575  42.765 0.0000000000
31667  15.241  -33.256  39.035 0.0000000000
32725  15.147  -32.065  40.693 0.0000000000
30649  14.737  -33.682  39.503 0.0000000000
53792  44.492  -13.072  30.335 0.0000000000
53791  45.026  -12.965  29.967 0.0000000000
27031  8.174  -37.836  40.489 0.0000000000
119387  29.402  -20.866  33.116 0.0000000000
121458  30.490  -21.053  33.367 0.0000000000
44039  30.527  -21.145  34.073 0.0000000000
39302  24.063  -25.979  34.003 0.0000000000
39289  23.846  -26.041  34.714 0.0000000000
38285  22.906  -26.454  33.398 0.0000000000
138403  24.820  -25.122  30.876 0.0000000000
39325  24.640  -25.545  32.062 0.0000000000
39301  24.853  -25.725  33.950 0.0000000000
39199  19.851  -25.928  39.663 0.0000000000
128929  19.055  -26.365  40.713 0.0000000000
67119  51.126  0.529  17.036 0.0000000000
68025  53.304  0.378  17.461 0.0000000000
68027  51.583  0.340  17.495 0.0000000000
60808  53.360  -6.991  23.529 0.0000000000
61761  54.539  -6.108  24.192 0.0000000000
58059  44.170  -9.889  19.963 0.0000000000
58058  45.573  -9.553  20.178 0.0000000000
133400  45.771  -10.574  21.041 0.0000000000
128636  38.420  -15.251  26.609 0.0000000000
52845  38.662  -13.632  27.129 0.0000000000
53850  38.362  -12.625  27.458 0.0000000000
52825  39.244  -13.299  28.685 0.0000000000
44006  37.075  -20.871  35.635 0.0000000000
122706  37.327  -20.086  34.533 0.0000000000
45016  38.154  -20.120  36.320 0.0000000000
66234  50.069  -2.189  14.808 0.0000000000
67157  50.361  -1.709  13.718 0.0000000000
66232  51.589  -2.225  15.163 0.0000000000
66214  52.666  -1.834  15.761 0.0000000000
70769  57.604  2.531  9.361 0.0000000000
70771  56.543  1.831  9.834 0.0000000000
68131  57.030  -0.430  9.431 0.0000000000
69910  55.622  1.051  10.479 0.0000000000
40306  28.973  -24.250  37.436 0.0000000000
42127  29.722  -23.315  37.693 0.0000000000
40291  29.446  -24.500  38.849 0.0000000000
35505  17.317  -29.286  39.386 0.0000000000
35496  17.329  -28.776  40.746 0.0000000000
34597  16.607  -29.877  40.723 0.0000000000
33672  15.198  -30.449  42.767 0.0000000000
34563  16.517  -29.968  43.849 0.0000000000
66237  46.953  -2.126  15.003 0.0000000000
137585  48.936  -1.744  16.864 0.0000000000
66199  47.738  -2.136  16.419 0.0000000000
62974  48.317  -5.247  17.028 0.0000000000
62973  49.087  -5.112  17.093 0.0000000000
61848  49.909  -5.880  18.600 0.0000000000
61815  51.077  -5.602  20.626 0.0000000000
61828  49.635  -6.330  19.917 0.0000000000
53912  45.044  -12.979  23.832 0.0000000000
53890  46.244  -12.490  24.622 0.0000000000
129868  45.886  -12.868  26.010 0.0000000000
124681  47.811  -1.524  13.926 0.0000000000
28856  11.925  -35.567  39.194 0.0000000000
28846  10.769  -36.190  39.599 0.0000000000
56096  39.913  -10.917  19.756 0.0000000000
54988  41.914  -12.397  20.974 0.0000000000
54989  41.218  -12.448  20.842 0.0000000000
52894  40.838  -13.797  22.824 0.0000000000
52884  41.487  -13.783  23.411 0.0000000000
53894  41.676  -13.281  25.049 0.0000000000
53860  42.453  -13.208  26.857 0.0000000000
53861  41.732  -12.872  26.659 0.0000000000
132547  31.424  -20.352  29.308 0.0000000000
44037  32.720  -21.658  33.513 0.0000000000
118713  33.107  -21.384  32.186 0.0000000000
43122  34.012  -21.801  34.076 0.0000000000
44021  35.701  -21.456  34.476 0.0000000000
43096  34.768  -22.290  35.288 0.0000000000
43053  31.146  -22.242  38.231 0.0000000000
43084  31.716  -21.970  36.538 0.0000000000
43051  32.699  -22.076  38.669 0.0000000000
42108  34.720  -22.439  38.873 0.0000000000
42122  36.311  -22.941  38.362 0.0000000000
39171  25.229  -25.873  39.748 0.0000000000
130194  24.677  -25.734  40.286 0.0000000000
39172  24.393  -25.602  39.806 0.0000000000
39251  22.072  -25.841  36.781 0.0000000000
39216  22.745  -25.556  38.204 0.0000000000
39232  21.461  -25.865  37.093 0.0000000000
39233  21.001  -25.840  37.702 0.0000000000
38240  20.796  -26.111  37.133 0.0000000000
37289  21.485  -27.218  32.836 0.0000000000
35570  18.940  -29.023  34.012 0.0000000000
36399  19.553  -28.450  34.329 0.0000000000
35542  19.128  -28.740  35.616 0.0000000000
36368  19.135  -27.807  36.953 0.0000000000
35533  18.720  -29.224  36.273 0.0000000000
35521  18.281  -29.032  37.827 0.0000000000
34641  18.249  -29.877  36.445 0.0000000000
31707  15.297  -32.831  36.653 0.0000000000
46197  27.898  -19.402  30.102 0.0000000000
46198  27.117  -19.413  30.112 0.0000000000
41306  26.132  -23.766  31.623 0.0000000000
42205  26.514  -22.562  31.293 0.0000000000
43146  27.292  -21.787  32.300 0.0000000000
42192  27.266  -23.098  32.999 0.0000000000
41269  28.135  -23.132  34.898 0.0000000000
40329  27.401  -24.411  34.547 0.0000000000
39227  25.617  -25.756  37.591 0.0000000000
133127  27.009  -25.908  37.473 0.0000000000
39193  26.429  -26.169  38.732 0.0000000000
38211  26.755  -26.371  39.516 0.0000000000
39145  23.841  -25.343  42.036 0.0000000000
29720  13.264  -34.704  42.580 0.0000000000
30629  13.543  -33.383  42.382 0.0000000000
68977  55.757  1.559  18.411 0.0000000000
116681  56.083  -0.094  21.279 0.0000000000
67075  56.601  0.435  21.177 0.0000000000
66153  56.758  -0.287  21.655 0.0000000000
117398  57.768  -1.394  23.451 0.0000000000
64113  52.446  -3.994  18.440 0.0000000000
65198  53.609  -3.055  19.376 0.0000000000
64088  53.360  -3.748  20.963 0.0000000000
64040  55.972  -4.058  24.170 0.0000000000
58046  48.275  -9.074  21.193 0.0000000000
59915  47.583  -8.032  19.958 0.0000000000
58945  49.565  -8.950  21.541 0.0000000000
58943  50.869  -8.246  22.054 0.0000000000
121304  50.856  -9.221  23.179 0.0000000000
54936  48.048  -11.785  24.991 0.0000000000
54952  48.402  -11.449  24.468 0.0000000000
56013  49.292  -11.218  25.536 0.0000000000
54955  37.030  -11.594  24.738 0.0000000000
55979  36.814  -9.773  28.783 0.0000000000
54918  38.906  -11.084  26.601 0.0000000000
138374  39.249  -10.287  28.746 0.0000000000
54884  40.885  -11.415  28.897 0.0000000000
55924  40.401  -10.297  30.485 0.0000000000
118375  34.088  -20.259  29.690 0.0000000000
45087  35.210  -19.914  29.960 0.0000000000
125739  38.230  -18.494  32.417 0.0000000000
47365  37.297  -18.492  30.741 0.0000000000
48541  38.415  -17.738  31.472 0.0000000000
48549  38.700  -16.999  30.366 0.0000000000
48527  38.995  -17.354  31.891 0.0000000000
46109  39.654  -18.903  37.440 0.0000000000
117904  41.159  -15.260  34.405 0.0000000000
50763  40.694  -15.384  32.708 0.0000000000
138128  41.455  -14.571  33.602 0.0000000000
52796  40.831  -13.637  31.862 0.0000000000
52786  41.371  -13.389  33.353 0.0000000000
69013  51.601  0.369  12.759 0.0000000000
69021  53.340  0.456  12.104 0.0000000000
67195  55.046  -0.960  11.433 0.0000000000
135208  54.417  -1.334  12.388 0.0000000000
130756  55.088  0.207  16.171 0.0000000000
66211  55.495  -1.754  15.429 0.0000000000
68046  55.848  0.510  15.849 0.0000000000
68991  56.982  1.441  15.884 0.0000000000
140524  59.731  0.282  7.763 0.0000000000
66284  58.795  -1.745  11.771 0.0000000000
67164  59.186  -0.555  12.713 0.0000000000
67153  58.376  -0.368  13.654 0.0000000000
39168  28.321  -25.899  40.289 0.0000000000
127169  29.292  -24.967  40.382 0.0000000000
40238  28.795  -25.278  41.536 0.0000000000
32735  16.404  -31.572  38.935 0.0000000000
33693  16.345  -30.420  40.288 0.0000000000
32724  15.708  -31.549  40.298 0.0000000000
138473  15.041  -31.065  41.583 0.0000000000
32705  14.348  -31.436  42.610 0.0000000000
64143  46.196  -3.635  16.904 0.0000000000
64123  46.106  -4.601  17.059 0.0000000000
124775  44.903  -13.221  27.780 0.0000000000
53827  45.753  -12.918  27.997 0.0000000000
53808  45.777  -12.785  28.830 0.0000000000
54844  46.131  -11.761  30.762 0.0000000000
27960  10.399  -36.767  40.041 0.0000000000
125779  8.783  -37.392  40.155 0.0000000000
27030  8.986  -37.851  40.808 0.0000000000
55007  39.702  -12.304  20.368 0.0000000000
52895  39.982  -13.747  23.026 0.0000000000
45074  30.796  -20.699  30.615 0.0000000000
44077  31.033  -21.080  31.948 0.0000000000
44038  31.865  -21.497  33.801 0.0000000000
43110  32.697  -21.998  34.792 0.0000000000
39228  24.897  -25.636  37.324 0.0000000000
124090  24.230  -25.591  37.882 0.0000000000
39249  23.978  -25.672  36.549 0.0000000000
39269  23.151  -25.906  35.769 0.0000000000
38265  21.933  -26.293  35.624 0.0000000000
34651  17.847  -30.468  35.310 0.0000000000
34663  16.944  -30.138  34.359 0.0000000000
41320  25.675  -23.916  30.985 0.0000000000
40359  26.316  -24.366  32.906 0.0000000000
40330  26.783  -24.995  34.044 0.0000000000
39299  26.148  -25.436  33.940 0.0000000000
39247  25.617  -25.710  35.970 0.0000000000
40262  21.610  -25.128  40.521 0.0000000000
68035  54.301  0.960  17.300 0.0000000000
68970  55.259  1.237  18.599 0.0000000000
129022  54.406  0.837  17.822 0.0000000000
67096  54.835  -0.124  19.003 0.0000000000
120558  55.453  -1.115  21.044 0.0000000000
62915  52.778  -5.091  21.666 0.0000000000
62913  54.033  -4.483  22.335 0.0000000000
138664  54.071  -5.475  23.096 0.0000000000
120526  55.280  -5.562  24.702 0.0000000000
60892  43.940  -6.995  17.809 0.0000000000
58987  44.869  -8.793  19.163 0.0000000000
133186  46.702  -9.183  20.540 0.0000000000
119995  48.731  -9.990  21.601 0.0000000000
55989  50.055  -11.059  27.375 0.0000000000
127819  36.049  -11.085  25.556 0.0000000000
54940  36.328  -11.054  25.471 0.0000000000
53863  36.336  -11.064  26.485 0.0000000000
54898  37.007  -10.461  28.571 0.0000000000
54886  38.086  -10.339  29.821 0.0000000000
45048  35.847  -20.626  32.899 0.0000000000
45070  36.223  -19.847  31.585 0.0000000000
45046  36.760  -19.999  32.899 0.0000000000
46145  37.882  -19.134  33.784 0.0000000000
47332  38.381  -18.770  34.182 0.0000000000
69016  49.009  0.347  13.053 0.0000000000
69884  49.592  0.991  12.909 0.0000000000
69015  49.953  0.090  13.004 0.0000000000
121747  51.319  -0.907  13.164 0.0000000000
67155  52.822  -1.478  13.452 0.0000000000
66262  54.150  -1.982  13.699 0.0000000000
66230  53.328  -2.274  14.962 0.0000000000
67132  53.920  -0.968  16.098 0.0000000000
125163  58.028  3.172  9.245 0.0000000000
139640  58.153  2.069  8.523 0.0000000000
68149  59.154  -0.610  8.527 0.0000000000
67226  59.996  -1.016  9.418 0.0000000000
67246  58.580  -0.902  8.821 0.0000000000
117159  57.752  -1.673  9.971 0.0000000000
66286  57.206  -1.949  11.050 0.0000000000
44012  29.005  -21.472  35.130 0.0000000000
44010  30.100  -21.338  35.618 0.0000000000
43086  29.483  -21.985  36.361 0.0000000000
43054  30.539  -22.446  37.926 0.0000000000
42110  31.087  -22.941  39.299 0.0000000000
36345  17.903  -27.895  39.513 0.0000000000
37213  18.133  -27.274  40.782 0.0000000000
36321  17.810  -27.788  40.762 0.0000000000
128829  17.585  -27.835  42.728 0.0000000000
34585  16.419  -29.797  41.665 0.0000000000
133295  16.760  -29.422  43.411 0.0000000000
67137  49.648  -0.806  16.901 0.0000000000
67108  50.340  -0.089  17.292 0.0000000000
66196  50.097  -1.631  17.271 0.0000000000
64137  51.279  -3.522  16.880 0.0000000000
64114  51.946  -4.481  18.155 0.0000000000
64141  47.971  -3.227  16.794 0.0000000000
62971  50.701  -4.937  17.559 0.0000000000
64099  52.006  -4.525  19.857 0.0000000000
61813  52.163  -5.433  21.379 0.0000000000
60831  52.433  -6.521  22.333 0.0000000000
59873  52.911  -7.591  23.697 0.0000000000
54986  45.037  -11.826  21.508 0.0000000000
56045  45.774  -11.712  21.672 0.0000000000
54966  46.250  -12.218  23.059 0.0000000000
54937  47.423  -12.067  25.346 0.0000000000
54914  47.915  -11.998  26.546 0.0000000000
54906  46.551  -12.653  27.767 0.0000000000
54894  47.931  -11.858  28.120 0.0000000000
55977  48.473  -11.467  28.633 0.0000000000
50847  38.696  -15.913  27.663 0.0000000000
44998  38.803  -20.566  37.849 0.0000000000
69018  47.549  0.805  13.271 0.0000000000
68062  48.398  -1.056  13.619 0.0000000000
67159  48.529  -1.837  13.956 0.0000000000
132801  55.626  4.951  11.422 0.0000000000
73503  54.970  4.697  11.512 0.0000000000
29759  13.523  -34.653  38.568 0.0000000000
30642  14.296  -34.159  39.911 0.0000000000
125381  13.344  -35.190  39.761 0.0000000000
28837  13.035  -35.663  41.013 0.0000000000
28832  12.734  -36.010  42.429 0.0000000000
27952  11.383  -36.783  41.020 0.0000000000
58075  42.891  -9.648  19.487 0.0000000000
57082  40.947  -9.987  19.393 0.0000000000
56076  42.636  -10.951  20.343 0.0000000000
54987  43.417  -12.170  21.261 0.0000000000
132391  43.540  -13.025  22.191 0.0000000000
117032  44.236  -13.352  24.074 0.0000000000
53971  41.359  -13.246  21.695 0.0000000000
53914  42.904  -13.717  23.986 0.0000000000
117105  43.904  -13.498  25.908 0.0000000000
134431  43.759  -13.472  26.666 0.0000000000
53811  43.563  -13.176  28.910 0.0000000000
122149  43.432  -13.116  29.608 0.0000000000
44108  33.663  -20.520  30.133 0.0000000000
44092  32.100  -21.005  31.058 0.0000000000
44074  33.420  -21.137  31.507 0.0000000000
44072  34.684  -20.974  32.252 0.0000000000
44054  35.745  -20.904  33.423 0.0000000000
44007  36.543  -21.276  35.278 0.0000000000
43080  37.084  -22.018  36.634 0.0000000000
135814  31.056  -21.621  35.804 0.0000000000
43099  31.706  -21.904  35.842 0.0000000000
116632  33.042  -22.294  36.005 0.0000000000
43050  33.394  -22.147  38.203 0.0000000000
42125  34.011  -22.487  37.816 0.0000000000
42148  34.468  -22.868  36.544 0.0000000000
42146  35.987  -22.897  36.835 0.0000000000
43067  36.729  -22.756  37.054 0.0000000000
43065  37.996  -21.963  37.696 0.0000000000
38178  25.830  -26.449  41.856 0.0000000000
39143  25.155  -26.010  41.382 0.0000000000
39156  23.950  -25.370  41.159 0.0000000000
40278  23.403  -25.213  40.582 0.0000000000
39215  23.803  -25.544  38.681 0.0000000000
130320  22.933  -25.403  39.344 0.0000000000
40280  22.141  -25.165  40.216 0.0000000000
127856  21.094  -25.539  39.240 0.0000000000
39198  20.334  -25.877  38.982 0.0000000000
38227  19.379  -26.672  38.471 0.0000000000
119590  22.038  -26.917  32.355 0.0000000000
38287  21.693  -26.741  34.312 0.0000000000
37273  20.977  -27.027  34.635 0.0000000000
36420  19.824  -28.260  33.060 0.0000000000
37274  20.286  -27.402  34.956 0.0000000000
38267  20.522  -26.681  36.132 0.0000000000
37258  19.907  -26.963  36.474 0.0000000000
37252  19.253  -27.276  37.438 0.0000000000
37244  18.986  -27.248  38.257 0.0000000000
36358  18.108  -28.193  38.845 0.0000000000
35514  17.861  -28.959  38.599 0.0000000000
34622  17.146  -30.377  38.584 0.0000000000
33746  17.412  -30.988  35.692 0.0000000000
33722  17.385  -30.963  37.236 0.0000000000
33713  16.823  -31.136  38.403 0.0000000000
32747  16.167  -32.296  38.215 0.0000000000
31687  15.707  -32.844  37.483 0.0000000000
30678  14.545  -33.781  37.765 0.0000000000
30680  13.086  -33.951  37.276 0.0000000000
30662  12.558  -34.370  37.699 0.0000000000
46196  28.776  -19.748  29.986 0.0000000000
45076  28.490  -20.233  31.509 0.0000000000
45051  28.351  -20.749  32.685 0.0000000000
45078  26.936  -20.475  31.067 0.0000000000
44062  27.643  -21.282  32.701 0.0000000000
44042  28.440  -21.231  33.662 0.0000000000
116698  28.386  -22.372  34.903 0.0000000000
120925  28.423  -24.010  36.107 0.0000000000
138626  28.558  -24.607  37.179 0.0000000000
39264  27.355  -25.301  35.612 0.0000000000
39225  27.629  -25.663  37.417 0.0000000000
39191  28.218  -25.843  38.759 0.0000000000
121307  27.647  -26.306  39.776 0.0000000000
38189  27.044  -26.502  41.010 0.0000000000
31654  14.229  -32.898  41.582 0.0000000000
32706  13.900  -31.866  43.029 0.0000000000
68006  56.066  1.197  20.157 0.0000000000
66182  52.614  -1.561  17.486 0.0000000000
65197  54.233  -2.595  19.864 0.0000000000
65181  55.440  -2.064  21.771 0.0000000000
64074  54.343  -3.763  22.097 0.0000000000
65156  56.013  -2.898  22.998 0.0000000000
65155  56.851  -2.479  23.556 0.0000000000
62977  45.288  -4.872  17.261 0.0000000000
61865  46.455  -6.011  17.330 0.0000000000
60890  45.536  -7.245  17.908 0.0000000000
60888  47.182  -7.195  18.108 0.0000000000
60873  48.331  -7.114  19.309 0.0000000000
59899  49.967  -7.294  21.167 0.0000000000
59879  51.898  -7.626  22.536 0.0000000000
58924  52.597  -8.285  24.159 0.0000000000
122413  47.462  -11.552  22.756 0.0000000000
56034  48.412  -11.114  23.015 0.0000000000
137619  49.476  -10.579  23.491 0.0000000000
56001  50.222  -10.912  26.615 0.0000000000
57007  50.679  -10.396  25.458 0.0000000000
57022  50.647  -9.927  24.215 0.0000000000
58010  51.775  -9.383  24.921 0.0000000000
58009  52.365  -9.067  25.272 0.0000000000
52897  38.056  -13.428  23.234 0.0000000000
133020  39.735  -12.969  24.457 0.0000000000
119277  37.010  -10.848  25.883 0.0000000000
54929  39.457  -11.724  25.994 0.0000000000
132424  40.388  -12.222  25.925 0.0000000000
53832  41.249  -12.109  28.068 0.0000000000
132320  42.156  -12.564  29.509 0.0000000000
54846  42.384  -12.313  31.135 0.0000000000
46194  36.173  -19.183  30.091 0.0000000000
48570  38.004  -17.114  28.373 0.0000000000
49655  38.497  -16.687  28.813 0.0000000000
50820  39.266  -15.658  29.766 0.0000000000
46110  39.151  -19.328  37.187 0.0000000000
120237  39.314  -18.552  36.076 0.0000000000
48485  39.530  -17.873  34.963 0.0000000000
49571  40.287  -16.778  35.110 0.0000000000
48499  39.704  -17.131  33.970 0.0000000000
49629  39.823  -16.279  31.968 0.0000000000
50793  39.886  -15.396  30.880 0.0000000000
51843  39.755  -14.366  29.841 0.0000000000
52813  39.865  -13.223  30.218 0.0000000000
53778  39.926  -12.400  30.828 0.0000000000
54848  38.465  -9.940  31.041 0.0000000000
54795  40.965  -11.823  34.194 0.0000000000
139212  39.342  -9.754  32.988 0.0000000000
56944  39.054  -9.394  31.576 0.0000000000
55911  41.042  -10.169  31.888 0.0000000000
71665  53.843  3.922  11.586 0.0000000000
70749  54.876  1.914  10.945 0.0000000000
69028  55.226  0.368  10.752 0.0000000000
67194  55.754  -1.242  11.040 0.0000000000
66259  56.778  -2.162  13.001 0.0000000000
66245  55.463  -2.241  14.147 0.0000000000
66226  56.723  -1.726  14.316 0.0000000000
67154  57.511  -1.097  14.009 0.0000000000
68054  58.165  0.988  14.738 0.0000000000
38165  26.682  -26.546  42.327 0.0000000000
39128  27.487  -26.088  43.117 0.0000000000
30659  14.714  -33.839  38.558 0.0000000000
122343  15.072  -32.953  40.036 0.0000000000
53773  44.322  -13.017  31.054 0.0000000000
53752  44.953  -12.712  31.522 0.0000000000
44040  29.905  -20.968  33.627 0.0000000000
121631  29.807  -21.027  34.270 0.0000000000
136045  24.108  -25.833  32.677 0.0000000000
38284  23.702  -26.185  33.363 0.0000000000
38298  23.330  -26.297  32.547 0.0000000000
119281  24.377  -25.768  33.334 0.0000000000
38201  19.159  -26.439  39.746 0.0000000000
135535  19.541  -26.032  40.307 0.0000000000
68028  50.990  0.375  17.244 0.0000000000
59872  53.658  -7.288  24.136 0.0000000000
59863  54.054  -7.626  24.957 0.0000000000
57066  43.906  -10.491  20.352 0.0000000000
57065  44.636  -10.205  20.359 0.0000000000
119429  45.151  -10.507  20.771 0.0000000000
50857  38.803  -15.274  27.217 0.0000000000
51872  38.621  -14.555  26.846 0.0000000000
51867  38.952  -14.540  27.561 0.0000000000
52835  38.997  -13.542  27.838 0.0000000000
43996  37.884  -20.739  36.640 0.0000000000
45017  37.612  -20.489  35.995 0.0000000000
66217  50.077  -1.802  15.752 0.0000000000
66233  50.936  -2.219  14.855 0.0000000000
66216  50.898  -1.785  15.742 0.0000000000
67135  50.790  -0.245  16.646 0.0000000000
70759  56.345  2.536  10.231 0.0000000000
71663  55.834  2.973  10.661 0.0000000000
118587  56.006  1.699  10.360 0.0000000000
70760  55.618  2.229  10.627 0.0000000000
40299  29.185  -24.407  38.057 0.0000000000
123998  29.380  -23.888  37.713 0.0000000000
132397  17.069  -29.922  39.146 0.0000000000
35497  17.040  -29.313  40.280 0.0000000000
33692  16.821  -29.879  39.844 0.0000000000
66221  47.283  -2.091  16.021 0.0000000000
62975  47.553  -5.426  16.993 0.0000000000
61862  48.845  -5.871  17.517 0.0000000000
61849  49.242  -6.210  18.239 0.0000000000
61837  49.496  -6.310  19.132 0.0000000000
119802  44.870  -13.140  25.094 0.0000000000
53872  45.353  -12.996  25.504 0.0000000000
28857  11.118  -35.720  39.122 0.0000000000
57083  39.621  -10.324  19.431 0.0000000000
56079  40.328  -11.622  20.158 0.0000000000
122961  39.454  -11.546  20.012 0.0000000000
52885  40.637  -13.622  23.657 0.0000000000
53915  41.187  -13.359  24.295 0.0000000000
53874  41.667  -13.043  25.919 0.0000000000
126391  33.148  -21.876  34.124 0.0000000000
43123  33.453  -21.698  33.504 0.0000000000
43109  34.244  -22.094  34.789 0.0000000000
43039  31.363  -22.419  38.935 0.0000000000
43052  31.887  -22.123  38.450 0.0000000000
43038  32.050  -22.225  39.188 0.0000000000
39194  25.497  -25.880  38.996 0.0000000000
39195  24.786  -25.685  39.190 0.0000000000
38255  21.689  -26.106  36.345 0.0000000000
38256  20.992  -26.272  36.553 0.0000000000
35555  18.592  -29.447  34.527 0.0000000000
35554  19.100  -28.929  34.818 0.0000000000
34650  18.341  -29.956  35.701 0.0000000000
41305  26.518  -23.610  32.136 0.0000000000
140484  26.516  -23.113  31.693 0.0000000000
42193  26.917  -23.118  32.320 0.0000000000
41288  27.226  -23.683  33.504 0.0000000000
41270  27.620  -23.559  34.287 0.0000000000
40343  27.182  -24.234  33.936 0.0000000000
39212  26.407  -25.958  37.895 0.0000000000
39213  25.648  -25.832  38.315 0.0000000000
39170  25.964  -26.156  39.384 0.0000000000
40259  23.346  -25.073  41.535 0.0000000000
30630  13.097  -33.829  43.202 0.0000000000
134512  55.533  1.485  17.620 0.0000000000
69856  56.188  1.571  17.651 0.0000000000
66142  57.235  -1.549  22.624 0.0000000000
64105  52.475  -4.007  19.419 0.0000000000
65192  52.996  -3.600  19.771 0.0000000000
64097  52.994  -3.765  20.383 0.0000000000
58034  49.020  -9.267  21.437 0.0000000000
58959  48.941  -8.533  21.241 0.0000000000
58033  49.983  -9.343  22.136 0.0000000000
58026  50.603  -9.026  22.433 0.0000000000
58027  50.231  -9.689  22.906 0.0000000000
56003  48.509  -11.661  26.339 0.0000000000
56014  48.619  -11.531  25.654 0.0000000000
56002  49.108  -11.362  26.219 0.0000000000
139847  36.271  -11.763  24.314 0.0000000000
55978  37.882  -9.659  29.160 0.0000000000
54885  39.246  -10.146  29.314 0.0000000000
54871  39.274  -9.837  30.132 0.0000000000
45088  34.658  -20.212  30.199 0.0000000000
120807  34.724  -20.036  29.615 0.0000000000
116277  35.203  -20.091  30.614 0.0000000000
47341  38.603  -18.253  33.039 0.0000000000
47352  38.061  -18.315  31.789 0.0000000000
48528  38.620  -17.987  32.205 0.0000000000
48512  39.140  -17.579  32.687 0.0000000000
50709  41.275  -15.510  35.614 0.0000000000
51781  41.153  -15.113  33.781 0.0000000000
51766  41.587  -14.593  34.319 0.0000000000
51780  41.615  -13.952  33.828 0.0000000000
52771  41.849  -13.616  34.653 0.0000000000
68087  52.179  0.367  12.617 0.0000000000
68086  52.761  -0.082  12.534 0.0000000000
68085  53.556  -0.343  12.281 0.0000000000
67179  53.834  -1.085  12.547 0.0000000000
68047  54.503  0.940  16.857 0.0000000000
68984  55.358  1.106  16.538 0.0000000000
68983  55.936  1.578  17.004 0.0000000000
68165  60.408  -0.047  7.967 0.0000000000
69084  60.171  0.669  7.534 0.0000000000
68128  61.636  0.041  9.834 0.0000000000
134408  58.771  -1.437  12.366 0.0000000000
67165  58.429  -1.277  12.975 0.0000000000
118355  59.003  -0.215  13.189 0.0000000000
40258  28.882  -25.378  40.736 0.0000000000
39152  28.289  -25.857  41.079 0.0000000000
32736  16.035  -31.756  39.575 0.0000000000
33703  16.184  -31.097  39.897 0.0000000000
32715  14.772  -31.523  41.636 0.0000000000
33673  14.836  -30.967  42.176 0.0000000000
64144  45.531  -3.371  16.962 0.0000000000
139629  46.576  -4.171  16.889 0.0000000000
64124  45.442  -4.037  17.116 0.0000000000
53828  45.165  -13.092  28.464 0.0000000000
53809  45.054  -13.070  29.167 0.0000000000
27979  9.244  -36.421  39.207 0.0000000000
26113  8.333  -38.232  41.151 0.0000000000
118577  30.020  -20.514  30.850 0.0000000000
44094  30.536  -20.850  31.394 0.0000000000
117402  31.209  -21.242  33.398 0.0000000000
43111  31.669  -21.608  34.519 0.0000000000
39248  24.769  -25.665  36.464 0.0000000000
124077  24.313  -25.628  37.108 0.0000000000
39268  24.226  -25.744  35.862 0.0000000000
39290  23.247  -26.135  35.041 0.0000000000
38275  22.772  -26.327  34.724 0.0000000000
39270  22.627  -26.170  35.376 0.0000000000
38276  22.147  -26.444  34.877 0.0000000000
40371  25.315  -25.225  32.237 0.0000000000
40390  25.239  -24.589  30.944 0.0000000000
40389  25.683  -24.549  31.722 0.0000000000
127837  25.829  -24.738  32.585 0.0000000000
40345  26.071  -24.895  33.351 0.0000000000
39300  25.530  -25.494  33.614 0.0000000000
39288  24.974  -25.749  34.738 0.0000000000
39267  24.921  -25.725  35.556 0.0000000000
39157  20.868  -25.362  41.007 0.0000000000
68036  53.519  0.799  17.011 0.0000000000
68979  52.976  0.656  16.983 0.0000000000
67105  53.884  -0.703  17.704 0.0000000000
67104  54.436  -0.958  18.167 0.0000000000
67090  54.842  -0.788  19.602 0.0000000000
66168  54.704  -1.809  19.545 0.0000000000
61795  53.221  -5.494  22.281 0.0000000000
62898  53.768  -5.161  22.606 0.0000000000
132960  42.995  -7.881  18.320 0.0000000000
59001  44.497  -8.266  18.642 0.0000000000
57064  45.859  -9.973  20.688 0.0000000000
58057  46.256  -9.368  20.379 0.0000000000
58047  46.660  -9.550  20.885 0.0000000000
121293  47.416  -9.317  21.041 0.0000000000
57041  48.157  -10.528  21.755 0.0000000000
53878  36.125  -11.434  25.668 0.0000000000
53877  36.399  -11.521  26.046 0.0000000000
52846  37.713  -12.323  26.849 0.0000000000
53833  38.375  -12.150  28.135 0.0000000000
54909  36.723  -10.869  27.719 0.0000000000
53815  38.431  -11.707  28.902 0.0000000000
54887  37.427  -10.293  29.246 0.0000000000
127223  38.497  -11.324  29.450 0.0000000000
45047  36.340  -20.517  33.427 0.0000000000
139632  36.279  -20.357  32.889 0.0000000000
45036  36.996  -20.056  33.734 0.0000000000
45030  37.737  -19.795  35.071 0.0000000000
46137  37.499  -19.632  33.986 0.0000000000
46136  37.938  -19.381  34.534 0.0000000000
47319  38.599  -18.893  34.881 0.0000000000
68076  49.179  -0.486  13.222 0.0000000000
67170  49.940  -1.006  13.307 0.0000000000
139675  51.248  -1.796  13.713 0.0000000000
67169  50.699  -1.220  13.352 0.0000000000
67156  52.093  -1.849  13.811 0.0000000000
67168  52.020  -1.211  13.309 0.0000000000
66247  53.437  -2.008  13.964 0.0000000000
66248  52.637  -2.157  14.254 0.0000000000
67133  52.797  -0.420  16.364 0.0000000000
67117  53.357  0.185  16.603 0.0000000000
69919  57.141  1.860  9.387 0.0000000000
69918  57.682  1.939  8.938 0.0000000000
69932  57.981  1.379  8.428 0.0000000000
69069  58.607  0.218  8.057 0.0000000000
68151  58.108  -0.211  8.529 0.0000000000
68132  56.540  -0.227  9.803 0.0000000000
67229  57.341  -1.184  9.631 0.0000000000
68108  56.681  -0.905  9.904 0.0000000000
66297  57.860  -1.939  10.596 0.0000000000
67213  56.310  -1.138  10.475 0.0000000000
43087  28.992  -22.349  35.946 0.0000000000
43101  29.242  -21.695  35.739 0.0000000000
41244  30.241  -23.151  38.262 0.0000000000
42139  30.020  -22.654  37.550 0.0000000000
42126  30.805  -22.690  38.621 0.0000000000
36333  17.916  -27.726  40.161 0.0000000000
36334  17.637  -28.247  40.193 0.0000000000
36322  17.569  -28.142  41.258 0.0000000000
35474  17.280  -28.532  42.842 0.0000000000
34598  16.066  -30.330  41.147 0.0000000000
139755  48.773  -2.228  15.115 0.0000000000
67121  49.693  -0.555  17.083 0.0000000000
67122  49.221  -1.389  16.856 0.0000000000
65232  49.029  -2.295  16.990 0.0000000000
65231  49.830  -2.539  16.924 0.0000000000
64138  50.561  -3.650  16.806 0.0000000000
64120  51.740  -4.155  17.394 0.0000000000
64121  51.070  -4.354  17.094 0.0000000000
65235  46.693  -2.845  16.801 0.0000000000
65234  47.441  -2.672  16.751 0.0000000000
62964  50.334  -5.491  18.012 0.0000000000
62972  49.916  -4.910  17.160 0.0000000000
62963  50.913  -5.197  18.334 0.0000000000
62962  51.440  -4.892  18.671 0.0000000000
62952  51.397  -5.004  19.537 0.0000000000
62942  51.558  -5.033  20.244 0.0000000000
60847  50.845  -6.242  21.084 0.0000000000
61814  51.536  -5.796  21.166 0.0000000000
60846  51.454  -6.377  21.501 0.0000000000
60819  52.850  -6.940  22.993 0.0000000000
60820  52.289  -7.133  22.606 0.0000000000
54977  44.621  -12.406  21.908 0.0000000000
119850  45.334  -12.211  22.111 0.0000000000
54967  45.552  -12.448  22.758 0.0000000000
54928  46.530  -12.538  25.950 0.0000000000
54938  46.755  -12.306  25.317 0.0000000000
54927  47.243  -12.222  26.037 0.0000000000
54915  47.325  -12.270  26.842 0.0000000000
54896  46.426  -12.525  28.469 0.0000000000
54895  47.357  -12.034  28.483 0.0000000000
54880  47.817  -11.648  28.920 0.0000000000
49693  37.960  -16.307  26.807 0.0000000000
50848  38.449  -15.840  27.013 0.0000000000
49677  38.218  -16.418  27.403 0.0000000000
69008  47.037  0.336  13.545 0.0000000000
68078  47.698  0.084  13.406 0.0000000000
68063  47.758  -0.678  13.635 0.0000000000
66254  47.935  -2.150  14.417 0.0000000000
66218  49.221  -1.856  15.868 0.0000000000
121534  12.757  -34.809  38.370 0.0000000000
29741  13.120  -35.045  39.022 0.0000000000
29742  12.537  -35.269  38.876 0.0000000000
28844  12.205  -35.930  40.001 0.0000000000
28843  12.921  -35.656  40.206 0.0000000000
124946  12.574  -36.036  40.626 0.0000000000
28831  13.156  -35.552  41.981 0.0000000000
28838  12.507  -36.150  41.415 0.0000000000
27042  9.983  -37.220  40.501 0.0000000000
27953  10.733  -37.080  40.691 0.0000000000
58990  42.378  -9.138  19.013 0.0000000000
58076  41.511  -9.246  18.941 0.0000000000
120565  40.256  -10.373  19.503 0.0000000000
57068  41.432  -10.549  19.944 0.0000000000
117941  42.108  -10.533  20.026 0.0000000000
56060  42.988  -11.589  20.827 0.0000000000
56061  42.278  -11.705  20.641 0.0000000000
53970  42.197  -13.021  21.552 0.0000000000
53969  43.108  -12.822  21.662 0.0000000000
53932  43.599  -13.309  22.826 0.0000000000
53993  39.812  -12.838  20.755 0.0000000000
130039  40.905  -12.985  21.194 0.0000000000
53952  40.630  -13.395  21.702 0.0000000000
117818  42.045  -13.631  24.206 0.0000000000
132916  42.342  -13.817  23.504 0.0000000000
117760  43.484  -13.606  24.483 0.0000000000
117342  43.284  -13.623  25.363 0.0000000000
117104  43.038  -13.480  26.238 0.0000000000
53847  42.773  -13.166  27.591 0.0000000000
126589  42.755  -13.031  28.430 0.0000000000
53812  42.737  -12.932  29.200 0.0000000000
45110  32.679  -20.301  29.127 0.0000000000
116497  33.274  -20.397  29.519 0.0000000000
44109  33.085  -20.692  30.250 0.0000000000
44093  31.306  -20.963  31.203 0.0000000000
44111  31.596  -20.779  30.501 0.0000000000
119597  33.905  -21.219  32.194 0.0000000000
44073  34.244  -20.932  31.520 0.0000000000
44055  35.141  -21.016  33.028 0.0000000000
43095  35.506  -21.907  35.043 0.0000000000
44008  36.037  -21.515  35.007 0.0000000000
43998  36.782  -21.594  35.920 0.0000000000
43999  30.475  -21.525  36.136 0.0000000000
44009  30.679  -21.384  35.421 0.0000000000
118366  32.086  -22.044  37.061 0.0000000000
117875  32.324  -22.104  36.303 0.0000000000
43098  32.475  -22.095  35.542 0.0000000000
42138  34.013  -22.697  37.117 0.0000000000
42137  34.597  -22.837  37.300 0.0000000000
42147  35.191  -22.947  36.674 0.0000000000
42136  35.356  -22.928  37.457 0.0000000000
42134  36.986  -22.981  37.761 0.0000000000
43066  37.398  -22.459  37.338 0.0000000000
116725  24.088  -25.489  40.427 0.0000000000
39155  24.578  -25.684  40.904 0.0000000000
39229  23.705  -25.617  37.265 0.0000000000
124089  23.445  -25.566  38.063 0.0000000000
39217  22.056  -25.521  38.351 0.0000000000
117654  22.540  -25.444  38.946 0.0000000000
137146  22.434  -25.285  39.659 0.0000000000
39175  21.742  -25.294  39.794 0.0000000000
39219  20.614  -25.900  38.289 0.0000000000
38226  19.945  -26.310  38.360 0.0000000000
37280  21.169  -27.206  33.711 0.0000000000
36408  19.341  -28.585  33.523 0.0000000000
37275  19.843  -27.946  34.849 0.0000000000
37267  20.097  -27.183  35.771 0.0000000000
37259  19.530  -27.614  36.227 0.0000000000
138232  18.556  -27.857  38.401 0.0000000000
119540  18.428  -28.444  38.131 0.0000000000
35522  17.881  -29.590  37.881 0.0000000000
34610  17.456  -29.698  38.595 0.0000000000
34621  17.516  -30.271  37.905 0.0000000000
33760  17.078  -30.820  34.959 0.0000000000
32771  16.450  -31.807  36.098 0.0000000000
33733  17.092  -31.601  36.649 0.0000000000
33712  17.197  -30.853  37.952 0.0000000000
33723  16.897  -31.577  37.488 0.0000000000
32746  16.553  -31.802  38.076 0.0000000000
32758  16.342  -32.219  37.415 0.0000000000
31688  14.911  -33.284  37.260 0.0000000000
136219  14.277  -33.551  37.168 0.0000000000
31689  13.620  -33.511  36.844 0.0000000000
30681  12.251  -33.832  37.185 0.0000000000
124739  27.953  -19.917  31.128 0.0000000000
139582  28.137  -19.676  30.587 0.0000000000
45063  28.338  -20.471  32.177 0.0000000000
137209  26.363  -20.842  30.232 0.0000000000
123352  26.621  -20.393  30.499 0.0000000000
44096  27.018  -21.133  31.404 0.0000000000
134697  27.497  -21.854  32.870 0.0000000000
44079  27.385  -21.110  32.048 0.0000000000
44043  27.844  -21.589  33.380 0.0000000000
44061  28.101  -21.075  33.010 0.0000000000
43125  28.209  -21.636  33.972 0.0000000000
132441  28.284  -21.980  34.415 0.0000000000
134628  28.031  -24.146  35.509 0.0000000000
41262  28.328  -23.539  35.469 0.0000000000
41250  28.729  -24.127  36.843 0.0000000000
40312  28.167  -24.744  36.636 0.0000000000
39285  27.116  -25.203  34.844 0.0000000000
133004  27.037  -25.645  36.098 0.0000000000
39211  27.355  -26.016  38.154 0.0000000000
39210  28.227  -25.533  37.918 0.0000000000
133037  27.934  -26.164  39.260 0.0000000000
38190  26.260  -26.440  40.728 0.0000000000
38199  26.925  -26.476  40.265 0.0000000000
38177  26.442  -26.525  41.439 0.0000000000
39130  25.087  -26.077  42.252 0.0000000000
125480  18.178  -27.007  41.794 0.0000000000
38194  18.522  -26.679  41.288 0.0000000000
38184  18.605  -26.649  42.576 0.0000000000
29732  13.930  -34.753  40.241 0.0000000000
30637  14.115  -33.982  41.084 0.0000000000
31639  13.041  -32.435  44.666 0.0000000000
121766  13.544  -32.436  43.112 0.0000000000
32697  13.532  -32.023  43.904 0.0000000000
32696  14.103  -31.548  43.945 0.0000000000
32690  13.442  -32.049  45.023 0.0000000000
68969  55.920  1.549  19.331 0.0000000000
139983  56.726  0.235  21.351 0.0000000000
126981  51.693  -1.537  17.411 0.0000000000
65213  53.341  -2.725  17.759 0.0000000000
65191  53.547  -3.226  20.296 0.0000000000
65190  54.286  -2.681  20.649 0.0000000000
66155  55.102  -2.035  21.082 0.0000000000
62897  54.343  -4.874  22.983 0.0000000000
64056  54.653  -4.123  22.775 0.0000000000
64055  55.420  -3.732  23.263 0.0000000000
65140  56.352  -3.256  23.842 0.0000000000
65139  57.363  -2.493  24.674 0.0000000000
66120  57.646  -1.660  23.876 0.0000000000
118094  44.647  -5.108  17.376 0.0000000000
118380  45.836  -5.455  17.218 0.0000000000
120685  45.713  -6.084  17.424 0.0000000000
59937  45.003  -7.721  18.306 0.0000000000
60891  44.740  -7.123  17.840 0.0000000000
127063  45.764  -7.815  18.450 0.0000000000
59914  48.143  -7.511  20.035 0.0000000000
59924  47.683  -7.641  19.310 0.0000000000
60887  47.744  -7.285  18.556 0.0000000000
60865  48.647  -7.051  20.083 0.0000000000
60864  49.188  -6.767  20.300 0.0000000000
58934  51.183  -8.621  22.794 0.0000000000
58942  51.489  -8.117  22.451 0.0000000000
58933  51.844  -8.226  23.084 0.0000000000
58932  52.365  -8.065  23.544 0.0000000000
56035  46.742  -11.769  22.617 0.0000000000
56044  46.452  -11.495  21.915 0.0000000000
116211  48.924  -11.131  24.340 0.0000000000
56027  48.407  -11.310  23.845 0.0000000000
56026  48.985  -10.946  23.647 0.0000000000
57015  49.529  -10.755  24.136 0.0000000000
56997  50.907  -10.518  26.330 0.0000000000
138845  50.804  -10.087  24.815 0.0000000000
57006  51.297  -9.917  25.195 0.0000000000
57014  51.209  -9.652  24.547 0.0000000000
52898  37.214  -13.246  23.049 0.0000000000
52887  38.601  -13.138  23.840 0.0000000000
53917  39.114  -12.842  24.352 0.0000000000
118558  36.230  -10.612  26.496 0.0000000000
53898  37.021  -11.059  25.648 0.0000000000
54908  39.215  -10.806  27.283 0.0000000000
54917  40.041  -11.747  26.519 0.0000000000
53849  40.459  -11.772  26.992 0.0000000000
53848  41.158  -12.231  27.168 0.0000000000
54870  41.006  -11.112  30.020 0.0000000000
121281  41.454  -11.792  29.453 0.0000000000
53795  41.974  -12.141  30.037 0.0000000000
53776  42.339  -12.475  30.543 0.0000000000
46169  36.700  -19.459  31.491 0.0000000000
46180  36.323  -19.420  30.881 0.0000000000
46179  36.957  -19.018  31.126 0.0000000000
47377  37.130  -18.368  29.986 0.0000000000
47392  36.932  -18.282  29.124 0.0000000000
48571  37.490  -17.686  28.705 0.0000000000
49648  38.586  -16.842  29.592 0.0000000000
49647  39.007  -16.343  30.046 0.0000000000
49654  38.936  -16.171  29.261 0.0000000000
50808  39.396  -15.841  30.512 0.0000000000
44997  39.242  -20.124  38.297 0.0000000000
125564  38.871  -19.747  37.207 0.0000000000
45007  39.032  -19.854  37.635 0.0000000000
47295  39.946  -18.337  37.298 0.0000000000
47296  39.481  -18.719  36.823 0.0000000000
47311  39.145  -18.432  35.280 0.0000000000
47310  39.698  -18.026  35.694 0.0000000000
49570  40.815  -16.231  35.513 0.0000000000
137792  40.835  -16.443  36.071 0.0000000000
48484  39.814  -17.232  34.701 0.0000000000
49601  40.150  -16.535  33.534 0.0000000000
49616  40.022  -16.456  32.716 0.0000000000
50764  40.461  -15.931  33.101 0.0000000000
129595  40.919  -14.893  32.379 0.0000000000
50779  40.573  -15.227  32.015 0.0000000000
51810  40.497  -14.891  31.232 0.0000000000
50807  39.640  -15.170  30.195 0.0000000000
51822  40.145  -14.535  30.478 0.0000000000
52804  40.488  -13.780  31.065 0.0000000000
53756  40.440  -12.498  32.055 0.0000000000
53777  40.310  -12.853  31.448 0.0000000000
53757  39.698  -11.437  31.363 0.0000000000
122438  39.142  -11.025  30.741 0.0000000000
54827  39.780  -11.070  32.191 0.0000000000
53715  41.563  -12.385  34.744 0.0000000000
128784  41.497  -11.675  35.649 0.0000000000
55876  39.705  -9.946  33.816 0.0000000000
55877  39.515  -9.635  33.201 0.0000000000
55899  39.268  -9.556  32.520 0.0000000000
56935  39.361  -9.352  32.124 0.0000000000
55912  39.801  -9.455  31.655 0.0000000000
56934  40.154  -9.425  32.449 0.0000000000
72602  54.162  4.554  11.666 0.0000000000
128974  50.123  1.616  12.827 0.0000000000
69900  53.740  1.596  11.578 0.0000000000
139587  54.224  1.920  11.324 0.0000000000
69899  54.334  1.339  11.266 0.0000000000
69898  54.953  1.144  10.804 0.0000000000
67178  54.920  -1.397  12.014 0.0000000000
138443  55.465  -1.511  11.631 0.0000000000
67176  56.044  -1.812  11.582 0.0000000000
66272  56.396  -2.104  12.272 0.0000000000
121472  53.992  -2.228  14.412 0.0000000000
66246  54.682  -2.274  14.320 0.0000000000
66228  55.156  -2.184  15.000 0.0000000000
67144  56.245  -1.276  14.981 0.0000000000
67143  57.064  -0.712  14.612 0.0000000000
66243  57.114  -1.917  13.589 0.0000000000
68061  57.866  -0.002  14.308 0.0000000000
68055  57.400  0.307  14.791 0.0000000000
69868  57.659  1.936  16.365 0.0000000000
71708  59.272  3.259  8.118 0.0000000000
71693  59.263  3.929  8.617 0.0000000000
121470  59.924  -1.181  10.102 0.0000000000
39142  27.551  -26.249  42.157 0.0000000000
31676  15.709  -32.802  38.532 0.0000000000
31661  15.671  -32.439  39.623 0.0000000000
137049  14.762  -32.724  40.810 0.0000000000
53810  44.258  -13.211  29.564 0.0000000000
53772  44.994  -12.821  30.735 0.0000000000
45049  29.580  -20.730  32.427 0.0000000000
44078  30.288  -20.928  32.182 0.0000000000
136208  30.064  -20.940  32.922 0.0000000000
135697  24.400  -25.863  34.501 0.0000000000
39303  23.312  -26.318  34.192 0.0000000000
126237  25.091  -25.158  31.511 0.0000000000
39311  24.819  -25.562  32.747 0.0000000000
39310  24.988  -25.582  33.298 0.0000000000
39177  20.174  -25.651  40.456 0.0000000000
39178  19.536  -25.921  41.201 0.0000000000
39159  19.540  -25.921  42.530 0.0000000000
67118  51.850  0.625  16.929 0.0000000000
68985  52.103  0.845  17.183 0.0000000000
68026  52.147  0.556  17.317 0.0000000000
67106  52.569  -0.210  17.539 0.0000000000
66181  53.556  -1.632  17.663 0.0000000000
60818  53.468  -6.445  23.189 0.0000000000
61762  54.028  -6.002  23.436 0.0000000000
60807  53.918  -6.634  23.803 0.0000000000
59871  54.505  -6.815  24.749 0.0000000000
58989  43.224  -8.972  19.044 0.0000000000
58073  44.485  -9.359  19.541 0.0000000000
121446  44.879  -9.698  20.041 0.0000000000
140431  45.219  -9.982  20.406 0.0000000000
57053  46.354  -10.316  21.150 0.0000000000
135860  38.027  -13.782  26.239 0.0000000000
52854  38.289  -13.731  26.548 0.0000000000
44019  36.903  -20.709  34.938 0.0000000000
121817  37.413  -20.298  35.312 0.0000000000
45024  37.953  -19.951  35.660 0.0000000000
46120  38.437  -19.529  36.030 0.0000000000
66251  49.913  -2.104  14.143 0.0000000000
66250  50.636  -2.163  14.208 0.0000000000
137891  51.157  -2.211  14.256 0.0000000000
66231  52.323  -2.264  15.079 0.0000000000
66215  51.724  -1.812  15.753 0.0000000000
67134  51.706  -0.272  16.429 0.0000000000
70770  57.004  2.530  9.735 0.0000000000
135481  56.797  1.239  9.553 0.0000000000
69071  57.384  0.085  8.862 0.0000000000
69909  56.261  1.002  10.056 0.0000000000
69041  55.825  0.517  10.369 0.0000000000
41256  29.241  -23.551  37.153 0.0000000000
42140  29.588  -22.849  37.227 0.0000000000
41245  29.693  -23.854  38.235 0.0000000000
41236  30.088  -23.838  38.856 0.0000000000
119609  17.390  -28.847  39.956 0.0000000000
35485  16.900  -29.273  41.221 0.0000000000
134138  47.603  -2.268  15.135 0.0000000000
66219  48.496  -1.815  16.223 0.0000000000
66220  47.899  -1.975  16.139 0.0000000000
66198  48.443  -1.932  16.556 0.0000000000
65233  48.456  -2.284  16.854 0.0000000000
62993  47.745  -4.491  16.793 0.0000000000
62992  48.536  -4.333  16.791 0.0000000000
61861  49.609  -5.687  17.706 0.0000000000
62943  51.001  -5.421  20.038 0.0000000000
61836  50.153  -5.882  19.500 0.0000000000
61816  50.399  -6.059  20.593 0.0000000000
140057  45.763  -12.681  24.055 0.0000000000
53891  45.452  -12.888  24.688 0.0000000000
53871  46.057  -12.710  25.337 0.0000000000
137129  46.903  -12.199  28.731 0.0000000000
67145  47.255  -1.914  14.296 0.0000000000
28877  11.427  -35.341  38.699 0.0000000000
28845  11.495  -36.017  39.723 0.0000000000
137976  11.737  -36.221  40.164 0.0000000000
56078  41.130  -11.284  20.198 0.0000000000
55005  41.564  -11.816  20.537 0.0000000000
140433  41.523  -12.869  21.254 0.0000000000
52908  40.344  -13.743  22.238 0.0000000000
52907  41.077  -13.654  22.202 0.0000000000
132605  42.433  -13.452  25.612 0.0000000000
138871  42.264  -13.258  26.257 0.0000000000
120344  41.867  -12.822  27.418 0.0000000000
45090  31.847  -20.552  29.828 0.0000000000
44057  32.833  -21.541  32.834 0.0000000000
124014  32.313  -21.386  32.309 0.0000000000
140045  33.163  -21.625  33.165 0.0000000000
43134  33.561  -21.498  32.866 0.0000000000
44036  34.017  -21.542  33.383 0.0000000000
44035  34.634  -21.444  33.602 0.0000000000
132807  34.900  -21.780  34.434 0.0000000000
139269  35.418  -22.391  35.563 0.0000000000
43071  30.923  -22.093  37.510 0.0000000000
119465  31.346  -21.954  37.022 0.0000000000
43070  31.647  -22.016  37.717 0.0000000000
43069  32.585  -22.085  37.778 0.0000000000
42123  35.496  -22.863  38.185 0.0000000000
39154  25.325  -26.106  40.578 0.0000000000
130402  22.584  -25.742  36.868 0.0000000000
39231  22.204  -25.656  37.485 0.0000000000
118245  21.585  -25.601  37.789 0.0000000000
39218  21.299  -25.596  38.447 0.0000000000
37290  20.362  -27.922  32.622 0.0000000000
36388  19.444  -28.282  35.153 0.0000000000
125522  19.383  -28.112  35.768 0.0000000000
36377  19.138  -28.353  36.356 0.0000000000
36369  18.774  -28.638  37.237 0.0000000000
120623  18.311  -29.438  37.136 0.0000000000
124954  16.050  -32.413  36.729 0.0000000000
32773  14.749  -32.441  36.102 0.0000000000
46182  27.536  -19.664  30.681 0.0000000000
123689  26.746  -21.905  31.265 0.0000000000
44080  27.100  -21.692  31.741 0.0000000000
43147  26.932  -22.405  31.854 0.0000000000
43135  27.286  -22.483  32.569 0.0000000000
116474  27.559  -22.357  33.239 0.0000000000
43112  28.021  -22.705  34.336 0.0000000000
42181  27.605  -22.939  33.706 0.0000000000
41263  27.852  -23.884  34.983 0.0000000000
127533  27.614  -24.581  35.228 0.0000000000
39246  26.389  -25.751  36.376 0.0000000000
39226  26.369  -25.851  37.150 0.0000000000
38200  26.056  -26.298  40.012 0.0000000000
29719  13.628  -34.312  41.904 0.0000000000
31640  13.023  -33.045  43.922 0.0000000000
67089  55.326  0.372  20.063 0.0000000000
67083  55.997  0.587  20.807 0.0000000000
66141  57.825  -1.450  23.501 0.0000000000
65214  52.723  -3.421  17.762 0.0000000000
65199  53.054  -3.440  18.758 0.0000000000
65183  53.874  -3.188  20.910 0.0000000000
62880  55.578  -4.827  24.468 0.0000000000
61867  44.193  -5.646  17.499 0.0000000000
58971  47.390  -8.473  20.395 0.0000000000
58984  47.053  -8.426  19.846 0.0000000000
58961  47.707  -8.575  20.867 0.0000000000
58960  48.341  -8.127  20.976 0.0000000000
59900  48.904  -7.842  21.049 0.0000000000
138555  50.288  -7.971  21.516 0.0000000000
58944  50.157  -8.613  21.807 0.0000000000
58926  51.425  -8.854  23.502 0.0000000000
54953  47.832  -11.736  24.094 0.0000000000
56022  48.792  -11.356  24.980 0.0000000000
58002  51.887  -9.659  25.680 0.0000000000
125796  36.695  -12.518  23.688 0.0000000000
53935  37.308  -12.609  23.819 0.0000000000
55993  36.559  -9.923  28.089 0.0000000000
56004  37.171  -10.109  27.257 0.0000000000
124933  37.538  -9.759  28.221 0.0000000000
55992  39.084  -10.327  28.239 0.0000000000
54897  40.093  -10.912  28.464 0.0000000000
123487  40.460  -10.820  29.529 0.0000000000
46167  37.723  -18.855  32.146 0.0000000000
47353  37.514  -18.677  31.439 0.0000000000
47364  37.851  -18.118  31.089 0.0000000000
47376  37.699  -17.979  30.346 0.0000000000
48550  38.138  -17.428  29.964 0.0000000000
120476  38.258  -17.568  30.731 0.0000000000
48540  38.825  -17.155  31.135 0.0000000000
49630  39.305  -16.697  31.567 0.0000000000
46100  39.993  -18.650  37.981 0.0000000000
48455  40.261  -17.749  37.146 0.0000000000
50729  40.960  -15.664  34.893 0.0000000000
50748  40.679  -15.845  34.022 0.0000000000
51795  41.137  -14.875  33.035 0.0000000000
125239  41.206  -14.281  32.397 0.0000000000
52787  41.424  -14.134  33.118 0.0000000000
116882  41.068  -13.362  32.647 0.0000000000
139885  41.029  -12.923  33.107 0.0000000000
69882  51.228  0.989  12.761 0.0000000000
69023  51.893  0.961  12.530 0.0000000000
69889  53.233  1.229  11.968 0.0000000000
69030  53.826  0.888  11.632 0.0000000000
68093  54.703  -0.184  11.311 0.0000000000
69020  54.011  0.123  11.752 0.0000000000
68084  54.316  -0.742  11.936 0.0000000000
67166  54.916  -1.756  12.650 0.0000000000
67131  55.003  -1.086  15.890 0.0000000000
67130  55.706  -0.731  15.589 0.0000000000
140183  56.350  0.878  15.721 0.0000000000
69948  59.127  1.442  7.564 0.0000000000
135207  59.511  1.848  7.292 0.0000000000
69947  59.956  1.409  7.219 0.0000000000
69946  60.916  1.240  6.958 0.0000000000
66296  58.751  -1.922  10.979 0.0000000000
67175  59.454  -0.791  12.184 0.0000000000
68071  59.592  0.238  13.150 0.0000000000
40292  28.920  -25.291  39.199 0.0000000000
40276  29.374  -24.799  39.710 0.0000000000
40277  28.896  -25.380  39.977 0.0000000000
39141  28.179  -25.757  41.877 0.0000000000
127177  15.793  -30.863  40.728 0.0000000000
32714  15.266  -31.227  41.084 0.0000000000
33683  15.331  -30.660  41.592 0.0000000000
33661  14.733  -30.949  43.356 0.0000000000
124666  45.931  -2.871  16.792 0.0000000000
62994  46.929  -4.777  16.901 0.0000000000
119728  46.940  -5.562  17.105 0.0000000000
53859  44.498  -13.331  26.423 0.0000000000
53858  45.203  -13.091  26.190 0.0000000000
137906  45.440  -13.053  27.488 0.0000000000
54883  45.692  -12.574  29.599 0.0000000000
54868  46.283  -11.956  30.036 0.0000000000
27978  10.002  -36.370  39.427 0.0000000000
27961  9.505  -36.949  39.877 0.0000000000
27043  9.384  -37.436  40.406 0.0000000000
137995  9.642  -37.594  40.856 0.0000000000
27018  9.618  -37.931  41.518 0.0000000000
52909  39.523  -13.752  22.243 0.0000000000
44059  30.762  -21.105  32.726 0.0000000000
44058  31.526  -21.256  32.533 0.0000000000
119973  32.063  -21.444  33.062 0.0000000000
43124  32.395  -21.740  34.214 0.0000000000
125831  24.977  -25.646  38.061 0.0000000000
39214  24.466  -25.620  38.632 0.0000000000
118252  23.736  -25.906  35.426 0.0000000000
39250  23.213  -25.708  36.568 0.0000000000
118494  22.460  -25.918  36.175 0.0000000000
35571  18.138  -29.328  33.822 0.0000000000
35556  18.090  -29.785  34.383 0.0000000000
34661  18.284  -29.951  34.949 0.0000000000
34662  17.679  -30.209  34.640 0.0000000000
40370  26.237  -24.165  32.280 0.0000000000
40344  26.706  -24.298  33.428 0.0000000000
39286  26.384  -25.532  34.559 0.0000000000
39287  25.655  -25.645  34.273 0.0000000000
39266  25.707  -25.705  35.073 0.0000000000
125889  25.576  -25.722  36.812 0.0000000000
68978  55.055  1.311  17.823 0.0000000000
68014  54.874  0.709  18.626 0.0000000000
68024  54.379  0.145  18.062 0.0000000000
66161  55.279  -0.651  20.476 0.0000000000
64089  52.703  -4.196  20.725 0.0000000000
62930  53.034  -4.431  21.336 0.0000000000
62914  53.417  -4.788  21.995 0.0000000000
61777  54.611  -5.339  23.749 0.0000000000
59939  43.470  -7.507  18.111 0.0000000000
59938  44.196  -7.626  18.213 0.0000000000
58986  45.623  -8.709  19.306 0.0000000000
58072  45.244  -9.234  19.646 0.0000000000
58972  45.986  -9.079  19.823 0.0000000000
58056  46.718  -8.876  20.169 0.0000000000
124377  47.114  -8.973  20.671 0.0000000000
57040  49.242  -10.219  22.301 0.0000000000
55990  49.359  -11.291  27.551 0.0000000000
131300  36.385  -11.194  25.117 0.0000000000
119653  36.037  -10.834  25.981 0.0000000000
54931  36.186  -10.794  26.229 0.0000000000
54920  36.274  -10.635  27.049 0.0000000000
56005  36.421  -10.272  27.594 0.0000000000
55964  37.652  -9.910  29.282 0.0000000000
54872  38.293  -10.027  30.407 0.0000000000
121819  35.630  -20.270  31.674 0.0000000000
45071  35.731  -19.933  31.051 0.0000000000
124314  36.157  -20.250  32.323 0.0000000000
45058  36.764  -19.747  32.085 0.0000000000
46157  37.327  -19.422  32.517 0.0000000000
46146  37.395  -19.527  33.314 0.0000000000
46156  37.911  -18.895  32.978 0.0000000000
125686  38.303  -18.680  33.559 0.0000000000
47331  38.691  -18.330  33.783 0.0000000000
69885  48.779  1.173  12.990 0.0000000000
68075  50.678  -0.482  13.082 0.0000000000
69014  50.888  0.304  12.902 0.0000000000
124357  51.306  -0.197  12.935 0.0000000000
68074  51.988  -0.313  12.925 0.0000000000
68073  52.557  -0.763  12.973 0.0000000000
67167  53.600  -1.475  13.228 0.0000000000
66229  54.298  -2.234  15.127 0.0000000000
66213  53.704  -1.855  15.744 0.0000000000
127309  54.511  -1.121  15.979 0.0000000000
68048  54.242  -0.075  16.391 0.0000000000
138125  58.311  3.629  9.130 0.0000000000
71694  58.583  3.373  8.739 0.0000000000
71672  57.526  3.159  9.669 0.0000000000
70788  58.095  2.618  8.867 0.0000000000
69931  58.518  1.802  7.969 0.0000000000
69085  59.283  0.652  7.641 0.0000000000
68166  59.326  -0.118  8.000 0.0000000000
68129  60.002  -0.618  8.666 0.0000000000
139864  60.760  -0.629  9.307 0.0000000000
67245  59.359  -1.045  8.910 0.0000000000
67227  59.157  -1.430  9.573 0.0000000000
68130  57.704  -0.706  9.050 0.0000000000
67228  58.138  -1.371  9.469 0.0000000000
67212  58.521  -1.850  10.143 0.0000000000
66285  58.020  -2.061  11.392 0.0000000000
133720  57.398  -2.106  11.694 0.0000000000
44024  29.361  -21.162  34.713 0.0000000000
44011  29.546  -21.301  35.419 0.0000000000
44000  29.769  -21.490  36.041 0.0000000000
43085  30.044  -21.838  36.616 0.0000000000
43073  29.736  -22.296  36.978 0.0000000000
43072  30.295  -22.169  37.246 0.0000000000
41237  29.940  -24.289  39.514 0.0000000000
121091  30.398  -23.833  39.400 0.0000000000
41230  30.368  -24.080  40.059 0.0000000000
42099  30.820  -23.554  39.691 0.0000000000
39327  23.229  -26.217  31.580 0.0000000000
38202  18.594  -26.835  40.270 0.0000000000
37223  18.236  -27.379  39.838 0.0000000000
37202  17.830  -27.492  41.670 0.0000000000
35475  16.800  -29.138  42.402 0.0000000000
34575  16.325  -29.758  42.781 0.0000000000
130940  49.856  -0.155  17.113 0.0000000000
67109  49.850  -0.125  17.113 0.0000000000
66183  50.573  -0.874  17.433 0.0000000000
65229  51.181  -2.430  16.989 0.0000000000
66197  49.425  -1.342  17.120 0.0000000000
65215  52.031  -3.193  17.210 0.0000000000
64119  52.285  -3.950  17.713 0.0000000000
64106  51.973  -4.506  19.050 0.0000000000
66200  47.031  -2.273  16.488 0.0000000000
131501  48.001  -2.312  16.690 0.0000000000
64140  48.803  -3.347  16.806 0.0000000000
62991  49.211  -4.295  16.831 0.0000000000
64122  50.402  -4.370  16.990 0.0000000000
62970  51.366  -4.793  17.814 0.0000000000
62941  52.147  -4.603  20.479 0.0000000000
61796  52.584  -5.793  21.982 0.0000000000
61779  53.027  -6.177  22.613 0.0000000000
56059  44.046  -11.099  20.823 0.0000000000
56057  45.428  -11.142  21.224 0.0000000000
54976  46.041  -12.036  22.330 0.0000000000
54954  46.348  -12.328  23.839 0.0000000000
116560  47.083  -12.069  24.523 0.0000000000
54926  47.979  -11.911  25.819 0.0000000000
119829  48.408  -11.770  26.954 0.0000000000
135525  45.709  -12.954  26.582 0.0000000000
53857  46.309  -12.743  26.539 0.0000000000
54916  46.739  -12.598  27.073 0.0000000000
54905  47.259  -12.257  27.677 0.0000000000
54904  47.923  -11.985  27.295 0.0000000000
55991  48.611  -11.597  27.689 0.0000000000
55976  49.159  -11.240  28.389 0.0000000000
50869  37.917  -15.361  26.130 0.0000000000
118467  39.053  -15.332  27.993 0.0000000000
43977  38.523  -21.394  38.089 0.0000000000
43976  39.031  -20.948  38.483 0.0000000000
69017  48.240  0.576  13.156 0.0000000000
68077  48.420  -0.276  13.299 0.0000000000
140115  48.765  -0.765  13.400 0.0000000000
66252  49.224  -1.997  14.040 0.0000000000
66235  49.337  -2.214  14.617 0.0000000000
72614  55.655  4.226  11.193 0.0000000000
137590  13.917  -34.476  38.756 0.0000000000
30650  14.253  -34.223  39.005 0.0000000000
29740  13.781  -34.685  39.284 0.0000000000
28855  12.701  -35.501  39.469 0.0000000000
29733  13.491  -35.263  40.587 0.0000000000
29727  13.497  -35.080  41.498 0.0000000000
27959  11.230  -36.514  40.265 0.0000000000
27951  11.887  -36.548  41.366 0.0000000000
28824  12.624  -35.711  43.173 0.0000000000
59003  42.746  -8.459  18.601 0.0000000000
58060  43.415  -10.061  19.902 0.0000000000
57081  41.985  -9.908  19.542 0.0000000000
57067  42.692  -10.265  19.928 0.0000000000
121999  43.194  -10.546  20.213 0.0000000000
133786  43.607  -11.517  20.969 0.0000000000
119821  44.206  -11.878  21.308 0.0000000000
53949  43.875  -12.603  21.758 0.0000000000
125357  42.663  -12.340  21.124 0.0000000000
53948  44.232  -12.913  22.449 0.0000000000
117103  44.342  -13.168  23.218 0.0000000000
53892  44.172  -13.429  25.028 0.0000000000
54990  40.454  -12.539  20.642 0.0000000000
53951  41.836  -13.499  22.175 0.0000000000
52893  41.442  -13.781  22.666 0.0000000000
53934  42.175  -13.737  22.851 0.0000000000
53933  42.997  -13.676  23.162 0.0000000000
53913  43.618  -13.558  23.585 0.0000000000
118214  44.340  -13.378  27.153 0.0000000000
124132  44.168  -13.362  27.799 0.0000000000
136544  43.123  -13.390  26.948 0.0000000000
53846  43.617  -13.387  27.364 0.0000000000
53793  43.704  -13.099  30.335 0.0000000000
53774  43.585  -13.010  31.013 0.0000000000
45109  33.719  -20.146  28.985 0.0000000000
45073  34.142  -20.447  30.351 0.0000000000
45072  34.604  -20.490  30.895 0.0000000000
45091  31.104  -20.521  29.879 0.0000000000
44110  32.354  -20.784  30.387 0.0000000000
44075  32.606  -21.203  31.605 0.0000000000
44091  32.887  -20.969  30.921 0.0000000000
44090  33.726  -20.778  30.783 0.0000000000
45060  34.990  -20.651  31.617 0.0000000000
45059  35.413  -20.643  32.298 0.0000000000
44034  36.040  -21.008  33.983 0.0000000000
43121  35.350  -21.271  33.822 0.0000000000
44020  36.331  -21.095  34.654 0.0000000000
43997  37.341  -21.162  36.304 0.0000000000
43987  37.680  -21.568  36.977 0.0000000000
44023  30.134  -21.190  34.914 0.0000000000
44022  30.932  -21.344  34.722 0.0000000000
116876  31.147  -21.797  36.368 0.0000000000
125820  32.002  -21.904  35.074 0.0000000000
124260  33.122  -22.185  35.316 0.0000000000
43068  33.426  -22.316  37.401 0.0000000000
42149  33.690  -22.568  36.485 0.0000000000
43097  33.816  -22.364  35.494 0.0000000000
42159  34.986  -22.848  35.954 0.0000000000
43082  35.683  -22.713  36.115 0.0000000000
42135  36.200  -22.961  37.577 0.0000000000
43081  36.431  -22.367  36.322 0.0000000000
39144  24.486  -25.644  41.683 0.0000000000
40260  22.808  -25.024  41.101 0.0000000000
118119  24.087  -25.548  39.268 0.0000000000
39196  23.460  -25.439  39.325 0.0000000000
118474  23.156  -25.473  38.795 0.0000000000
39174  23.106  -25.313  39.854 0.0000000000
40279  22.686  -25.144  40.353 0.0000000000
137797  20.835  -25.696  38.725 0.0000000000
119920  20.484  -25.665  39.661 0.0000000000
38212  19.588  -26.319  39.017 0.0000000000
37232  19.013  -26.848  38.987 0.0000000000
38299  22.594  -26.583  32.760 0.0000000000
38286  22.041  -26.766  33.379 0.0000000000
38277  21.432  -26.621  35.114 0.0000000000
37281  20.426  -27.798  33.513 0.0000000000
36407  19.880  -28.229  33.738 0.0000000000
36398  20.102  -27.855  34.272 0.0000000000
121440  20.589  -27.420  34.235 0.0000000000
38278  20.737  -26.875  35.408 0.0000000000
38257  20.327  -26.485  36.819 0.0000000000
37251  19.742  -26.800  37.140 0.0000000000
123516  19.478  -27.281  36.833 0.0000000000
38242  19.546  -26.740  37.849 0.0000000000
37233  18.450  -27.490  39.033 0.0000000000
34642  17.926  -30.472  36.092 0.0000000000
123733  17.138  -31.462  36.037 0.0000000000
33732  17.496  -30.997  36.437 0.0000000000
137107  15.164  -33.367  38.052 0.0000000000
30679  13.853  -33.967  37.495 0.0000000000
30661  13.345  -34.408  37.894 0.0000000000
133938  12.076  -34.697  38.064 0.0000000000
29778  11.747  -34.316  37.593 0.0000000000
29761  11.324  -34.847  38.156 0.0000000000
45093  29.432  -20.202  30.373 0.0000000000
45075  29.256  -20.337  31.179 0.0000000000
45094  28.677  -20.053  30.788 0.0000000000
45062  29.055  -20.476  31.938 0.0000000000
45050  28.895  -20.672  32.614 0.0000000000
44060  28.739  -20.922  33.171 0.0000000000
45095  27.007  -19.926  30.670 0.0000000000
45077  27.413  -20.126  31.155 0.0000000000
44095  27.397  -20.575  31.632 0.0000000000
45064  27.820  -20.713  32.325 0.0000000000
44025  28.685  -21.375  34.426 0.0000000000
43102  28.762  -21.989  35.375 0.0000000000
42161  28.544  -22.732  35.446 0.0000000000
42151  28.779  -23.168  36.004 0.0000000000
135482  28.912  -23.542  36.536 0.0000000000
128635  27.133  -25.730  36.806 0.0000000000
39245  27.581  -25.314  36.301 0.0000000000
39244  27.758  -25.335  36.885 0.0000000000
39224  28.199  -25.171  37.272 0.0000000000
129483  28.334  -25.836  39.542 0.0000000000
39169  27.676  -26.325  40.627 0.0000000000
38176  27.099  -26.476  41.648 0.0000000000
38193  19.034  -26.275  41.857 0.0000000000
30636  14.591  -33.417  40.490 0.0000000000
31646  14.195  -31.995  42.173 0.0000000000
67107  51.021  -0.089  17.560 0.0000000000
66173  54.079  -2.273  18.100 0.0000000000
65206  53.721  -2.867  18.528 0.0000000000
65205  54.287  -2.458  18.892 0.0000000000
66162  54.918  -1.931  20.404 0.0000000000
66154  56.002  -0.939  21.642 0.0000000000
64075  53.636  -4.066  21.700 0.0000000000
64087  54.028  -3.447  21.446 0.0000000000
64073  55.089  -3.347  22.543 0.0000000000
65172  54.821  -3.018  21.892 0.0000000000
65171  55.764  -2.363  22.372 0.0000000000
65170  56.967  -1.798  22.922 0.0000000000
64125  44.649  -4.331  17.279 0.0000000000
62976  46.458  -5.304  17.089 0.0000000000
61864  47.288  -6.134  17.356 0.0000000000
60911  44.447  -6.391  17.617 0.0000000000
60910  45.247  -6.539  17.617 0.0000000000
59925  47.063  -8.070  19.318 0.0000000000
60889  46.417  -7.358  18.099 0.0000000000
60909  46.027  -6.670  17.624 0.0000000000
60908  46.865  -6.726  17.682 0.0000000000
60907  47.750  -6.775  17.844 0.0000000000
60886  48.831  -6.664  18.765 0.0000000000
60872  49.013  -6.691  19.641 0.0000000000
60848  50.122  -6.564  20.864 0.0000000000
59898  50.535  -6.859  21.227 0.0000000000
59889  50.704  -7.476  21.554 0.0000000000
59888  51.360  -7.590  22.022 0.0000000000
59878  52.375  -7.614  23.073 0.0000000000
56056  46.116  -11.066  21.389 0.0000000000
56055  46.780  -10.844  21.530 0.0000000000
56028  47.855  -11.527  23.322 0.0000000000
140531  47.919  -11.354  22.831 0.0000000000
56042  47.929  -11.110  22.273 0.0000000000
57032  48.633  -10.667  22.275 0.0000000000
57030  49.653  -10.230  22.935 0.0000000000
121394  49.566  -11.201  26.789 0.0000000000
117312  49.757  -11.081  26.096 0.0000000000
56012  49.964  -10.857  25.434 0.0000000000
137675  50.315  -10.767  25.991 0.0000000000
117148  50.148  -10.441  24.676 0.0000000000
57023  50.046  -10.197  23.728 0.0000000000
58020  50.579  -9.702  23.598 0.0000000000
58019  51.057  -9.412  23.890 0.0000000000
58018  51.638  -9.145  24.208 0.0000000000
58917  52.193  -8.827  24.569 0.0000000000
58916  52.798  -8.529  24.887 0.0000000000
58915  53.560  -8.258  25.235 0.0000000000
52896  39.034  -13.678  23.057 0.0000000000
52886  39.343  -13.457  23.696 0.0000000000
53916  40.300  -13.073  24.531 0.0000000000
53897  38.356  -11.875  25.070 0.0000000000
54930  37.510  -10.707  26.309 0.0000000000
54939  38.798  -11.735  25.526 0.0000000000
53896  39.471  -12.504  24.880 0.0000000000
53876  40.090  -12.435  25.316 0.0000000000
53875  40.934  -12.775  25.596 0.0000000000
53813  41.910  -12.470  28.808 0.0000000000
53794  42.739  -12.869  30.016 0.0000000000
53775  42.938  -12.879  30.759 0.0000000000
46181  35.724  -19.672  30.385 0.0000000000
46193  36.726  -18.847  30.430 0.0000000000
47378  36.555  -18.711  29.709 0.0000000000
48587  37.958  -16.882  27.759 0.0000000000
48560  38.066  -17.295  29.166 0.0000000000
49664  38.394  -16.528  28.073 0.0000000000
49663  38.850  -16.031  28.446 0.0000000000
50834  39.271  -15.370  28.917 0.0000000000
130202  38.309  -20.315  36.873 0.0000000000
46111  38.636  -19.730  36.764 0.0000000000
46119  38.961  -19.129  36.427 0.0000000000
46128  38.783  -18.995  35.651 0.0000000000
47318  38.982  -18.226  34.442 0.0000000000
48462  40.393  -17.355  36.592 0.0000000000
49554  40.868  -16.621  36.607 0.0000000000
49555  40.470  -16.932  35.896 0.0000000000
131504  40.054  -17.552  36.022 0.0000000000
48470  39.957  -17.400  35.397 0.0000000000
126615  39.421  -17.633  34.352 0.0000000000
49602  39.651  -17.078  33.126 0.0000000000
49617  39.551  -16.944  32.306 0.0000000000
124045  40.285  -15.830  32.355 0.0000000000
50780  40.103  -15.630  31.621 0.0000000000
50794  39.570  -16.037  31.249 0.0000000000
133822  39.492  -15.037  29.580 0.0000000000
51844  39.536  -14.426  29.124 0.0000000000
52824  39.557  -13.438  29.461 0.0000000000
53814  39.274  -12.185  29.695 0.0000000000
53796  39.227  -11.560  30.262 0.0000000000
55944  38.443  -9.816  30.696 0.0000000000
53729  41.006  -12.495  33.528 0.0000000000
54796  40.273  -11.193  33.680 0.0000000000
54774  40.620  -10.828  35.032 0.0000000000
55898  39.785  -10.596  33.003 0.0000000000
54814  39.058  -9.825  32.360 0.0000000000
55926  38.739  -9.703  31.314 0.0000000000
55925  39.216  -9.556  31.024 0.0000000000
117693  40.727  -10.236  31.092 0.0000000000
55897  41.186  -9.950  32.760 0.0000000000
54826  41.819  -11.273  31.467 0.0000000000
72615  54.655  3.840  11.369 0.0000000000
71664  54.704  3.091  11.235 0.0000000000
70750  54.435  2.493  11.256 0.0000000000
116886  55.155  2.677  10.965 0.0000000000
120478  55.426  1.601  10.625 0.0000000000
68110  55.768  -0.094  10.458 0.0000000000
68092  55.377  -0.472  10.901 0.0000000000
67214  55.855  -0.717  10.577 0.0000000000
67193  56.480  -1.652  10.970 0.0000000000
66287  56.740  -2.028  11.602 0.0000000000
66258  57.552  -1.937  12.932 0.0000000000
120839  54.267  -1.625  12.964 0.0000000000
66261  54.935  -2.121  13.440 0.0000000000
126462  55.640  -2.198  13.471 0.0000000000
66227  55.928  -2.044  14.708 0.0000000000
66244  56.291  -2.152  13.790 0.0000000000
123876  57.784  -1.384  13.434 0.0000000000
68060  58.787  0.834  14.132 0.0000000000
127421  57.545  1.183  15.260 0.0000000000
69000  58.421  1.792  15.327 0.0000000000
42160  34.355  -22.734  35.894 0.0000000000
43100  31.315  -21.619  35.229 0.0000000000
43161  26.282  -22.217  30.765 0.0000000000
45008  38.658  -20.173  37.273 0.0000000000
49587  40.190  -16.628  34.358 0.0000000000
50747  40.835  -15.444  33.325 0.0000000000
50858  38.130  -15.773  26.563 0.0000000000
53728  41.519  -13.012  34.011 0.0000000000
53830  43.551  -13.257  28.088 0.0000000000
53844  45.956  -12.887  27.198 0.0000000000
53845  45.149  -13.159  26.976 0.0000000000
53862  40.967  -12.376  26.371 0.0000000000
53911  45.687  -12.633  23.411 0.0000000000
53918  38.013  -12.129  24.589 0.0000000000
53919  36.675  -11.759  24.453 0.0000000000
53972  40.202  -13.117  21.157 0.0000000000
54775  40.096  -10.527  34.370 0.0000000000
54828  38.690  -9.911  31.647 0.0000000000
54899  36.439  -10.056  28.160 0.0000000000
54968  44.912  -12.644  22.521 0.0000000000
55006  40.944  -11.962  20.448 0.0000000000
55913  38.931  -9.562  31.830 0.0000000000
56043  47.155  -11.289  22.100 0.0000000000
56058  44.715  -11.165  21.052 0.0000000000
56075  43.385  -11.020  20.561 0.0000000000
56095  40.662  -10.771  19.838 0.0000000000
56923  39.660  -9.373  32.937 0.0000000000
57031  49.074  -10.647  22.950 0.0000000000
57042  47.537  -10.729  21.600 0.0000000000
57051  47.906  -10.012  21.331 0.0000000000
58074  43.704  -9.490  19.489 0.0000000000
58958  49.593  -8.095  21.287 0.0000000000
58970  47.978  -7.984  20.541 0.0000000000
59000  45.283  -8.291  18.773 0.0000000000
59002  43.599  -8.229  18.561 0.0000000000
59926  45.906  -8.278  18.938 0.0000000000
59935  47.097  -7.624  18.652 0.0000000000
59936  46.445  -7.961  18.779 0.0000000000
60833  51.126  -6.904  21.555 0.0000000000
60849  49.441  -6.903  20.745 0.0000000000
60863  49.811  -6.422  20.442 0.0000000000
61797  51.973  -6.111  21.739 0.0000000000
61826  50.642  -5.775  20.276 0.0000000000
61827  50.178  -6.013  20.139 0.0000000000
61835  50.560  -5.721  19.914 0.0000000000
61863  48.075  -6.051  17.401 0.0000000000
62931  52.413  -4.784  21.049 0.0000000000
62932  51.775  -5.150  20.823 0.0000000000
62954  50.538  -5.562  18.858 0.0000000000
65230  50.680  -2.893  16.865 0.0000000000
66129  58.180  -1.712  23.411 0.0000000000
66130  57.925  -1.588  23.818 0.0000000000
66184  49.882  -0.616  17.287 0.0000000000
66253  48.682  -2.225  14.430 0.0000000000
66260  55.449  -2.042  12.938 0.0000000000
66271  57.139  -2.123  12.282 0.0000000000
66273  56.050  -2.157  12.964 0.0000000000
67120  50.295  0.079  17.133 0.0000000000
67158  49.106  -1.283  13.596 0.0000000000
67192  57.048  -1.544  10.315 0.0000000000
68038  51.773  0.640  17.237 0.0000000000
68150  58.719  -0.325  8.377 0.0000000000
68992  56.182  1.310  16.246 0.0000000000
69040  56.215  0.210  10.069 0.0000000000
69054  56.772  0.424  9.530 0.0000000000
69070  57.927  0.553  8.388 0.0000000000
69083  60.991  0.503  7.486 0.0000000000
69086  58.496  0.955  7.855 0.0000000000
70787  58.640  2.601  8.329 0.0000000000
120028  44.756  -13.158  24.514 0.0000000000
123502  54.546  -1.624  18.589 0.0000000000
125119  28.595  -21.758  34.889 0.0000000000
126291  51.014  -5.224  19.053 0.0000000000
131442  51.755  -0.396  17.591 0.0000000000
131665  39.886  -13.342  23.980 0.0000000000
132554  32.188  -21.840  34.636 0.0000000000
132969  23.652  -25.759  36.031 0.0000000000
133291  50.830  1.488  12.764 0.0000000000
134607  57.843  1.745  15.793 0.0000000000
135668  49.402  -9.634  21.875 0.0000000000
136713  28.694  -24.833  37.698 0.0000000000
136739  48.245  -6.899  18.455 0.0000000000
137098  49.260  -7.436  20.986 0.0000000000
139460  47.452  -2.139  14.651 0.0000000000
139484  44.631  -12.897  22.818 0.0000000000
140466  46.918  -12.347  28.225 0.0000000000
