#!ascii label  , from subject sub-v2s1x29871_ses-1 vox2ras=TkReg
1360
35311  24.981  -30.176  -21.355 0.8999999762
34406  24.577  -30.788  -21.453 0.8000000119
134759  25.173  -30.628  -21.798 0.8000000119
33518  24.378  -31.732  -22.140 0.6999999881
33534  24.701  -31.727  -22.962 0.8000000119
35312  24.176  -30.103  -21.221 0.8999999762
35324  25.691  -30.129  -21.795 1.0000000000
121637  26.029  -30.182  -22.525 1.0000000000
34429  25.565  -30.686  -22.513 0.8999999762
34430  25.197  -31.145  -23.070 0.8000000119
136373  24.970  -31.399  -23.657 0.8000000119
127149  25.585  -30.753  -23.335 0.8999999762
33552  24.644  -31.812  -24.032 0.8000000119
34444  24.918  -31.356  -24.394 0.6999999881
33570  24.417  -31.631  -24.746 0.6999999881
36148  24.027  -29.218  -21.116 0.8000000119
36147  24.780  -29.515  -21.147 0.8999999762
121224  25.335  -29.052  -20.973 0.8999999762
37035  24.569  -28.678  -20.972 0.8999999762
37037  22.997  -28.178  -21.171 0.8999999762
35323  26.357  -29.753  -22.177 1.0000000000
35334  25.927  -30.318  -23.206 0.8999999762
36180  26.549  -29.484  -23.998 1.0000000000
35346  26.147  -29.993  -23.790 0.8999999762
35347  25.710  -30.462  -24.105 0.8999999762
34460  23.715  -31.525  -25.426 0.6999999881
37034  25.974  -28.683  -20.862 0.8999999762
37991  25.171  -28.098  -20.617 0.8999999762
117450  24.334  -27.731  -20.958 0.8999999762
37993  23.538  -27.508  -21.074 0.8999999762
36146  26.053  -29.414  -21.394 0.8999999762
36168  26.921  -29.412  -22.606 1.0000000000
35360  25.996  -29.847  -24.583 0.8000000119
34458  25.161  -30.842  -24.698 0.8000000119
35362  24.600  -30.508  -25.265 0.8000000119
35374  23.598  -30.114  -25.847 0.8000000119
36205  22.962  -29.596  -26.427 0.8000000119
127836  24.047  -26.928  -20.986 0.8999999762
125206  23.302  -26.451  -21.110 0.8999999762
37033  26.694  -28.438  -20.922 0.8999999762
38957  24.053  -26.111  -20.909 0.8000000119
37995  21.907  -25.819  -21.471 0.8000000119
36145  26.603  -28.981  -21.289 0.8999999762
40053  23.943  -25.376  -20.700 0.6999999881
38959  22.533  -25.492  -21.222 0.6999999881
38960  21.648  -24.646  -21.396 0.6999999881
36158  26.801  -29.258  -21.852 0.8999999762
41028  22.051  -24.241  -20.762 0.6999999881
41010  21.544  -24.308  -20.937 0.6999999881
36157  27.377  -28.933  -22.256 1.0000000000
134802  22.605  -24.650  -20.030 0.6000000238
36167  27.362  -29.020  -23.071 1.0000000000
135959  26.902  -29.387  -23.307 1.0000000000
36179  27.152  -29.028  -23.839 1.0000000000
36190  26.346  -29.294  -24.944 0.8999999762
36191  25.691  -29.571  -25.268 0.8000000119
35373  24.812  -29.824  -25.451 0.8000000119
36204  23.911  -29.323  -25.930 0.8000000119
37101  22.932  -28.810  -26.620 0.8000000119
37087  24.303  -28.595  -26.046 0.8000000119
37990  25.994  -27.852  -20.483 0.8999999762
138265  25.381  -27.475  -20.467 0.8999999762
37992  24.774  -26.890  -20.665 0.8999999762
38938  24.504  -25.899  -20.649 0.8999999762
37032  27.373  -28.151  -21.131 0.8999999762
40055  22.222  -24.613  -21.081 0.6999999881
37045  27.859  -28.309  -21.904 0.8999999762
40033  23.733  -24.961  -20.420 0.6000000238
41009  22.480  -24.391  -20.462 0.6000000238
38939  22.676  -25.994  -19.774 0.5000000000
37057  27.853  -28.508  -22.821 1.0000000000
38918  23.373  -25.970  -19.483 0.5000000000
37067  28.248  -28.087  -23.472 1.0000000000
37068  27.692  -28.565  -23.681 1.0000000000
37076  28.060  -28.118  -24.317 1.0000000000
37077  27.359  -28.540  -24.575 1.0000000000
37078  26.728  -28.716  -25.186 0.8999999762
37085  26.385  -28.249  -25.622 0.8999999762
36202  26.034  -28.926  -25.452 0.8000000119
36203  25.117  -29.112  -25.604 0.8000000119
38046  25.713  -27.695  -25.976 0.8000000119
38052  25.773  -26.899  -26.209 0.8999999762
38047  24.711  -27.910  -26.154 0.8000000119
129696  22.909  -27.340  -26.707 0.8000000119
39015  23.873  -26.809  -26.470 0.8000000119
39016  22.675  -26.593  -26.798 0.8000000119
38937  25.152  -26.069  -20.419 0.8999999762
122108  26.805  -27.864  -20.591 0.8999999762
37989  27.476  -27.462  -20.638 0.8999999762
40032  24.505  -25.312  -20.351 0.8000000119
38005  27.972  -27.833  -21.301 0.8999999762
41007  23.925  -24.857  -19.936 0.6999999881
40999  22.971  -24.805  -20.084 0.6000000238
40015  22.917  -25.099  -19.880 0.6000000238
118241  24.236  -24.677  -19.204 0.6999999881
40998  23.621  -24.905  -19.646 0.6000000238
40014  23.603  -24.978  -19.468 0.5000000000
37056  28.368  -27.979  -22.636 1.0000000000
40013  23.947  -25.065  -18.947 0.5000000000
38916  24.551  -25.886  -18.582 0.5000000000
127037  28.687  -27.544  -23.210 1.0000000000
38036  28.233  -27.500  -24.879 1.0000000000
38037  27.761  -28.000  -24.986 1.0000000000
37084  27.189  -28.124  -25.388 0.8999999762
126333  28.552  -27.535  -24.049 1.0000000000
38044  27.687  -27.489  -25.475 0.8999999762
38045  26.740  -27.417  -25.819 0.8999999762
39005  27.470  -26.769  -25.818 0.8999999762
39006  26.528  -26.482  -26.100 0.8999999762
122913  24.871  -27.196  -26.290 0.8999999762
39014  24.740  -26.299  -26.448 0.8999999762
39013  25.726  -26.181  -26.339 0.8999999762
37974  26.512  -27.199  -20.344 0.8999999762
37975  25.632  -26.948  -20.377 0.8999999762
38936  26.045  -26.321  -20.194 0.8999999762
40031  25.468  -25.497  -20.065 1.0000000000
38956  27.988  -26.864  -20.413 0.8999999762
41006  24.675  -24.970  -19.862 0.6999999881
37044  28.551  -27.658  -21.884 0.8999999762
37988  28.370  -27.327  -21.066 0.8999999762
40997  25.200  -24.947  -19.432 0.6999999881
40985  24.998  -24.648  -18.652 0.6999999881
40000  24.048  -24.695  -18.973 0.5000000000
38018  28.770  -27.538  -22.563 1.0000000000
39999  24.396  -24.810  -18.402 0.5000000000
38908  24.956  -25.968  -18.051 0.5000000000
38017  29.124  -27.122  -22.881 1.0000000000
38030  29.064  -26.987  -23.710 1.0000000000
38984  29.616  -26.455  -23.229 1.0000000000
38992  28.839  -26.821  -24.689 1.0000000000
38991  29.396  -26.301  -24.174 1.0000000000
38998  28.677  -26.181  -25.297 0.8999999762
39004  27.982  -26.125  -25.730 0.8999999762
40100  27.564  -25.330  -25.856 0.8999999762
127648  25.782  -24.955  -28.401 0.6999999881
41100  25.649  -24.149  -28.340 0.8000000119
119932  24.694  -24.820  -28.196 0.8000000119
41983  24.572  -23.889  -27.951 0.8000000119
40029  27.718  -26.229  -19.897 1.0000000000
40011  27.158  -25.653  -19.415 1.0000000000
40012  26.153  -25.329  -19.571 0.6999999881
38955  28.805  -26.789  -20.749 0.8999999762
116825  25.728  -24.896  -18.868 0.6999999881
117869  24.666  -24.532  -18.144 0.6000000238
38972  29.471  -26.792  -22.370 1.0000000000
38004  29.042  -27.263  -22.238 0.8999999762
37987  29.162  -27.017  -21.566 0.8999999762
40088  29.515  -25.607  -24.553 1.0000000000
40089  29.001  -25.519  -25.061 1.0000000000
41057  29.355  -24.925  -24.817 1.0000000000
41957  22.852  -23.883  -26.963 0.8999999762
140452  27.694  -23.999  -28.033 0.6000000238
41099  26.580  -24.557  -28.377 0.6000000238
41981  26.341  -23.604  -28.247 0.8000000119
41982  25.580  -23.394  -28.163 0.8000000119
41101  23.655  -24.359  -27.593 0.8999999762
41088  22.943  -24.590  -26.879 0.8999999762
38934  28.462  -26.493  -20.256 0.8999999762
40996  26.715  -25.151  -18.896 0.8000000119
39976  24.794  -24.543  -17.580 0.4000000060
38953  29.809  -26.417  -21.817 0.8999999762
38971  29.929  -26.290  -22.512 1.0000000000
38983  30.132  -25.756  -23.020 1.0000000000
40081  29.877  -25.710  -23.859 1.0000000000
41052  29.906  -24.978  -24.327 1.0000000000
41936  29.567  -24.203  -24.616 1.0000000000
120815  24.345  -23.979  -26.549 0.8999999762
42862  24.217  -23.118  -26.470 0.8999999762
41956  23.073  -23.453  -26.856 0.8999999762
42878  23.319  -22.736  -27.278 0.8999999762
42864  23.057  -23.101  -26.900 0.8999999762
119304  28.729  -23.786  -27.501 0.6000000238
41970  28.151  -23.807  -27.759 0.6000000238
41980  27.088  -23.819  -28.144 0.6000000238
42888  26.812  -23.076  -27.871 0.8000000119
135575  26.232  -23.054  -28.033 0.8000000119
42891  24.479  -23.134  -27.741 0.8999999762
40010  28.190  -25.715  -19.384 0.8999999762
38954  29.570  -26.351  -20.979 1.0000000000
40052  30.141  -25.714  -20.829 1.0000000000
40027  29.547  -25.873  -20.187 1.0000000000
40984  26.225  -24.742  -18.266 0.6000000238
122823  25.192  -24.455  -18.209 0.6000000238
40971  24.977  -24.278  -17.718 0.5000000000
133041  30.098  -25.971  -21.428 1.0000000000
129862  30.512  -25.450  -21.458 1.0000000000
40067  30.272  -25.755  -22.142 1.0000000000
121028  30.539  -25.116  -22.741 1.0000000000
40080  30.277  -25.060  -23.568 1.0000000000
41051  30.194  -24.319  -23.984 1.0000000000
41929  29.875  -23.540  -24.150 1.0000000000
139413  29.128  -24.442  -24.936 1.0000000000
118278  28.665  -23.828  -24.988 1.0000000000
42851  27.824  -23.271  -25.316 1.0000000000
41943  27.205  -23.801  -25.685 1.0000000000
41944  26.359  -23.732  -26.008 0.8999999762
41066  27.101  -24.573  -25.912 0.8999999762
42877  24.604  -22.464  -27.660 0.8999999762
41953  30.677  -23.419  -26.705 0.6000000238
41954  29.703  -23.371  -26.818 0.6000000238
124048  28.070  -23.121  -27.389 0.6000000238
42889  26.485  -22.633  -27.687 0.8000000119
42890  25.634  -22.816  -27.847 0.8000000119
40009  29.102  -25.588  -19.504 0.8999999762
40995  27.714  -25.293  -18.826 0.6999999881
40983  27.230  -24.886  -18.246 0.6000000238
40026  30.188  -25.302  -20.198 0.8999999762
40970  25.679  -24.290  -17.700 0.6000000238
41040  30.689  -25.147  -22.043 1.0000000000
41026  30.651  -25.105  -20.829 0.8999999762
41045  30.629  -24.408  -23.239 1.0000000000
125638  30.421  -23.655  -23.587 1.0000000000
42837  30.104  -23.024  -23.775 1.0000000000
42843  28.298  -22.863  -24.852 1.0000000000
124776  26.464  -23.170  -25.785 1.0000000000
41945  25.564  -23.100  -26.094 0.8999999762
42863  23.043  -22.799  -26.893 0.8999999762
44834  23.204  -21.593  -26.898 0.8999999762
42859  30.095  -22.800  -26.528 0.6000000238
42860  28.910  -22.710  -26.733 0.6000000238
42874  28.002  -22.561  -27.056 0.6000000238
43826  27.454  -22.245  -27.096 0.6999999881
117156  26.676  -22.184  -27.401 0.6999999881
43829  24.947  -21.873  -27.586 0.8999999762
42857  31.890  -22.165  -26.757 0.6000000238
43828  26.242  -21.780  -27.376 0.6999999881
42876  25.891  -22.294  -27.623 0.8000000119
40969  26.736  -24.498  -17.650 0.6000000238
40008  29.744  -25.388  -19.686 0.8999999762
40993  29.492  -25.017  -19.151 0.8000000119
40981  29.193  -24.572  -18.370 0.6999999881
40992  30.148  -24.867  -19.587 0.8000000119
41025  30.933  -24.823  -21.521 1.0000000000
41895  30.691  -24.679  -20.160 0.8000000119
121745  31.465  -23.692  -20.932 0.8999999762
41005  31.084  -24.423  -20.854 0.8000000119
41039  30.963  -24.457  -22.350 1.0000000000
41918  31.239  -23.629  -22.257 1.0000000000
41924  30.877  -23.706  -22.930 1.0000000000
42831  30.590  -22.886  -23.269 1.0000000000
42838  29.497  -22.725  -24.086 1.0000000000
43795  28.738  -22.363  -24.455 1.0000000000
42852  27.000  -22.846  -25.460 1.0000000000
42853  25.975  -22.412  -25.702 0.8999999762
43816  24.485  -22.339  -26.169 0.8999999762
43817  23.269  -22.261  -26.643 0.8999999762
129310  23.164  -21.819  -26.761 0.8999999762
42861  28.218  -22.001  -26.711 0.6000000238
43827  27.137  -21.985  -27.043 0.6999999881
44846  23.910  -21.310  -27.342 0.8999999762
125451  32.289  -20.953  -26.922 0.6000000238
43812  30.696  -22.148  -26.398 0.6000000238
44843  26.750  -21.635  -27.043 0.6999999881
44844  26.580  -21.231  -27.150 0.6999999881
40982  28.212  -24.848  -18.245 0.6999999881
40968  27.725  -24.542  -17.600 0.6000000238
40980  30.038  -24.461  -18.901 0.8000000119
41873  29.264  -24.001  -17.593 0.6999999881
41874  28.580  -24.371  -17.617 0.6999999881
41886  30.638  -24.272  -19.452 0.6999999881
41894  31.156  -23.901  -20.076 0.6999999881
42813  31.607  -23.382  -21.648 0.8000000119
42822  31.755  -22.739  -21.668 0.8000000119
42823  31.409  -22.889  -22.215 0.8000000119
43777  31.558  -22.172  -22.084 0.8000000119
42830  31.060  -23.085  -22.718 0.8999999762
43782  31.029  -22.322  -22.765 0.8999999762
43789  29.991  -22.348  -23.682 1.0000000000
43790  29.220  -21.914  -23.961 1.0000000000
42844  27.532  -22.462  -25.037 1.0000000000
43798  26.862  -21.532  -24.910 1.0000000000
43791  28.401  -21.485  -24.332 1.0000000000
43796  28.017  -22.064  -24.716 1.0000000000
43803  26.846  -22.082  -25.171 1.0000000000
43804  26.157  -21.676  -25.412 1.0000000000
119408  24.893  -21.709  -25.819 0.8999999762
44821  24.035  -21.066  -26.053 0.8999999762
43805  23.549  -21.683  -26.283 0.8999999762
44833  23.404  -21.120  -26.663 0.8999999762
123934  30.017  -21.462  -26.287 0.6000000238
43813  29.411  -22.106  -26.441 0.6000000238
137351  27.869  -22.239  -26.928 0.6000000238
44830  27.418  -21.182  -26.700 0.6999999881
119271  23.476  -20.768  -26.898 0.8999999762
45938  27.250  -20.378  -26.866 0.6999999881
45939  25.869  -20.652  -27.394 0.8999999762
45940  24.250  -20.442  -27.405 0.8999999762
41872  29.898  -23.950  -18.222 0.6999999881
119171  28.815  -23.961  -17.048 0.6000000238
41855  28.171  -24.064  -17.005 0.6000000238
41885  30.999  -23.697  -19.295 0.6999999881
42794  31.657  -23.188  -20.313 0.6999999881
43768  31.888  -22.043  -21.258 0.8000000119
44799  31.225  -21.571  -22.464 0.8000000119
43783  30.440  -22.118  -23.268 0.8000000119
44805  29.897  -21.521  -23.543 0.8000000119
44811  27.753  -20.859  -24.469 1.0000000000
134667  27.327  -21.346  -24.698 1.0000000000
44819  26.395  -21.110  -25.194 1.0000000000
44812  27.018  -20.993  -24.781 1.0000000000
45913  25.907  -20.524  -25.467 1.0000000000
47077  25.320  -19.852  -25.831 1.0000000000
45914  24.724  -20.467  -25.863 1.0000000000
45915  23.697  -20.375  -26.384 0.8999999762
44829  28.787  -21.445  -26.420 0.6000000238
45929  23.533  -20.159  -26.851 0.8999999762
128920  31.528  -20.710  -26.518 0.6000000238
127458  29.342  -20.804  -26.348 0.6000000238
130453  28.006  -21.293  -26.599 0.6999999881
45941  23.540  -19.928  -26.992 0.8999999762
45927  27.882  -20.363  -26.634 0.6999999881
136929  26.939  -20.003  -27.210 0.6999999881
130439  25.140  -20.021  -27.530 0.8999999762
41837  28.636  -23.467  -16.582 0.5000000000
42760  30.444  -23.341  -18.084 0.6000000238
41853  29.822  -23.508  -17.432 0.5000000000
42759  31.106  -23.127  -18.719 0.6999999881
42777  31.592  -22.711  -19.081 0.6999999881
42793  31.815  -22.569  -19.756 0.6999999881
44787  31.999  -21.381  -20.801 0.6999999881
44794  31.665  -21.545  -21.894 0.8000000119
129701  31.454  -20.953  -22.153 0.8000000119
128446  30.956  -20.938  -22.780 0.8000000119
120849  30.658  -21.559  -23.037 0.8000000119
45890  30.686  -20.291  -23.021 0.8000000119
129152  30.267  -20.890  -23.224 0.8000000119
45897  29.064  -20.239  -23.880 0.8999999762
132461  28.464  -20.805  -24.110 1.0000000000
45891  29.927  -20.231  -23.440 0.8000000119
45898  28.308  -20.346  -24.239 1.0000000000
45905  27.190  -20.332  -24.800 1.0000000000
45906  26.628  -20.599  -25.048 1.0000000000
47078  24.254  -19.905  -26.189 0.8999999762
132715  23.645  -19.151  -26.929 0.8999999762
123136  23.692  -18.816  -26.867 0.8999999762
128235  30.592  -20.771  -26.376 0.6000000238
45926  28.855  -20.181  -26.492 0.6000000238
47092  27.634  -19.853  -26.837 0.6999999881
47110  26.649  -19.554  -27.452 0.8000000119
47112  23.998  -19.351  -27.364 0.8999999762
45924  31.100  -20.137  -26.440 0.6000000238
48248  28.146  -19.056  -26.998 0.6999999881
47109  27.289  -19.697  -27.146 0.6999999881
48270  25.862  -18.804  -27.819 0.8000000119
48272  23.678  -18.307  -27.249 0.8999999762
48269  27.050  -18.903  -27.597 0.6999999881
48271  24.429  -18.540  -27.788 0.8999999762
42742  30.221  -22.917  -17.322 0.5000000000
42729  29.770  -22.529  -16.756 0.5000000000
125887  31.570  -22.290  -18.423 0.6999999881
43727  31.945  -21.799  -19.561 0.6999999881
136173  31.823  -22.244  -19.080 0.6999999881
44769  32.087  -21.256  -20.145 0.6999999881
130203  32.212  -20.785  -20.741 0.6999999881
44793  31.929  -21.049  -21.446 0.6999999881
45882  31.766  -20.382  -21.886 0.8000000119
45883  31.275  -20.338  -22.497 0.8000000119
126172  30.368  -19.620  -23.260 0.8000000119
47051  29.694  -19.654  -23.662 0.8000000119
47058  28.545  -19.719  -24.308 0.8999999762
45904  27.862  -20.024  -24.533 1.0000000000
47068  26.533  -19.884  -25.369 1.0000000000
47057  29.227  -19.380  -24.060 0.8000000119
47067  27.409  -19.578  -24.970 0.8999999762
47075  27.001  -19.044  -25.556 1.0000000000
47076  25.943  -19.112  -25.950 1.0000000000
47093  25.262  -18.324  -26.482 1.0000000000
47094  24.544  -19.138  -26.416 1.0000000000
48251  23.983  -18.125  -26.857 1.0000000000
49352  23.839  -17.578  -27.218 0.8999999762
49351  23.938  -17.390  -27.120 0.8999999762
45925  30.011  -20.107  -26.399 0.6000000238
47090  29.508  -19.434  -26.550 0.6000000238
48284  23.924  -17.598  -27.759 0.8999999762
48247  28.985  -18.768  -26.842 0.6999999881
47108  27.629  -19.118  -27.265 0.6999999881
118947  27.648  -18.577  -27.615 0.6999999881
48282  26.215  -18.107  -28.138 0.8000000119
48281  27.284  -18.142  -28.011 0.6999999881
48283  24.749  -17.833  -28.152 0.8000000119
49384  24.134  -16.856  -28.071 0.8999999762
42741  30.897  -22.662  -17.884 0.6000000238
124209  31.978  -21.674  -18.765 0.6999999881
44741  32.200  -21.132  -19.349 0.6999999881
45855  32.459  -20.632  -19.983 0.6999999881
45839  32.556  -20.432  -19.122 0.6999999881
134572  32.519  -20.118  -20.612 0.6999999881
45870  32.173  -20.312  -21.288 0.6999999881
127276  32.376  -19.656  -21.229 0.6999999881
130368  32.018  -19.878  -21.703 0.6999999881
130174  31.621  -19.779  -22.207 0.8000000119
124944  31.087  -19.706  -22.798 0.8000000119
47039  31.488  -19.143  -22.480 0.8000000119
47050  30.857  -19.038  -23.053 0.8000000119
47056  30.060  -18.908  -23.757 0.8000000119
48208  30.854  -18.390  -23.342 0.8000000119
48217  30.456  -18.139  -23.985 0.8000000119
47065  28.789  -19.035  -24.519 0.8000000119
121924  28.160  -18.381  -25.454 0.8999999762
48250  26.568  -18.314  -26.200 0.8999999762
139097  30.253  -17.899  -24.414 0.8000000119
119395  29.387  -17.851  -25.077 0.8000000119
127504  25.663  -17.664  -26.649 1.0000000000
48246  30.091  -18.701  -26.639 0.6000000238
49350  24.410  -17.382  -26.947 1.0000000000
48268  28.060  -18.541  -27.477 0.6999999881
49371  23.993  -16.936  -27.525 0.8999999762
49370  24.107  -16.699  -27.456 1.0000000000
48280  27.994  -18.070  -27.892 0.6999999881
49381  27.678  -17.434  -28.403 0.8000000119
49383  25.250  -17.191  -28.383 0.8000000119
45838  32.715  -19.897  -19.754 0.6999999881
45814  32.770  -19.736  -18.917 0.6999999881
47007  32.654  -19.284  -20.500 0.6999999881
47022  32.427  -19.049  -21.222 0.6999999881
47038  32.025  -19.231  -21.807 0.6999999881
48183  32.224  -18.531  -21.527 0.6999999881
48197  31.807  -18.567  -22.145 0.8000000119
48198  31.333  -18.518  -22.728 0.8000000119
48216  31.044  -17.770  -23.563 0.8000000119
121298  31.575  -17.390  -23.140 0.8000000119
49320  30.703  -17.552  -24.256 0.8000000119
48235  28.729  -18.023  -25.383 0.8999999762
48236  27.537  -18.401  -25.742 0.8999999762
140137  29.111  -17.505  -25.516 0.8000000119
49340  28.085  -17.888  -25.838 0.8999999762
49349  26.547  -17.480  -26.629 0.8999999762
48266  29.682  -18.096  -27.017 0.6000000238
49348  27.900  -17.325  -26.507 0.8999999762
138550  27.229  -17.384  -26.598 0.8999999762
49369  25.155  -16.768  -27.163 1.0000000000
49366  30.242  -17.461  -27.412 0.6000000238
50387  24.450  -16.109  -27.724 0.8999999762
49380  28.397  -17.609  -28.188 0.6999999881
50405  26.784  -16.737  -28.798 0.8000000119
125065  24.541  -16.350  -28.307 0.8999999762
51552  25.048  -15.590  -28.332 0.8000000119
47000  32.789  -19.034  -19.478 0.6999999881
48170  32.540  -18.553  -20.857 0.6999999881
49292  32.049  -17.870  -21.895 0.6999999881
50293  32.401  -17.288  -21.465 0.6999999881
49306  31.839  -17.598  -22.543 0.6999999881
49338  29.627  -17.307  -25.405 0.8000000119
49339  28.650  -17.393  -25.887 0.8000000119
50366  29.464  -16.485  -26.265 0.8000000119
48267  29.012  -18.216  -27.379 0.6000000238
50359  28.714  -16.750  -26.434 0.8000000119
50384  28.461  -16.200  -27.162 0.8999999762
50368  26.798  -16.773  -27.077 0.8999999762
49367  29.331  -17.708  -27.699 0.6000000238
49368  28.615  -18.011  -27.774 0.6999999881
50386  25.301  -15.959  -27.585 0.8999999762
51551  25.341  -15.266  -28.402 0.8000000119
50418  27.091  -16.148  -29.145 0.6999999881
50420  25.233  -15.424  -28.759 0.8000000119
48160  32.738  -18.091  -19.619 0.6999999881
49260  32.623  -17.968  -20.432 0.6999999881
49274  32.607  -17.306  -20.773 0.6999999881
49329  30.595  -17.188  -24.740 0.8000000119
49337  30.242  -17.046  -25.249 0.8000000119
51512  30.186  -16.271  -26.204 0.8000000119
51522  29.152  -16.250  -26.749 0.8000000119
50367  27.936  -16.694  -26.928 0.8999999762
50385  27.436  -16.194  -27.309 0.8999999762
49379  28.978  -17.407  -28.194 0.6000000238
135427  26.423  -15.978  -27.480 0.8999999762
50404  28.476  -16.986  -28.629 0.6999999881
51533  25.609  -15.473  -27.939 0.8999999762
51564  27.492  -15.626  -29.458 0.6999999881
51565  26.313  -15.360  -29.345 0.8000000119
52558  26.950  -15.135  -29.627 0.6999999881
52559  25.997  -14.802  -29.153 0.8000000119
52547  25.438  -15.166  -28.735 0.8000000119
52583  26.421  -14.262  -29.594 0.8000000119
49259  32.717  -17.369  -20.048 0.6999999881
49378  29.654  -17.147  -28.093 0.6000000238
51531  29.206  -15.765  -27.251 0.8000000119
52531  28.514  -15.508  -27.706 0.8999999762
51549  27.483  -15.143  -28.136 0.8999999762
50403  29.250  -16.821  -28.556 0.6000000238
127080  27.551  -14.466  -28.491 0.8999999762
50417  28.121  -16.355  -29.186 0.8000000119
51550  26.113  -15.013  -28.330 0.8999999762
52546  25.911  -14.743  -28.850 0.8000000119
52582  26.981  -14.334  -30.003 0.6999999881
121838  26.349  -14.406  -29.272 0.8000000119
53489  26.547  -13.997  -29.103 0.8000000119
50416  28.921  -16.428  -29.069 0.6999999881
52530  29.326  -15.050  -27.797 0.8000000119
52556  28.777  -14.999  -29.901 0.5000000000
51563  28.590  -15.732  -29.495 0.6000000238
52581  28.029  -14.371  -30.179 0.6000000238
52557  27.771  -15.028  -29.852 0.6999999881
53488  27.005  -13.975  -28.979 0.8000000119
53517  27.345  -13.813  -30.129 0.6000000238
54583  26.579  -13.167  -29.736 0.8000000119
53518  26.638  -13.589  -29.810 0.6000000238
52544  29.031  -14.406  -28.274 0.8000000119
53487  28.178  -14.008  -28.619 0.8999999762
52580  29.130  -14.334  -30.217 0.6000000238
54582  26.629  -12.913  -29.591 0.8000000119
53494  27.380  -13.398  -29.173 0.8000000119
55663  26.554  -12.550  -29.865 0.6000000238
53493  28.437  -13.252  -28.902 0.8000000119
53516  28.421  -13.542  -30.394 0.6000000238
54603  27.680  -12.819  -30.444 0.6000000238
54581  27.553  -12.615  -29.281 0.8000000119
54604  27.154  -13.149  -30.155 0.6000000238
55662  27.127  -11.708  -29.519 0.6999999881
54580  28.627  -12.653  -29.002 0.8000000119
56702  26.362  -11.206  -30.458 0.6000000238
125205  26.474  -11.660  -30.040 0.6000000238
137870  27.305  -11.113  -29.514 0.6999999881
55694  27.551  -12.138  -30.669 0.6000000238
137003  26.617  -11.784  -30.474 0.6000000238
53484  30.741  -13.223  -28.233 0.8000000119
53486  29.173  -13.756  -28.523 0.8000000119
53485  29.983  -13.494  -28.419 0.8000000119
53529  29.411  -13.164  -30.659 0.5000000000
55661  29.132  -12.211  -28.922 0.8000000119
55693  28.840  -12.049  -30.767 0.6000000238
54612  28.673  -12.741  -30.593 0.6000000238
118329  28.338  -11.421  -29.209 0.6000000238
134899  29.502  -11.048  -30.975 0.5000000000
121870  27.915  -11.569  -30.873 0.6000000238
56712  26.891  -11.328  -30.790 0.6000000238
56689  26.619  -10.921  -30.042 0.6000000238
56711  27.534  -10.866  -31.031 0.6000000238
57734  26.627  -10.537  -30.802 0.6000000238
57725  26.423  -10.374  -30.554 0.6000000238
57708  26.637  -10.180  -30.252 0.6000000238
54575  30.100  -12.525  -28.545 0.8000000119
54576  29.306  -12.992  -28.721 0.8000000119
54574  31.017  -12.454  -28.214 0.8000000119
55651  30.598  -11.742  -28.398 0.6999999881
56710  28.808  -11.323  -30.877 0.6000000238
56688  27.481  -10.509  -29.560 0.6000000238
56687  28.784  -10.768  -29.146 0.6000000238
57732  28.484  -9.774  -31.089 0.5000000000
58670  27.619  -8.935  -29.979 0.6000000238
119314  27.531  -9.256  -31.019 0.5000000000
58681  26.919  -9.429  -30.689 0.6000000238
58680  27.151  -8.963  -30.533 0.6000000238
58685  28.380  -8.885  -31.116 0.5000000000
55635  31.415  -11.782  -28.038 0.6999999881
124923  30.328  -10.926  -28.460 0.6000000238
56686  29.564  -10.508  -28.909 0.6000000238
55652  29.637  -11.469  -28.855 0.6000000238
57705  29.479  -9.787  -28.973 0.6000000238
57697  30.250  -10.014  -28.429 0.6000000238
59626  27.759  -8.054  -30.992 0.5000000000
59619  27.312  -8.112  -30.672 0.6000000238
59610  27.447  -8.226  -30.403 0.6000000238
57706  28.456  -9.883  -29.369 0.6000000238
58668  29.837  -9.215  -28.734 0.6000000238
60545  27.752  -7.517  -30.880 0.6000000238
60539  27.546  -7.784  -30.613 0.6000000238
139404  28.067  -7.525  -31.126 0.5000000000
123324  28.037  -6.910  -31.154 0.5000000000
131931  28.334  -6.441  -31.494 0.4000000060
132124  27.971  -6.264  -31.390 0.5000000000
120132  30.949  -10.544  -28.163 0.6000000238
57696  31.042  -9.832  -28.006 0.6000000238
60531  27.982  -7.704  -30.180 0.6000000238
58669  28.915  -9.129  -29.313 0.6000000238
58660  30.550  -9.214  -28.180 0.6000000238
60530  28.575  -7.034  -29.765 0.6000000238
61430  27.953  -6.899  -31.039 0.5000000000
131890  28.056  -6.572  -30.728 0.6000000238
115603  28.195  -5.890  -30.981 0.5000000000
115617  28.207  -5.790  -31.684 0.4000000060
114965  28.235  -5.595  -31.665 0.4000000060
60529  29.638  -7.777  -28.939 0.6000000238
59596  30.120  -8.548  -28.499 0.5000000000
57679  31.461  -10.319  -27.851 0.5000000000
129590  28.809  -7.877  -29.520 0.6000000238
115929  30.401  -8.033  -28.354 0.5000000000
133698  28.486  -6.242  -30.155 0.6000000238
131844  28.517  -5.153  -31.176 0.4000000060
58645  31.269  -9.126  -27.692 0.4000000060
126547  29.675  -7.067  -29.051 0.6000000238
114962  30.278  -6.700  -28.762 0.5000000000
115559  29.217  -5.596  -30.023 0.4000000060
131845  29.408  -6.414  -29.424 0.6000000238
116056  30.335  -7.418  -28.497 0.4000000060
115792  29.656  -4.821  -30.374 0.4000000060
116152  30.422  -5.134  -29.508 0.4000000060
114957  31.046  -7.860  -27.971 0.4000000060
114963  30.264  -5.920  -29.131 0.4000000060
64798  30.144  -4.309  -30.706 0.4000000060
116143  31.093  -5.439  -28.851 0.4000000060
59569  32.355  -8.385  -26.854 0.4000000060
115910  31.747  -7.992  -27.370 0.4000000060
114960  30.998  -7.082  -28.228 0.4000000060
115997  31.307  -4.755  -29.219 0.4000000060
116194  31.021  -6.302  -28.537 0.4000000060
60499  32.227  -7.625  -26.977 0.4000000060
132157  31.560  -7.372  -27.644 0.4000000060
116208  31.656  -6.726  -28.023 0.4000000060
60498  32.872  -7.743  -26.528 0.4000000060
115593  32.094  -7.057  -27.300 0.4000000060
41102  23.443  -25.030  -27.568 0.8999999762
139883  22.762  -25.027  -26.941 0.8999999762
122935  22.653  -25.181  -26.978 0.8999999762
41078  22.658  -25.280  -26.968 0.8999999762
40099  28.354  -25.452  -25.520 0.8999999762
41058  28.682  -24.714  -25.237 1.0000000000
129614  27.093  -25.916  -25.988 0.8999999762
40101  26.695  -25.101  -26.175 0.8999999762
41065  27.867  -24.678  -25.620 1.0000000000
40110  25.108  -25.526  -26.470 0.8999999762
40109  26.177  -25.658  -26.292 0.8999999762
41075  25.572  -24.748  -26.399 0.8999999762
41076  24.127  -24.757  -26.604 0.8999999762
41067  26.381  -24.365  -26.176 0.8999999762
59595  30.801  -8.551  -28.044 0.4000000060
116484  31.318  -8.461  -27.639 0.4000000060
131138  32.243  -9.154  -26.948 0.4000000060
35310  25.386  -29.701  -21.253 0.8999999762
35333  26.439  -29.837  -23.072 1.0000000000
34459  24.456  -31.131  -25.020 0.8000000119
37036  23.799  -28.392  -21.065 0.8999999762
37100  23.508  -28.027  -26.456 0.8000000119
138780  24.013  -27.472  -26.404 0.8000000119
40111  23.869  -25.462  -26.619 0.8999999762
40113  22.807  -25.884  -26.803 0.8000000119
38043  28.239  -26.863  -25.435 0.8999999762
38935  27.054  -26.677  -20.169 0.8999999762
40030  26.560  -25.949  -19.886 1.0000000000
132988  24.364  -24.697  -18.649 0.6000000238
39990  24.689  -25.031  -17.755 0.4000000060
138704  29.138  -26.104  -24.794 1.0000000000
40028  28.714  -26.126  -19.881 0.8999999762
130993  23.149  -24.122  -26.803 0.8999999762
41098  27.506  -24.653  -28.316 0.6000000238
41972  23.136  -23.609  -27.212 0.8999999762
43830  23.574  -22.038  -27.306 0.8999999762
133006  27.591  -22.660  -27.329 0.6999999881
42875  27.123  -22.513  -27.438 0.6999999881
40994  28.686  -25.233  -18.867 0.8000000119
42842  29.142  -23.265  -24.559 1.0000000000
128139  25.496  -23.847  -26.316 0.8999999762
43818  23.149  -22.361  -26.860 0.8999999762
119670  27.271  -24.135  -17.019 0.5000000000
41910  31.259  -24.099  -21.597 0.8999999762
45928  27.406  -20.659  -26.705 0.6999999881
41871  30.563  -23.835  -18.771 0.8000000119
120600  31.418  -23.220  -19.527 0.6999999881
42812  31.777  -22.967  -21.076 0.6999999881
44806  29.066  -21.117  -23.876 1.0000000000
44820  25.430  -21.124  -25.600 1.0000000000
41854  29.223  -23.541  -16.902 0.6000000238
43751  31.935  -21.935  -20.331 0.6999999881
44800  29.621  -20.795  -23.581 0.8999999762
42730  29.012  -22.902  -16.536 0.5000000000
48252  23.766  -18.197  -27.066 0.8999999762
43694  31.210  -21.910  -17.615 0.6000000238
43671  30.744  -21.483  -16.921 0.5000000000
47066  28.152  -19.320  -24.761 0.8999999762
118314  29.383  -18.809  -24.328 0.8000000119
50388  24.366  -16.182  -27.930 0.8999999762
44725  32.192  -20.922  -18.515 0.6999999881
49293  31.656  -18.096  -22.421 0.8000000119
48226  28.461  -18.664  -25.014 0.8999999762
48249  27.372  -17.834  -26.247 0.8999999762
134495  27.709  -16.796  -28.876 0.8000000119
50419  25.832  -15.848  -29.009 0.8000000119
48169  32.710  -18.587  -20.175 0.6999999881
49275  32.413  -17.915  -21.170 0.6999999881
50338  31.138  -16.982  -24.410 0.8000000119
49246  32.761  -17.383  -19.366 0.6000000238
129606  28.427  -14.827  -28.199 0.8999999762
123935  26.561  -12.236  -29.755 0.6999999881
126024  26.584  -12.732  -29.909 0.6000000238
55683  26.450  -12.021  -30.098 0.6000000238
123852  28.245  -12.130  -29.159 0.8000000119
57733  27.238  -9.987  -31.037 0.6000000238
59609  28.290  -8.354  -29.730 0.6000000238
58686  27.319  -8.669  -30.759 0.6000000238
59580  31.796  -8.740  -27.299 0.4000000060
115894  31.746  -5.941  -28.347 0.4000000060
40112  23.019  -25.461  -26.777 0.8999999762
29632  20.095  -35.793  -23.618 0.4000000060
29615  19.739  -35.278  -23.227 0.4000000060
30534  18.899  -35.156  -23.524 0.4000000060
29614  20.729  -35.417  -23.397 0.4000000060
30515  20.176  -34.496  -22.971 0.4000000060
30516  19.152  -34.541  -23.165 0.4000000060
30513  21.949  -34.545  -23.239 0.3000000119
134657  20.789  -34.025  -22.854 0.4000000060
31546  22.589  -34.157  -23.528 0.4000000060
31545  22.970  -33.815  -24.413 0.4000000060
32619  23.032  -33.288  -25.476 0.4000000060
31525  20.197  -33.557  -22.839 0.5000000000
31526  19.376  -33.715  -22.986 0.4000000060
131194  21.502  -33.939  -22.786 0.4000000060
31524  22.166  -33.956  -22.923 0.5000000000
31523  23.149  -33.586  -23.424 0.4000000060
32604  23.446  -33.294  -24.255 0.4000000060
32618  23.392  -32.693  -25.100 0.5000000000
33583  23.234  -32.027  -25.760 0.6000000238
32628  23.128  -32.565  -25.966 0.5000000000
33584  23.004  -31.945  -26.434 0.6000000238
34474  22.484  -31.222  -26.820 0.4000000060
32586  20.352  -32.909  -22.755 0.5000000000
32587  19.630  -32.932  -22.886 0.5000000000
122642  19.154  -32.292  -23.011 0.5000000000
33538  18.320  -32.215  -23.682 0.5000000000
31507  21.430  -33.274  -22.506 0.6000000238
32585  20.865  -33.384  -22.697 0.6000000238
31506  22.003  -33.460  -22.540 0.5000000000
131340  22.378  -33.038  -22.330 0.6000000238
31505  22.657  -33.487  -22.748 0.5000000000
128956  23.561  -33.141  -23.466 0.5000000000
32603  23.855  -32.784  -24.024 0.6000000238
33571  24.023  -32.182  -24.749 0.6000000238
34473  22.879  -31.306  -26.304 0.6000000238
128167  22.842  -30.665  -26.289 0.6000000238
35375  22.485  -30.217  -26.722 0.6000000238
35376  22.197  -30.836  -26.915 0.6000000238
35389  22.061  -30.362  -27.011 0.6000000238
35403  22.242  -30.605  -27.144 0.6000000238
32571  20.968  -32.611  -22.542 0.5000000000
33536  20.090  -32.193  -22.739 0.5000000000
136551  18.840  -31.748  -23.160 0.5000000000
32570  21.782  -32.817  -22.330 0.6000000238
32568  23.509  -32.538  -22.258 0.6000000238
33520  23.123  -32.139  -21.897 0.6000000238
32584  23.233  -33.083  -22.741 0.5000000000
33553  24.256  -32.289  -23.533 0.6000000238
34472  23.676  -30.850  -25.626 0.6000000238
36221  22.245  -29.871  -27.055 0.6999999881
34431  20.209  -31.319  -22.654 0.6000000238
33537  19.465  -31.604  -22.893 0.5000000000
140581  18.965  -31.234  -23.065 0.5000000000
33521  22.359  -32.322  -22.060 0.6000000238
33522  21.523  -32.074  -22.250 0.6000000238
33523  20.831  -31.771  -22.482 0.6000000238
34433  18.700  -30.653  -23.170 0.5000000000
35337  18.335  -29.981  -23.587 0.5000000000
33508  22.690  -31.544  -21.735 0.6000000238
37117  22.285  -28.726  -27.044 0.6999999881
34420  21.480  -30.874  -22.011 0.6000000238
34421  20.861  -31.045  -22.315 0.6000000238
129168  20.321  -30.511  -22.483 0.6000000238
33509  21.929  -31.495  -21.987 0.6000000238
129279  20.994  -30.292  -22.129 0.6000000238
35335  19.849  -30.004  -22.726 0.6000000238
35336  18.967  -29.819  -23.015 0.6000000238
123410  18.140  -28.980  -23.798 0.6000000238
34409  22.197  -30.700  -21.684 0.6000000238
36181  17.145  -28.580  -24.095 0.5000000000
33507  23.383  -31.527  -21.505 0.6000000238
37060  17.511  -27.593  -24.074 0.6000000238
124901  22.332  -28.086  -26.943 0.6999999881
35326  20.452  -29.571  -22.357 0.6000000238
35314  22.684  -30.235  -21.383 0.6000000238
135069  21.596  -30.207  -21.847 0.6000000238
35325  21.246  -29.504  -21.937 0.6000000238
36160  20.130  -28.622  -22.506 0.6000000238
138465  18.263  -28.290  -23.731 0.6000000238
34408  23.018  -30.887  -21.430 0.6000000238
37058  19.226  -26.927  -23.004 0.6000000238
34418  24.876  -31.195  -22.156 0.6000000238
38053  22.509  -27.364  -26.944 0.6999999881
127602  22.602  -27.030  -27.130 0.6999999881
35313  23.361  -30.255  -21.246 0.6000000238
123411  21.566  -28.560  -21.648 0.6999999881
36159  20.763  -28.568  -22.172 0.6999999881
34407  23.810  -30.952  -21.367 0.6000000238
40119  22.706  -25.755  -26.921 0.6999999881
120052  22.057  -29.684  -21.517 0.6999999881
36149  22.895  -29.621  -21.248 0.6999999881
37048  20.917  -27.406  -22.088 0.6999999881
123408  19.464  -28.169  -22.836 0.6000000238
37049  20.046  -27.341  -22.537 0.6999999881
128743  20.205  -25.985  -22.318 0.6000000238
38007  19.260  -25.696  -22.868 0.5000000000
120316  23.281  -28.996  -21.127 0.6999999881
36150  22.478  -28.858  -21.311 0.6999999881
37038  22.162  -27.936  -21.368 0.6999999881
37047  21.532  -27.476  -21.686 0.6999999881
38976  18.629  -24.971  -22.730 0.5000000000
129170  21.866  -26.966  -21.486 0.6999999881
38006  21.142  -26.007  -21.929 0.6000000238
38974  20.386  -24.698  -21.905 0.6000000238
51521  29.798  -15.919  -26.769 0.6999999881
50323  32.064  -17.023  -22.757 0.6999999881
50324  31.327  -17.196  -23.779 0.6999999881
50350  30.880  -16.778  -25.027 0.6999999881
50308  32.204  -17.168  -22.113 0.6000000238
50356  30.563  -16.565  -25.641 0.6999999881
51511  30.975  -16.010  -26.022 0.6999999881
51530  29.787  -15.450  -27.322 0.6999999881
136465  32.372  -16.632  -23.050 0.6000000238
50337  31.761  -16.691  -24.035 0.6999999881
51501  31.887  -16.081  -25.057 0.6999999881
50292  32.769  -16.704  -21.177 0.6000000238
51520  30.617  -15.737  -26.663 0.6999999881
52523  30.285  -15.488  -27.156 0.6999999881
52543  29.769  -14.296  -28.174 0.6999999881
124455  32.598  -16.793  -21.785 0.6000000238
50307  32.634  -16.597  -22.445 0.6000000238
51486  32.935  -15.914  -23.759 0.6000000238
51487  32.290  -16.134  -24.383 0.6999999881
130037  31.769  -15.805  -25.714 0.6999999881
52522  30.940  -15.145  -27.180 0.6999999881
52528  31.096  -14.416  -27.666 0.6999999881
53472  30.546  -14.046  -28.101 0.6999999881
51452  33.064  -16.227  -21.796 0.6000000238
51476  33.538  -15.600  -23.074 0.5000000000
118582  32.947  -15.672  -24.422 0.6000000238
52515  33.004  -14.967  -25.576 0.5000000000
122060  31.786  -14.626  -27.132 0.6999999881
54561  32.196  -13.148  -27.466 0.6999999881
54562  31.533  -13.020  -27.965 0.6999999881
65816  31.989  -2.792  -32.120 0.3000000119
64813  31.477  -3.668  -31.126 0.3000000119
63627  30.770  -4.540  -29.871 0.3000000119
29633  19.360  -35.747  -23.706 0.4000000060
29634  18.598  -35.565  -23.935 0.3000000119
140359  18.401  -35.086  -23.841 0.4000000060
123348  20.592  -36.021  -24.071 0.3000000119
30517  18.329  -34.508  -23.766 0.4000000060
30532  22.148  -34.791  -24.039 0.4000000060
31527  18.585  -33.754  -23.419 0.4000000060
30531  22.559  -34.372  -24.706 0.4000000060
31561  22.774  -33.895  -25.535 0.4000000060
122587  23.285  -32.520  -26.480 0.4000000060
133872  18.240  -33.084  -23.729 0.4000000060
34489  22.329  -30.928  -26.965 0.5000000000
123014  18.458  -31.331  -23.522 0.5000000000
34445  18.100  -30.626  -23.719 0.5000000000
34446  17.272  -30.475  -23.952 0.5000000000
130702  22.460  -29.125  -27.152 0.6000000238
35348  17.706  -29.741  -23.907 0.5000000000
37070  16.555  -28.111  -23.942 0.4000000060
38065  22.548  -27.817  -27.140 0.6999999881
38020  17.474  -26.057  -23.876 0.5000000000
39023  22.851  -26.390  -27.242 0.6999999881
132838  17.702  -25.203  -23.570 0.5000000000
39035  23.698  -26.392  -27.750 0.8000000119
40133  24.198  -25.696  -28.050 0.6999999881
38008  17.205  -25.658  -22.456 0.5000000000
38962  18.926  -24.892  -22.270 0.6000000238
45815  32.476  -20.109  -18.302 0.6000000238
50275  32.855  -16.670  -20.410 0.6000000238
136853  33.587  -15.701  -21.539 0.5000000000
130158  33.929  -15.212  -22.457 0.5000000000
121566  33.900  -15.049  -23.528 0.5000000000
52514  33.638  -14.494  -25.201 0.5000000000
53464  32.972  -13.645  -26.580 0.5000000000
54555  32.722  -13.209  -27.055 0.5000000000
55634  31.988  -12.294  -27.635 0.5000000000
64812  32.485  -3.424  -31.047 0.3000000119
64782  31.501  -4.286  -29.558 0.3000000119
34419  24.226  -31.382  -21.629 0.6000000238
33519  23.783  -31.881  -21.856 0.6000000238
33535  24.110  -32.216  -22.509 0.6000000238
37994  22.643  -27.119  -21.229 0.8000000119
36220  22.273  -29.609  -26.995 0.6999999881
129164  22.341  -27.980  -26.918 0.6999999881
39017  22.901  -26.489  -26.747 0.6999999881
129745  31.885  -16.871  -23.372 0.6999999881
140450  31.527  -12.392  -28.013 0.6000000238
40134  23.086  -25.709  -27.441 0.8000000119
39034  24.875  -26.488  -28.163 0.6999999881
50349  31.549  -16.512  -24.716 0.6999999881
30514  21.175  -34.672  -23.079 0.4000000060
30533  21.601  -35.171  -23.629 0.3000000119
32588  18.818  -33.009  -23.182 0.5000000000
31572  23.032  -33.809  -26.289 0.3000000119
33597  22.847  -31.557  -26.652 0.4000000060
32605  17.668  -32.860  -23.974 0.5000000000
38975  19.316  -24.916  -22.541 0.6000000238
51519  31.560  -15.408  -26.529 0.6999999881
52529  30.263  -14.859  -27.645 0.6999999881
50336  32.377  -16.427  -23.617 0.6999999881
50322  32.843  -16.201  -23.079 0.6000000238
51500  32.556  -15.649  -25.168 0.6999999881
51463  33.126  -16.053  -22.519 0.6000000238
52503  33.324  -15.178  -24.807 0.6000000238
51510  32.350  -15.307  -26.012 0.6999999881
53470  31.725  -13.850  -27.598 0.6999999881
51462  33.563  -15.677  -22.198 0.5000000000
52478  34.057  -14.991  -22.942 0.5000000000
52492  33.896  -14.645  -24.258 0.5000000000
135815  32.716  -14.761  -26.163 0.5000000000
53465  32.388  -13.910  -27.106 0.5000000000
54560  32.650  -12.554  -27.200 0.5000000000
51451  33.823  -15.250  -21.013 0.5000000000
53444  34.098  -13.796  -24.771 0.5000000000
54554  33.206  -12.796  -26.657 0.5000000000
38083  23.149  -27.098  -27.451 0.6000000238
123645  24.494  -27.201  -27.854 0.6000000238
39032  26.274  -26.433  -28.415 0.5000000000
122211  25.444  -27.228  -28.226 0.6000000238
40132  25.452  -25.796  -28.343 0.6000000238
40129  28.107  -25.474  -28.491 0.5000000000
40130  27.258  -25.442  -28.439 0.5000000000
40131  26.410  -25.568  -28.426 0.6000000238
38941  21.190  -25.497  -20.468 0.5000000000
40128  28.913  -25.593  -28.608 0.5000000000
41096  29.139  -24.939  -28.282 0.5000000000
38940  21.962  -25.928  -20.101 0.4000000060
37977  21.683  -27.013  -20.164 0.4000000060
37959  23.138  -26.971  -19.510 0.4000000060
41097  28.321  -24.686  -28.238 0.5000000000
120902  29.871  -24.930  -28.300 0.5000000000
41087  28.736  -24.333  -27.923 0.5000000000
37958  23.895  -26.896  -19.222 0.4000000060
41968  30.377  -23.910  -27.143 0.5000000000
41086  29.356  -24.430  -27.764 0.5000000000
37957  24.658  -26.814  -18.880 0.4000000060
41856  26.251  -24.140  -17.099 0.4000000060
41857  25.339  -24.109  -17.246 0.4000000060
40953  25.051  -24.283  -17.170 0.3000000119
43673  29.214  -22.000  -16.473 0.4000000060
116608  27.871  -23.670  -16.457 0.4000000060
41838  26.921  -23.796  -16.293 0.4000000060
42732  27.626  -23.276  -16.052 0.4000000060
42713  27.781  -22.526  -15.868 0.4000000060
42714  26.910  -23.025  -15.752 0.4000000060
41839  25.872  -23.942  -16.571 0.4000000060
41840  25.190  -24.020  -16.831 0.4000000060
43674  28.551  -22.275  -16.125 0.4000000060
42731  28.341  -23.037  -16.240 0.4000000060
43672  29.981  -21.702  -16.678 0.4000000060
122313  28.634  -21.313  -16.151 0.4000000060
43656  28.072  -21.493  -15.923 0.4000000060
43675  27.483  -21.700  -15.742 0.4000000060
131209  27.116  -22.266  -15.615 0.4000000060
41825  26.259  -23.638  -15.940 0.4000000060
43676  26.862  -21.670  -15.436 0.4000000060
43657  26.427  -22.321  -15.261 0.4000000060
43693  31.323  -21.131  -17.341 0.4000000060
44679  29.343  -21.008  -16.489 0.4000000060
122568  28.605  -20.429  -16.197 0.4000000060
44680  28.057  -20.354  -15.926 0.4000000060
43709  31.831  -21.477  -18.012 0.5000000000
44677  30.843  -20.849  -16.854 0.4000000060
45764  29.753  -20.263  -16.618 0.4000000060
132479  28.290  -20.239  -15.174 0.4000000060
44702  28.045  -20.110  -15.172 0.4000000060
44681  27.833  -20.766  -15.801 0.4000000060
44682  27.163  -21.078  -15.587 0.4000000060
44704  26.998  -20.176  -15.617 0.4000000060
44683  26.577  -20.874  -15.284 0.4000000060
44701  31.925  -20.591  -17.726 0.5000000000
45790  31.281  -20.416  -17.037 0.5000000000
45763  30.568  -20.262  -16.728 0.4000000060
126903  29.371  -19.669  -16.579 0.4000000060
45765  29.009  -20.150  -16.426 0.4000000060
44703  27.842  -20.274  -15.864 0.4000000060
45789  31.729  -19.997  -17.304 0.5000000000
46919  30.112  -19.492  -16.683 0.4000000060
46921  28.697  -19.371  -16.499 0.4000000060
128752  28.427  -19.969  -16.264 0.4000000060
46918  31.136  -19.609  -16.857 0.4000000060
119987  30.689  -18.940  -16.762 0.4000000060
46920  29.358  -19.048  -16.636 0.4000000060
48095  28.230  -18.722  -16.645 0.4000000060
48093  30.730  -18.160  -16.841 0.4000000060
49179  30.217  -17.365  -16.857 0.4000000060
49180  29.775  -17.938  -16.736 0.4000000060
49181  29.087  -17.822  -16.712 0.4000000060
49182  28.571  -17.413  -16.816 0.4000000060
46977  32.729  -19.140  -18.584 0.5000000000
48120  32.255  -17.970  -17.785 0.5000000000
48121  31.684  -18.080  -17.227 0.4000000060
50220  29.659  -16.645  -16.908 0.4000000060
50205  29.348  -17.303  -16.790 0.4000000060
50222  28.018  -17.009  -17.246 0.3000000119
46917  31.431  -18.809  -16.954 0.5000000000
122648  29.983  -18.654  -16.706 0.4000000060
48094  29.254  -18.381  -16.668 0.4000000060
48123  27.863  -18.218  -16.827 0.4000000060
48122  28.518  -18.131  -16.713 0.4000000060
48119  32.576  -17.873  -18.342 0.5000000000
49207  31.918  -17.373  -17.499 0.5000000000
49208  31.172  -17.406  -17.046 0.4000000060
50221  28.792  -16.712  -16.905 0.3000000119
49232  32.692  -17.267  -18.693 0.5000000000
50218  31.512  -16.752  -17.261 0.4000000060
50219  30.620  -16.696  -17.025 0.4000000060
50242  29.091  -15.969  -17.145 0.4000000060
50243  28.244  -16.216  -17.348 0.3000000119
116683  27.507  -16.582  -17.750 0.3000000119
50238  32.756  -16.516  -18.567 0.5000000000
119488  32.859  -16.788  -19.661 0.5000000000
50239  31.837  -16.144  -17.514 0.3000000119
50240  31.015  -15.998  -17.264 0.4000000060
50241  30.040  -15.893  -17.155 0.4000000060
51404  28.529  -15.447  -17.624 0.3000000119
51405  27.736  -15.809  -17.892 0.3000000119
50260  26.977  -16.193  -18.387 0.3000000119
51389  32.387  -16.299  -17.937 0.3000000119
50259  32.821  -16.892  -19.094 0.4000000060
130423  32.942  -16.417  -19.173 0.4000000060
51416  33.126  -16.015  -19.775 0.4000000060
51432  33.240  -15.994  -20.855 0.4000000060
51401  31.516  -15.379  -17.455 0.3000000119
51403  29.463  -15.066  -17.480 0.3000000119
50261  26.322  -16.251  -18.920 0.3000000119
50262  25.745  -16.697  -19.176 0.3000000119
51400  32.259  -15.637  -17.767 0.3000000119
51419  27.344  -15.413  -18.519 0.3000000119
51420  26.675  -15.666  -19.011 0.3000000119
50276  26.012  -15.948  -19.445 0.3000000119
124312  33.067  -15.805  -18.846 0.3000000119
51415  33.446  -15.227  -19.160 0.3000000119
52466  33.978  -15.187  -21.800 0.4000000060
52491  34.376  -14.460  -23.380 0.4000000060
53456  33.214  -14.218  -25.965 0.4000000060
50277  25.336  -16.346  -19.835 0.3000000119
52403  32.023  -14.967  -17.723 0.3000000119
51399  32.708  -15.711  -18.268 0.3000000119
120879  34.079  -14.633  -20.352 0.3000000119
52451  34.297  -14.610  -21.267 0.4000000060
53382  34.413  -13.890  -20.540 0.3000000119
52477  34.449  -14.564  -22.306 0.4000000060
53427  34.582  -13.799  -23.556 0.4000000060
53443  34.535  -13.404  -24.108 0.4000000060
54530  34.391  -12.927  -24.772 0.4000000060
53455  33.728  -13.848  -25.504 0.4000000060
54543  33.528  -13.395  -26.062 0.4000000060
51398  33.054  -15.133  -18.554 0.3000000119
52450  34.601  -13.950  -21.511 0.3000000119
54487  34.735  -13.311  -21.706 0.3000000119
54506  34.743  -13.139  -23.309 0.4000000060
54517  34.661  -12.659  -24.046 0.4000000060
55602  34.221  -12.383  -25.406 0.4000000060
55618  34.377  -11.600  -25.386 0.4000000060
56652  33.604  -11.428  -26.331 0.4000000060
56654  32.513  -11.017  -27.096 0.4000000060
56659  31.997  -11.389  -27.537 0.5000000000
53381  34.607  -13.363  -21.044 0.3000000119
118966  34.750  -12.678  -21.891 0.3000000119
116779  34.786  -12.563  -22.613 0.3000000119
124061  34.805  -12.322  -23.324 0.4000000060
133563  34.716  -12.027  -23.934 0.4000000060
55601  34.552  -12.070  -24.677 0.4000000060
122557  34.599  -11.348  -24.819 0.3000000119
56643  33.987  -11.014  -25.912 0.4000000060
57666  32.534  -10.324  -26.926 0.3000000119
57678  31.981  -10.512  -27.421 0.3000000119
56660  31.511  -10.955  -27.925 0.4000000060
58631  32.155  -9.792  -27.141 0.3000000119
58644  31.643  -9.808  -27.583 0.3000000119
54465  34.663  -12.747  -21.141 0.3000000119
55552  34.830  -12.125  -22.045 0.3000000119
55572  34.880  -11.869  -22.640 0.3000000119
129419  34.855  -11.626  -23.392 0.3000000119
122454  34.741  -11.454  -24.159 0.3000000119
56626  34.773  -10.707  -24.501 0.3000000119
57649  34.207  -10.262  -25.633 0.3000000119
57664  33.605  -10.250  -26.128 0.3000000119
58629  33.186  -9.605  -26.299 0.3000000119
58614  33.824  -9.576  -25.853 0.3000000119
55526  34.779  -12.088  -21.338 0.3000000119
56600  35.070  -11.144  -22.708 0.3000000119
56614  34.987  -10.923  -23.601 0.3000000119
57624  35.094  -10.171  -23.806 0.3000000119
57648  34.571  -10.265  -25.107 0.3000000119
58613  34.450  -9.591  -25.292 0.3000000119
59567  33.423  -8.850  -26.115 0.3000000119
59568  32.778  -9.025  -26.541 0.3000000119
130173  34.067  -8.926  -25.562 0.3000000119
137274  32.938  -8.438  -26.441 0.3000000119
60482  33.583  -7.607  -26.103 0.3000000119
134714  32.150  -19.908  -17.723 0.5000000000
46978  32.469  -19.370  -17.958 0.5000000000
38082  25.195  -27.975  -27.973 0.5000000000
38080  26.638  -27.755  -28.430 0.5000000000
38081  26.014  -27.918  -28.312 0.5000000000
40148  29.480  -26.310  -29.232 0.5000000000
39050  28.398  -27.015  -29.016 0.5000000000
129265  26.875  -27.135  -28.472 0.5000000000
38973  21.154  -24.774  -21.705 0.6000000238
40058  20.142  -24.659  -21.578 0.6000000238
40057  20.954  -24.504  -21.418 0.6000000238
38942  20.474  -25.393  -20.938 0.5000000000
37979  20.626  -27.001  -20.636 0.5000000000
128727  21.192  -27.452  -20.304 0.5000000000
37024  21.604  -28.072  -20.085 0.5000000000
37023  22.222  -27.944  -19.891 0.4000000060
37012  22.907  -27.877  -19.599 0.4000000060
37011  23.677  -27.825  -19.327 0.4000000060
37010  24.492  -27.726  -19.037 0.4000000060
39989  24.880  -25.200  -17.239 0.3000000119
43658  25.626  -22.378  -15.005 0.4000000060
41826  25.306  -23.678  -16.188 0.4000000060
43677  26.095  -21.679  -15.043 0.4000000060
45766  27.901  -20.027  -15.982 0.4000000060
44705  26.118  -20.019  -15.100 0.4000000060
44726  27.950  -20.180  -14.962 0.4000000060
45791  27.248  -19.854  -15.844 0.4000000060
46922  27.972  -19.277  -16.482 0.4000000060
46950  26.667  -19.215  -16.137 0.4000000060
49209  27.879  -17.679  -17.011 0.4000000060
50223  27.249  -17.365  -17.609 0.4000000060
49233  26.907  -16.855  -18.108 0.3000000119
50244  26.329  -16.730  -18.577 0.3000000119
50245  25.845  -17.111  -18.672 0.3000000119
40127  29.657  -25.558  -28.902 0.5000000000
38899  25.326  -26.142  -17.342 0.4000000060
120063  25.602  -21.525  -14.834 0.4000000060
44684  25.779  -20.782  -14.865 0.4000000060
46923  27.233  -19.128  -16.446 0.4000000060
37945  25.151  -26.803  -18.365 0.4000000060
48150  32.734  -18.426  -18.822 0.5000000000
44678  30.216  -20.932  -16.681 0.4000000060
138642  32.997  -12.109  -26.867 0.4000000060
54542  33.771  -12.615  -26.034 0.4000000060
39030  27.867  -26.277  -28.562 0.5000000000
40149  28.655  -26.287  -28.859 0.5000000000
42715  25.989  -23.142  -15.447 0.4000000060
45792  26.438  -19.552  -15.651 0.4000000060
46949  31.867  -19.403  -17.375 0.5000000000
121030  28.798  -18.725  -16.617 0.4000000060
48151  32.556  -18.587  -18.115 0.5000000000
128356  32.067  -18.700  -17.582 0.5000000000
49206  32.432  -17.133  -18.024 0.5000000000
136408  32.052  -16.768  -17.649 0.4000000060
51431  33.662  -15.313  -20.094 0.3000000119
53399  34.691  -13.803  -22.167 0.4000000060
53415  34.659  -13.865  -22.858 0.4000000060
53337  32.919  -14.552  -18.430 0.3000000119
121941  34.756  -13.234  -22.433 0.3000000119
56642  34.490  -10.872  -25.288 0.3000000119
56653  33.044  -11.412  -26.717 0.4000000060
59551  33.813  -8.241  -25.765 0.3000000119
38023  16.291  -27.222  -23.770 0.4000000060
38022  16.168  -26.381  -23.564 0.4000000060
138942  16.716  -27.751  -22.527 0.4000000060
36153  17.547  -28.440  -22.081 0.3000000119
38009  16.521  -25.905  -23.093 0.4000000060
37040  18.247  -27.349  -21.834 0.3000000119
35402  22.854  -30.545  -27.425 0.5000000000
37997  19.204  -25.474  -21.679 0.5000000000
137300  19.067  -28.060  -21.376 0.3000000119
36236  23.152  -29.801  -27.481 0.5000000000
37115  23.371  -28.827  -27.510 0.5000000000
35401  24.058  -30.442  -27.481 0.5000000000
38961  19.726  -24.718  -21.689 0.5000000000
37996  19.859  -26.192  -21.085 0.4000000060
36235  24.585  -29.668  -27.621 0.5000000000
36248  25.503  -29.304  -27.783 0.3000000119
38064  24.039  -27.960  -27.611 0.5000000000
37132  24.856  -28.801  -27.813 0.4000000060
36233  26.198  -29.220  -27.814 0.3000000119
37131  25.818  -28.687  -28.084 0.3000000119
37129  27.425  -28.475  -28.389 0.3000000119
37130  26.692  -28.471  -28.267 0.3000000119
129169  22.677  -28.661  -19.704 0.3000000119
38097  28.207  -27.721  -29.010 0.4000000060
129031  23.444  -28.629  -19.430 0.3000000119
37944  25.500  -26.866  -17.795 0.3000000119
42716  25.331  -23.245  -15.452 0.3000000119
136540  25.179  -22.776  -14.962 0.3000000119
44706  25.198  -19.875  -14.713 0.3000000119
46951  26.081  -18.935  -16.087 0.3000000119
45793  25.691  -19.322  -15.368 0.3000000119
45794  24.741  -19.122  -15.404 0.3000000119
44708  23.804  -19.598  -14.735 0.3000000119
48096  27.569  -18.594  -16.720 0.3000000119
130499  26.929  -18.388  -16.963 0.3000000119
46952  25.249  -18.746  -16.123 0.3000000119
48124  27.331  -18.007  -17.102 0.3000000119
48097  26.131  -18.231  -17.278 0.3000000119
46925  25.742  -18.521  -16.761 0.3000000119
46926  24.987  -18.393  -17.028 0.3000000119
48125  25.565  -18.052  -17.675 0.3000000119
48126  25.028  -18.130  -17.713 0.3000000119
123300  26.669  -17.867  -17.503 0.3000000119
49210  25.916  -17.797  -17.839 0.3000000119
49211  25.284  -17.823  -18.124 0.3000000119
34501  22.659  -30.962  -27.251 0.5000000000
39031  27.652  -27.113  -28.708 0.4000000060
36126  24.220  -28.573  -19.121 0.3000000119
46924  26.478  -18.670  -16.611 0.3000000119
44707  24.398  -19.490  -14.824 0.3000000119
37026  20.162  -27.715  -20.826 0.3000000119
37025  20.979  -28.205  -20.392 0.3000000119
36137  21.790  -29.310  -20.079 0.3000000119
31548  17.218  -33.491  -24.113 0.4000000060
32606  16.907  -32.695  -24.095 0.4000000060
126067  13.887  -32.432  -23.147 0.4000000060
130169  14.446  -32.068  -23.145 0.3000000119
129402  17.325  -32.031  -24.044 0.4000000060
126601  16.316  -31.915  -23.972 0.4000000060
33556  15.657  -31.209  -23.728 0.4000000060
32629  23.163  -32.895  -26.278 0.3000000119
33554  17.781  -31.318  -23.910 0.4000000060
34435  15.266  -30.454  -23.051 0.3000000119
36173  15.622  -29.384  -23.492 0.3000000119
34447  16.315  -30.210  -23.963 0.4000000060
123656  15.759  -30.852  -22.649 0.3000000119
134625  15.326  -30.419  -22.926 0.3000000119
34423  16.695  -30.325  -22.595 0.3000000119
35350  16.053  -29.622  -23.875 0.4000000060
35338  15.709  -29.507  -22.962 0.3000000119
35328  16.183  -29.356  -22.809 0.3000000119
130413  15.512  -33.645  -24.055 0.4000000060
136599  16.059  -32.509  -23.977 0.4000000060
35327  17.201  -29.468  -22.396 0.3000000119
31547  17.943  -33.652  -23.937 0.3000000119
33526  17.619  -31.905  -22.223 0.3000000119
31549  16.357  -33.245  -24.105 0.4000000060
32569  22.905  -32.808  -22.291 0.6000000238
32583  23.776  -32.711  -22.996 0.5000000000
32607  15.144  -32.683  -23.804 0.4000000060
33555  16.584  -31.097  -23.985 0.4000000060
33557  15.183  -31.775  -23.600 0.3000000119
34432  19.508  -30.751  -22.839 0.6000000238
34434  15.715  -30.042  -22.910 0.3000000119
34443  25.322  -31.033  -23.905 0.8000000119
35339  15.521  -29.846  -23.186 0.3000000119
35340  15.469  -29.860  -23.419 0.3000000119
35349  16.768  -29.581  -23.996 0.4000000060
35361  25.410  -30.227  -25.009 0.8000000119
36136  22.433  -29.343  -19.851 0.3000000119
36151  19.668  -28.565  -21.040 0.3000000119
36161  16.547  -28.439  -22.658 0.4000000060
36169  19.688  -29.222  -22.758 0.6000000238
36170  18.853  -28.768  -23.105 0.6000000238
36171  15.960  -28.469  -23.241 0.3000000119
36172  15.618  -29.120  -23.349 0.3000000119
36182  16.319  -28.837  -23.895 0.4000000060
36183  16.087  -28.952  -23.797 0.3000000119
36189  26.824  -29.002  -24.505 1.0000000000
37000  25.137  -27.587  -18.566 0.4000000060
37039  19.214  -27.027  -21.286 0.4000000060
37046  27.197  -28.772  -21.515 0.8999999762
37050  16.648  -26.787  -22.406 0.4000000060
37059  18.546  -27.503  -23.413 0.6000000238
37061  15.992  -27.353  -23.430 0.4000000060
37062  16.003  -28.381  -23.531 0.4000000060
37063  15.730  -29.010  -23.490 0.3000000119
37069  16.830  -27.519  -24.127 0.4000000060
37086  25.455  -28.417  -25.760 0.8000000119
37116  22.311  -28.474  -27.066 0.6000000238
37139  28.020  -28.230  -28.754 0.4000000060
37936  25.489  -27.417  -18.071 0.3000000119
37976  22.437  -27.016  -19.836 0.4000000060
37978  21.006  -26.517  -20.436 0.5000000000
37998  18.410  -25.703  -21.976 0.5000000000
38019  18.440  -25.855  -23.402 0.5000000000
38021  16.715  -26.527  -23.984 0.4000000060
38079  27.414  -27.930  -28.641 0.4000000060
38917  24.009  -25.851  -19.082 0.5000000000
38933  29.062  -26.358  -20.396 1.0000000000
38958  23.287  -25.402  -20.961 0.6999999881
38963  17.954  -25.039  -22.743 0.5000000000
38977  16.869  -25.378  -23.685 0.5000000000
38985  18.438  -25.048  -23.095 0.5000000000
38986  17.756  -25.045  -23.245 0.5000000000
39033  25.664  -26.622  -28.330 0.6000000238
39975  24.907  -24.817  -16.985 0.3000000119
40016  22.080  -24.324  -20.521 0.6000000238
40034  22.250  -25.197  -20.082 0.6000000238
40035  21.590  -24.635  -20.492 0.6000000238
40036  20.964  -24.493  -21.002 0.6999999881
40037  20.424  -24.584  -21.364 0.6000000238
40054  23.172  -24.733  -20.723 0.6000000238
40056  21.527  -24.323  -21.158 0.6999999881
40059  19.514  -24.890  -22.184 0.6000000238
40068  21.078  -24.481  -21.540 0.6999999881
41008  23.095  -24.717  -20.293 0.6999999881
41027  22.595  -24.342  -20.755 0.6999999881
41077  22.827  -24.790  -26.869 0.8999999762
41085  30.127  -24.414  -27.692 0.5000000000
41937  28.068  -24.045  -25.401 1.0000000000
41955  28.738  -23.230  -27.088 0.6000000238
41969  29.504  -23.901  -27.274 0.5000000000
41971  27.498  -23.223  -27.686 0.6999999881
42743  29.628  -23.119  -16.897 0.5000000000
42858  31.197  -22.805  -26.632 0.6000000238
43695  30.534  -22.231  -17.099 0.5000000000
43797  27.343  -21.814  -24.813 1.0000000000
43814  27.480  -21.779  -26.818 0.6999999881
43815  27.179  -21.559  -26.787 0.6999999881
44828  31.428  -21.417  -26.493 0.6000000238
44831  27.045  -20.927  -26.826 0.6999999881
44832  26.695  -20.590  -27.117 0.6999999881
44845  25.394  -21.220  -27.496 0.8999999762
47091  28.429  -19.588  -26.685 0.6999999881
47095  23.686  -19.608  -26.679 0.8999999762
47111  25.461  -19.442  -27.604 0.8000000119
48098  25.498  -18.273  -17.337 0.3000000119
48224  29.812  -18.241  -24.475 0.8000000119
48225  29.078  -18.422  -24.791 0.8000000119
48227  27.837  -18.923  -25.282 0.8999999762
49307  31.342  -17.942  -22.920 0.8000000119
49330  30.072  -17.589  -24.818 0.8000000119
49382  26.558  -17.413  -28.402 0.6999999881
50357  29.836  -16.757  -25.751 0.8000000119
50358  29.209  -16.997  -25.844 0.8000000119
50402  29.949  -16.596  -28.481 0.6000000238
50406  25.614  -16.555  -28.622 0.8000000119
50407  24.964  -15.877  -28.498 0.8000000119
50415  29.496  -16.401  -28.894 0.6000000238
51485  33.495  -15.404  -23.992 0.5000000000
51502  31.267  -16.308  -25.381 0.6999999881
51532  27.818  -15.767  -27.606 0.8999999762
51534  24.794  -15.666  -28.011 0.8999999762
51566  25.587  -15.228  -29.032 0.8000000119
52521  32.660  -14.325  -26.566 0.5000000000
52545  26.544  -14.449  -28.723 0.8000000119
53428  34.339  -14.039  -24.036 0.4000000060
53471  31.160  -13.732  -27.978 0.6999999881
53495  26.602  -13.576  -29.486 0.8000000119
53496  26.535  -13.851  -29.575 0.8000000119
54531  33.969  -13.172  -25.438 0.4000000060
55619  33.952  -11.849  -25.957 0.4000000060
55627  33.488  -12.039  -26.473 0.4000000060
55633  32.538  -11.785  -27.186 0.4000000060
55682  26.869  -12.401  -30.265 0.6000000238
56679  30.976  -11.197  -28.212 0.6000000238
57665  32.997  -10.241  -26.498 0.3000000119
57707  27.049  -9.651  -30.085 0.6000000238
57724  26.661  -9.795  -30.542 0.6000000238
58630  32.635  -9.689  -26.703 0.3000000119
59608  29.338  -8.503  -29.111 0.6000000238
60538  27.852  -7.233  -30.574 0.6000000238
116141  28.544  -4.896  -31.979 0.4000000060
116930  15.599  -30.402  -23.619 0.4000000060
117798  32.232  -14.834  -26.555 0.6999999881
120296  28.600  -10.570  -31.018 0.5000000000
120469  28.531  -18.511  -27.282 0.6999999881
121615  17.842  -30.431  -22.197 0.3000000119
122359  27.751  -21.492  -24.618 1.0000000000
122731  26.155  -27.187  -28.393 0.5000000000
122845  31.620  -19.650  -26.535 0.6000000238
125963  32.869  -10.756  -26.702 0.3000000119
127640  33.339  -10.836  -26.385 0.4000000060
127777  31.886  -22.571  -20.541 0.6999999881
127887  22.037  -28.698  -19.953 0.4000000060
128061  26.838  -15.585  -27.759 0.8999999762
128070  16.100  -27.105  -23.041 0.4000000060
128242  28.237  -20.841  -26.512 0.6999999881
128272  23.519  -25.992  -26.584 0.8999999762
128833  27.062  -26.327  -28.473 0.5000000000
129583  21.319  -31.451  -22.197 0.6000000238
129851  21.516  -28.722  -20.128 0.3000000119
130912  27.803  -20.962  -26.609 0.6999999881
131095  32.707  -17.814  -18.971 0.5000000000
133587  17.453  -30.830  -22.337 0.3000000119
133953  17.203  -25.223  -23.118 0.4000000060
134773  33.322  -8.171  -26.199 0.3000000119
136795  26.608  -9.993  -30.705 0.6000000238
136954  26.310  -20.112  -27.381 0.8000000119
137094  26.785  -24.121  -25.936 0.8999999762
137215  22.633  -26.312  -21.251 0.8000000119
137989  31.906  -7.507  -27.291 0.4000000060
138021  23.545  -29.640  -21.159 0.8000000119
138551  23.789  -31.453  -21.514 0.6000000238
139749  32.279  -14.441  -26.858 0.6999999881
140147  31.832  -9.320  -27.333 0.4000000060
140559  32.665  -19.609  -18.418 0.5000000000
