#!ascii label  , from subject sub-v2s1x29876_ses-1 vox2ras=TkReg
1059
53141  -17.622  -29.347  48.825 0.0000000000
68252  -35.709  -16.776  44.006 0.0000000000
76786  -40.270  -10.781  38.818 0.0000000000
80070  -48.679  -7.702  32.937 0.0000000000
154033  -33.015  -20.563  43.418 0.0000000000
76816  -45.411  -10.183  36.088 0.0000000000
84486  -49.763  -3.778  26.644 0.0000000000
87930  -52.544  -1.345  22.116 0.0000000000
69299  -39.080  -16.363  44.750 0.0000000000
72937  -40.160  -12.819  42.568 0.0000000000
74183  -37.451  -12.610  41.272 0.0000000000
55232  -21.130  -27.914  51.403 0.0000000000
154606  -25.038  -27.282  50.459 0.0000000000
56481  -29.208  -26.825  48.446 0.0000000000
174692  -32.230  -29.728  46.676 0.0000000000
53209  -35.077  -29.617  44.334 0.0000000000
56527  -36.814  -25.997  45.369 0.0000000000
63844  -35.808  -20.554  45.820 0.0000000000
70531  -44.588  -14.098  38.604 0.0000000000
152051  -53.845  -0.192  19.628 0.0000000000
69278  -36.412  -15.609  45.921 0.0000000000
72907  -37.867  -13.385  44.194 0.0000000000
173894  -36.847  -14.758  42.764 0.0000000000
55256  -21.519  -27.373  49.969 0.0000000000
55246  -22.789  -27.936  50.629 0.0000000000
181302  -35.359  -27.215  43.234 0.0000000000
55366  -36.467  -27.488  43.921 0.0000000000
181745  -35.814  -25.164  44.838 0.0000000000
66146  -33.767  -18.573  43.700 0.0000000000
62703  -33.843  -20.536  47.550 0.0000000000
68211  -34.871  -17.165  46.894 0.0000000000
66116  -37.100  -18.157  45.004 0.0000000000
76736  -39.996  -10.604  41.459 0.0000000000
71711  -42.313  -13.296  40.431 0.0000000000
76748  -43.081  -10.663  40.044 0.0000000000
79020  -46.958  -8.989  34.461 0.0000000000
75594  -47.447  -11.282  35.862 0.0000000000
75622  -49.008  -11.534  33.901 0.0000000000
74355  -51.264  -11.627  31.259 0.0000000000
82341  -50.875  -6.046  23.618 0.0000000000
80190  -49.036  -6.856  25.600 0.0000000000
157168  -34.321  -22.393  43.342 0.0000000000
77984  -46.777  -10.190  31.664 0.0000000000
85719  -51.088  -2.470  24.421 0.0000000000
84532  -53.325  -4.489  22.319 0.0000000000
177648  -55.055  -2.996  18.351 0.0000000000
68269  -38.611  -16.928  42.332 0.0000000000
71668  -38.916  -14.155  43.449 0.0000000000
75481  -38.918  -12.019  43.267 0.0000000000
53124  -19.608  -29.148  50.824 0.0000000000
55271  -25.603  -27.211  48.720 0.0000000000
56464  -26.862  -26.998  50.321 0.0000000000
54176  -27.975  -27.666  47.697 0.0000000000
53172  -29.473  -28.940  47.038 0.0000000000
50961  -30.706  -30.339  46.446 0.0000000000
48942  -32.279  -32.105  45.026 0.0000000000
52099  -33.799  -30.250  45.036 0.0000000000
52131  -35.600  -30.138  42.877 0.0000000000
60528  -34.936  -23.014  45.629 0.0000000000
60518  -36.819  -23.345  46.862 0.0000000000
60542  -37.702  -23.265  43.235 0.0000000000
63894  -38.454  -20.657  42.856 0.0000000000
164634  -40.715  -18.959  43.128 0.0000000000
75541  -45.549  -11.228  38.280 0.0000000000
80143  -48.975  -7.264  28.670 0.0000000000
78001  -50.686  -9.522  29.668 0.0000000000
53123  -18.056  -29.058  50.813 0.0000000000
69294  -36.036  -15.676  45.491 0.0000000000
70456  -36.809  -14.962  44.444 0.0000000000
69335  -36.360  -16.014  43.110 0.0000000000
57582  -35.407  -25.965  42.994 0.0000000000
57583  -35.672  -25.998  43.712 0.0000000000
58530  -35.501  -25.258  43.321 0.0000000000
164522  -35.154  -17.452  43.914 0.0000000000
67178  -33.856  -17.621  45.921 0.0000000000
68243  -35.024  -16.787  45.349 0.0000000000
69277  -35.903  -16.132  45.970 0.0000000000
76746  -41.685  -10.192  40.680 0.0000000000
174062  -41.380  -10.077  39.802 0.0000000000
80053  -48.186  -8.025  33.755 0.0000000000
77954  -48.373  -9.236  34.966 0.0000000000
162370  -49.191  -9.572  32.932 0.0000000000
75644  -50.250  -11.610  32.743 0.0000000000
77978  -50.196  -10.344  31.861 0.0000000000
81320  -53.290  -6.784  23.649 0.0000000000
81303  -51.961  -7.151  24.384 0.0000000000
153486  -53.633  -8.010  24.105 0.0000000000
87910  -50.904  -1.108  23.928 0.0000000000
86835  -51.749  -2.008  23.068 0.0000000000
85732  -51.302  -3.494  22.857 0.0000000000
85740  -52.795  -3.024  21.872 0.0000000000
84543  -53.559  -3.771  21.887 0.0000000000
86856  -53.340  -2.247  21.188 0.0000000000
87954  -54.425  -1.590  18.904 0.0000000000
68253  -39.013  -16.552  43.471 0.0000000000
69337  -38.689  -15.675  43.289 0.0000000000
70457  -38.870  -14.978  44.893 0.0000000000
72936  -37.600  -12.880  42.949 0.0000000000
72922  -38.295  -12.819  44.115 0.0000000000
74168  -37.886  -12.159  42.422 0.0000000000
75501  -38.354  -11.246  41.933 0.0000000000
75510  -37.795  -11.562  41.111 0.0000000000
53126  -20.945  -29.043  50.836 0.0000000000
53117  -21.322  -28.752  51.245 0.0000000000
55247  -23.675  -27.702  50.427 0.0000000000
160017  -28.461  -25.020  48.683 0.0000000000
55262  -28.076  -26.838  49.295 0.0000000000
55273  -27.460  -27.138  48.839 0.0000000000
54168  -28.625  -27.789  48.276 0.0000000000
54177  -28.514  -28.093  47.815 0.0000000000
54169  -29.390  -27.927  48.076 0.0000000000
52075  -31.556  -30.161  46.949 0.0000000000
50963  -31.595  -30.991  46.047 0.0000000000
50952  -32.267  -30.721  46.133 0.0000000000
54228  -34.442  -29.346  44.109 0.0000000000
53197  -33.973  -29.778  44.622 0.0000000000
52113  -34.508  -30.088  44.358 0.0000000000
50990  -33.766  -30.913  44.502 0.0000000000
50992  -35.181  -30.420  44.133 0.0000000000
51006  -34.627  -30.846  43.273 0.0000000000
52123  -35.589  -29.981  43.574 0.0000000000
55349  -36.723  -26.760  44.341 0.0000000000
54251  -37.083  -28.014  43.373 0.0000000000
55368  -37.769  -27.019  43.869 0.0000000000
57571  -38.044  -25.630  44.340 0.0000000000
60534  -34.777  -22.923  44.413 0.0000000000
61609  -33.933  -21.791  44.628 0.0000000000
63820  -34.804  -20.350  47.558 0.0000000000
61573  -35.135  -22.001  47.676 0.0000000000
61593  -36.541  -21.859  46.121 0.0000000000
60529  -37.218  -23.092  45.786 0.0000000000
61603  -36.508  -21.703  45.078 0.0000000000
176656  -36.307  -20.374  44.289 0.0000000000
67182  -38.796  -17.386  45.205 0.0000000000
66133  -39.360  -18.340  44.682 0.0000000000
67191  -39.920  -17.637  44.146 0.0000000000
66158  -39.975  -18.283  42.749 0.0000000000
172806  -20.261  -27.571  50.844 0.0000000000
55231  -20.458  -27.762  52.136 0.0000000000
53108  -19.852  -28.807  52.208 0.0000000000
71691  -39.060  -13.781  41.601 0.0000000000
72967  -40.285  -13.153  41.015 0.0000000000
71734  -43.463  -13.688  39.617 0.0000000000
76814  -44.219  -11.120  37.042 0.0000000000
77919  -44.147  -9.878  38.282 0.0000000000
157583  -45.551  -9.716  37.518 0.0000000000
73039  -47.965  -12.929  35.320 0.0000000000
71789  -47.407  -13.406  36.143 0.0000000000
79108  -50.061  -8.198  26.271 0.0000000000
158023  -48.880  -7.308  27.166 0.0000000000
79082  -49.794  -8.533  27.816 0.0000000000
79064  -49.515  -8.499  29.300 0.0000000000
78020  -51.227  -9.385  28.418 0.0000000000
78011  -51.989  -10.121  29.277 0.0000000000
89928  -52.198  0.312  21.969 0.0000000000
88946  -52.961  -0.721  21.586 0.0000000000
90960  -52.932  1.077  20.977 0.0000000000
90974  -53.659  1.114  19.399 0.0000000000
68234  -38.148  -16.373  45.191 0.0000000000
70446  -38.416  -14.787  45.086 0.0000000000
170526  -37.429  -14.667  45.034 0.0000000000
71667  -37.181  -14.027  43.688 0.0000000000
72948  -37.262  -13.336  41.799 0.0000000000
55244  -21.618  -27.583  50.980 0.0000000000
55234  -22.367  -27.991  51.317 0.0000000000
56452  -24.082  -27.189  50.448 0.0000000000
54250  -35.287  -28.318  43.590 0.0000000000
53210  -35.770  -29.120  44.061 0.0000000000
55365  -36.180  -27.609  43.950 0.0000000000
56543  -36.243  -26.163  44.579 0.0000000000
57557  -36.037  -25.415  44.972 0.0000000000
64997  -33.108  -19.627  43.519 0.0000000000
62727  -33.105  -20.701  45.422 0.0000000000
64976  -33.103  -19.333  45.838 0.0000000000
66082  -33.876  -18.880  47.192 0.0000000000
66091  -34.797  -18.481  46.510 0.0000000000
64978  -35.986  -19.002  44.998 0.0000000000
66101  -35.957  -17.919  45.850 0.0000000000
68223  -36.878  -16.751  46.001 0.0000000000
55255  -20.628  -27.355  49.599 0.0000000000
74170  -40.669  -12.237  42.437 0.0000000000
164701  -41.365  -12.787  41.407 0.0000000000
74185  -41.879  -11.981  41.440 0.0000000000
74195  -42.894  -12.035  40.603 0.0000000000
74197  -43.945  -12.471  39.811 0.0000000000
77951  -45.908  -9.795  35.524 0.0000000000
78981  -46.362  -9.426  36.591 0.0000000000
77942  -47.376  -9.341  36.064 0.0000000000
75607  -47.976  -11.024  35.032 0.0000000000
83383  -49.660  -4.781  24.877 0.0000000000
83374  -49.356  -5.302  25.585 0.0000000000
81316  -49.834  -6.464  24.258 0.0000000000
80192  -51.280  -7.997  25.421 0.0000000000
67207  -35.555  -17.382  42.482 0.0000000000
67205  -34.321  -18.112  41.990 0.0000000000
76787  -41.049  -10.759  38.801 0.0000000000
75606  -44.984  -11.093  35.276 0.0000000000
76843  -45.865  -10.432  34.095 0.0000000000
162518  -46.746  -9.599  33.103 0.0000000000
79032  -47.836  -8.299  32.248 0.0000000000
84503  -50.428  -3.164  25.546 0.0000000000
168378  -50.386  -4.091  23.729 0.0000000000
83406  -52.333  -4.997  22.891 0.0000000000
82361  -53.871  -5.775  22.953 0.0000000000
87941  -53.802  -1.561  20.330 0.0000000000
86864  -54.887  -3.085  19.540 0.0000000000
69348  -38.356  -15.665  41.692 0.0000000000
70478  -38.636  -14.769  42.984 0.0000000000
71679  -39.489  -13.261  43.109 0.0000000000
72909  -38.768  -13.598  44.185 0.0000000000
72923  -39.075  -13.045  43.565 0.0000000000
180993  -39.997  -12.247  43.266 0.0000000000
76725  -39.594  -10.885  42.161 0.0000000000
76745  -39.026  -10.572  41.003 0.0000000000
69347  -36.389  -15.557  41.645 0.0000000000
71706  -36.797  -14.161  40.802 0.0000000000
74209  -37.370  -11.974  40.171 0.0000000000
172074  -18.544  -29.174  50.118 0.0000000000
53143  -19.885  -29.267  49.581 0.0000000000
171053  -25.637  -26.983  47.332 0.0000000000
56480  -24.488  -26.440  49.331 0.0000000000
57504  -25.432  -26.525  50.465 0.0000000000
55248  -25.629  -27.099  50.432 0.0000000000
55293  -26.752  -26.974  47.757 0.0000000000
52084  -29.799  -29.468  45.844 0.0000000000
52097  -30.131  -30.097  45.513 0.0000000000
153493  -32.072  -29.128  45.880 0.0000000000
53195  -32.531  -29.454  45.261 0.0000000000
53183  -32.522  -29.693  45.836 0.0000000000
50978  -32.727  -30.885  45.376 0.0000000000
48950  -33.165  -32.419  44.065 0.0000000000
52133  -36.638  -29.266  43.333 0.0000000000
59514  -35.170  -23.598  44.313 0.0000000000
59499  -35.320  -23.664  45.284 0.0000000000
169765  -35.927  -24.474  45.975 0.0000000000
61591  -34.044  -21.784  46.430 0.0000000000
59474  -35.529  -23.086  46.961 0.0000000000
58495  -36.751  -24.390  46.544 0.0000000000
59502  -37.661  -24.199  45.096 0.0000000000
59526  -38.297  -24.413  43.363 0.0000000000
62775  -40.048  -21.035  42.675 0.0000000000
167951  -37.610  -19.053  44.118 0.0000000000
63882  -39.941  -19.870  43.396 0.0000000000
63907  -41.098  -20.275  42.109 0.0000000000
65027  -40.728  -19.225  41.839 0.0000000000
53115  -18.481  -28.918  51.678 0.0000000000
77910  -42.672  -10.106  39.074 0.0000000000
151691  -44.155  -10.150  39.601 0.0000000000
73006  -45.003  -12.932  38.961 0.0000000000
75558  -46.451  -11.330  37.144 0.0000000000
73017  -46.150  -12.784  37.793 0.0000000000
70570  -45.378  -14.517  37.573 0.0000000000
170240  -47.219  -9.746  30.988 0.0000000000
80085  -48.619  -7.586  31.722 0.0000000000
82304  -49.216  -5.219  27.641 0.0000000000
82289  -48.744  -5.647  28.735 0.0000000000
81248  -48.712  -6.791  29.858 0.0000000000
79053  -49.054  -7.725  30.041 0.0000000000
79035  -49.836  -9.320  31.202 0.0000000000
76874  -51.487  -10.395  30.362 0.0000000000
162489  -17.185  -29.282  49.514 0.0000000000
68244  -35.667  -16.186  44.952 0.0000000000
69309  -36.334  -15.624  44.675 0.0000000000
69322  -36.180  -16.165  43.987 0.0000000000
56591  -35.004  -26.438  42.430 0.0000000000
67190  -34.734  -17.389  44.776 0.0000000000
68251  -35.287  -16.943  44.606 0.0000000000
76774  -39.969  -10.508  39.465 0.0000000000
175664  -40.649  -10.075  40.285 0.0000000000
76775  -40.680  -10.468  39.246 0.0000000000
80069  -48.398  -7.679  33.312 0.0000000000
164133  -48.730  -8.444  33.908 0.0000000000
173034  -49.054  -8.294  33.137 0.0000000000
77977  -49.629  -10.031  32.357 0.0000000000
79027  -49.317  -9.090  32.268 0.0000000000
81321  -53.886  -7.076  23.504 0.0000000000
156857  -53.470  -7.488  23.903 0.0000000000
88936  -52.121  -0.423  22.921 0.0000000000
86836  -52.053  -1.644  22.666 0.0000000000
86845  -51.807  -2.414  22.670 0.0000000000
86846  -52.303  -2.261  22.160 0.0000000000
86847  -52.834  -2.227  21.669 0.0000000000
87931  -52.977  -1.613  21.463 0.0000000000
69325  -39.260  -16.625  44.141 0.0000000000
69324  -38.944  -15.996  44.031 0.0000000000
69310  -39.005  -15.760  44.814 0.0000000000
74167  -37.538  -12.682  42.134 0.0000000000
74184  -37.700  -12.063  41.589 0.0000000000
75500  -37.999  -11.631  41.771 0.0000000000
74194  -37.533  -11.980  40.843 0.0000000000
166739  -20.713  -28.832  51.889 0.0000000000
54152  -21.168  -28.496  51.341 0.0000000000
54158  -24.433  -27.443  50.398 0.0000000000
54157  -24.072  -27.943  50.352 0.0000000000
56468  -29.223  -26.100  48.626 0.0000000000
163880  -28.680  -25.894  49.114 0.0000000000
56467  -28.659  -26.527  48.970 0.0000000000
55274  -28.047  -27.248  48.745 0.0000000000
55275  -28.574  -27.198  48.690 0.0000000000
169234  -29.057  -27.459  48.332 0.0000000000
53161  -31.857  -28.957  46.868 0.0000000000
52066  -31.785  -29.534  47.000 0.0000000000
52076  -32.222  -30.308  46.768 0.0000000000
52114  -35.511  -29.693  44.184 0.0000000000
56545  -37.069  -26.309  44.858 0.0000000000
55367  -36.988  -27.330  43.746 0.0000000000
56562  -37.283  -26.560  44.264 0.0000000000
56563  -37.858  -26.333  44.182 0.0000000000
56546  -37.745  -26.157  44.955 0.0000000000
61616  -33.854  -21.762  43.787 0.0000000000
62740  -33.416  -21.146  44.272 0.0000000000
165056  -35.083  -20.064  47.017 0.0000000000
156187  -35.401  -20.983  47.519 0.0000000000
62716  -36.143  -21.233  46.490 0.0000000000
157824  -36.203  -21.126  45.501 0.0000000000
62741  -36.319  -20.996  44.592 0.0000000000
63856  -35.941  -20.350  44.900 0.0000000000
68235  -38.872  -16.747  45.095 0.0000000000
66119  -39.378  -17.773  45.022 0.0000000000
68245  -39.619  -17.001  44.449 0.0000000000
68254  -39.602  -17.218  43.852 0.0000000000
55243  -20.892  -27.727  51.341 0.0000000000
152354  -20.079  -27.608  51.601 0.0000000000
54149  -20.591  -28.306  52.189 0.0000000000
71692  -39.494  -13.184  42.086 0.0000000000
160026  -39.585  -13.248  41.236 0.0000000000
72949  -40.229  -12.954  41.712 0.0000000000
71759  -44.100  -13.925  39.091 0.0000000000
158043  -43.607  -14.068  39.034 0.0000000000
70547  -43.762  -14.430  38.432 0.0000000000
70548  -44.368  -14.486  38.227 0.0000000000
76815  -44.842  -10.618  36.585 0.0000000000
77931  -44.776  -10.030  37.519 0.0000000000
163915  -45.326  -9.962  36.814 0.0000000000
84485  -49.508  -3.744  26.871 0.0000000000
79094  -50.777  -8.580  26.711 0.0000000000
79093  -49.891  -8.391  27.049 0.0000000000
79071  -50.533  -8.956  28.117 0.0000000000
69296  -37.441  -15.596  45.142 0.0000000000
70445  -37.775  -15.126  45.075 0.0000000000
70436  -36.998  -15.268  45.284 0.0000000000
70467  -36.917  -14.697  43.585 0.0000000000
154860  -37.138  -14.306  43.893 0.0000000000
71677  -37.135  -14.051  43.109 0.0000000000
156297  -37.108  -14.114  42.297 0.0000000000
56462  -23.944  -26.826  50.000 0.0000000000
162099  -34.990  -27.198  42.767 0.0000000000
55382  -34.916  -27.863  43.206 0.0000000000
54230  -35.907  -28.396  43.915 0.0000000000
55383  -35.657  -27.583  43.623 0.0000000000
57570  -35.877  -25.711  44.441 0.0000000000
159402  -35.886  -26.314  44.114 0.0000000000
176956  -33.337  -19.213  44.004 0.0000000000
64985  -33.039  -19.653  44.319 0.0000000000
66129  -33.499  -18.801  44.530 0.0000000000
68231  -34.078  -17.098  46.458 0.0000000000
67161  -33.662  -18.194  46.801 0.0000000000
67162  -33.918  -17.842  46.986 0.0000000000
66090  -34.322  -18.819  47.266 0.0000000000
176417  -34.463  -18.132  47.001 0.0000000000
66092  -35.311  -18.095  46.241 0.0000000000
67164  -35.071  -17.464  46.861 0.0000000000
168645  -36.383  -16.227  45.975 0.0000000000
69279  -37.032  -15.958  45.928 0.0000000000
68224  -37.605  -16.622  45.922 0.0000000000
152330  -20.806  -27.515  50.452 0.0000000000
75494  -40.684  -11.615  42.477 0.0000000000
74171  -41.213  -11.908  41.977 0.0000000000
75502  -40.919  -11.240  41.636 0.0000000000
76747  -42.363  -10.129  40.416 0.0000000000
75504  -42.297  -11.664  41.127 0.0000000000
75512  -42.637  -11.077  40.558 0.0000000000
74196  -43.294  -12.678  40.246 0.0000000000
75513  -43.275  -11.356  40.193 0.0000000000
77962  -46.412  -9.453  34.905 0.0000000000
78995  -46.806  -9.103  35.693 0.0000000000
78996  -47.369  -8.894  35.376 0.0000000000
76839  -48.635  -10.651  34.030 0.0000000000
166016  -48.259  -10.616  34.580 0.0000000000
75621  -48.399  -11.253  34.422 0.0000000000
74294  -48.664  -11.979  34.296 0.0000000000
74313  -49.582  -12.174  33.339 0.0000000000
168053  -50.460  -5.401  23.487 0.0000000000
82340  -49.946  -5.778  23.913 0.0000000000
81317  -50.479  -6.587  24.004 0.0000000000
79110  -51.763  -8.523  25.797 0.0000000000
67206  -34.842  -17.883  42.651 0.0000000000
75620  -45.329  -10.970  34.628 0.0000000000
76858  -46.055  -10.869  32.490 0.0000000000
77975  -46.807  -9.799  32.427 0.0000000000
77976  -47.250  -8.952  32.837 0.0000000000
77985  -47.275  -9.333  31.922 0.0000000000
86811  -51.323  -1.687  24.775 0.0000000000
86810  -50.914  -2.041  24.936 0.0000000000
171831  -50.487  -2.321  25.326 0.0000000000
162015  -50.787  -2.508  25.207 0.0000000000
84515  -50.628  -3.194  24.488 0.0000000000
179767  -50.635  -3.652  23.648 0.0000000000
84541  -51.967  -3.706  22.471 0.0000000000
84530  -51.733  -4.291  22.739 0.0000000000
82360  -52.908  -5.638  23.053 0.0000000000
83407  -53.163  -5.099  22.707 0.0000000000
82362  -54.339  -5.679  22.470 0.0000000000
83408  -53.984  -5.110  22.570 0.0000000000
85742  -54.071  -3.432  21.425 0.0000000000
88955  -53.415  -0.760  20.776 0.0000000000
88964  -53.820  -0.814  20.031 0.0000000000
86871  -54.645  -2.318  19.219 0.0000000000
67217  -38.375  -17.083  41.743 0.0000000000
68268  -38.254  -16.366  41.501 0.0000000000
161510  -38.383  -16.227  42.110 0.0000000000
70468  -38.807  -15.085  43.888 0.0000000000
71678  -39.016  -13.875  42.606 0.0000000000
71649  -38.115  -14.397  45.097 0.0000000000
71650  -38.735  -14.369  45.062 0.0000000000
71659  -38.212  -13.846  44.298 0.0000000000
74151  -38.522  -12.432  43.564 0.0000000000
74135  -38.734  -12.682  44.102 0.0000000000
74152  -39.280  -12.440  43.326 0.0000000000
75482  -39.742  -11.948  43.252 0.0000000000
75492  -39.224  -11.442  42.634 0.0000000000
76744  -38.466  -10.799  40.945 0.0000000000
76734  -38.610  -10.771  41.513 0.0000000000
53133  -19.354  -29.209  50.148 0.0000000000
151482  -19.928  -29.199  50.321 0.0000000000
53135  -21.081  -29.134  50.032 0.0000000000
53119  -22.521  -28.177  51.073 0.0000000000
55290  -24.536  -27.592  47.651 0.0000000000
55291  -25.254  -27.149  47.850 0.0000000000
55310  -25.029  -27.234  47.111 0.0000000000
57521  -24.914  -25.796  48.862 0.0000000000
57508  -25.199  -26.139  49.771 0.0000000000
55249  -26.351  -26.867  50.485 0.0000000000
55260  -26.223  -27.086  50.324 0.0000000000
55294  -27.457  -27.242  48.166 0.0000000000
152187  -27.407  -27.280  47.578 0.0000000000
55328  -27.448  -27.325  46.433 0.0000000000
54191  -29.007  -28.511  47.401 0.0000000000
53171  -28.961  -28.611  46.886 0.0000000000
53182  -29.297  -28.909  46.295 0.0000000000
52074  -31.001  -30.004  47.055 0.0000000000
52064  -30.874  -29.716  47.710 0.0000000000
52073  -30.483  -29.918  46.953 0.0000000000
52085  -30.230  -29.953  46.193 0.0000000000
161340  -30.483  -30.485  45.799 0.0000000000
50977  -30.785  -31.065  45.457 0.0000000000
49927  -31.786  -31.932  45.087 0.0000000000
177578  -31.342  -31.722  45.175 0.0000000000
47932  -31.288  -33.052  44.574 0.0000000000
166255  -33.118  -29.602  44.824 0.0000000000
53196  -33.204  -29.867  45.209 0.0000000000
52098  -33.071  -30.153  45.562 0.0000000000
50964  -32.831  -30.452  45.864 0.0000000000
50979  -33.475  -30.605  45.238 0.0000000000
49937  -34.248  -31.460  44.088 0.0000000000
49936  -33.476  -31.621  44.242 0.0000000000
51000  -35.191  -30.514  43.496 0.0000000000
51014  -35.035  -30.484  42.988 0.0000000000
54231  -36.299  -28.394  43.900 0.0000000000
53211  -36.102  -29.052  43.845 0.0000000000
53212  -36.775  -28.725  43.812 0.0000000000
59524  -35.018  -23.717  43.353 0.0000000000
60540  -34.740  -23.006  43.746 0.0000000000
60533  -34.540  -22.467  44.996 0.0000000000
170132  -34.952  -23.141  44.916 0.0000000000
59500  -35.714  -24.257  45.845 0.0000000000
59488  -35.414  -23.486  46.166 0.0000000000
168080  -33.098  -20.411  45.952 0.0000000000
62715  -33.497  -21.133  45.991 0.0000000000
155993  -33.824  -21.278  46.861 0.0000000000
173201  -35.988  -22.246  47.568 0.0000000000
60516  -35.349  -22.445  47.484 0.0000000000
173713  -36.229  -23.294  46.904 0.0000000000
59475  -35.897  -23.553  46.815 0.0000000000
59477  -36.995  -23.878  46.546 0.0000000000
58505  -37.416  -24.456  45.489 0.0000000000
59501  -37.457  -23.804  45.900 0.0000000000
60536  -37.323  -23.432  44.067 0.0000000000
172668  -37.611  -23.993  44.485 0.0000000000
155035  -37.811  -23.936  43.685 0.0000000000
62757  -37.759  -20.858  42.947 0.0000000000
62774  -39.209  -20.912  42.786 0.0000000000
66115  -36.372  -18.344  45.232 0.0000000000
64998  -36.762  -19.236  44.126 0.0000000000
66131  -37.388  -18.606  44.536 0.0000000000
64989  -39.937  -18.708  44.180 0.0000000000
64988  -39.223  -18.967  44.194 0.0000000000
65002  -40.253  -19.258  43.612 0.0000000000
63896  -40.973  -20.060  42.731 0.0000000000
65014  -40.908  -19.441  42.883 0.0000000000
65028  -41.098  -19.641  42.332 0.0000000000
66169  -40.733  -18.968  42.642 0.0000000000
67208  -39.243  -17.578  42.713 0.0000000000
67219  -39.418  -18.108  42.266 0.0000000000
67218  -38.851  -17.652  42.043 0.0000000000
176581  -19.526  -29.000  51.687 0.0000000000
153182  -18.938  -29.107  50.887 0.0000000000
72969  -41.810  -12.977  40.930 0.0000000000
72968  -40.866  -13.035  41.044 0.0000000000
71710  -41.661  -13.260  40.539 0.0000000000
75555  -42.389  -11.196  38.212 0.0000000000
76777  -41.980  -10.398  39.102 0.0000000000
76778  -44.714  -9.845  38.715 0.0000000000
76760  -44.143  -9.823  39.185 0.0000000000
75540  -45.100  -10.754  38.776 0.0000000000
75526  -44.642  -11.490  39.149 0.0000000000
74223  -45.235  -11.901  38.728 0.0000000000
76803  -47.037  -10.410  36.782 0.0000000000
77922  -46.642  -10.053  37.224 0.0000000000
75578  -46.975  -11.214  36.533 0.0000000000
73018  -46.595  -12.636  37.121 0.0000000000
70572  -46.539  -14.132  36.875 0.0000000000
71777  -45.931  -13.563  38.109 0.0000000000
70571  -45.948  -14.475  37.184 0.0000000000
79042  -48.083  -8.257  31.541 0.0000000000
80097  -48.576  -7.516  31.315 0.0000000000
82316  -49.097  -5.886  26.054 0.0000000000
166337  -49.358  -5.440  27.070 0.0000000000
81291  -48.885  -6.475  26.416 0.0000000000
81272  -49.159  -6.754  28.001 0.0000000000
164262  -48.886  -6.153  29.028 0.0000000000
81263  -48.133  -5.961  29.083 0.0000000000
81264  -48.714  -6.024  29.093 0.0000000000
81257  -48.613  -6.419  29.574 0.0000000000
81258  -48.728  -6.463  29.546 0.0000000000
165418  -49.950  -9.051  29.598 0.0000000000
79063  -49.017  -7.455  29.729 0.0000000000
79054  -49.369  -8.407  30.024 0.0000000000
170309  -49.109  -8.004  30.586 0.0000000000
79055  -50.057  -9.252  30.179 0.0000000000
79045  -50.220  -9.573  30.742 0.0000000000
157732  -50.878  -9.808  30.296 0.0000000000
70443  -36.525  -15.349  44.945 0.0000000000
69323  -36.545  -15.447  43.847 0.0000000000
170510  -36.624  -15.284  43.151 0.0000000000
56576  -35.397  -26.617  43.087 0.0000000000
56577  -35.701  -26.789  43.624 0.0000000000
58521  -35.678  -25.194  44.209 0.0000000000
67189  -34.336  -17.913  44.228 0.0000000000
66130  -33.788  -18.308  44.545 0.0000000000
156265  -34.024  -17.754  45.064 0.0000000000
67179  -34.376  -17.251  45.611 0.0000000000
68220  -34.546  -17.091  46.668 0.0000000000
68221  -35.280  -16.822  46.142 0.0000000000
68233  -35.398  -16.216  45.800 0.0000000000
77872  -40.448  -10.293  40.902 0.0000000000
76737  -40.681  -10.484  41.414 0.0000000000
77883  -40.812  -10.002  40.521 0.0000000000
77884  -41.338  -9.888  40.385 0.0000000000
77885  -42.037  -9.864  40.135 0.0000000000
79021  -47.323  -8.666  34.011 0.0000000000
79011  -47.855  -8.531  34.642 0.0000000000
80035  -48.396  -8.091  34.225 0.0000000000
157250  -48.738  -9.270  34.248 0.0000000000
76845  -49.177  -11.003  33.423 0.0000000000
75633  -49.780  -11.226  32.989 0.0000000000
76852  -49.394  -10.503  32.916 0.0000000000
76853  -50.198  -10.945  32.475 0.0000000000
75655  -51.123  -11.291  31.498 0.0000000000
82342  -51.757  -6.105  23.541 0.0000000000
81318  -51.371  -6.638  23.928 0.0000000000
81319  -52.308  -6.678  23.864 0.0000000000
81304  -52.849  -7.281  24.238 0.0000000000
87901  -51.451  -1.408  24.256 0.0000000000
86825  -51.548  -1.820  24.309 0.0000000000
164030  -50.869  -3.240  23.528 0.0000000000
175109  -51.685  -3.066  22.675 0.0000000000
85739  -52.150  -3.053  22.263 0.0000000000
84542  -52.694  -3.780  22.175 0.0000000000
85741  -53.375  -2.937  21.489 0.0000000000
85748  -53.816  -2.808  21.135 0.0000000000
159508  -54.148  -0.888  19.339 0.0000000000
86885  -55.132  -2.854  17.807 0.0000000000
174892  -38.947  -16.915  42.891 0.0000000000
68260  -38.622  -16.292  42.751 0.0000000000
72921  -37.663  -13.080  43.797 0.0000000000
74150  -38.003  -12.565  43.228 0.0000000000
74169  -38.285  -11.883  42.992 0.0000000000
75491  -38.520  -11.399  42.638 0.0000000000
76733  -38.181  -11.173  41.323 0.0000000000
75511  -38.011  -11.180  40.708 0.0000000000
53125  -20.234  -29.103  51.049 0.0000000000
154881  -20.740  -28.967  51.483 0.0000000000
53127  -21.556  -28.903  50.652 0.0000000000
180146  -25.552  -27.351  49.416 0.0000000000
55261  -27.382  -26.985  49.423 0.0000000000
55295  -28.073  -27.529  48.244 0.0000000000
54178  -29.132  -28.315  47.826 0.0000000000
53157  -29.632  -28.849  47.595 0.0000000000
50950  -31.279  -30.650  46.783 0.0000000000
50962  -30.930  -30.765  45.997 0.0000000000
50951  -31.834  -30.665  46.705 0.0000000000
49915  -32.122  -31.530  45.628 0.0000000000
53208  -33.411  -29.430  44.216 0.0000000000
50991  -34.457  -30.688  44.285 0.0000000000
54232  -36.596  -28.092  43.767 0.0000000000
56578  -37.968  -26.486  43.564 0.0000000000
56564  -38.335  -26.033  43.776 0.0000000000
60539  -34.424  -22.361  44.138 0.0000000000
60527  -34.495  -22.375  45.943 0.0000000000
63818  -33.943  -20.079  47.655 0.0000000000
62704  -33.988  -21.055  47.495 0.0000000000
166343  -34.755  -20.858  47.716 0.0000000000
61574  -35.800  -21.754  47.587 0.0000000000
61594  -36.897  -22.659  46.552 0.0000000000
61604  -36.843  -22.399  45.560 0.0000000000
163960  -36.858  -22.285  44.092 0.0000000000
61610  -36.588  -21.622  44.067 0.0000000000
62756  -37.074  -21.217  43.371 0.0000000000
63880  -37.190  -20.377  43.406 0.0000000000
67181  -38.133  -17.574  45.377 0.0000000000
66117  -37.954  -18.103  45.051 0.0000000000
66118  -38.736  -18.001  45.054 0.0000000000
66134  -39.737  -18.050  44.485 0.0000000000
66135  -40.201  -18.224  44.116 0.0000000000
66159  -40.363  -18.507  43.272 0.0000000000
180310  -39.989  -17.718  43.848 0.0000000000
68261  -39.268  -17.232  43.267 0.0000000000
55242  -19.620  -27.516  50.773 0.0000000000
55230  -19.763  -27.718  52.225 0.0000000000
53109  -20.384  -28.775  52.215 0.0000000000
157416  -42.774  -13.553  39.962 0.0000000000
71733  -42.170  -13.610  39.970 0.0000000000
152086  -42.934  -13.843  39.492 0.0000000000
75556  -43.187  -11.139  38.088 0.0000000000
76790  -43.399  -10.480  38.391 0.0000000000
77930  -44.073  -10.393  38.014 0.0000000000
77920  -44.908  -9.761  37.884 0.0000000000
76791  -45.024  -9.820  38.085 0.0000000000
74261  -47.756  -11.886  35.550 0.0000000000
74247  -47.249  -12.022  36.152 0.0000000000
80191  -49.426  -7.645  25.855 0.0000000000
80173  -48.884  -7.179  26.415 0.0000000000
80174  -49.250  -7.794  26.692 0.0000000000
80159  -49.093  -7.874  27.627 0.0000000000
79081  -49.179  -8.168  28.281 0.0000000000
79069  -49.099  -7.913  28.995 0.0000000000
79070  -49.726  -8.609  28.564 0.0000000000
78009  -50.392  -9.201  28.936 0.0000000000
78002  -51.488  -9.984  29.803 0.0000000000
88945  -52.480  -0.277  22.393 0.0000000000
164421  -52.799  -0.035  21.840 0.0000000000
163718  -53.201  0.095  21.318 0.0000000000
88954  -53.493  0.084  20.449 0.0000000000
90968  -53.353  1.160  19.921 0.0000000000
89944  -53.624  0.569  19.846 0.0000000000
89951  -54.034  0.443  19.146 0.0000000000
69298  -38.764  -15.932  45.085 0.0000000000
70447  -38.701  -15.160  44.964 0.0000000000
69297  -38.018  -15.596  45.085 0.0000000000
71658  -37.655  -14.130  44.413 0.0000000000
70444  -36.871  -14.993  44.962 0.0000000000
71648  -37.194  -14.458  44.574 0.0000000000
71657  -37.354  -13.738  44.108 0.0000000000
72920  -37.328  -13.450  43.479 0.0000000000
152648  -37.316  -13.351  42.673 0.0000000000
151302  -21.615  -27.723  51.301 0.0000000000
55233  -21.823  -28.003  51.309 0.0000000000
55245  -22.248  -27.692  51.240 0.0000000000
56451  -23.353  -27.549  50.458 0.0000000000
56453  -25.005  -27.035  50.511 0.0000000000
172862  -31.810  -28.600  46.906 0.0000000000
54249  -34.590  -28.637  43.492 0.0000000000
54229  -35.220  -28.973  43.877 0.0000000000
56560  -36.030  -26.889  44.016 0.0000000000
56561  -36.407  -26.847  44.233 0.0000000000
56544  -36.646  -26.287  44.880 0.0000000000
57550  -36.500  -25.790  45.305 0.0000000000
63878  -32.965  -20.160  43.878 0.0000000000
175990  -32.962  -20.399  44.307 0.0000000000
63865  -32.945  -20.121  44.613 0.0000000000
154937  -33.023  -19.613  45.174 0.0000000000
63842  -33.217  -19.960  46.461 0.0000000000
66113  -33.602  -18.383  45.213 0.0000000000
66099  -33.374  -18.827  46.286 0.0000000000
64957  -33.484  -19.501  46.871 0.0000000000
64945  -34.197  -19.217  47.556 0.0000000000
64958  -34.636  -19.271  46.794 0.0000000000
64969  -35.027  -19.287  46.139 0.0000000000
64977  -35.483  -19.340  45.452 0.0000000000
66100  -35.315  -18.634  45.814 0.0000000000
66114  -35.756  -18.656  45.400 0.0000000000
66102  -36.811  -17.701  45.516 0.0000000000
68222  -36.039  -16.892  46.202 0.0000000000
67170  -36.545  -17.265  46.119 0.0000000000
67171  -37.471  -17.210  45.868 0.0000000000
67172  -38.176  -17.035  45.591 0.0000000000
55254  -20.053  -27.465  50.127 0.0000000000
72938  -40.596  -12.629  42.354 0.0000000000
72950  -40.771  -12.742  41.858 0.0000000000
72951  -41.134  -12.501  41.781 0.0000000000
72952  -41.826  -12.692  41.246 0.0000000000
75503  -41.642  -11.376  41.461 0.0000000000
74186  -42.345  -12.449  41.030 0.0000000000
72970  -42.327  -12.923  40.750 0.0000000000
71712  -42.910  -13.171  40.178 0.0000000000
72971  -43.662  -13.180  39.795 0.0000000000
71735  -44.059  -13.565  39.408 0.0000000000
78980  -45.904  -9.485  36.704 0.0000000000
78987  -46.293  -9.359  35.926 0.0000000000
77941  -46.907  -9.452  36.578 0.0000000000
76817  -47.373  -10.587  36.172 0.0000000000
77953  -47.843  -9.313  35.467 0.0000000000
76830  -48.027  -10.136  35.108 0.0000000000
75595  -47.791  -11.314  35.374 0.0000000000
172804  -48.104  -12.407  35.189 0.0000000000
84502  -50.077  -3.783  25.811 0.0000000000
83375  -49.817  -4.334  26.238 0.0000000000
82328  -49.434  -5.886  24.664 0.0000000000
81300  -49.488  -6.680  24.795 0.0000000000
81302  -51.035  -7.109  24.414 0.0000000000
80208  -50.653  -7.562  24.912 0.0000000000
80207  -49.731  -7.385  25.082 0.0000000000
161521  -50.316  -7.930  25.537 0.0000000000
79109  -50.964  -8.370  26.007 0.0000000000
67198  -35.657  -17.116  43.265 0.0000000000
68259  -36.012  -16.700  42.737 0.0000000000
68267  -35.941  -16.814  41.969 0.0000000000
63893  -33.000  -20.115  42.974 0.0000000000
66145  -33.402  -19.216  43.214 0.0000000000
166281  -33.616  -18.858  42.881 0.0000000000
170397  -34.097  -18.385  42.817 0.0000000000
67197  -34.588  -17.963  43.412 0.0000000000
165320  -35.227  -17.594  43.142 0.0000000000
75552  -39.856  -11.081  38.247 0.0000000000
75574  -41.149  -11.492  37.604 0.0000000000
75575  -41.964  -11.557  37.617 0.0000000000
75592  -43.757  -11.713  36.648 0.0000000000
75593  -44.372  -11.311  36.293 0.0000000000
76827  -44.918  -10.837  35.874 0.0000000000
76828  -45.422  -10.476  35.386 0.0000000000
76836  -45.876  -10.124  34.835 0.0000000000
76837  -46.233  -9.843  34.368 0.0000000000
76844  -46.397  -9.910  33.678 0.0000000000
77967  -46.971  -9.145  33.697 0.0000000000
79026  -47.478  -8.504  33.465 0.0000000000
170243  -47.742  -8.242  32.942 0.0000000000
80083  -48.275  -7.780  32.773 0.0000000000
85692  -50.019  -2.866  25.934 0.0000000000
84494  -50.136  -3.365  26.049 0.0000000000
84514  -50.105  -3.968  24.625 0.0000000000
83392  -50.052  -4.818  23.844 0.0000000000
83393  -50.635  -4.810  23.282 0.0000000000
84529  -50.883  -4.077  23.109 0.0000000000
83405  -51.419  -4.894  22.972 0.0000000000
82358  -51.153  -5.489  23.250 0.0000000000
82359  -52.040  -5.556  23.177 0.0000000000
82344  -53.522  -6.167  23.341 0.0000000000
81335  -54.085  -6.808  23.004 0.0000000000
83418  -54.133  -4.590  22.117 0.0000000000
87940  -53.346  -1.553  20.964 0.0000000000
86857  -53.970  -2.373  20.692 0.0000000000
87948  -54.209  -1.554  19.646 0.0000000000
86863  -54.358  -2.314  19.956 0.0000000000
69349  -38.426  -15.475  42.383 0.0000000000
70489  -38.567  -14.605  41.971 0.0000000000
71660  -38.774  -14.210  44.344 0.0000000000
72908  -38.344  -13.037  44.168 0.0000000000
71661  -39.236  -13.557  43.690 0.0000000000
72924  -39.827  -12.878  43.255 0.0000000000
72925  -40.320  -12.512  42.916 0.0000000000
74153  -40.306  -12.069  42.942 0.0000000000
75493  -39.988  -11.497  42.606 0.0000000000
76726  -40.442  -10.884  42.168 0.0000000000
76724  -38.839  -10.977  42.100 0.0000000000
76735  -39.265  -10.668  41.506 0.0000000000
76773  -39.215  -10.725  39.434 0.0000000000
70477  -36.740  -14.826  41.988 0.0000000000
70487  -36.593  -14.801  41.236 0.0000000000
71690  -36.977  -14.136  41.491 0.0000000000
76785  -39.510  -10.874  38.901 0.0000000000
53132  -18.100  -29.208  49.409 0.0000000000
151446  -19.077  -29.276  49.351 0.0000000000
182002  -19.612  -29.303  49.062 0.0000000000
54153  -22.021  -28.258  51.241 0.0000000000
53118  -22.037  -28.508  50.989 0.0000000000
56463  -24.674  -26.687  50.404 0.0000000000
152515  -26.793  -27.087  49.693 0.0000000000
55292  -26.006  -26.908  47.895 0.0000000000
54190  -28.414  -28.191  47.186 0.0000000000
54179  -29.904  -28.465  47.897 0.0000000000
53173  -30.130  -29.348  47.344 0.0000000000
52072  -29.894  -29.393  46.579 0.0000000000
49913  -31.178  -31.354  45.665 0.0000000000
48939  -30.831  -32.302  44.635 0.0000000000
54202  -31.820  -28.619  46.556 0.0000000000
154842  -32.080  -29.248  46.457 0.0000000000
53207  -32.380  -29.218  44.611 0.0000000000
181925  -32.315  -29.683  46.364 0.0000000000
165062  -32.447  -30.047  46.148 0.0000000000
49928  -32.639  -31.508  45.100 0.0000000000
49929  -33.326  -31.311  44.974 0.0000000000
49935  -32.791  -31.797  44.454 0.0000000000
48949  -32.402  -32.620  44.245 0.0000000000
52124  -36.096  -29.655  43.772 0.0000000000
52132  -36.244  -29.836  43.150 0.0000000000
160440  -35.198  -24.540  42.799 0.0000000000
58520  -35.409  -24.443  43.791 0.0000000000
59515  -35.596  -24.475  44.852 0.0000000000
58511  -35.900  -24.873  45.434 0.0000000000
57549  -36.254  -25.147  45.634 0.0000000000
57551  -36.665  -25.473  45.737 0.0000000000
62728  -33.470  -21.172  45.078 0.0000000000
61602  -33.955  -21.816  45.508 0.0000000000
61581  -34.251  -21.668  47.239 0.0000000000
164081  -35.003  -22.586  47.127 0.0000000000
60522  -34.969  -22.839  46.490 0.0000000000
59489  -35.876  -23.950  46.522 0.0000000000
58503  -36.459  -24.702  46.049 0.0000000000
57558  -37.141  -25.423  45.290 0.0000000000
58512  -37.306  -24.967  45.247 0.0000000000
57560  -38.072  -25.243  44.842 0.0000000000
58522  -38.167  -25.112  44.338 0.0000000000
60530  -37.398  -23.581  45.081 0.0000000000
59516  -37.935  -24.548  44.236 0.0000000000
63867  -36.210  -19.803  44.378 0.0000000000
63879  -36.635  -19.976  43.839 0.0000000000
65000  -38.151  -20.049  43.313 0.0000000000
66132  -38.364  -18.604  44.461 0.0000000000
64987  -38.268  -19.284  43.855 0.0000000000
63881  -39.095  -20.246  43.116 0.0000000000
65039  -39.584  -19.219  40.762 0.0000000000
66168  -40.071  -18.613  42.101 0.0000000000
66178  -39.902  -18.876  41.417 0.0000000000
76776  -41.388  -10.359  39.330 0.0000000000
77909  -41.939  -9.892  39.555 0.0000000000
76758  -42.818  -9.864  39.695 0.0000000000
78975  -43.206  -9.879  38.915 0.0000000000
154233  -43.301  -9.654  39.241 0.0000000000
75524  -43.656  -10.778  39.741 0.0000000000
154216  -44.277  -11.822  39.579 0.0000000000
72985  -44.340  -13.089  39.418 0.0000000000
71760  -44.706  -13.614  39.001 0.0000000000
77933  -45.947  -9.534  37.052 0.0000000000
76792  -45.641  -9.959  37.851 0.0000000000
75557  -46.047  -11.276  37.819 0.0000000000
74234  -46.249  -11.996  37.403 0.0000000000
74233  -45.817  -12.008  38.073 0.0000000000
167008  -45.579  -12.777  38.382 0.0000000000
71776  -45.239  -13.858  38.396 0.0000000000
70549  -45.036  -14.344  38.081 0.0000000000
79041  -47.674  -8.887  31.454 0.0000000000
177022  -48.574  -7.591  32.382 0.0000000000
83366  -49.608  -4.860  26.716 0.0000000000
83358  -49.167  -4.862  27.503 0.0000000000
177835  -49.058  -5.260  27.911 0.0000000000
81280  -48.996  -6.241  27.404 0.0000000000
82298  -49.291  -5.574  28.305 0.0000000000
82297  -48.557  -5.180  28.174 0.0000000000
79062  -48.360  -7.163  29.919 0.0000000000
80114  -48.770  -7.013  30.124 0.0000000000
80113  -48.640  -7.151  30.447 0.0000000000
80098  -48.698  -7.377  30.818 0.0000000000
79043  -49.104  -8.074  31.207 0.0000000000
79034  -49.430  -8.785  31.565 0.0000000000
77986  -49.730  -9.608  31.722 0.0000000000
76867  -50.872  -10.589  31.453 0.0000000000
76868  -51.417  -10.787  30.948 0.0000000000
76875  -51.970  -10.551  29.820 0.0000000000
75665  -51.790  -10.862  30.355 0.0000000000
171773  -51.396  -11.374  30.064 0.0000000000
47941  -31.756  -33.232  44.233 0.0000000000
48941  -31.750  -32.599  44.673 0.0000000000
48956  -32.996  -32.551  43.771 0.0000000000
49914  -31.649  -31.542  45.636 0.0000000000
49926  -31.001  -31.703  45.069 0.0000000000
50949  -30.825  -30.248  46.795 0.0000000000
53116  -20.204  -28.938  51.890 0.0000000000
56455  -27.040  -26.299  50.451 0.0000000000
57513  -28.899  -25.310  48.770 0.0000000000
57559  -37.781  -25.550  45.089 0.0000000000
57584  -38.402  -25.515  43.771 0.0000000000
58494  -36.313  -24.261  46.648 0.0000000000
58504  -36.953  -24.903  45.976 0.0000000000
58513  -37.933  -24.872  45.005 0.0000000000
59476  -36.579  -23.909  46.855 0.0000000000
60510  -35.638  -22.151  47.604 0.0000000000
60511  -36.246  -22.705  46.952 0.0000000000
60517  -35.789  -22.755  47.317 0.0000000000
60523  -37.069  -23.289  46.142 0.0000000000
60535  -37.068  -22.835  44.767 0.0000000000
60541  -37.221  -22.727  43.702 0.0000000000
61582  -34.810  -22.086  47.425 0.0000000000
61583  -36.222  -21.951  46.952 0.0000000000
61592  -34.562  -22.255  46.803 0.0000000000
61611  -36.743  -22.168  44.697 0.0000000000
61617  -37.134  -22.000  43.476 0.0000000000
61628  -40.508  -21.457  42.038 0.0000000000
62691  -34.168  -20.682  47.727 0.0000000000
62692  -34.599  -21.442  47.681 0.0000000000
62693  -35.281  -21.570  47.732 0.0000000000
62705  -35.913  -21.317  47.234 0.0000000000
62714  -33.523  -20.647  46.743 0.0000000000
62739  -33.037  -20.630  44.722 0.0000000000
62753  -33.037  -20.667  44.006 0.0000000000
62755  -36.565  -20.767  43.845 0.0000000000
63817  -33.741  -19.651  47.305 0.0000000000
63819  -34.307  -20.019  47.727 0.0000000000
63830  -33.594  -20.051  47.090 0.0000000000
63831  -35.663  -20.717  46.797 0.0000000000
63843  -35.390  -19.994  46.043 0.0000000000
63854  -32.964  -20.231  45.297 0.0000000000
63855  -35.604  -19.977  45.329 0.0000000000
63866  -35.782  -19.661  44.870 0.0000000000
63883  -40.688  -19.775  43.264 0.0000000000
64944  -34.006  -19.441  47.523 0.0000000000
64946  -34.464  -19.652  47.444 0.0000000000
64968  -33.222  -19.372  46.366 0.0000000000
64986  -36.600  -18.733  44.667 0.0000000000
64999  -37.329  -19.616  43.678 0.0000000000
65001  -39.050  -19.589  43.588 0.0000000000
65003  -40.613  -19.244  43.313 0.0000000000
66081  -33.731  -19.253  47.143 0.0000000000
66088  -33.587  -18.851  46.877 0.0000000000
66089  -33.826  -18.372  47.134 0.0000000000
66112  -33.291  -18.958  45.483 0.0000000000
66147  -40.378  -18.702  43.660 0.0000000000
67158  -34.076  -18.419  47.369 0.0000000000
67163  -34.381  -17.659  46.940 0.0000000000
67165  -35.754  -17.317  46.567 0.0000000000
67168  -33.587  -18.260  46.070 0.0000000000
67169  -33.816  -17.508  46.687 0.0000000000
67180  -37.538  -17.714  45.378 0.0000000000
67183  -39.642  -17.411  44.690 0.0000000000
67199  -39.877  -17.808  43.420 0.0000000000
67200  -40.204  -18.111  43.830 0.0000000000
68210  -34.204  -17.260  46.803 0.0000000000
68212  -35.472  -17.139  46.855 0.0000000000
68232  -34.748  -16.864  46.028 0.0000000000
68236  -39.468  -16.855  44.843 0.0000000000
69280  -37.655  -16.013  45.315 0.0000000000
69295  -36.542  -15.400  45.300 0.0000000000
69311  -39.225  -16.482  44.618 0.0000000000
70530  -44.118  -14.310  38.751 0.0000000000
70550  -45.724  -14.156  37.880 0.0000000000
71761  -45.351  -13.422  38.637 0.0000000000
71778  -46.443  -13.351  37.392 0.0000000000
71787  -46.240  -13.911  37.436 0.0000000000
71788  -46.708  -13.712  37.040 0.0000000000
71805  -48.135  -13.182  34.953 0.0000000000
73025  -46.985  -13.231  36.748 0.0000000000
73026  -47.333  -12.818  36.177 0.0000000000
73032  -47.732  -12.545  35.709 0.0000000000
74210  -44.567  -12.304  39.255 0.0000000000
74262  -48.110  -11.742  34.901 0.0000000000
74331  -49.878  -12.089  32.864 0.0000000000
74396  -51.336  -11.594  30.738 0.0000000000
75514  -43.811  -11.628  39.833 0.0000000000
75525  -44.234  -11.060  39.613 0.0000000000
75539  -44.500  -10.650  39.140 0.0000000000
75554  -41.528  -11.174  38.224 0.0000000000
75664  -51.447  -11.205  30.860 0.0000000000
75673  -52.093  -10.880  29.816 0.0000000000
76738  -41.390  -10.491  41.350 0.0000000000
76739  -42.082  -10.779  41.058 0.0000000000
76759  -43.688  -9.795  39.568 0.0000000000
76779  -45.244  -10.428  38.246 0.0000000000
76788  -41.872  -10.762  38.795 0.0000000000
76793  -46.218  -10.496  37.587 0.0000000000
76800  -43.886  -10.939  37.783 0.0000000000
76801  -44.603  -10.429  37.286 0.0000000000
76802  -46.650  -10.772  37.033 0.0000000000
76818  -47.695  -10.701  35.544 0.0000000000
76829  -47.743  -9.818  35.965 0.0000000000
76838  -48.442  -9.972  34.488 0.0000000000
76860  -50.629  -10.761  31.897 0.0000000000
76883  -52.296  -10.630  29.134 0.0000000000
77871  -39.747  -10.451  40.946 0.0000000000
77873  -41.057  -10.112  40.882 0.0000000000
77895  -41.078  -10.020  40.136 0.0000000000
77896  -41.659  -9.915  39.913 0.0000000000
77897  -42.539  -9.636  39.546 0.0000000000
77898  -43.665  -9.756  39.127 0.0000000000
77908  -40.764  -10.214  39.798 0.0000000000
77911  -43.587  -9.761  38.839 0.0000000000
77912  -44.378  -9.792  38.763 0.0000000000
77917  -43.090  -10.211  38.731 0.0000000000
77918  -43.514  -10.101  38.546 0.0000000000
77921  -46.067  -9.751  37.417 0.0000000000
77932  -45.464  -9.733  37.213 0.0000000000
77934  -47.329  -9.865  36.501 0.0000000000
77940  -45.901  -9.604  36.180 0.0000000000
77952  -46.402  -9.365  35.599 0.0000000000
77968  -48.957  -9.187  33.511 0.0000000000
77969  -48.915  -10.066  33.546 0.0000000000
77987  -50.244  -9.953  31.284 0.0000000000
77993  -50.910  -10.197  30.857 0.0000000000
78959  -43.072  -9.665  39.151 0.0000000000
78988  -46.849  -9.181  36.096 0.0000000000
78997  -48.034  -8.882  35.088 0.0000000000
79009  -46.915  -9.008  35.141 0.0000000000
79010  -47.429  -8.613  34.530 0.0000000000
79012  -48.366  -8.785  34.499 0.0000000000
79033  -48.947  -8.006  32.204 0.0000000000
79044  -49.582  -8.732  30.799 0.0000000000
80033  -47.721  -8.305  33.894 0.0000000000
80034  -47.914  -8.290  34.185 0.0000000000
80054  -48.635  -7.940  33.554 0.0000000000
80068  -47.955  -8.057  33.349 0.0000000000
80084  -48.417  -7.699  32.054 0.0000000000
80129  -48.914  -6.815  29.459 0.0000000000
81301  -50.160  -7.018  24.501 0.0000000000
81334  -54.009  -6.439  23.317 0.0000000000
82288  -48.676  -5.547  28.695 0.0000000000
82327  -49.156  -6.141  25.256 0.0000000000
82343  -52.661  -6.149  23.467 0.0000000000
83351  -48.808  -5.293  28.191 0.0000000000
83359  -49.564  -4.243  27.060 0.0000000000
83367  -49.763  -4.218  26.826 0.0000000000
84493  -50.247  -3.934  26.420 0.0000000000
84531  -52.543  -4.428  22.562 0.0000000000
85680  -49.962  -3.369  26.222 0.0000000000
85693  -50.292  -2.946  25.780 0.0000000000
85720  -51.380  -2.588  23.344 0.0000000000
85784  -54.848  -3.191  18.116 0.0000000000
86798  -49.872  -2.357  25.414 0.0000000000
86824  -51.053  -2.168  24.856 0.0000000000
87882  -50.906  -1.705  24.886 0.0000000000
87900  -51.091  -1.263  24.322 0.0000000000
87909  -50.439  -1.280  23.438 0.0000000000
87911  -51.711  -1.257  23.786 0.0000000000
87921  -52.304  -0.816  22.936 0.0000000000
88924  -51.114  -1.037  23.871 0.0000000000
88930  -51.555  -0.986  23.800 0.0000000000
88969  -54.136  -0.342  19.076 0.0000000000
89929  -52.392  0.248  21.941 0.0000000000
89936  -53.183  0.705  21.042 0.0000000000
89943  -53.301  0.997  20.516 0.0000000000
90967  -52.979  1.349  20.143 0.0000000000
151509  -19.351  -29.343  48.577 0.0000000000
155433  -48.826  -12.521  34.235 0.0000000000
155511  -32.950  -19.814  45.861 0.0000000000
156600  -49.686  -11.738  33.351 0.0000000000
157528  -46.592  -9.408  34.258 0.0000000000
160335  -48.818  -6.797  29.774 0.0000000000
163553  -46.493  -9.615  37.031 0.0000000000
163899  -39.722  -19.267  43.812 0.0000000000
166448  -37.339  -25.946  45.109 0.0000000000
166777  -49.550  -4.722  27.218 0.0000000000
167719  -36.004  -16.572  43.400 0.0000000000
169042  -39.340  -17.225  45.053 0.0000000000
169494  -46.450  -10.438  32.198 0.0000000000
171498  -33.258  -19.219  44.752 0.0000000000
172037  -43.377  -9.720  39.055 0.0000000000
172083  -37.188  -24.194  46.094 0.0000000000
172647  -54.914  -3.375  18.665 0.0000000000
172972  -51.638  -11.180  30.254 0.0000000000
173002  -38.194  -11.638  42.354 0.0000000000
173989  -36.257  -19.286  44.609 0.0000000000
177125  -45.742  -10.684  37.979 0.0000000000
178435  -34.029  -19.005  47.324 0.0000000000
178488  -48.707  -9.947  34.007 0.0000000000
179124  -32.432  -30.388  46.262 0.0000000000
179396  -43.448  -12.044  40.110 0.0000000000
179701  -38.386  -16.649  41.932 0.0000000000
180733  -47.055  -10.046  37.068 0.0000000000
181177  -48.421  -12.351  34.664 0.0000000000
181453  -33.388  -18.885  44.992 0.0000000000
181520  -42.767  -12.718  40.615 0.0000000000
