#!ascii label  , from subject sub-v2s1x29876_ses-1 vox2ras=TkReg
890
25033  -38.318  -55.642  -25.762 0.5000000000
23941  -38.313  -56.290  -23.499 0.8000000119
25000  -37.813  -55.391  -21.630 0.8000000119
23931  -38.166  -56.143  -22.740 0.8000000119
26108  -38.054  -55.187  -23.533 0.8000000119
163990  -38.593  -55.944  -26.163 0.5000000000
25027  -38.133  -55.711  -24.910 0.5000000000
25018  -37.748  -55.099  -24.458 0.6000000238
26079  -37.076  -54.254  -20.684 0.6999999881
27173  -37.441  -54.163  -21.691 0.6999999881
26107  -37.573  -54.532  -23.662 0.8000000119
26118  -37.368  -54.434  -24.819 0.6999999881
25034  -38.998  -55.789  -26.197 0.6000000238
154082  -38.442  -55.330  -25.894 0.5000000000
25032  -37.876  -54.802  -25.789 0.6000000238
27136  -35.738  -53.650  -19.003 0.6999999881
25026  -37.686  -54.997  -25.433 0.6000000238
174360  -37.674  -54.171  -25.927 0.6000000238
27148  -36.302  -54.124  -19.549 0.6999999881
26066  -36.738  -54.553  -20.115 0.6999999881
27186  -37.375  -53.959  -22.332 0.6999999881
26124  -37.482  -54.313  -25.612 0.6000000238
27225  -37.386  -53.716  -25.835 0.6000000238
27197  -37.240  -53.850  -23.177 0.8000000119
27205  -37.123  -53.824  -24.154 0.8000000119
27216  -37.058  -53.816  -25.188 0.6999999881
161684  -39.048  -54.096  -25.644 0.4000000060
26125  -38.102  -54.455  -25.873 0.6000000238
28116  -35.348  -52.996  -18.590 0.6999999881
27226  -37.675  -53.685  -26.072 0.6000000238
27161  -36.105  -53.331  -19.735 0.6999999881
27162  -36.581  -53.809  -20.222 0.6999999881
161167  -37.229  -54.035  -21.217 0.6999999881
27196  -36.805  -53.356  -22.656 0.6999999881
27204  -36.733  -53.260  -23.589 0.6000000238
27215  -36.698  -53.242  -24.600 0.6999999881
29116  -36.298  -51.936  -24.970 0.5000000000
28153  -36.489  -52.848  -22.111 0.6000000238
28159  -36.444  -52.698  -22.982 0.6000000238
28164  -36.418  -52.578  -23.971 0.6000000238
29110  -36.199  -51.899  -24.085 0.6000000238
29103  -36.208  -51.994  -23.274 0.6000000238
29976  -35.990  -51.309  -24.399 0.5000000000
167442  -39.153  -53.223  -25.426 0.4000000060
27123  -34.466  -53.121  -17.424 0.6999999881
27227  -38.265  -53.547  -25.798 0.6000000238
28180  -37.781  -52.838  -26.244 0.6000000238
28138  -36.327  -53.081  -20.496 0.6999999881
29123  -37.253  -52.301  -26.346 0.6000000238
28147  -36.481  -52.949  -21.291 0.6999999881
179335  -36.814  -52.101  -26.160 0.5000000000
29991  -36.508  -51.092  -26.050 0.6000000238
29089  -36.286  -52.377  -21.638 0.6999999881
29097  -36.207  -52.078  -22.354 0.6000000238
29983  -36.164  -51.108  -25.214 0.5000000000
164002  -36.284  -50.500  -25.587 0.5000000000
29109  -35.940  -51.366  -23.587 0.5000000000
28073  -31.825  -52.978  -15.273 0.6000000238
28074  -32.516  -52.616  -15.645 0.6000000238
28182  -39.785  -52.487  -25.233 0.5000000000
29125  -39.271  -51.812  -25.596 0.5000000000
28089  -33.598  -52.429  -16.624 0.6999999881
164722  -33.915  -53.110  -16.789 0.6999999881
28181  -38.739  -52.593  -25.584 0.5000000000
29124  -38.337  -52.009  -25.993 0.5000000000
30001  -38.299  -50.985  -26.897 0.4000000060
173196  -34.953  -52.574  -18.314 0.6999999881
29135  -37.970  -51.599  -26.631 0.5000000000
29066  -35.475  -52.140  -19.545 0.6999999881
28137  -35.865  -52.587  -20.032 0.6999999881
181315  -37.718  -51.319  -26.921 0.5000000000
28146  -36.065  -52.299  -20.889 0.6999999881
29088  -35.996  -51.814  -21.610 0.6000000238
29999  -36.884  -51.047  -26.707 0.5000000000
29096  -35.944  -51.435  -22.798 0.6000000238
30938  -36.519  -50.278  -26.222 0.5000000000
175155  -35.696  -50.924  -22.340 0.5000000000
29970  -35.720  -50.788  -23.103 0.5000000000
29975  -35.795  -50.740  -23.902 0.5000000000
30931  -36.135  -49.800  -25.521 0.5000000000
29982  -35.925  -50.726  -24.571 0.5000000000
31788  -36.155  -49.196  -25.864 0.3000000119
30945  -40.625  -49.881  -27.518 0.3000000119
28071  -30.283  -52.388  -15.366 0.6000000238
176544  -31.035  -52.649  -15.150 0.6000000238
30940  -40.125  -50.279  -26.978 0.4000000060
167084  -39.541  -49.997  -27.415 0.4000000060
29043  -33.783  -51.773  -17.220 0.6000000238
30006  -38.094  -50.485  -27.534 0.5000000000
29054  -34.658  -51.948  -18.294 0.6999999881
176986  -35.189  -51.877  -19.265 0.6999999881
30000  -37.439  -50.899  -27.157 0.5000000000
163276  -35.656  -51.545  -20.991 0.5000000000
30939  -36.902  -50.310  -27.041 0.5000000000
29965  -35.674  -51.189  -21.660 0.5000000000
31795  -36.539  -49.504  -26.570 0.4000000060
180279  -36.350  -49.683  -26.026 0.3000000119
32669  -36.241  -48.639  -26.315 0.4000000060
30913  -35.549  -49.481  -24.071 0.5000000000
30930  -35.776  -49.624  -24.793 0.4000000060
29015  -30.893  -51.846  -15.158 0.6000000238
29016  -31.776  -52.095  -15.310 0.6000000238
29017  -32.620  -51.881  -15.861 0.6000000238
29905  -33.324  -51.115  -16.954 0.6000000238
30948  -38.722  -49.578  -28.185 0.3000000119
30943  -38.023  -49.903  -27.946 0.4000000060
29053  -34.135  -51.459  -17.904 0.6000000238
31802  -38.030  -49.357  -28.214 0.3000000119
168106  -34.881  -51.610  -18.994 0.6000000238
32680  -37.270  -47.999  -28.035 0.3000000119
31801  -37.372  -49.420  -27.919 0.3000000119
29065  -35.171  -51.492  -19.665 0.6000000238
32679  -36.836  -47.982  -27.391 0.3000000119
171765  -37.002  -49.157  -27.585 0.3000000119
29950  -35.012  -50.887  -19.931 0.5000000000
29951  -35.353  -51.184  -20.381 0.5000000000
29960  -35.438  -50.827  -21.043 0.5000000000
32675  -36.389  -47.952  -26.704 0.3000000119
31800  -36.715  -48.784  -27.095 0.3000000119
30893  -35.479  -50.479  -21.740 0.5000000000
30899  -35.484  -50.155  -22.556 0.5000000000
32674  -35.848  -47.896  -26.080 0.3000000119
30898  -35.190  -49.733  -21.829 0.5000000000
31779  -35.534  -48.972  -24.535 0.4000000060
32668  -35.820  -48.506  -25.631 0.3000000119
28086  -29.388  -52.339  -16.544 0.5000000000
29014  -30.137  -51.621  -15.391 0.6000000238
158595  -31.411  -51.385  -15.262 0.5000000000
29921  -33.722  -51.094  -17.539 0.6000000238
29920  -33.406  -50.386  -17.469 0.5000000000
168025  -37.272  -46.640  -28.022 0.3000000119
29932  -34.442  -51.165  -18.544 0.6000000238
34563  -36.732  -46.433  -27.333 0.3000000119
33569  -36.549  -47.238  -27.032 0.3000000119
29942  -34.698  -50.874  -19.299 0.6000000238
30892  -35.185  -50.116  -21.106 0.5000000000
31753  -34.748  -48.974  -21.914 0.5000000000
31770  -35.346  -48.915  -23.945 0.4000000060
31769  -35.029  -48.556  -23.545 0.4000000060
29013  -29.570  -51.455  -15.738 0.5000000000
168087  -30.723  -50.984  -15.228 0.5000000000
29888  -31.569  -50.736  -15.497 0.5000000000
29889  -32.095  -51.308  -15.653 0.5000000000
29903  -32.274  -50.618  -16.028 0.5000000000
36651  -37.529  -44.658  -28.121 0.3000000119
34564  -37.130  -46.000  -27.779 0.3000000119
29931  -33.927  -50.736  -18.095 0.6000000238
29941  -34.222  -50.420  -18.765 0.6000000238
30870  -34.751  -50.321  -19.877 0.5000000000
165271  -34.824  -49.451  -21.177 0.5000000000
32661  -35.505  -48.394  -24.925 0.4000000060
32649  -34.821  -47.899  -23.836 0.4000000060
158898  -30.155  -50.294  -15.442 0.5000000000
30816  -31.037  -50.139  -15.489 0.5000000000
30817  -31.802  -50.066  -15.855 0.5000000000
36654  -38.180  -44.507  -28.686 0.4000000060
37757  -37.802  -44.072  -28.262 0.4000000060
30832  -32.833  -49.846  -17.103 0.5000000000
30860  -33.665  -49.862  -18.307 0.5000000000
36650  -37.018  -44.762  -27.537 0.4000000060
35575  -36.787  -45.530  -27.374 0.3000000119
30846  -33.189  -49.648  -17.695 0.4000000060
35573  -36.210  -45.742  -26.684 0.3000000119
166422  -34.032  -49.728  -19.100 0.4000000060
31736  -34.510  -49.177  -20.554 0.4000000060
32643  -34.650  -48.096  -23.091 0.4000000060
30830  -28.914  -50.194  -16.064 0.5000000000
30815  -30.436  -49.399  -15.541 0.5000000000
31662  -31.419  -49.446  -15.795 0.5000000000
37758  -38.303  -43.746  -28.723 0.4000000060
31681  -32.347  -49.379  -16.785 0.5000000000
31680  -31.861  -48.988  -16.329 0.4000000060
37754  -37.337  -44.064  -27.749 0.4000000060
37753  -36.754  -44.120  -27.166 0.4000000060
31699  -32.762  -49.164  -17.430 0.4000000060
31724  -33.632  -49.111  -18.901 0.4000000060
36648  -36.481  -44.882  -26.943 0.4000000060
174119  -33.935  -49.142  -19.487 0.4000000060
31735  -34.079  -48.835  -20.083 0.4000000060
31745  -34.262  -48.536  -20.743 0.4000000060
32627  -34.289  -48.315  -21.492 0.4000000060
32642  -34.267  -47.641  -22.673 0.4000000060
33546  -34.578  -47.170  -24.082 0.4000000060
33540  -34.445  -47.453  -23.362 0.4000000060
30829  -28.529  -49.527  -16.508 0.5000000000
168756  -29.524  -49.780  -15.662 0.4000000060
38815  -38.052  -42.921  -27.804 0.4000000060
150986  -37.834  -43.530  -28.089 0.4000000060
171212  -33.174  -48.983  -18.196 0.4000000060
153151  -36.265  -44.259  -26.562 0.4000000060
31723  -33.322  -48.505  -18.850 0.4000000060
32607  -33.629  -48.455  -19.542 0.4000000060
33554  -34.711  -46.740  -24.864 0.3000000119
32636  -34.497  -48.245  -22.314 0.4000000060
31679  -28.947  -49.296  -15.971 0.4000000060
31660  -30.316  -48.609  -15.654 0.5000000000
32573  -31.251  -47.999  -16.106 0.4000000060
37749  -37.309  -43.392  -27.292 0.4000000060
32574  -31.756  -48.280  -16.495 0.4000000060
31698  -32.268  -48.693  -17.021 0.4000000060
167827  -32.157  -47.929  -17.233 0.4000000060
32587  -32.682  -48.405  -17.728 0.4000000060
32597  -32.955  -48.146  -18.467 0.4000000060
32606  -33.162  -47.911  -19.180 0.4000000060
32619  -33.830  -48.192  -20.362 0.4000000060
166813  -33.893  -47.837  -21.386 0.4000000060
34536  -34.241  -46.441  -24.235 0.4000000060
171628  -34.035  -47.143  -22.983 0.4000000060
33545  -34.098  -46.825  -23.561 0.4000000060
158952  -28.976  -48.369  -15.985 0.4000000060
33456  -30.454  -47.429  -15.834 0.4000000060
33476  -31.570  -47.516  -16.586 0.4000000060
33490  -32.064  -47.188  -17.365 0.4000000060
33491  -32.580  -47.542  -18.026 0.4000000060
160257  -32.992  -47.211  -19.351 0.4000000060
34544  -34.364  -46.054  -24.764 0.4000000060
34505  -33.053  -46.826  -20.054 0.4000000060
33519  -33.682  -47.681  -20.841 0.4000000060
33524  -33.392  -47.042  -20.750 0.4000000060
33525  -33.669  -47.248  -21.539 0.4000000060
33532  -33.819  -47.180  -22.378 0.4000000060
33455  -29.800  -47.219  -15.838 0.4000000060
34470  -30.997  -46.949  -16.164 0.4000000060
34471  -31.632  -46.779  -16.819 0.4000000060
34487  -32.012  -46.529  -17.476 0.4000000060
33501  -32.385  -46.856  -17.927 0.4000000060
34493  -32.339  -46.279  -18.116 0.4000000060
33502  -32.706  -46.826  -18.621 0.4000000060
33512  -32.835  -46.481  -19.391 0.4000000060
34535  -33.736  -46.128  -23.738 0.3000000119
34521  -33.447  -46.564  -22.085 0.4000000060
34528  -33.650  -46.515  -22.946 0.4000000060
33454  -29.182  -46.984  -16.050 0.4000000060
34447  -30.623  -46.303  -15.982 0.4000000060
34446  -29.834  -46.409  -15.890 0.4000000060
157534  -31.219  -46.286  -16.479 0.4000000060
163396  -31.716  -46.219  -16.971 0.4000000060
173144  -32.886  -46.195  -19.992 0.4000000060
35561  -34.269  -45.355  -24.987 0.4000000060
34543  -33.896  -45.764  -24.420 0.3000000119
34512  -33.021  -46.251  -20.735 0.4000000060
34527  -33.101  -45.931  -22.639 0.5000000000
34534  -33.317  -45.823  -23.296 0.4000000060
34520  -33.014  -45.911  -21.730 0.5000000000
35494  -29.409  -45.589  -16.007 0.4000000060
35495  -30.297  -45.644  -15.971 0.4000000060
35496  -30.910  -45.772  -16.253 0.4000000060
36555  -30.954  -44.994  -16.361 0.4000000060
35497  -31.466  -45.694  -16.742 0.4000000060
35523  -32.778  -45.582  -20.247 0.4000000060
171708  -32.800  -45.350  -22.429 0.5000000000
35493  -28.828  -45.230  -16.330 0.4000000060
36554  -30.010  -44.892  -15.955 0.4000000060
157035  -30.475  -44.162  -16.070 0.4000000060
35530  -32.795  -45.412  -21.030 0.4000000060
35537  -32.654  -45.072  -21.814 0.5000000000
36552  -28.613  -44.595  -16.477 0.4000000060
37631  -29.098  -43.912  -16.140 0.4000000060
35529  -32.525  -44.795  -21.230 0.5000000000
39720  -27.614  -42.383  -17.084 0.4000000060
37630  -28.357  -43.847  -16.657 0.4000000060
38669  -28.032  -43.104  -16.864 0.4000000060
167638  -29.373  -43.129  -16.011 0.4000000060
164969  -30.168  -42.990  -16.006 0.5000000000
37643  -27.774  -43.818  -17.318 0.4000000060
31754  -35.171  -49.424  -22.561 0.5000000000
31761  -34.859  -48.773  -22.807 0.5000000000
32650  -35.242  -48.387  -24.232 0.4000000060
153089  -38.326  -57.078  -26.157 0.5000000000
23922  -37.953  -56.050  -22.037 0.8000000119
24990  -37.363  -55.403  -20.942 0.8000000119
24979  -36.796  -55.367  -20.217 0.6999999881
25038  -39.562  -56.380  -26.334 0.5000000000
26048  -36.363  -54.927  -19.546 0.6999999881
23952  -40.589  -56.588  -26.074 0.5000000000
26014  -35.034  -54.493  -18.095 0.6999999881
27228  -40.017  -53.524  -25.375 0.4000000060
25035  -40.058  -55.620  -25.976 0.4000000060
168394  -34.757  -53.755  -17.718 0.6999999881
27109  -33.213  -53.060  -16.069 0.6999999881
158425  -40.698  -52.777  -25.192 0.4000000060
29126  -40.348  -51.706  -25.584 0.4000000060
28072  -31.158  -53.401  -15.238 0.6000000238
28103  -29.690  -53.237  -16.979 0.6000000238
28102  -29.421  -52.486  -17.538 0.5000000000
29042  -29.023  -51.674  -17.039 0.5000000000
166114  -28.846  -50.956  -16.545 0.5000000000
29902  -28.542  -50.258  -16.891 0.4000000060
157012  -28.269  -49.102  -17.772 0.4000000060
31678  -28.595  -48.860  -16.294 0.4000000060
155862  -28.192  -48.116  -17.313 0.4000000060
32571  -28.348  -47.492  -16.819 0.4000000060
34469  -29.116  -46.333  -16.131 0.4000000060
34468  -28.696  -45.907  -16.426 0.4000000060
35505  -28.265  -45.322  -16.872 0.4000000060
35504  -27.823  -45.068  -17.515 0.4000000060
38668  -27.437  -43.128  -17.561 0.4000000060
22886  -38.153  -56.800  -23.201 0.8000000119
26091  -38.003  -54.974  -22.862 0.8000000119
26126  -39.021  -55.038  -25.914 0.5000000000
26067  -37.180  -54.847  -20.602 0.6999999881
27172  -36.778  -53.596  -20.924 0.6999999881
27224  -36.823  -53.240  -25.544 0.6999999881
28189  -37.692  -52.112  -26.508 0.6000000238
28178  -36.725  -52.499  -25.802 0.6000000238
28169  -36.489  -52.656  -24.938 0.6000000238
28104  -34.115  -52.505  -17.265 0.6999999881
29134  -37.402  -51.579  -26.682 0.5000000000
28088  -33.075  -52.356  -16.094 0.6000000238
29992  -39.904  -51.150  -25.930 0.5000000000
29136  -38.839  -51.347  -26.191 0.5000000000
30944  -38.759  -50.051  -27.763 0.3000000119
30906  -35.565  -50.052  -23.455 0.5000000000
29904  -32.855  -50.515  -16.713 0.6000000238
30881  -34.790  -49.867  -20.489 0.5000000000
31762  -35.306  -49.256  -23.328 0.5000000000
31746  -34.541  -48.873  -21.167 0.4000000060
32660  -35.087  -47.653  -24.645 0.4000000060
32635  -34.026  -47.767  -21.980 0.4000000060
32618  -33.393  -47.615  -20.016 0.4000000060
32572  -28.747  -47.579  -16.220 0.4000000060
34513  -33.334  -46.614  -21.357 0.4000000060
37632  -29.892  -43.652  -15.960 0.4000000060
18344  -26.658  -61.014  -24.438 0.4000000060
18334  -27.609  -61.293  -23.363 0.4000000060
19120  -27.918  -60.827  -23.331 0.4000000060
19121  -28.666  -60.793  -22.865 0.4000000060
19141  -28.034  -59.703  -24.622 0.4000000060
19142  -28.790  -59.737  -24.598 0.4000000060
19131  -29.208  -60.289  -23.633 0.4000000060
20016  -30.289  -59.500  -24.751 0.4000000060
19145  -31.960  -60.234  -24.369 0.5000000000
156607  -28.152  -59.488  -24.738 0.4000000060
20014  -28.663  -59.285  -24.842 0.4000000060
20023  -29.817  -59.433  -24.758 0.5000000000
20017  -31.142  -59.620  -24.639 0.5000000000
20960  -32.285  -59.668  -24.643 0.6000000238
181098  -27.680  -59.288  -23.666 0.4000000060
20938  -28.802  -58.918  -23.949 0.4000000060
20939  -29.573  -58.949  -24.069 0.4000000060
173019  -31.873  -59.838  -24.560 0.5000000000
160046  -40.618  -54.132  -25.484 0.3000000119
27229  -40.995  -53.533  -25.340 0.4000000060
29993  -41.153  -51.075  -25.949 0.3000000119
19152  -33.163  -60.459  -24.803 0.5000000000
21908  -40.105  -58.238  -26.267 0.5000000000
22908  -40.694  -57.076  -26.111 0.4000000060
20919  -29.088  -59.229  -21.272 0.4000000060
20950  -30.430  -59.072  -24.511 0.5000000000
20959  -31.344  -59.301  -24.698 0.5000000000
20932  -29.006  -59.011  -22.168 0.4000000060
20025  -33.142  -60.212  -24.923 0.6000000238
20026  -34.118  -60.389  -25.271 0.6000000238
20027  -34.983  -60.333  -25.734 0.6999999881
22906  -39.628  -57.726  -26.587 0.5000000000
19154  -34.864  -60.528  -25.504 0.6999999881
20034  -37.364  -60.378  -26.214 0.6999999881
20973  -39.055  -59.162  -26.436 0.6999999881
20033  -36.463  -60.334  -26.160 0.6999999881
20968  -36.961  -59.859  -26.224 0.6999999881
20951  -31.412  -58.789  -24.213 0.5000000000
178186  -32.057  -58.976  -24.431 0.6000000238
170400  -32.784  -59.363  -24.623 0.6000000238
20953  -34.051  -59.119  -24.432 0.6000000238
176087  -30.115  -58.875  -22.460 0.4000000060
20933  -30.908  -58.784  -22.560 0.5000000000
20942  -32.172  -58.586  -23.814 0.6000000238
20961  -33.572  -59.750  -24.865 0.6000000238
20954  -34.912  -59.183  -24.638 0.6000000238
20967  -35.294  -59.893  -25.564 0.6000000238
30003  -40.847  -50.683  -26.521 0.3000000119
20962  -34.451  -59.912  -25.195 0.6000000238
20963  -36.163  -59.893  -25.846 0.6999999881
22905  -38.891  -57.785  -26.658 0.6000000238
23956  -39.060  -56.973  -26.554 0.5000000000
20922  -31.910  -58.813  -21.017 0.6000000238
21863  -32.472  -58.527  -21.601 0.6000000238
21876  -32.957  -58.285  -22.004 0.6999999881
21883  -33.632  -58.277  -22.785 0.6000000238
21890  -33.795  -58.585  -23.558 0.6000000238
20921  -31.186  -58.948  -21.314 0.5000000000
20941  -31.619  -58.580  -23.275 0.6000000238
20955  -35.916  -59.031  -24.780 0.6000000238
21896  -36.843  -59.029  -25.472 0.6999999881
21897  -37.499  -58.478  -25.535 0.6999999881
21902  -37.471  -59.070  -26.186 0.6999999881
23955  -38.597  -57.204  -26.491 0.6000000238
22901  -38.371  -57.883  -26.407 0.6999999881
21850  -32.526  -58.531  -20.691 0.6000000238
21864  -33.146  -58.204  -21.190 0.6999999881
151612  -34.220  -57.969  -21.594 0.6999999881
152757  -34.101  -58.106  -22.247 0.6999999881
158823  -35.091  -58.247  -22.904 0.6000000238
23947  -38.314  -56.535  -25.389 0.5000000000
163159  -36.826  -58.374  -24.220 0.6999999881
177605  -37.381  -58.235  -24.756 0.6999999881
22898  -38.160  -57.434  -25.439 0.6000000238
22854  -35.783  -57.185  -20.923 0.6999999881
22871  -37.535  -56.670  -21.876 0.6999999881
21866  -34.734  -57.782  -21.350 0.6999999881
21879  -35.598  -57.875  -22.177 0.6000000238
22884  -37.151  -57.240  -22.316 0.5000000000
21878  -34.767  -57.981  -22.077 0.6999999881
21886  -36.846  -57.834  -23.111 0.6999999881
22892  -38.264  -56.982  -24.216 0.5000000000
21892  -35.423  -58.618  -23.748 0.6000000238
21887  -37.733  -57.616  -23.815 0.6999999881
21893  -37.928  -57.776  -24.871 0.6000000238
22855  -36.561  -56.880  -21.056 0.6999999881
23921  -37.550  -56.025  -21.380 0.6999999881
23913  -36.981  -56.143  -20.710 0.6999999881
22872  -37.933  -56.615  -22.467 0.6999999881
22907  -40.277  -57.682  -26.222 0.5000000000
22885  -37.612  -57.162  -22.831 0.6000000238
172969  -27.465  -60.313  -24.329 0.4000000060
19144  -30.939  -60.025  -24.172 0.4000000060
157376  -28.574  -58.960  -22.944 0.4000000060
20948  -28.978  -59.052  -24.614 0.4000000060
177132  -30.232  -58.784  -23.473 0.4000000060
151844  -29.414  -58.876  -22.963 0.4000000060
20035  -38.296  -60.236  -26.263 0.6999999881
21903  -38.058  -58.857  -26.475 0.6999999881
20952  -33.301  -58.936  -24.205 0.6000000238
21891  -34.588  -58.666  -23.675 0.6000000238
20934  -31.778  -58.702  -22.055 0.6999999881
21875  -32.446  -58.418  -22.699 0.6000000238
21884  -34.314  -58.289  -22.877 0.6000000238
21867  -35.327  -57.653  -21.469 0.6999999881
21885  -35.916  -58.118  -22.960 0.6000000238
22869  -36.091  -57.439  -21.568 0.6000000238
154290  -33.657  -58.008  -20.600 0.5000000000
20909  -30.557  -59.184  -20.542 0.4000000060
20911  -32.025  -58.812  -20.273 0.5000000000
21852  -34.029  -57.755  -20.086 0.6000000238
20901  -30.244  -59.473  -19.545 0.4000000060
20893  -30.697  -59.325  -18.774 0.5000000000
20902  -31.037  -59.201  -19.585 0.5000000000
21839  -32.478  -58.566  -19.750 0.5000000000
21841  -33.685  -57.750  -19.473 0.5000000000
22832  -33.952  -57.274  -19.021 0.5000000000
21851  -33.064  -58.214  -20.296 0.5000000000
22853  -35.033  -57.441  -20.830 0.6000000238
22844  -35.445  -56.940  -20.294 0.5000000000
22842  -34.195  -57.454  -19.594 0.5000000000
22834  -35.133  -56.663  -19.657 0.6999999881
23890  -34.879  -56.335  -19.014 0.6000000238
24966  -35.778  -55.299  -19.131 0.6000000238
20892  -29.890  -59.507  -18.644 0.5000000000
20894  -31.458  -58.962  -18.754 0.5000000000
21827  -32.066  -58.559  -18.336 0.5000000000
21828  -33.280  -57.709  -18.725 0.5000000000
155496  -32.637  -58.325  -18.871 0.5000000000
23902  -36.458  -56.024  -20.149 0.6000000238
22819  -34.310  -56.687  -18.659 0.6000000238
23876  -34.632  -55.937  -18.312 0.5000000000
24953  -35.461  -54.908  -18.598 0.6000000238
20880  -30.462  -58.941  -17.544 0.5000000000
21814  -31.897  -58.324  -17.546 0.5000000000
22805  -32.293  -57.736  -17.106 0.5000000000
181767  -32.637  -57.949  -17.967 0.5000000000
22807  -33.463  -56.840  -17.628 0.5000000000
23892  -36.195  -55.666  -19.651 0.6000000238
23875  -34.035  -56.424  -17.975 0.5000000000
24952  -35.006  -55.259  -18.301 0.6000000238
20865  -29.792  -58.817  -17.076 0.5000000000
21813  -31.151  -58.640  -17.292 0.5000000000
21799  -30.878  -58.168  -16.634 0.5000000000
22790  -31.230  -57.554  -16.273 0.5000000000
23833  -31.092  -56.180  -15.790 0.6000000238
22791  -31.908  -57.364  -16.516 0.4000000060
24902  -30.557  -55.470  -15.730 0.4000000060
23847  -32.102  -56.762  -16.301 0.5000000000
23861  -33.052  -56.605  -16.989 0.5000000000
22806  -32.877  -57.280  -17.388 0.4000000060
25972  -30.839  -54.596  -15.582 0.4000000060
24903  -31.390  -55.360  -15.640 0.5000000000
23835  -32.551  -55.779  -16.108 0.5000000000
151217  -30.349  -54.263  -15.749 0.4000000060
24924  -33.509  -55.249  -16.689 0.6000000238
24938  -34.091  -55.229  -17.293 0.6000000238
26013  -34.468  -54.489  -17.458 0.6000000238
27122  -34.215  -53.786  -17.100 0.6000000238
23834  -31.939  -56.098  -15.938 0.5000000000
181789  -31.250  -54.027  -15.367 0.5000000000
25973  -31.711  -54.593  -15.504 0.5000000000
24904  -32.197  -55.266  -15.771 0.5000000000
27088  -30.235  -53.708  -15.788 0.4000000060
27089  -30.673  -53.824  -15.461 0.5000000000
153746  -32.898  -53.843  -15.827 0.6000000238
25994  -33.268  -54.541  -16.219 0.6000000238
164875  -33.605  -53.806  -16.451 0.6000000238
28115  -29.832  -53.409  -18.036 0.3000000119
27121  -29.895  -54.006  -17.551 0.4000000060
27108  -29.875  -53.836  -16.452 0.4000000060
157068  -30.456  -53.146  -15.357 0.5000000000
27091  -32.516  -53.264  -15.563 0.5000000000
29918  -28.494  -50.220  -17.848 0.3000000119
29930  -28.789  -50.801  -18.417 0.3000000119
29919  -28.710  -50.951  -17.467 0.4000000060
29052  -29.164  -51.671  -18.171 0.4000000060
31713  -28.206  -48.852  -18.392 0.3000000119
32586  -28.038  -47.404  -17.623 0.3000000119
167598  -28.178  -48.611  -17.758 0.3000000119
168357  -27.821  -47.254  -18.497 0.3000000119
33473  -28.144  -46.890  -17.092 0.3000000119
166292  -27.845  -46.569  -17.830 0.3000000119
157511  -27.631  -45.978  -18.314 0.3000000119
35510  -27.510  -45.251  -18.266 0.3000000119
36564  -27.586  -44.499  -17.789 0.3000000119
28087  -29.866  -52.957  -15.941 0.5000000000
30858  -28.352  -49.538  -18.221 0.3000000119
22845  -36.240  -56.611  -20.447 0.5000000000
156230  -32.103  -58.728  -19.050 0.5000000000
23862  -33.662  -56.030  -17.264 0.5000000000
25995  -33.889  -54.516  -16.852 0.6000000238
22902  -40.615  -57.821  -25.860 0.3000000119
151734  -38.013  -60.560  -26.102 0.6000000238
20970  -39.314  -59.423  -26.169 0.6000000238
27217  -42.969  -53.507  -24.655 0.3000000119
27231  -42.491  -53.675  -25.103 0.3000000119
154301  -42.157  -54.348  -25.351 0.3000000119
158630  -41.402  -54.256  -25.539 0.3000000119
25028  -42.197  -55.854  -25.184 0.3000000119
25036  -41.359  -55.982  -25.808 0.3000000119
26128  -40.861  -54.925  -25.662 0.3000000119
20965  -39.281  -59.369  -25.737 0.6000000238
20966  -39.950  -58.848  -25.937 0.5000000000
168802  -43.193  -52.994  -24.278 0.3000000119
153036  -42.346  -52.980  -25.149 0.3000000119
27230  -41.822  -53.619  -25.309 0.3000000119
157355  -41.555  -52.906  -25.183 0.3000000119
23954  -41.796  -56.374  -25.512 0.3000000119
23953  -41.306  -56.850  -25.754 0.3000000119
21905  -40.661  -57.885  -25.673 0.4000000060
172636  -29.868  -59.154  -21.120 0.4000000060
29112  -42.799  -51.948  -24.331 0.3000000119
28171  -42.812  -52.760  -24.785 0.3000000119
28185  -42.506  -52.146  -25.201 0.3000000119
28184  -42.224  -52.314  -25.309 0.3000000119
18338  -30.831  -61.088  -21.832 0.5000000000
18339  -31.524  -61.229  -21.771 0.5000000000
18335  -28.257  -61.405  -22.408 0.4000000060
18336  -29.047  -61.267  -21.966 0.4000000060
18337  -29.954  -61.251  -21.601 0.4000000060
18324  -30.784  -61.530  -21.022 0.5000000000
19136  -34.241  -60.757  -23.147 0.5000000000
19134  -32.850  -60.951  -22.742 0.5000000000
162290  -31.392  -60.874  -22.624 0.5000000000
19124  -32.133  -61.005  -22.483 0.5000000000
19122  -29.552  -60.787  -22.511 0.4000000060
151956  -37.097  -60.022  -23.898 0.6000000238
20010  -35.689  -60.600  -24.040 0.6000000238
19148  -34.210  -60.805  -24.272 0.5000000000
158307  -33.086  -60.808  -23.734 0.5000000000
19132  -30.184  -60.370  -23.348 0.3000000119
19133  -31.616  -60.549  -23.560 0.4000000060
154783  -32.336  -60.722  -23.516 0.5000000000
20019  -37.688  -59.951  -24.402 0.6000000238
19150  -35.728  -60.719  -24.957 0.6000000238
19155  -35.414  -60.652  -25.469 0.6000000238
19146  -32.800  -60.546  -24.430 0.4000000060
19147  -33.492  -60.684  -24.608 0.5000000000
20958  -39.115  -59.128  -24.753 0.6000000238
23948  -41.960  -56.281  -25.072 0.3000000119
21901  -40.640  -58.057  -25.160 0.4000000060
20028  -36.850  -60.685  -25.567 0.6000000238
167029  -34.175  -60.606  -25.061 0.4000000060
179054  -42.287  -55.744  -24.650 0.3000000119
181335  -42.774  -54.712  -24.620 0.3000000119
22899  -41.180  -57.403  -25.202 0.3000000119
21899  -39.811  -58.811  -25.256 0.5000000000
19156  -36.109  -60.626  -25.595 0.6000000238
20020  -38.061  -60.366  -25.514 0.6000000238
20018  -36.465  -60.576  -24.686 0.6000000238
22893  -40.612  -57.512  -24.485 0.3000000119
20956  -37.688  -59.488  -23.365 0.5000000000
20944  -38.260  -58.912  -22.914 0.5000000000
20957  -38.349  -59.499  -24.289 0.5000000000
21881  -38.804  -58.294  -22.397 0.4000000060
20945  -38.919  -58.693  -23.544 0.5000000000
20943  -37.648  -59.065  -22.232 0.5000000000
20012  -37.078  -59.605  -22.721 0.5000000000
22873  -39.847  -57.386  -22.209 0.4000000060
21888  -39.451  -57.899  -22.968 0.4000000060
19137  -34.942  -60.665  -23.569 0.5000000000
20011  -36.395  -60.070  -23.318 0.5000000000
21895  -40.034  -57.730  -23.790 0.4000000060
12751  -30.177  -68.052  -23.178 0.3000000119
12050  -30.294  -68.645  -23.812 0.3000000119
12752  -30.763  -68.274  -22.709 0.3000000119
13458  -30.561  -67.347  -21.630 0.3000000119
13452  -31.674  -67.146  -20.946 0.4000000060
12734  -30.295  -67.640  -22.367 0.3000000119
13457  -30.146  -67.029  -21.981 0.3000000119
13444  -32.548  -66.453  -20.390 0.4000000060
13443  -31.300  -66.693  -20.535 0.4000000060
14186  -30.658  -66.586  -20.650 0.3000000119
14998  -29.665  -65.762  -21.995 0.3000000119
14973  -32.833  -65.503  -19.654 0.4000000060
14960  -32.434  -64.949  -19.290 0.4000000060
14164  -31.307  -65.642  -19.678 0.4000000060
14173  -30.343  -66.050  -20.575 0.4000000060
174267  -30.121  -65.437  -20.442 0.4000000060
16668  -36.246  -63.098  -19.738 0.3000000119
15800  -33.616  -64.176  -19.284 0.4000000060
16665  -33.960  -63.431  -19.252 0.4000000060
15799  -32.754  -64.244  -19.202 0.4000000060
163009  -31.585  -63.814  -19.275 0.4000000060
14957  -30.563  -64.361  -19.539 0.4000000060
15816  -29.998  -64.235  -20.033 0.4000000060
18302  -37.037  -61.428  -19.803 0.3000000119
170319  -35.267  -62.638  -19.395 0.4000000060
170528  -33.860  -62.105  -19.454 0.4000000060
17508  -34.314  -62.705  -19.302 0.4000000060
17506  -32.875  -62.665  -19.373 0.4000000060
18296  -32.464  -62.255  -19.635 0.4000000060
17504  -31.581  -63.146  -19.417 0.4000000060
17520  -31.728  -62.435  -19.706 0.4000000060
179446  -30.364  -63.892  -19.665 0.4000000060
16680  -30.100  -63.377  -19.971 0.4000000060
19100  -36.401  -60.603  -20.110 0.4000000060
175274  -35.454  -61.220  -19.799 0.4000000060
170223  -32.809  -61.708  -20.227 0.4000000060
18311  -32.022  -61.902  -20.202 0.4000000060
17519  -30.011  -62.549  -20.325 0.4000000060
16681  -30.856  -62.673  -19.858 0.4000000060
15832  -29.215  -64.240  -21.367 0.4000000060
19099  -35.353  -60.861  -20.211 0.4000000060
18312  -34.131  -61.212  -20.190 0.4000000060
18327  -33.447  -61.279  -20.680 0.4000000060
18326  -32.771  -61.334  -21.222 0.4000000060
18309  -30.532  -62.051  -20.368 0.4000000060
18325  -31.661  -61.565  -20.957 0.4000000060
19113  -35.299  -60.511  -20.721 0.4000000060
19127  -34.968  -60.457  -22.219 0.4000000060
20936  -38.255  -58.606  -21.816 0.4000000060
20005  -35.733  -60.090  -21.654 0.4000000060
20006  -36.474  -59.764  -21.998 0.4000000060
21882  -39.343  -57.783  -21.935 0.3000000119
181736  -40.190  -57.101  -22.342 0.3000000119
19125  -32.646  -61.133  -21.993 0.4000000060
22887  -40.580  -56.783  -22.617 0.3000000119
14175  -31.790  -66.209  -20.072 0.4000000060
14165  -32.077  -65.566  -19.576 0.4000000060
163663  -31.994  -64.343  -19.221 0.4000000060
14958  -30.896  -65.029  -19.518 0.4000000060
161110  -36.018  -62.201  -19.504 0.4000000060
16666  -34.849  -63.415  -19.370 0.4000000060
17510  -37.402  -62.212  -20.004 0.3000000119
169835  -33.019  -63.391  -19.220 0.4000000060
19101  -37.153  -60.699  -19.983 0.3000000119
18300  -35.951  -61.469  -19.648 0.4000000060
18299  -35.333  -61.771  -19.535 0.4000000060
179755  -34.177  -61.615  -19.665 0.4000000060
161009  -36.663  -60.117  -20.360 0.4000000060
19112  -34.768  -60.615  -21.265 0.4000000060
18310  -31.240  -61.981  -20.291 0.4000000060
19110  -33.355  -61.066  -21.822 0.4000000060
19997  -37.044  -59.504  -21.138 0.4000000060
14975  -34.768  -65.208  -20.709 0.3000000119
13454  -33.640  -66.564  -21.795 0.3000000119
13460  -33.041  -67.230  -21.881 0.3000000119
14187  -33.342  -66.451  -20.873 0.3000000119
14974  -33.776  -65.473  -20.120 0.3000000119
13453  -32.650  -66.975  -21.050 0.3000000119
14176  -33.102  -66.010  -20.215 0.3000000119
15802  -35.430  -64.082  -19.794 0.3000000119
14962  -34.182  -64.801  -19.679 0.3000000119
16667  -35.616  -63.444  -19.596 0.3000000119
19985  -37.329  -59.919  -20.323 0.3000000119
20923  -37.536  -59.414  -20.633 0.3000000119
20935  -37.741  -59.014  -21.231 0.3000000119
21868  -38.865  -58.164  -21.492 0.3000000119
176043  -36.810  -63.115  -20.090 0.3000000119
169330  -36.970  -59.709  -20.631 0.3000000119
12721  -31.228  -67.549  -21.433 0.4000000060
12765  -29.767  -68.009  -23.944 0.3000000119
13450  -30.191  -66.554  -21.331 0.3000000119
13451  -30.869  -67.032  -21.035 0.3000000119
14174  -30.966  -66.175  -20.209 0.4000000060
14197  -29.775  -66.390  -22.275 0.3000000119
14959  -31.666  -65.007  -19.345 0.4000000060
14961  -33.253  -64.880  -19.422 0.4000000060
14971  -30.219  -64.966  -19.941 0.4000000060
14972  -30.576  -65.609  -19.983 0.4000000060
14987  -29.906  -65.617  -21.129 0.4000000060
15798  -31.262  -64.367  -19.330 0.4000000060
15801  -34.533  -64.138  -19.465 0.3000000119
15815  -29.443  -63.853  -20.528 0.4000000060
15817  -35.106  -64.685  -20.202 0.3000000119
15833  -29.671  -64.807  -20.693 0.4000000060
16663  -30.891  -63.645  -19.495 0.4000000060
16664  -32.195  -63.628  -19.215 0.4000000060
17505  -32.288  -62.882  -19.354 0.4000000060
17507  -33.511  -62.729  -19.308 0.4000000060
17509  -36.748  -62.591  -19.826 0.3000000119
17518  -29.473  -63.098  -20.453 0.4000000060
17554  -26.176  -61.697  -25.168 0.4000000060
18297  -33.162  -62.141  -19.549 0.4000000060
18298  -34.595  -61.988  -19.452 0.4000000060
18301  -36.588  -61.791  -19.666 0.4000000060
18313  -34.805  -61.297  -19.834 0.4000000060
18314  -37.614  -61.512  -19.973 0.3000000119
18323  -29.946  -61.867  -20.812 0.5000000000
18340  -32.164  -61.290  -21.576 0.4000000060
19092  -35.910  -60.909  -19.982 0.4000000060
19093  -36.489  -61.114  -19.802 0.4000000060
19098  -34.737  -60.850  -20.488 0.4000000060
19111  -34.103  -60.921  -21.030 0.4000000060
19123  -30.471  -60.788  -22.443 0.5000000000
19126  -34.170  -60.763  -22.035 0.4000000060
19130  -28.220  -60.184  -24.213 0.4000000060
19135  -33.554  -60.868  -22.884 0.5000000000
19143  -30.021  -60.106  -23.946 0.4000000060
19149  -34.969  -60.786  -24.832 0.5000000000
19151  -32.602  -60.216  -24.625 0.5000000000
19153  -33.611  -60.476  -24.999 0.4000000060
19157  -36.723  -60.540  -25.996 0.6999999881
19158  -35.520  -60.417  -25.816 0.6999999881
19159  -36.102  -60.382  -26.014 0.6000000238
19984  -35.945  -60.407  -20.448 0.4000000060
19986  -38.022  -59.716  -20.306 0.3000000119
19995  -35.719  -60.224  -20.968 0.4000000060
19996  -36.347  -59.916  -20.960 0.4000000060
20007  -37.169  -59.320  -21.789 0.4000000060
20015  -29.347  -59.413  -24.875 0.4000000060
20021  -28.786  -59.296  -24.914 0.4000000060
20022  -29.094  -59.343  -24.887 0.4000000060
20024  -30.583  -59.379  -24.815 0.5000000000
20029  -37.434  -60.603  -25.887 0.6000000238
20030  -38.475  -60.432  -26.032 0.6000000238
20031  -38.876  -60.117  -26.108 0.6000000238
20032  -35.730  -60.304  -25.968 0.6999999881
20036  -38.827  -59.843  -26.312 0.6000000238
20881  -30.952  -58.987  -18.065 0.5000000000
20882  -31.516  -58.743  -17.962 0.5000000000
20903  -31.765  -58.929  -19.619 0.5000000000
20910  -31.430  -59.035  -20.367 0.4000000060
20918  -28.407  -59.163  -22.011 0.4000000060
20920  -30.384  -58.984  -21.614 0.5000000000
20931  -27.930  -59.156  -22.876 0.4000000060
20937  -28.128  -59.084  -23.827 0.4000000060
20940  -30.940  -58.736  -23.722 0.5000000000
20947  -28.415  -59.251  -24.705 0.4000000060
20949  -29.330  -59.008  -24.768 0.4000000060
20964  -38.764  -60.050  -25.597 0.6000000238
20969  -37.738  -59.711  -26.393 0.6999999881
20971  -39.807  -58.846  -26.203 0.5000000000
20972  -38.416  -59.478  -26.525 0.6999999881
21800  -31.605  -58.048  -16.824 0.5000000000
21812  -30.519  -58.639  -16.960 0.5000000000
21840  -33.095  -58.090  -19.512 0.5000000000
21853  -34.317  -57.778  -20.824 0.5000000000
21865  -33.789  -58.020  -21.222 0.6999999881
21877  -33.567  -58.121  -21.935 0.6999999881
21880  -36.400  -57.638  -22.281 0.5000000000
21889  -40.043  -57.305  -22.870 0.3000000119
21894  -39.581  -58.380  -24.182 0.5000000000
21898  -37.893  -58.233  -25.967 0.6999999881
21900  -40.256  -58.151  -24.853 0.4000000060
21904  -40.317  -58.363  -25.899 0.5000000000
21906  -38.643  -58.619  -26.620 0.6000000238
21907  -39.380  -58.436  -26.577 0.6999999881
22778  -31.534  -56.857  -16.038 0.5000000000
22792  -32.503  -57.056  -16.752 0.4000000060
22817  -33.206  -57.387  -17.994 0.5000000000
22818  -33.727  -57.070  -18.324 0.6000000238
22833  -34.532  -56.969  -19.340 0.5000000000
22843  -34.674  -57.300  -20.095 0.6000000238
22856  -37.145  -56.562  -21.304 0.6999999881
22857  -39.852  -57.443  -21.600 0.3000000119
22870  -36.832  -57.098  -21.701 0.6999999881
22874  -40.412  -57.084  -21.812 0.3000000119
22903  -40.996  -57.410  -25.633 0.3000000119
22904  -41.544  -56.898  -25.426 0.3000000119
23848  -32.561  -56.381  -16.408 0.5000000000
23849  -33.053  -55.884  -16.584 0.6000000238
23863  -34.239  -55.795  -17.723 0.5000000000
23877  -35.219  -55.656  -18.758 0.5000000000
23891  -35.520  -56.022  -19.317 0.6000000238
23901  -35.843  -56.336  -19.889 0.6000000238
23950  -38.533  -56.498  -26.289 0.5000000000
23951  -38.852  -56.303  -26.386 0.5000000000
23957  -39.998  -57.110  -26.347 0.5000000000
24923  -32.888  -55.221  -16.121 0.5000000000
24939  -34.619  -55.211  -17.831 0.6000000238
25001  -38.096  -55.480  -22.359 0.8000000119
25009  -38.237  -55.633  -23.092 0.8000000119
25019  -38.271  -55.714  -23.896 0.8000000119
25029  -42.536  -55.252  -24.611 0.3000000119
25037  -41.975  -55.764  -25.489 0.3000000119
25974  -32.533  -54.551  -15.722 0.5000000000
26030  -35.504  -54.234  -18.587 0.6999999881
26080  -37.478  -54.685  -21.236 0.6999999881
26090  -37.787  -54.702  -22.083 0.6999999881
26100  -37.631  -54.383  -22.786 0.8000000119
26119  -42.688  -54.274  -24.912 0.3000000119
26127  -39.933  -54.543  -25.676 0.4000000060
26129  -41.772  -55.087  -25.567 0.3000000119
26130  -42.409  -55.108  -25.185 0.3000000119
27090  -31.992  -53.806  -15.420 0.5000000000
27135  -35.256  -53.679  -18.312 0.6999999881
27185  -36.951  -53.536  -21.733 0.6999999881
28070  -29.672  -52.067  -15.823 0.5000000000
28105  -34.598  -52.543  -17.814 0.6999999881
28126  -35.196  -52.273  -18.878 0.6999999881
28127  -35.635  -52.820  -19.291 0.6999999881
28179  -37.297  -53.094  -26.096 0.6000000238
29031  -29.190  -51.592  -16.209 0.5000000000
29032  -33.240  -51.780  -16.487 0.6000000238
29044  -34.285  -52.037  -17.687 0.6000000238
29078  -35.602  -51.871  -20.250 0.5000000000
29117  -42.705  -52.013  -24.860 0.3000000119
29133  -36.857  -51.712  -26.404 0.5000000000
29886  -29.265  -50.949  -15.918 0.5000000000
29887  -29.863  -50.968  -15.505 0.5000000000
29959  -35.128  -50.519  -20.450 0.5000000000
30002  -39.440  -50.752  -26.517 0.5000000000
30007  -38.963  -50.441  -27.229 0.4000000060
30831  -32.373  -49.989  -16.444 0.5000000000
30845  -28.373  -49.597  -17.371 0.4000000060
30868  -28.358  -49.310  -19.141 0.3000000119
30869  -34.438  -50.184  -19.353 0.6000000238
30880  -34.394  -49.592  -19.822 0.4000000060
30920  -35.749  -50.145  -24.315 0.5000000000
30921  -36.010  -50.302  -25.002 0.5000000000
30942  -37.396  -50.156  -27.578 0.3000000119
31659  -29.598  -48.924  -15.696 0.5000000000
31661  -31.126  -48.666  -15.866 0.4000000060
31697  -28.318  -48.870  -17.051 0.4000000060
31787  -35.803  -49.081  -25.214 0.4000000060
31796  -36.928  -49.609  -27.390 0.5000000000
31807  -37.705  -48.688  -28.267 0.3000000119
32551  -29.238  -47.635  -15.932 0.4000000060
32552  -29.836  -48.029  -15.754 0.4000000060
32553  -30.677  -48.036  -15.786 0.4000000060
32626  -33.974  -48.100  -20.969 0.4000000060
33474  -28.622  -46.770  -16.526 0.4000000060
33475  -31.004  -47.571  -16.041 0.4000000060
33572  -37.020  -47.276  -27.693 0.3000000119
34486  -28.187  -46.199  -16.995 0.4000000060
35511  -27.854  -45.730  -17.632 0.3000000119
35576  -37.288  -45.371  -27.932 0.3000000119
36553  -29.270  -44.744  -16.078 0.4000000060
36565  -28.053  -44.520  -17.079 0.4000000060
37748  -36.636  -43.610  -26.601 0.4000000060
38655  -28.676  -43.153  -16.320 0.4000000060
150722  -36.159  -58.375  -23.734 0.6000000238
151252  -29.639  -59.004  -21.889 0.4000000060
153032  -28.042  -48.067  -18.265 0.3000000119
153732  -32.281  -61.558  -20.852 0.4000000060
155173  -40.698  -52.130  -25.245 0.4000000060
156126  -33.685  -60.818  -23.785 0.5000000000
156861  -37.115  -48.675  -27.749 0.3000000119
157623  -37.811  -60.334  -20.094 0.3000000119
157998  -33.111  -58.277  -22.583 0.6999999881
160183  -36.533  -51.764  -25.814 0.6000000238
160967  -32.783  -51.184  -16.257 0.6000000238
160996  -32.881  -47.527  -18.743 0.4000000060
161358  -29.741  -44.268  -15.936 0.4000000060
162981  -37.288  -60.536  -25.083 0.6000000238
163893  -31.993  -49.560  -16.209 0.5000000000
164407  -38.118  -61.139  -20.099 0.3000000119
164472  -33.580  -61.625  -19.859 0.4000000060
164539  -35.680  -60.210  -22.742 0.5000000000
165300  -30.393  -59.209  -18.163 0.5000000000
165446  -34.937  -53.097  -18.005 0.6999999881
165625  -35.398  -49.725  -22.961 0.5000000000
167373  -38.360  -56.280  -24.299 0.5000000000
167415  -35.304  -60.369  -21.325 0.4000000060
167445  -35.874  -54.506  -19.048 0.6999999881
169016  -40.357  -58.316  -25.679 0.4000000060
169257  -30.348  -46.856  -15.895 0.4000000060
169919  -30.955  -60.531  -23.237 0.4000000060
171000  -29.849  -66.930  -22.608 0.3000000119
171676  -32.993  -58.459  -23.424 0.6000000238
172791  -28.978  -42.601  -16.084 0.4000000060
174566  -28.488  -48.210  -16.534 0.4000000060
175019  -32.458  -65.982  -19.913 0.4000000060
175535  -29.870  -68.603  -24.385 0.3000000119
176714  -31.979  -66.739  -20.552 0.4000000060
176831  -33.779  -65.965  -20.746 0.3000000119
177150  -33.509  -57.984  -19.990 0.5000000000
178925  -29.493  -50.457  -15.676 0.5000000000
178949  -31.908  -60.782  -23.036 0.5000000000
179176  -32.614  -58.757  -24.183 0.6000000238
179361  -37.592  -56.921  -22.335 0.6999999881
179862  -36.338  -52.262  -24.463 0.6000000238
180791  -42.674  -53.238  -24.942 0.3000000119
181321  -35.895  -51.487  -22.161 0.5000000000
