#!ascii label  , from subject sub-v2s1x29872_ses-1 vox2ras=TkReg
1815
2799  22.442  -80.304  -16.970 0.5000000000
5535  15.976  -74.495  -16.371 0.6000000238
4995  15.809  -74.787  -15.606 0.6000000238
4997  14.367  -75.173  -15.088 0.6000000238
5504  15.551  -74.589  -14.855 0.6999999881
5506  13.956  -74.452  -14.716 0.6000000238
159155  16.521  -73.551  -14.084 0.6999999881
6022  15.704  -73.730  -13.797 0.6000000238
4233  17.487  -76.763  -17.468 0.5000000000
178326  19.285  -75.757  -19.713 0.6000000238
167440  18.328  -75.858  -19.768 0.6000000238
4618  17.815  -76.257  -17.861 0.5000000000
155757  20.163  -76.163  -20.554 0.5000000000
175150  19.921  -76.007  -19.724 0.4000000060
4634  19.351  -75.750  -18.219 0.5000000000
4635  18.340  -75.867  -18.360 0.6000000238
3113  11.154  -80.303  -16.519 0.5000000000
155666  22.536  -77.903  -20.811 0.4000000060
3458  11.884  -79.328  -17.074 0.5000000000
166741  10.355  -80.019  -16.443 0.5000000000
3829  13.010  -78.413  -17.075 0.6000000238
4619  14.823  -76.238  -17.218 0.6000000238
5048  15.593  -74.905  -16.896 0.6000000238
6066  16.241  -73.487  -16.860 0.6999999881
5033  15.280  -75.686  -16.521 0.6000000238
6065  16.642  -73.363  -16.278 0.6999999881
7239  16.842  -71.501  -16.709 0.6000000238
6651  16.760  -72.413  -16.579 0.6999999881
7818  17.451  -70.139  -16.650 0.6000000238
7238  17.362  -71.042  -16.295 0.6000000238
6627  17.152  -72.833  -15.657 0.6999999881
7795  17.826  -70.563  -15.820 0.6999999881
6024  14.072  -73.303  -14.030 0.6000000238
3846  16.513  -78.259  -17.556 0.5000000000
4245  17.170  -76.978  -18.237 0.6000000238
3845  17.014  -77.480  -17.484 0.5000000000
4659  19.538  -75.857  -20.532 0.6000000238
4660  18.764  -75.794  -20.363 0.6999999881
4647  17.919  -75.984  -19.066 0.6000000238
161893  20.852  -76.428  -21.735 0.4000000060
3861  12.404  -77.905  -18.747 0.5000000000
3470  12.532  -79.342  -17.652 0.5000000000
3478  22.080  -78.714  -18.433 0.5000000000
3847  12.700  -78.763  -17.949 0.5000000000
181958  13.955  -75.460  -18.563 0.6999999881
4247  13.121  -77.156  -18.257 0.6000000238
5571  14.835  -73.880  -18.373 0.6999999881
4637  14.514  -75.875  -17.980 0.6000000238
4620  14.171  -76.664  -17.704 0.6000000238
5551  15.273  -74.450  -17.679 0.6999999881
5049  15.105  -75.393  -17.452 0.6000000238
6087  15.915  -73.092  -17.425 0.6999999881
156339  16.421  -71.187  -17.344 0.6000000238
7259  15.985  -71.685  -17.608 0.6000000238
7833  16.965  -70.064  -17.320 0.6000000238
6652  16.409  -72.971  -16.911 0.6000000238
8975  17.567  -69.066  -17.561 0.6000000238
8368  17.773  -69.338  -16.791 0.6999999881
6574  16.677  -72.577  -13.116 0.6999999881
6606  13.778  -72.486  -14.138 0.5000000000
7213  17.704  -71.417  -15.493 0.6999999881
6604  17.572  -72.448  -14.354 0.6999999881
169520  15.261  -73.241  -13.421 0.6000000238
164714  16.063  -77.017  -20.175 0.5000000000
3871  15.818  -77.964  -19.168 0.5000000000
188753  15.736  -78.609  -18.415 0.5000000000
4662  17.070  -76.146  -20.901 0.6999999881
171148  16.690  -76.985  -19.701 0.6000000238
175901  19.299  -74.992  -22.165 0.5000000000
4699  18.138  -75.272  -21.846 0.6999999881
4678  17.621  -75.742  -21.329 0.6999999881
4661  17.817  -76.045  -20.553 0.6000000238
168259  17.436  -76.322  -19.771 0.6000000238
155450  20.883  -75.902  -22.033 0.4000000060
4697  20.085  -75.396  -22.034 0.4000000060
176380  19.582  -75.485  -21.764 0.5000000000
3500  12.400  -78.000  -19.308 0.5000000000
5069  12.932  -75.548  -19.076 0.5000000000
4640  11.518  -76.867  -19.407 0.5000000000
4248  11.997  -77.377  -18.851 0.5000000000
5572  14.112  -74.019  -18.988 0.6000000238
4638  13.558  -76.250  -18.435 0.5000000000
6126  14.600  -72.621  -18.944 0.6999999881
8407  15.224  -69.510  -19.898 0.6000000238
7276  14.822  -71.441  -18.877 0.6999999881
6109  14.975  -73.075  -18.420 0.6999999881
8406  16.019  -69.073  -19.470 0.6000000238
7850  15.426  -70.321  -18.897 0.6000000238
7275  15.453  -71.599  -18.221 0.6999999881
9005  16.857  -67.962  -19.875 0.6999999881
181040  15.883  -69.702  -18.920 0.6000000238
7835  15.886  -70.923  -18.050 0.6000000238
10218  18.408  -66.955  -19.384 0.6000000238
162884  17.377  -68.137  -18.929 0.6999999881
8392  17.134  -69.088  -18.197 0.6999999881
10910  20.042  -66.016  -18.458 0.6000000238
10194  18.946  -67.004  -18.548 0.6000000238
9571  18.069  -67.998  -18.347 0.6999999881
7734  14.955  -70.919  -12.971 0.6000000238
9551  18.540  -68.080  -17.421 0.6999999881
7185  17.800  -72.054  -13.721 0.6999999881
6576  14.930  -71.876  -13.093 0.6000000238
10893  20.316  -66.072  -17.619 0.6999999881
10170  19.375  -66.952  -17.716 0.6000000238
9533  18.609  -68.375  -16.726 0.8000000119
8367  18.393  -68.966  -16.296 0.6999999881
7765  18.251  -70.141  -15.266 0.6999999881
7766  18.062  -70.928  -14.918 0.6999999881
4259  15.262  -77.518  -19.980 0.6000000238
4700  17.374  -75.216  -21.843 0.6999999881
4679  16.725  -75.731  -21.349 0.6999999881
4266  16.295  -76.396  -20.725 0.6000000238
5134  18.558  -74.757  -22.218 0.5000000000
5135  17.854  -74.672  -22.167 0.6999999881
5132  20.704  -75.160  -22.409 0.4000000060
5133  19.828  -74.681  -22.464 0.5000000000
3886  11.900  -77.438  -19.723 0.5000000000
3875  13.205  -78.408  -19.506 0.5000000000
4260  11.420  -76.805  -19.730 0.5000000000
5086  12.392  -74.681  -19.633 0.6000000238
6715  13.527  -71.683  -20.176 0.6000000238
6127  13.562  -73.219  -19.622 0.6999999881
5068  13.665  -74.784  -19.055 0.6999999881
7863  14.132  -70.413  -20.305 0.6999999881
158217  13.910  -72.509  -19.528 0.6999999881
9007  15.252  -68.614  -20.569 0.6000000238
8408  14.317  -69.604  -20.670 0.6000000238
7851  14.752  -70.759  -19.295 0.6999999881
10954  17.612  -66.066  -21.742 0.6999999881
9604  16.860  -67.193  -20.632 0.6999999881
9605  16.129  -67.719  -20.968 0.6999999881
169417  16.194  -69.157  -12.202 0.6000000238
10940  18.255  -65.671  -21.269 0.6000000238
157343  17.802  -66.159  -20.919 0.6999999881
9006  16.065  -68.320  -20.173 0.6999999881
11591  21.821  -65.163  -19.384 0.6000000238
11573  20.421  -65.606  -18.949 0.6000000238
11593  20.396  -65.346  -19.786 0.6000000238
10939  18.903  -65.619  -20.629 0.6000000238
10219  17.696  -66.781  -20.323 0.6999999881
7704  16.639  -70.535  -12.273 0.6000000238
11554  20.777  -65.593  -18.179 0.6000000238
186942  19.564  -66.166  -19.017 0.6000000238
8894  18.918  -69.580  -14.191 0.6999999881
7730  18.362  -70.364  -12.703 0.6000000238
164483  17.887  -71.492  -13.115 0.6999999881
7169  16.464  -71.900  -12.658 0.6000000238
11571  22.328  -65.122  -18.573 0.5000000000
11553  21.433  -65.452  -17.645 0.6000000238
10892  20.899  -65.769  -17.312 0.8000000119
10150  20.101  -66.670  -16.433 0.8000000119
9510  19.430  -68.029  -15.581 0.8000000119
8935  18.798  -68.901  -15.687 0.8000000119
8321  18.607  -69.758  -14.868 0.6999999881
164191  18.308  -70.816  -13.335 0.6999999881
10169  19.918  -66.547  -17.189 0.8000000119
9511  18.984  -68.322  -16.081 0.8000000119
4680  15.764  -76.001  -21.041 0.6999999881
4276  15.291  -76.813  -20.459 0.6999999881
4267  14.629  -77.470  -20.124 0.6999999881
3882  14.735  -77.896  -19.824 0.6000000238
5631  17.645  -74.181  -22.087 0.6999999881
3883  14.259  -77.967  -19.927 0.6000000238
162278  18.844  -73.651  -22.182 0.6000000238
3874  14.007  -78.388  -19.639 0.5000000000
4270  12.057  -76.946  -20.151 0.5000000000
13497  19.250  -62.643  -11.510 0.6000000238
4663  11.170  -75.895  -20.326 0.5000000000
12828  18.643  -63.695  -11.457 0.5000000000
5603  10.816  -74.605  -20.771 0.5000000000
11461  19.291  -65.014  -10.938 0.6000000238
6142  12.420  -72.661  -20.752 0.6999999881
5586  11.964  -73.865  -20.281 0.6000000238
8417  14.164  -69.640  -21.294 0.6999999881
6141  12.980  -72.547  -20.027 0.6999999881
10084  17.931  -67.194  -11.577 0.6000000238
182479  15.042  -68.406  -21.761 0.6999999881
8416  14.213  -69.261  -21.434 0.6000000238
9626  18.468  -67.143  -21.958 0.6999999881
9615  17.961  -67.637  -21.825 0.6999999881
9617  15.794  -67.980  -21.603 0.6999999881
8872  17.558  -68.799  -12.017 0.6000000238
174044  17.878  -68.000  -11.766 0.6000000238
185363  17.984  -65.715  -21.643 0.6000000238
188385  16.760  -66.918  -21.642 0.6999999881
8871  18.830  -68.781  -12.027 0.6000000238
8873  16.726  -68.592  -12.106 0.6000000238
11624  20.825  -65.185  -21.627 0.6000000238
11611  19.596  -65.149  -21.215 0.6000000238
8869  19.824  -68.701  -12.706 0.6999999881
8262  18.346  -69.848  -12.368 0.6000000238
8263  17.633  -69.726  -12.180 0.6000000238
168730  21.708  -65.179  -20.284 0.6000000238
10128  21.266  -66.305  -15.362 0.6000000238
9487  20.248  -67.777  -14.418 0.6000000238
9475  19.763  -68.441  -14.110 0.6999999881
177924  19.049  -69.588  -13.399 0.6000000238
7703  17.355  -70.473  -12.304 0.6000000238
174186  21.460  -65.929  -15.969 0.6000000238
9509  19.879  -67.491  -15.405 0.8000000119
10874  21.100  -65.881  -16.622 0.6000000238
10129  20.282  -66.869  -15.723 0.6999999881
167125  19.307  -68.837  -14.578 0.8000000119
173583  16.373  -74.679  -22.026 0.6999999881
5113  15.232  -75.469  -21.292 0.6999999881
5114  14.308  -75.539  -21.124 0.6999999881
5614  18.048  -73.785  -21.214 0.6999999881
5632  16.822  -74.217  -21.947 0.6999999881
4682  13.979  -76.310  -20.803 0.6000000238
4279  12.866  -76.745  -20.541 0.6000000238
13495  20.859  -62.071  -10.804 0.6000000238
14220  20.592  -61.561  -11.523 0.6000000238
12825  20.548  -62.929  -10.683 0.6000000238
13496  20.016  -62.212  -11.230 0.6000000238
4683  12.102  -76.125  -20.709 0.6000000238
12826  20.073  -63.616  -10.721 0.5000000000
7301  13.481  -71.583  -21.020 0.6999999881
6143  11.839  -73.480  -20.728 0.6999999881
11459  21.142  -65.005  -10.612 0.4000000060
12142  19.685  -64.320  -10.781 0.5000000000
7880  14.448  -69.715  -21.540 0.6999999881
187827  13.854  -71.012  -21.055 0.8000000119
184756  19.591  -65.679  -10.909 0.5000000000
184784  14.759  -69.072  -21.948 0.6000000238
7295  13.315  -71.277  -20.788 0.6999999881
10790  19.384  -66.362  -11.154 0.6000000238
9024  16.298  -68.195  -21.847 0.6999999881
9025  15.506  -68.469  -21.972 0.6999999881
10083  20.428  -67.627  -11.870 0.6999999881
10071  19.561  -67.181  -11.342 0.6000000238
10262  19.313  -67.213  -21.790 0.6999999881
9614  18.921  -67.931  -21.483 0.6999999881
10091  21.237  -67.377  -12.866 0.5000000000
9458  18.639  -68.191  -11.707 0.6000000238
170816  21.634  -66.388  -22.113 0.6000000238
10972  20.014  -65.772  -22.022 0.6000000238
10281  18.747  -66.336  -22.013 0.6999999881
9456  20.013  -68.252  -12.212 0.6999999881
11640  21.389  -65.701  -21.981 0.6000000238
11626  19.280  -65.211  -21.596 0.6000000238
10824  21.485  -66.806  -14.053 0.5000000000
9473  20.735  -67.760  -13.457 0.6000000238
171668  21.264  -65.158  -20.958 0.6000000238
11518  22.844  -65.283  -15.790 0.6000000238
10836  21.721  -66.327  -14.657 0.5000000000
9474  20.178  -68.189  -13.653 0.6999999881
11534  23.214  -64.945  -16.523 0.6000000238
5633  15.785  -74.234  -21.787 0.6999999881
5634  14.871  -74.430  -21.642 0.6999999881
5139  14.035  -74.757  -21.453 0.6000000238
5115  13.458  -75.208  -21.231 0.6000000238
14202  21.939  -61.381  -10.854 0.4000000060
14941  21.140  -61.005  -11.887 0.5000000000
5617  12.800  -74.496  -21.299 0.6000000238
13487  22.173  -62.564  -10.441 0.5000000000
14228  19.855  -61.292  -12.812 0.6000000238
6159  13.278  -73.011  -21.126 0.6999999881
6745  13.897  -72.500  -21.125 0.6999999881
5116  11.575  -74.663  -21.091 0.6000000238
12129  21.248  -64.222  -10.486 0.5000000000
7873  15.805  -70.351  -21.145 0.6999999881
168785  21.713  -65.414  -10.906 0.4000000060
166622  19.696  -68.769  -19.290 0.6999999881
9004  18.596  -69.044  -20.268 0.6999999881
8405  17.743  -69.937  -20.119 0.6999999881
10787  21.911  -65.975  -11.354 0.6000000238
9602  20.313  -67.984  -20.195 0.6999999881
9014  19.795  -68.323  -19.917 0.6999999881
9017  17.179  -68.818  -21.460 0.6999999881
8414  17.133  -69.520  -20.993 0.6999999881
10799  22.094  -66.369  -12.008 0.5000000000
10800  21.360  -66.633  -11.586 0.5000000000
10260  21.417  -67.260  -21.217 0.6000000238
9613  20.262  -67.707  -20.915 0.6999999881
9603  19.579  -68.130  -20.662 0.6999999881
9022  18.214  -68.232  -21.381 0.6999999881
10081  21.686  -66.930  -12.394 0.5000000000
167233  22.757  -66.490  -22.406 0.5000000000
159782  21.896  -66.875  -21.878 0.6000000238
168182  21.015  -66.853  -21.834 0.6000000238
6157  15.301  -73.608  -21.422 0.6999999881
5615  14.857  -73.982  -21.528 0.6999999881
14921  22.569  -61.024  -10.880 0.4000000060
6124  16.390  -73.089  -19.535 0.6999999881
5616  13.831  -73.954  -21.389 0.6999999881
14940  21.651  -60.622  -12.236 0.4000000060
6140  14.788  -73.037  -21.049 0.6999999881
14957  21.174  -60.683  -12.875 0.6000000238
7292  15.798  -71.252  -20.635 0.8000000119
7286  15.737  -72.219  -20.181 0.6999999881
7859  18.166  -70.320  -19.327 0.6000000238
7861  16.583  -70.775  -20.326 0.6000000238
165756  21.328  -59.722  -15.675 0.6000000238
9003  19.047  -69.239  -19.516 0.6999999881
8403  18.876  -69.921  -18.909 0.6999999881
181849  17.092  -70.131  -20.488 0.6000000238
9001  20.831  -68.243  -18.921 0.6000000238
9586  22.060  -67.753  -19.576 0.6000000238
16535  21.262  -58.477  -17.803 0.5000000000
10238  22.973  -67.245  -21.101 0.6000000238
9601  21.690  -67.523  -20.449 0.6999999881
10258  23.324  -67.105  -21.881 0.5000000000
6713  16.307  -72.608  -19.517 0.6999999881
169563  22.543  -59.900  -12.780 0.4000000060
7285  16.342  -71.803  -19.726 0.8000000119
15709  21.650  -60.232  -13.608 0.5000000000
7847  18.469  -70.742  -18.548 0.8000000119
15747  22.530  -59.416  -14.692 0.4000000060
15708  22.326  -59.872  -13.495 0.4000000060
7284  17.126  -71.442  -19.380 0.6999999881
16491  22.327  -58.878  -15.987 0.4000000060
15729  21.390  -60.107  -14.325 0.5000000000
9569  22.088  -67.963  -18.704 0.6000000238
179887  20.269  -68.591  -18.868 0.6000000238
8990  19.400  -69.344  -18.867 0.6999999881
17228  22.589  -58.255  -16.240 0.4000000060
179499  22.614  -67.789  -19.062 0.6000000238
9570  21.480  -68.005  -19.027 0.6000000238
18017  21.011  -57.066  -17.828 0.4000000060
16518  21.563  -58.946  -16.974 0.6000000238
10216  23.381  -67.350  -20.274 0.6000000238
167677  23.746  -67.207  -21.089 0.5000000000
10255  25.467  -67.102  -21.823 0.5000000000
172719  23.056  -59.559  -12.780 0.4000000060
7274  17.510  -72.012  -18.625 0.8000000119
187904  23.109  -59.256  -13.676 0.4000000060
7273  18.156  -71.625  -18.227 0.6999999881
16490  23.002  -58.605  -15.588 0.4000000060
8380  20.069  -69.704  -17.646 0.6000000238
8391  19.478  -69.762  -18.266 0.6999999881
8988  21.410  -68.289  -18.268 0.6000000238
8973  20.477  -69.118  -17.856 0.6000000238
17245  22.657  -57.431  -16.443 0.4000000060
18016  21.651  -57.233  -17.400 0.4000000060
10215  23.591  -67.443  -19.453 0.6000000238
18837  20.532  -56.159  -17.491 0.4000000060
10237  24.079  -67.264  -20.109 0.4000000060
16426  23.765  -58.698  -12.778 0.4000000060
7831  19.322  -70.965  -17.333 0.6999999881
17194  23.672  -58.440  -14.396 0.4000000060
8366  20.431  -70.051  -16.850 0.6999999881
8381  19.541  -70.219  -17.683 0.6000000238
17227  23.131  -57.882  -15.759 0.4000000060
9548  22.592  -68.122  -17.509 0.6000000238
8971  21.839  -68.522  -17.369 0.6000000238
18825  20.946  -55.610  -17.117 0.4000000060
9567  23.700  -67.608  -18.530 0.6000000238
18826  20.171  -55.723  -16.918 0.3000000119
10213  25.502  -67.167  -19.513 0.4000000060
10234  25.997  -67.147  -20.050 0.4000000060
178369  26.747  -67.107  -19.805 0.4000000060
17986  23.106  -56.940  -15.874 0.4000000060
18808  22.199  -55.734  -16.548 0.4000000060
9547  23.349  -67.874  -17.649 0.6000000238
9566  24.509  -67.405  -18.362 0.6000000238
179672  24.733  -67.440  -17.649 0.6000000238
166252  26.952  -67.069  -19.025 0.4000000060
160086  27.163  -66.990  -18.208 0.5000000000
10212  27.460  -67.059  -19.579 0.4000000060
163404  19.154  -59.250  -11.695 0.3000000119
163239  28.117  -66.967  -19.370 0.4000000060
19635  23.916  -55.420  -14.003 0.4000000060
17177  20.977  -57.750  -12.595 0.3000000119
16354  16.844  -59.212  -8.815 0.4000000060
19609  24.056  -55.087  -12.616 0.4000000060
20545  23.149  -54.182  -15.028 0.4000000060
17941  21.687  -56.587  -12.562 0.3000000119
18773  21.538  -55.793  -13.002 0.3000000119
180075  19.419  -59.007  -11.051 0.3000000119
16406  19.884  -58.812  -11.679 0.3000000119
16376  17.954  -59.316  -9.727 0.3000000119
166992  23.481  -53.615  -14.596 0.4000000060
21450  21.423  -53.677  -14.495 0.4000000060
188855  21.152  -54.140  -14.591 0.4000000060
17150  21.025  -57.823  -11.667 0.3000000119
16373  19.914  -58.639  -10.727 0.3000000119
19544  14.144  -55.144  -8.699 0.4000000060
162008  14.051  -53.448  -9.472 0.3000000119
22270  14.502  -52.825  -9.996 0.3000000119
16351  19.090  -58.680  -9.577 0.3000000119
16332  17.995  -58.539  -8.647 0.3000000119
21435  21.542  -53.579  -13.761 0.4000000060
20527  21.311  -54.205  -13.957 0.4000000060
18759  21.873  -55.850  -12.072 0.3000000119
17925  21.820  -56.693  -11.661 0.3000000119
17132  20.977  -57.746  -10.788 0.3000000119
18684  15.105  -56.428  -7.959 0.3000000119
17113  20.140  -57.799  -9.725 0.3000000119
157291  14.172  -54.068  -9.651 0.3000000119
17115  18.735  -58.298  -8.948 0.3000000119
166400  14.622  -54.294  -10.476 0.4000000060
21387  14.402  -53.739  -10.519 0.3000000119
21406  14.317  -53.644  -11.565 0.3000000119
22306  14.270  -53.087  -11.764 0.3000000119
20526  21.638  -54.369  -13.020 0.4000000060
18745  21.956  -56.164  -11.209 0.4000000060
17899  21.569  -56.592  -10.202 0.3000000119
19513  14.739  -55.640  -8.378 0.4000000060
17878  20.440  -57.063  -9.582 0.3000000119
19512  15.485  -55.872  -8.422 0.3000000119
19543  14.863  -55.077  -9.342 0.4000000060
19542  15.467  -55.377  -9.013 0.4000000060
180185  14.198  -53.434  -12.478 0.3000000119
20510  21.885  -54.077  -12.182 0.4000000060
18730  21.873  -55.979  -10.403 0.4000000060
18731  21.387  -56.165  -9.810 0.4000000060
18704  19.867  -56.452  -9.313 0.4000000060
17879  19.705  -57.288  -9.281 0.3000000119
18681  17.524  -56.302  -8.585 0.3000000119
18708  16.211  -55.673  -8.731 0.3000000119
19569  16.297  -55.204  -10.220 0.3000000119
19592  15.755  -54.967  -10.909 0.5000000000
19571  15.025  -54.745  -10.282 0.4000000060
157061  15.032  -54.459  -11.866 0.4000000060
165403  13.919  -52.802  -13.142 0.3000000119
19567  21.564  -55.431  -9.811 0.4000000060
19537  20.193  -55.542  -9.432 0.4000000060
19538  19.342  -55.823  -9.284 0.3000000119
187684  17.541  -55.083  -9.948 0.3000000119
20493  17.434  -54.354  -10.971 0.3000000119
20511  17.082  -54.252  -11.668 0.3000000119
18705  18.821  -56.194  -8.975 0.3000000119
19539  18.598  -55.502  -9.285 0.3000000119
19568  17.121  -55.134  -10.279 0.3000000119
20494  16.942  -54.697  -11.486 0.3000000119
21421  16.181  -54.379  -12.790 0.3000000119
166614  17.391  -55.326  -9.527 0.3000000119
20513  15.798  -54.582  -12.275 0.3000000119
20514  15.102  -54.330  -12.438 0.3000000119
22330  13.847  -53.037  -14.012 0.3000000119
23189  22.208  -52.010  -12.846 0.3000000119
21404  21.921  -52.963  -11.418 0.3000000119
21384  21.453  -53.915  -9.867 0.3000000119
21360  20.117  -53.777  -9.468 0.3000000119
21385  18.122  -53.336  -9.908 0.3000000119
22304  17.198  -52.895  -11.662 0.3000000119
163106  20.829  -54.163  -9.549 0.3000000119
20451  19.378  -54.118  -9.503 0.3000000119
174990  18.011  -54.139  -10.057 0.3000000119
21386  17.716  -53.513  -10.505 0.3000000119
22305  16.961  -53.100  -12.545 0.3000000119
21451  16.334  -53.795  -13.560 0.3000000119
20528  15.551  -54.316  -12.912 0.3000000119
21453  15.002  -54.125  -14.102 0.3000000119
21439  14.406  -53.643  -13.517 0.3000000119
22329  14.486  -53.750  -14.412 0.3000000119
23188  22.598  -51.554  -12.656 0.3000000119
159206  21.798  -52.698  -10.681 0.3000000119
21359  20.803  -53.415  -9.578 0.3000000119
22245  19.160  -52.716  -9.512 0.3000000119
22288  17.499  -52.757  -10.794 0.3000000119
22316  16.709  -53.283  -13.325 0.3000000119
22328  16.048  -53.876  -14.704 0.3000000119
21467  15.293  -54.126  -14.721 0.3000000119
23230  13.206  -52.235  -15.474 0.3000000119
23174  17.404  -52.020  -11.216 0.3000000119
23190  17.141  -52.098  -12.150 0.3000000119
22344  16.512  -53.354  -14.941 0.3000000119
22362  14.699  -53.838  -16.250 0.3000000119
22347  13.712  -53.241  -15.442 0.3000000119
22363  13.606  -52.992  -16.312 0.3000000119
179342  17.206  -51.309  -12.233 0.3000000119
23205  16.946  -52.020  -13.602 0.3000000119
23216  16.775  -52.563  -14.295 0.3000000119
24016  17.620  -51.264  -10.905 0.3000000119
24066  17.327  -50.832  -12.789 0.3000000119
24080  17.045  -51.555  -14.304 0.3000000119
23229  16.818  -52.387  -15.091 0.3000000119
22360  16.556  -53.256  -15.773 0.3000000119
22371  15.394  -53.489  -16.972 0.3000000119
22373  13.818  -52.585  -16.943 0.3000000119
3115  22.239  -79.761  -17.568 0.5000000000
172570  22.099  -79.323  -19.085 0.5000000000
155435  22.236  -78.458  -20.076 0.4000000060
6046  16.788  -73.534  -15.501 0.6999999881
6595  16.776  -73.026  -13.586 0.6999999881
155444  21.689  -76.646  -22.133 0.4000000060
155842  22.067  -77.926  -18.835 0.5000000000
8383  16.672  -69.962  -17.874 0.6000000238
5087  11.494  -75.495  -19.735 0.5000000000
8991  16.808  -68.666  -19.008 0.6000000238
7293  15.030  -71.530  -20.974 0.8000000119
162669  12.601  -73.579  -21.070 0.6999999881
7872  16.263  -69.748  -21.308 0.6000000238
10259  22.662  -66.856  -22.063 0.5000000000
9015  18.798  -68.513  -20.833 0.6999999881
16517  21.709  -58.515  -17.282 0.4000000060
10257  23.942  -67.100  -21.825 0.5000000000
9568  22.806  -67.876  -18.344 0.6000000238
161945  25.781  -67.144  -20.893 0.4000000060
8955  21.347  -69.124  -16.903 0.6000000238
9531  23.075  -68.209  -16.873 0.6000000238
18809  20.591  -55.156  -16.526 0.3000000119
10192  25.009  -67.235  -18.954 0.4000000060
10168  25.201  -67.287  -18.123 0.4000000060
20538  23.785  -54.609  -14.449 0.4000000060
20472  21.914  -54.250  -10.506 0.3000000119
171840  22.193  -51.876  -12.040 0.3000000119
7792  21.908  -70.741  -15.582 0.5000000000
7794  20.673  -71.248  -16.048 0.5000000000
7237  19.498  -71.880  -16.759 0.6999999881
185094  19.545  -72.708  -16.811 0.6999999881
6107  16.822  -72.993  -19.099 0.6000000238
7815  20.843  -70.478  -16.195 0.5000000000
7816  20.247  -70.788  -16.503 0.6000000238
7257  18.519  -72.117  -17.573 0.6000000238
5601  17.645  -73.984  -20.241 0.6000000238
182676  16.695  -73.756  -21.315 0.6000000238
6063  19.966  -73.098  -16.923 0.6999999881
6104  18.939  -73.709  -18.113 0.6000000238
5570  17.909  -73.887  -18.895 0.6000000238
6064  19.153  -73.045  -17.149 0.6999999881
6105  18.184  -73.522  -18.268 0.6000000238
6138  16.814  -73.769  -20.239 0.6000000238
161833  22.343  -70.180  -15.427 0.5000000000
6082  20.911  -73.468  -17.698 0.6999999881
6103  19.740  -73.725  -18.137 0.6999999881
6122  20.124  -73.820  -18.991 0.6000000238
5600  18.420  -73.985  -20.344 0.6000000238
6062  20.864  -73.236  -16.982 0.6000000238
6084  19.399  -73.373  -17.500 0.6999999881
5569  18.528  -73.958  -18.782 0.6000000238
6647  22.053  -72.773  -16.363 0.6000000238
8343  23.624  -69.460  -15.156 0.5000000000
8364  21.556  -69.496  -16.271 0.5000000000
186404  22.099  -73.220  -17.345 0.6999999881
6102  20.571  -73.639  -18.294 0.6000000238
6137  18.657  -73.684  -21.212 0.6000000238
8911  24.558  -68.879  -15.179 0.5000000000
8934  22.560  -69.401  -15.720 0.5000000000
9505  26.527  -67.772  -15.538 0.5000000000
172822  24.270  -68.400  -15.644 0.5000000000
10147  26.955  -66.967  -16.459 0.4000000060
4998  13.447  -74.969  -15.192 0.4000000060
5014  15.381  -75.330  -15.840 0.4000000060
5016  13.979  -75.714  -15.545 0.4000000060
4574  14.268  -76.218  -15.928 0.5000000000
4594  14.694  -76.337  -16.438 0.5000000000
4194  12.989  -76.860  -16.023 0.5000000000
9507  24.694  -67.942  -15.965 0.5000000000
4216  13.926  -77.281  -16.685 0.5000000000
3461  9.008  -79.328  -16.016 0.6000000238
10127  26.343  -67.256  -16.064 0.4000000060
3828  13.685  -77.786  -17.101 0.5000000000
3830  12.363  -78.362  -16.673 0.5000000000
166151  10.503  -79.246  -16.608 0.5000000000
160025  12.719  -74.971  -15.717 0.5000000000
4576  12.891  -76.183  -15.850 0.5000000000
5034  11.639  -75.287  -16.445 0.5000000000
4596  12.110  -76.379  -16.106 0.5000000000
4597  10.971  -76.042  -16.649 0.5000000000
4218  12.351  -77.431  -16.236 0.5000000000
174967  11.269  -77.183  -16.395 0.5000000000
3833  9.493  -78.097  -16.668 0.5000000000
10149  25.336  -67.300  -17.123 0.5000000000
182064  11.741  -77.997  -16.399 0.5000000000
10145  28.475  -66.505  -16.435 0.4000000060
10148  26.145  -67.104  -16.825 0.4000000060
10164  28.140  -66.429  -17.114 0.4000000060
7753  14.404  -71.246  -13.548 0.5000000000
5035  10.585  -75.123  -16.970 0.5000000000
9530  23.793  -67.925  -16.913 0.5000000000
10166  26.661  -67.003  -17.506 0.4000000060
8294  15.275  -70.098  -12.757 0.5000000000
168072  14.543  -69.333  -13.727 0.5000000000
8896  14.139  -69.228  -14.643 0.5000000000
168958  14.449  -70.585  -13.609 0.5000000000
10189  27.853  -66.764  -18.024 0.4000000060
188661  15.731  -68.791  -12.408 0.5000000000
8888  14.921  -68.706  -13.273 0.5000000000
9465  15.636  -67.756  -12.651 0.5000000000
10094  15.480  -67.149  -13.146 0.5000000000
9489  14.563  -67.820  -14.385 0.5000000000
8936  13.810  -68.804  -15.457 0.4000000060
10092  16.367  -66.564  -12.400 0.5000000000
162499  14.912  -66.598  -14.253 0.6000000238
9490  14.352  -67.606  -15.103 0.6000000238
160041  17.179  -67.421  -11.900 0.5000000000
10812  16.404  -65.848  -12.566 0.5000000000
10093  15.860  -66.346  -12.967 0.5000000000
10826  15.141  -65.857  -14.265 0.6000000238
10837  14.683  -66.317  -14.937 0.6000000238
10131  14.300  -66.484  -15.873 0.6000000238
173570  13.574  -67.541  -17.203 0.5000000000
10173  13.234  -67.194  -18.232 0.5000000000
10196  12.371  -66.708  -19.482 0.5000000000
10802  16.911  -66.184  -12.154 0.5000000000
11472  17.573  -65.293  -11.847 0.5000000000
188490  16.908  -64.901  -12.495 0.5000000000
11486  16.024  -65.084  -13.450 0.5000000000
12169  16.405  -64.587  -13.271 0.6000000238
12192  14.925  -64.916  -15.150 0.6000000238
10858  14.543  -65.642  -15.473 0.6000000238
10877  14.041  -66.336  -16.823 0.6000000238
10895  13.763  -66.227  -17.788 0.5000000000
15052  14.869  -60.343  -18.404 0.5000000000
11595  13.277  -64.616  -18.947 0.5000000000
10791  18.609  -66.197  -11.257 0.5000000000
12144  18.141  -64.219  -11.654 0.5000000000
12153  17.646  -63.776  -12.303 0.6000000238
12854  17.263  -63.397  -12.946 0.6000000238
13541  16.526  -62.556  -14.326 0.6000000238
12886  15.726  -63.792  -14.654 0.6000000238
12885  15.963  -62.968  -14.856 0.6000000238
12209  14.889  -64.391  -15.644 0.6000000238
184813  15.446  -63.245  -15.827 0.6000000238
11537  14.314  -64.923  -16.652 0.6000000238
11555  14.057  -64.838  -17.560 0.5000000000
11574  13.650  -65.124  -18.504 0.5000000000
12246  13.907  -64.376  -18.328 0.5000000000
12936  14.424  -63.011  -17.961 0.5000000000
12952  13.690  -63.258  -18.957 0.5000000000
13610  13.959  -62.569  -18.683 0.5000000000
12853  17.830  -63.000  -12.518 0.6000000238
13530  17.451  -62.648  -13.180 0.6000000238
14240  17.633  -61.622  -14.038 0.6000000238
14249  17.565  -61.144  -14.815 0.6000000238
13554  16.289  -62.091  -15.164 0.6000000238
13571  15.724  -62.764  -15.693 0.6000000238
176809  16.464  -61.353  -15.704 0.6000000238
12912  15.278  -63.041  -16.364 0.5000000000
14286  15.706  -61.613  -16.718 0.5000000000
12924  14.632  -63.335  -17.245 0.5000000000
14298  15.528  -61.307  -17.402 0.5000000000
181830  16.460  -60.395  -17.465 0.6000000238
14299  14.921  -61.771  -17.908 0.5000000000
14309  15.347  -60.979  -18.061 0.5000000000
15806  16.333  -60.107  -18.055 0.5000000000
16571  15.931  -58.122  -19.701 0.5000000000
14239  18.266  -61.114  -14.277 0.6000000238
14985  18.008  -60.745  -15.443 0.6000000238
15001  17.704  -60.569  -16.068 0.6000000238
14285  16.110  -61.241  -16.276 0.6000000238
15805  17.014  -60.019  -17.774 0.6000000238
15822  16.869  -59.572  -18.576 0.5000000000
14972  18.886  -60.793  -14.657 0.6000000238
15039  16.946  -60.397  -17.047 0.6000000238
15821  17.750  -59.625  -18.327 0.6000000238
16570  17.588  -58.510  -19.748 0.5000000000
15750  20.538  -60.007  -15.577 0.6000000238
14982  20.218  -60.383  -14.859 0.6000000238
15766  20.040  -60.008  -16.130 0.6000000238
15021  18.925  -60.110  -16.522 0.6000000238
165475  18.372  -59.768  -17.841 0.6000000238
16569  18.441  -58.472  -19.788 0.5000000000
15765  20.823  -59.747  -16.340 0.6000000238
15803  19.860  -59.622  -17.819 0.6000000238
15802  20.514  -59.459  -17.655 0.6000000238
15804  19.069  -59.701  -17.883 0.6000000238
16567  19.881  -58.418  -18.988 0.6000000238
18039  18.696  -57.165  -19.243 0.5000000000
160164  19.829  -57.189  -18.532 0.4000000060
6123  16.829  -73.447  -19.457 0.6000000238
6672  18.521  -72.876  -17.436 0.6999999881
8954  22.057  -69.028  -16.453 0.5000000000
8952  23.584  -68.442  -16.069 0.5000000000
9486  25.990  -68.202  -15.269 0.5000000000
9506  25.312  -68.047  -15.583 0.5000000000
4219  9.007  -77.104  -17.062 0.6000000238
184624  16.000  -64.347  -13.916 0.6000000238
12871  16.261  -63.413  -14.099 0.6000000238
169631  14.779  -63.695  -16.497 0.6000000238
13598  15.244  -62.023  -17.187 0.5000000000
14999  19.295  -60.280  -15.865 0.6000000238
15022  18.169  -60.192  -16.580 0.6000000238
15819  19.439  -59.115  -18.671 0.6000000238
17311  18.726  -57.924  -19.954 0.6000000238
3098  22.715  -79.846  -15.679 0.4000000060
3414  23.337  -78.951  -13.945 0.5000000000
3431  22.966  -78.364  -14.608 0.5000000000
173950  22.983  -79.152  -14.510 0.4000000060
3099  22.540  -79.158  -15.967 0.4000000060
3447  22.314  -78.394  -16.410 0.4000000060
3109  22.361  -79.398  -16.787 0.4000000060
4167  23.359  -77.327  -15.038 0.5000000000
3777  23.507  -78.193  -14.177 0.5000000000
3823  22.218  -77.462  -16.483 0.5000000000
3843  22.054  -77.326  -17.182 0.5000000000
3466  22.159  -78.833  -17.468 0.4000000060
4209  23.343  -76.390  -16.040 0.5000000000
4210  22.735  -76.509  -16.301 0.5000000000
4589  22.509  -76.317  -16.937 0.5000000000
160562  22.127  -76.495  -17.982 0.5000000000
166424  22.046  -78.017  -17.814 0.4000000060
155436  22.083  -76.954  -18.701 0.4000000060
4611  24.418  -76.098  -17.211 0.5000000000
4613  22.818  -76.036  -17.419 0.5000000000
5065  24.113  -75.237  -18.559 0.5000000000
4614  22.537  -76.072  -18.023 0.5000000000
155802  22.267  -76.288  -18.530 0.5000000000
155841  22.186  -77.445  -19.676 0.4000000060
6174  19.429  -73.535  -22.280 0.5000000000
5150  19.658  -73.965  -22.637 0.4000000060
5645  20.269  -73.752  -22.763 0.4000000060
5644  21.185  -73.964  -22.925 0.4000000060
5147  22.210  -74.781  -22.932 0.4000000060
4696  22.645  -76.562  -22.402 0.4000000060
5066  23.376  -75.360  -18.661 0.5000000000
4695  23.129  -76.439  -22.417 0.4000000060
158541  22.795  -77.077  -22.037 0.4000000060
155445  22.830  -77.389  -21.456 0.4000000060
5084  23.805  -75.070  -19.288 0.4000000060
5085  23.145  -75.384  -19.448 0.5000000000
155712  22.551  -76.965  -20.356 0.4000000060
155441  22.281  -76.506  -19.296 0.4000000060
6173  20.163  -73.343  -22.361 0.4000000060
186322  22.661  -74.309  -23.078 0.4000000060
5130  22.930  -75.751  -22.729 0.4000000060
5598  25.105  -74.329  -20.142 0.4000000060
5112  23.437  -75.881  -22.206 0.4000000060
4658  22.897  -76.416  -20.896 0.4000000060
185098  24.521  -74.332  -20.555 0.4000000060
5100  23.557  -75.048  -20.239 0.4000000060
5101  23.205  -75.702  -21.202 0.4000000060
182132  23.011  -75.611  -20.282 0.4000000060
165115  19.973  -73.444  -21.050 0.5000000000
6152  20.450  -73.194  -21.817 0.4000000060
179616  21.091  -72.985  -21.769 0.4000000060
6756  22.189  -72.630  -22.677 0.4000000060
6187  23.218  -73.148  -23.313 0.4000000060
5146  23.231  -74.663  -22.982 0.4000000060
5628  24.080  -74.143  -22.583 0.4000000060
5129  23.443  -75.568  -22.638 0.4000000060
156308  24.969  -73.995  -21.013 0.4000000060
5599  24.263  -74.301  -21.502 0.4000000060
5111  23.726  -75.044  -22.334 0.4000000060
186136  19.826  -73.658  -20.324 0.5000000000
161984  20.396  -73.537  -20.032 0.5000000000
6121  20.944  -73.508  -19.200 0.6000000238
6151  21.697  -72.911  -21.148 0.5000000000
6755  23.005  -72.487  -22.781 0.4000000060
6186  24.259  -72.670  -23.339 0.4000000060
6185  25.022  -72.395  -23.135 0.4000000060
6170  25.278  -72.976  -22.942 0.4000000060
6134  22.092  -73.016  -20.193 0.4000000060
6120  21.739  -73.273  -19.388 0.5000000000
6728  23.555  -72.444  -20.797 0.4000000060
6754  23.824  -72.314  -22.819 0.4000000060
6712  23.332  -72.668  -19.747 0.5000000000
168066  24.413  -72.348  -20.568 0.4000000060
177319  24.354  -72.191  -21.651 0.4000000060
6740  25.282  -71.801  -22.572 0.4000000060
165227  22.820  -73.044  -18.434 0.6000000238
6100  22.149  -73.281  -18.020 0.6000000238
178181  24.571  -72.436  -19.726 0.5000000000
6727  25.212  -72.327  -20.275 0.4000000060
7212  20.576  -71.917  -16.091 0.5000000000
178426  19.064  -62.194  -12.075 0.5000000000
14238  18.998  -61.074  -13.909 0.5000000000
14981  20.774  -60.357  -14.396 0.5000000000
14221  19.374  -61.751  -12.401 0.5000000000
14970  20.291  -60.664  -14.049 0.5000000000
14230  18.362  -61.633  -13.471 0.5000000000
4187  22.966  -76.987  -15.676 0.5000000000
3446  22.578  -78.302  -15.421 0.5000000000
180550  21.333  -72.938  -22.710 0.4000000060
6188  22.460  -73.210  -23.110 0.4000000060
181621  24.024  -74.555  -20.638 0.4000000060
6729  22.604  -72.634  -20.971 0.4000000060
178139  23.203  -72.399  -21.914 0.4000000060
161432  23.801  -73.161  -23.326 0.4000000060
6171  24.398  -73.188  -23.173 0.4000000060
6135  21.297  -73.266  -20.136 0.5000000000
6753  25.204  -71.989  -23.069 0.4000000060
184859  22.355  -73.071  -19.558 0.5000000000
161292  23.533  -72.729  -18.909 0.6000000238
178229  24.947  -72.138  -21.489 0.5000000000
6692  24.069  -72.585  -18.188 0.5000000000
8336  31.344  -69.465  -15.748 0.3000000119
8338  29.787  -69.500  -15.867 0.3000000119
8927  29.113  -68.889  -15.700 0.3000000119
184672  30.268  -69.138  -15.773 0.3000000119
183601  31.790  -68.738  -15.729 0.3000000119
8923  33.352  -69.108  -15.822 0.3000000119
172779  32.628  -68.881  -15.760 0.3000000119
7784  29.450  -70.242  -16.175 0.3000000119
176883  28.428  -70.880  -16.615 0.4000000060
7786  27.471  -70.307  -15.851 0.4000000060
7782  31.043  -70.283  -15.930 0.3000000119
8341  26.843  -69.792  -15.426 0.4000000060
170019  28.191  -69.883  -15.845 0.4000000060
7764  23.741  -70.007  -15.084 0.4000000060
7791  23.143  -70.634  -15.258 0.4000000060
173864  31.735  -69.982  -15.774 0.3000000119
8928  28.309  -69.068  -15.592 0.3000000119
8909  26.126  -68.792  -15.091 0.4000000060
10122  30.996  -67.163  -15.853 0.3000000119
163680  28.851  -67.596  -15.616 0.3000000119
7232  27.206  -71.388  -16.830 0.4000000060
7255  25.685  -71.986  -17.183 0.4000000060
167521  24.312  -72.319  -16.918 0.4000000060
6622  23.109  -72.175  -16.023 0.4000000060
7230  29.491  -71.381  -16.967 0.4000000060
7813  27.726  -70.928  -16.460 0.4000000060
7233  26.494  -71.394  -16.465 0.4000000060
7235  24.505  -71.987  -16.277 0.4000000060
169747  23.617  -71.266  -15.459 0.4000000060
7810  30.538  -70.960  -16.361 0.3000000119
7787  26.320  -70.925  -15.878 0.4000000060
7789  24.809  -70.812  -15.341 0.4000000060
167920  21.962  -71.538  -15.643 0.4000000060
7206  31.251  -71.123  -16.121 0.3000000119
8342  25.262  -70.124  -15.111 0.4000000060
163262  22.436  -70.921  -15.438 0.4000000060
164760  32.478  -70.907  -15.762 0.3000000119
8318  25.663  -69.415  -15.032 0.4000000060
9504  27.226  -67.800  -15.477 0.4000000060
6689  26.327  -72.328  -18.658 0.4000000060
6691  24.799  -72.463  -18.354 0.4000000060
7271  27.588  -72.003  -18.270 0.4000000060
7253  27.390  -71.713  -17.572 0.4000000060
6666  26.036  -72.190  -17.890 0.4000000060
6669  23.857  -72.563  -17.349 0.4000000060
6643  31.153  -72.353  -16.941 0.3000000119
7251  29.186  -71.658  -17.537 0.4000000060
6619  33.047  -72.166  -15.923 0.3000000119
7205  32.408  -71.643  -15.915 0.3000000119
6623  22.428  -72.253  -15.917 0.4000000060
7204  33.108  -71.353  -15.731 0.3000000119
170049  24.317  -72.516  -19.008 0.4000000060
6690  25.549  -72.391  -18.510 0.4000000060
10126  27.557  -67.209  -15.859 0.3000000119
10855  29.089  -66.522  -16.170 0.3000000119
161631  28.023  -67.694  -15.555 0.3000000119
6624  21.642  -72.372  -15.968 0.4000000060
6670  23.144  -72.780  -17.080 0.4000000060
180171  22.682  -73.087  -17.597 0.4000000060
6710  25.038  -72.437  -19.179 0.4000000060
7785  28.728  -70.336  -16.196 0.3000000119
9501  30.486  -67.860  -15.706 0.3000000119
9500  31.388  -67.948  -15.755 0.3000000119
7231  28.037  -71.378  -17.128 0.4000000060
8340  27.540  -69.398  -15.476 0.4000000060
7788  25.595  -70.858  -15.592 0.4000000060
8317  26.313  -69.413  -15.131 0.4000000060
7790  24.006  -70.716  -15.200 0.4000000060
8929  27.584  -68.435  -15.272 0.4000000060
176326  28.109  -71.727  -17.863 0.4000000060
6644  24.952  -72.154  -17.019 0.4000000060
7234  25.351  -71.792  -16.510 0.4000000060
7229  30.171  -71.510  -16.841 0.3000000119
7207  25.833  -71.415  -16.126 0.4000000060
7228  30.853  -71.665  -16.639 0.3000000119
7270  28.784  -71.864  -18.167 0.4000000060
7250  29.855  -71.845  -17.426 0.3000000119
6620  32.296  -72.245  -16.229 0.3000000119
2497  27.487  -81.093  -11.637 0.3000000119
2487  27.741  -82.032  -11.385 0.3000000119
2753  27.394  -80.384  -12.144 0.3000000119
2486  28.605  -81.801  -11.354 0.3000000119
2498  26.611  -80.914  -11.803 0.3000000119
2224  26.869  -81.882  -11.501 0.3000000119
2772  27.844  -79.965  -12.963 0.3000000119
2752  28.107  -80.420  -12.173 0.3000000119
2496  28.303  -81.100  -11.611 0.3000000119
3062  26.513  -79.611  -13.249 0.3000000119
2773  26.849  -79.930  -12.501 0.3000000119
2499  25.569  -81.304  -11.896 0.3000000119
3077  23.152  -79.748  -14.201 0.3000000119
2781  28.947  -79.811  -13.770 0.3000000119
188309  29.063  -80.045  -13.235 0.3000000119
3061  27.309  -79.769  -13.520 0.3000000119
169920  28.399  -79.886  -13.626 0.3000000119
2751  28.880  -80.492  -12.179 0.3000000119
2756  24.671  -80.488  -12.355 0.3000000119
3413  23.916  -78.681  -13.684 0.3000000119
3076  23.487  -79.680  -13.538 0.3000000119
3074  26.900  -79.613  -14.155 0.3000000119
3048  26.039  -79.796  -12.593 0.3000000119
3075  26.157  -79.300  -13.765 0.3000000119
158837  25.683  -78.853  -14.091 0.3000000119
3412  24.800  -78.683  -13.625 0.3000000119
3399  24.239  -79.179  -13.191 0.3000000119
3776  24.282  -78.096  -14.114 0.3000000119
4244  25.039  -76.225  -17.812 0.4000000060
4208  24.193  -76.602  -16.057 0.4000000060
185659  31.865  -80.596  -9.394 0.3000000119
175794  30.691  -81.206  -9.273 0.3000000119
171283  29.094  -81.084  -11.607 0.3000000119
2485  29.418  -81.672  -11.325 0.3000000119
3385  30.976  -79.201  -12.485 0.3000000119
3047  31.481  -79.532  -11.942 0.3000000119
3029  32.616  -79.855  -10.194 0.3000000119
3012  32.825  -80.319  -10.284 0.3000000119
2459  31.716  -81.205  -9.285 0.3000000119
3410  29.585  -78.938  -13.972 0.3000000119
2768  30.771  -79.802  -12.635 0.3000000119
2748  31.871  -80.034  -11.732 0.3000000119
2481  32.837  -81.184  -10.626 0.3000000119
181201  32.749  -81.068  -9.826 0.3000000119
2769  30.133  -79.770  -13.149 0.3000000119
2750  30.436  -80.307  -12.385 0.3000000119
2739  32.002  -80.543  -11.463 0.3000000119
2483  31.909  -81.328  -11.227 0.3000000119
2494  30.989  -80.970  -11.497 0.3000000119
177540  30.214  -81.546  -11.331 0.3000000119
2755  25.235  -80.616  -12.128 0.3000000119
2500  24.862  -81.114  -12.153 0.3000000119
2780  29.522  -79.740  -13.627 0.3000000119
3398  24.923  -79.267  -13.069 0.3000000119
3015  31.022  -79.549  -9.451 0.3000000119
2219  31.738  -82.160  -11.124 0.3000000119
3060  30.408  -79.368  -13.233 0.3000000119
3374  31.798  -79.114  -11.102 0.3000000119
2749  31.329  -80.182  -12.088 0.3000000119
163994  32.847  -80.586  -10.724 0.3000000119
2218  32.524  -81.730  -10.874 0.3000000119
4185  24.566  -77.191  -15.560 0.3000000119
4707  29.908  -75.538  -22.861 0.3000000119
171365  28.757  -76.550  -21.907 0.3000000119
4672  28.206  -76.278  -21.487 0.3000000119
4673  27.543  -75.874  -20.841 0.4000000060
5097  26.366  -75.030  -19.963 0.4000000060
5098  25.633  -74.740  -19.637 0.3000000119
172324  24.388  -74.946  -19.164 0.3000000119
5125  29.273  -75.183  -22.715 0.3000000119
5126  28.614  -74.794  -22.381 0.4000000060
5127  27.888  -74.251  -21.792 0.4000000060
5610  27.083  -73.795  -21.330 0.4000000060
6169  26.398  -72.391  -22.968 0.4000000060
6150  26.049  -73.064  -22.504 0.4000000060
5612  25.509  -73.527  -21.665 0.3000000119
6184  25.790  -72.008  -23.148 0.3000000119
3901  31.997  -77.182  -21.761 0.3000000119
170948  31.342  -77.011  -21.969 0.3000000119
3905  28.679  -77.241  -21.704 0.4000000060
4275  27.696  -76.944  -21.050 0.4000000060
4656  26.895  -75.905  -20.197 0.3000000119
5081  25.963  -75.367  -19.412 0.3000000119
4631  25.322  -75.814  -18.480 0.3000000119
4292  31.984  -76.220  -22.442 0.3000000119
4294  30.592  -75.928  -22.767 0.3000000119
180529  30.405  -75.229  -22.924 0.3000000119
5144  29.847  -74.689  -22.965 0.3000000119
5145  29.147  -74.281  -22.833 0.3000000119
5626  28.459  -73.798  -22.618 0.4000000060
5625  30.413  -74.414  -22.604 0.3000000119
6166  29.312  -73.270  -22.600 0.3000000119
5639  29.449  -73.871  -22.892 0.3000000119
5640  28.881  -73.469  -22.854 0.4000000060
5627  27.588  -73.388  -22.285 0.4000000060
167785  29.146  -72.882  -21.983 0.3000000119
6749  28.066  -72.382  -22.599 0.4000000060
6183  26.341  -71.962  -22.997 0.4000000060
6725  26.937  -72.309  -20.410 0.3000000119
166331  27.320  -72.239  -21.406 0.4000000060
6738  27.021  -71.983  -22.378 0.4000000060
160428  25.744  -71.888  -23.014 0.4000000060
6707  27.412  -72.358  -19.560 0.3000000119
6726  26.120  -72.295  -20.380 0.4000000060
3474  32.649  -78.874  -18.857 0.3000000119
3488  32.176  -78.999  -19.264 0.3000000119
3126  30.748  -79.824  -19.825 0.3000000119
3135  29.432  -80.745  -20.653 0.3000000119
3892  32.425  -77.842  -21.040 0.3000000119
175792  31.784  -78.160  -20.874 0.3000000119
167646  30.770  -78.929  -20.746 0.3000000119
3142  28.924  -80.173  -20.924 0.3000000119
4284  33.303  -76.532  -22.356 0.3000000119
3900  32.885  -76.959  -22.006 0.3000000119
3893  31.158  -77.912  -21.192 0.3000000119
3895  29.502  -78.516  -21.184 0.3000000119
172061  28.604  -78.752  -21.203 0.3000000119
3896  27.345  -78.478  -20.954 0.3000000119
4264  26.647  -77.625  -20.161 0.3000000119
4255  26.301  -77.173  -19.564 0.3000000119
164615  25.597  -76.928  -18.381 0.3000000119
4243  25.460  -77.406  -17.823 0.3000000119
4690  32.581  -76.425  -22.369 0.3000000119
6735  29.008  -72.709  -21.025 0.3000000119
6736  28.467  -72.489  -21.860 0.3000000119
6118  29.422  -72.924  -20.160 0.3000000119
6723  28.416  -72.483  -20.745 0.3000000119
6706  28.301  -72.447  -19.667 0.3000000119
6687  27.860  -72.236  -18.907 0.3000000119
6708  26.611  -72.351  -19.482 0.3000000119
3473  33.419  -78.736  -18.669 0.3000000119
3487  32.874  -78.887  -19.160 0.3000000119
3504  32.442  -78.928  -19.610 0.3000000119
184052  31.152  -79.589  -19.923 0.3000000119
3891  33.192  -77.646  -21.263 0.3000000119
3510  31.992  -78.842  -20.162 0.3000000119
3822  25.120  -77.330  -16.440 0.3000000119
3838  34.678  -78.228  -17.768 0.3000000119
169175  34.029  -78.683  -18.637 0.3000000119
3501  34.993  -78.244  -19.409 0.3000000119
173021  33.763  -78.469  -19.902 0.3000000119
3509  32.780  -78.394  -20.332 0.3000000119
3890  33.915  -77.555  -21.372 0.3000000119
3471  35.322  -78.299  -18.278 0.3000000119
180948  35.001  -78.466  -18.761 0.3000000119
3878  35.720  -77.847  -19.866 0.3000000119
3507  34.166  -77.988  -20.511 0.3000000119
185194  24.573  -76.491  -16.649 0.3000000119
4632  24.255  -75.609  -17.830 0.3000000119
5064  24.824  -75.186  -18.787 0.3000000119
5597  25.894  -74.318  -20.321 0.3000000119
5611  26.220  -73.702  -21.205 0.4000000060
6739  26.167  -71.807  -22.610 0.4000000060
159007  28.588  -72.238  -18.844 0.3000000119
4288  30.227  -76.674  -22.274 0.3000000119
4694  28.722  -75.717  -22.108 0.3000000119
4289  29.369  -76.826  -22.066 0.3000000119
5108  28.089  -75.310  -21.580 0.4000000060
5096  26.991  -75.138  -20.453 0.4000000060
5110  26.647  -74.367  -20.597 0.4000000060
6167  28.022  -72.950  -22.844 0.4000000060
4285  32.495  -76.534  -22.434 0.3000000119
3902  30.638  -77.225  -21.763 0.3000000119
174325  28.146  -77.982  -21.332 0.3000000119
3904  28.967  -77.733  -21.574 0.3000000119
3880  27.173  -77.738  -20.738 0.4000000060
179689  26.688  -76.729  -20.022 0.3000000119
4691  32.038  -75.995  -22.327 0.3000000119
5123  31.505  -75.505  -22.618 0.3000000119
5124  30.975  -75.070  -22.612 0.3000000119
177145  28.627  -72.955  -22.798 0.4000000060
6722  28.903  -72.621  -20.164 0.3000000119
173135  29.867  -80.420  -20.710 0.3000000119
3513  29.278  -79.841  -20.924 0.3000000119
181583  28.339  -79.643  -21.016 0.3000000119
6117  29.891  -73.072  -19.406 0.3000000119
3831  11.415  -78.794  -16.676 0.4000000060
2448  31.086  -81.988  -9.089 0.3000000119
2458  32.328  -81.445  -9.508 0.3000000119
2482  32.626  -80.892  -11.021 0.3000000119
2484  30.907  -81.805  -11.216 0.3000000119
2495  29.929  -81.038  -11.586 0.3000000119
2512  24.263  -81.197  -12.474 0.3000000119
2714  32.776  -80.566  -9.917 0.3000000119
2715  32.365  -80.591  -9.572 0.3000000119
2731  32.896  -80.847  -10.281 0.3000000119
2738  32.529  -80.268  -11.181 0.3000000119
2754  25.946  -80.351  -12.173 0.3000000119
2770  29.533  -80.086  -12.947 0.3000000119
2771  28.723  -80.061  -13.059 0.3000000119
2783  23.699  -80.336  -13.227 0.3000000119
2784  23.353  -80.426  -13.877 0.3000000119
2791  22.909  -80.581  -15.448 0.4000000060
2798  22.668  -80.508  -16.198 0.5000000000
3013  32.588  -80.099  -9.879 0.3000000119
3036  32.714  -80.017  -10.704 0.3000000119
3046  32.219  -79.753  -11.229 0.3000000119
3049  25.267  -79.946  -12.407 0.3000000119
3059  30.825  -79.452  -12.661 0.3000000119
3063  25.652  -79.462  -12.999 0.3000000119
3064  24.563  -79.781  -12.738 0.3000000119
3065  23.954  -79.731  -13.096 0.3000000119
3071  29.910  -79.394  -13.703 0.3000000119
3108  22.543  -79.854  -16.326 0.4000000060
3125  31.830  -79.200  -19.609 0.3000000119
3127  30.018  -80.211  -20.076 0.3000000119
3134  30.215  -80.091  -20.319 0.3000000119
3140  30.567  -79.798  -20.379 0.3000000119
3141  29.254  -80.785  -20.748 0.3000000119
3362  32.244  -79.371  -10.394 0.3000000119
3396  30.524  -79.231  -13.187 0.3000000119
3409  30.173  -79.214  -13.582 0.3000000119
3411  25.466  -79.034  -13.453 0.3000000119
3457  12.408  -78.963  -17.271 0.5000000000
3459  11.153  -79.745  -16.785 0.5000000000
3460  9.694  -79.458  -16.326 0.5000000000
3463  34.063  -78.541  -18.246 0.3000000119
3472  34.639  -78.519  -18.349 0.3000000119
3480  16.141  -78.470  -18.077 0.5000000000
3485  34.443  -78.625  -18.959 0.3000000119
3486  33.698  -78.738  -19.195 0.3000000119
3496  14.893  -78.543  -19.045 0.6000000238
3502  34.329  -78.397  -19.698 0.3000000119
3503  33.165  -78.702  -19.735 0.3000000119
3508  33.478  -78.133  -20.486 0.3000000119
3511  31.280  -78.982  -20.419 0.3000000119
3512  30.162  -79.460  -20.826 0.3000000119
3514  27.747  -79.066  -21.076 0.3000000119
3793  24.676  -77.726  -14.873 0.3000000119
3794  23.800  -77.683  -14.594 0.5000000000
3795  23.265  -77.815  -14.676 0.5000000000
3810  22.902  -77.665  -15.140 0.5000000000
3811  22.486  -77.555  -15.791 0.5000000000
3832  10.716  -78.233  -16.478 0.5000000000
3849  35.937  -77.988  -18.447 0.3000000119
3858  16.564  -77.821  -18.175 0.5000000000
3859  16.035  -78.155  -18.657 0.5000000000
3860  15.441  -78.389  -18.916 0.5000000000
3864  35.565  -78.175  -18.964 0.3000000119
3872  15.171  -78.047  -19.471 0.6000000238
3873  14.560  -78.269  -19.536 0.6000000238
3879  34.972  -77.891  -20.364 0.3000000119
3884  13.559  -77.987  -20.005 0.5000000000
3885  12.611  -77.828  -19.939 0.5000000000
3894  30.343  -78.164  -21.164 0.3000000119
3899  33.630  -76.885  -22.052 0.3000000119
3903  29.813  -77.471  -21.728 0.3000000119
4166  24.010  -77.299  -15.066 0.3000000119
4186  23.709  -76.877  -15.505 0.5000000000
4188  22.495  -76.992  -16.134 0.5000000000
4193  13.590  -76.994  -16.185 0.5000000000
4211  22.295  -76.802  -16.674 0.5000000000
4215  14.394  -76.962  -17.021 0.6000000238
4217  13.190  -77.587  -16.541 0.5000000000
4230  25.015  -76.831  -17.191 0.3000000119
4231  22.143  -76.651  -17.332 0.5000000000
4234  12.895  -78.033  -17.897 0.6000000238
4246  16.498  -77.490  -18.979 0.5000000000
4249  11.817  -77.341  -19.344 0.5000000000
4257  17.173  -76.642  -19.060 0.6000000238
4258  15.923  -77.574  -19.634 0.5000000000
4263  27.136  -76.819  -20.494 0.3000000119
4265  16.882  -76.517  -20.334 0.6000000238
4268  13.973  -77.462  -20.213 0.6000000238
4269  13.156  -77.351  -20.260 0.6000000238
4274  28.232  -77.138  -21.454 0.4000000060
4277  14.384  -76.891  -20.456 0.6999999881
4278  13.627  -76.877  -20.528 0.6000000238
4286  31.766  -76.538  -22.446 0.3000000119
4287  31.025  -76.540  -22.415 0.3000000119
4293  31.387  -76.046  -22.647 0.3000000119
4575  13.603  -76.376  -15.853 0.5000000000
4587  23.839  -76.171  -16.635 0.5000000000
4588  23.072  -76.168  -16.730 0.5000000000
4593  18.001  -76.248  -17.110 0.5000000000
4595  14.129  -76.748  -16.269 0.5000000000
4612  23.548  -75.820  -17.395 0.5000000000
4617  18.606  -75.883  -17.623 0.6000000238
4636  17.631  -76.273  -18.505 0.6000000238
4639  11.923  -76.521  -19.081 0.5000000000
4643  25.878  -76.300  -19.023 0.3000000119
4644  22.681  -76.021  -19.821 0.4000000060
4645  19.727  -75.818  -18.989 0.5000000000
4646  18.879  -75.665  -19.007 0.6000000238
4648  11.186  -76.188  -19.786 0.5000000000
4657  26.400  -76.051  -19.642 0.3000000119
4664  11.271  -75.284  -20.894 0.6000000238
4674  23.081  -76.589  -21.860 0.4000000060
4675  20.206  -75.997  -21.475 0.5000000000
4676  19.476  -75.707  -21.328 0.5000000000
4677  18.617  -75.689  -21.159 0.6999999881
4681  14.825  -76.201  -20.830 0.6999999881
4692  29.895  -76.182  -22.539 0.3000000119
4693  29.319  -76.006  -22.413 0.3000000119
4698  18.918  -75.344  -21.799 0.5000000000
4701  16.088  -75.285  -21.634 0.6999999881
4705  31.625  -75.781  -22.587 0.3000000119
4706  31.042  -75.430  -22.764 0.3000000119
4996  15.143  -75.100  -15.243 0.6000000238
5015  14.774  -75.704  -15.753 0.4000000060
5017  13.201  -75.642  -15.651 0.5000000000
5018  12.470  -75.562  -15.962 0.5000000000
5032  15.676  -75.105  -16.234 0.6000000238
5067  14.573  -74.851  -18.316 0.6999999881
5082  25.452  -75.248  -19.053 0.3000000119
5083  24.941  -74.758  -19.398 0.3000000119
5088  10.911  -75.261  -20.386 0.5000000000
5099  24.295  -74.598  -19.857 0.4000000060
5102  10.761  -75.052  -20.721 0.5000000000
5109  27.395  -74.753  -21.006 0.4000000060
5117  10.878  -74.707  -20.859 0.6000000238
5128  23.647  -74.744  -22.716 0.4000000060
5131  21.819  -75.701  -22.516 0.4000000060
5136  17.138  -74.642  -22.101 0.6999999881
5137  15.563  -74.804  -21.807 0.6999999881
5138  14.849  -74.941  -21.508 0.6999999881
5143  30.468  -74.796  -22.909 0.3000000119
5148  21.266  -74.810  -22.733 0.4000000060
5149  20.430  -74.346  -22.715 0.4000000060
5487  16.023  -74.157  -14.435 0.6999999881
5488  15.249  -74.217  -14.216 0.6000000238
5489  14.406  -74.049  -14.229 0.6000000238
5503  16.113  -74.361  -15.094 0.6000000238
5505  14.784  -74.629  -14.686 0.6000000238
5518  16.375  -74.107  -15.753 0.6000000238
5568  19.302  -73.966  -18.815 0.6000000238
5582  18.872  -74.038  -19.561 0.6000000238
5583  18.113  -74.042  -19.466 0.6000000238
5584  17.445  -73.871  -19.447 0.6000000238
5585  13.155  -73.973  -19.641 0.6000000238
5587  11.198  -74.580  -20.316 0.5000000000
5602  11.909  -73.370  -20.706 0.6000000238
5613  24.820  -73.648  -22.158 0.4000000060
5618  11.870  -74.052  -21.026 0.6000000238
5619  11.173  -74.237  -20.811 0.6000000238
5629  19.008  -73.761  -22.430 0.5000000000
5630  18.374  -74.165  -22.278 0.6000000238
5638  29.934  -74.171  -22.870 0.3000000119
5641  23.753  -73.944  -23.055 0.4000000060
5642  23.428  -73.747  -23.266 0.4000000060
5643  22.905  -73.821  -23.181 0.4000000060
5646  19.820  -73.600  -22.522 0.4000000060
6023  14.851  -73.602  -13.802 0.6000000238
6035  16.529  -73.908  -14.917 0.6999999881
6061  21.705  -73.138  -16.860 0.6999999881
6080  22.419  -73.005  -16.891 0.6999999881
6081  21.523  -73.350  -17.511 0.6999999881
6083  20.208  -73.433  -17.516 0.6999999881
6085  18.685  -73.269  -17.643 0.6999999881
6086  18.172  -73.106  -17.812 0.6000000238
6088  15.413  -73.575  -17.853 0.6999999881
6101  21.446  -73.422  -18.417 0.6000000238
6106  17.443  -73.440  -18.782 0.6000000238
6108  15.433  -72.862  -18.014 0.6999999881
6110  14.415  -73.251  -19.002 0.6000000238
6119  22.857  -72.927  -19.266 0.5000000000
6125  15.863  -72.921  -19.948 0.6999999881
6133  22.793  -72.779  -20.071 0.4000000060
6136  19.237  -73.771  -20.569 0.5000000000
6139  15.533  -73.175  -20.562 0.6999999881
6148  29.557  -73.173  -21.034 0.3000000119
6149  26.764  -73.211  -22.250 0.4000000060
6153  19.160  -73.486  -21.702 0.5000000000
6154  18.446  -73.630  -21.863 0.6000000238
6155  17.868  -73.734  -21.836 0.6999999881
6156  17.337  -73.800  -21.275 0.6999999881
6158  14.292  -73.383  -21.268 0.6999999881
6160  12.509  -72.706  -20.837 0.6999999881
6165  29.883  -73.773  -22.580 0.3000000119
6168  27.002  -72.748  -22.793 0.4000000060
6172  20.949  -72.959  -22.434 0.4000000060
6175  18.242  -73.846  -22.089 0.6000000238
6176  17.305  -73.876  -21.855 0.6999999881
6177  16.337  -73.866  -21.706 0.6000000238
6182  29.098  -73.298  -22.806 0.4000000060
6189  20.710  -73.303  -22.644 0.4000000060
6573  17.298  -72.628  -13.570 0.6999999881
6575  15.821  -72.334  -12.927 0.6999999881
6596  16.038  -73.093  -13.346 0.6999999881
6597  15.192  -72.650  -13.171 0.6000000238
6598  14.518  -72.820  -13.537 0.5000000000
6605  17.103  -72.976  -14.203 0.6999999881
6621  23.702  -71.853  -15.883 0.4000000060
6625  20.926  -72.443  -16.188 0.4000000060
6626  17.585  -72.237  -15.197 0.6999999881
6642  31.866  -72.596  -16.731 0.3000000119
6645  23.637  -72.337  -16.533 0.4000000060
6646  22.797  -72.583  -16.431 0.6000000238
6648  21.310  -72.884  -16.441 0.6000000238
6649  20.648  -72.916  -16.563 0.6999999881
6650  20.170  -72.420  -16.464 0.5000000000
6667  25.267  -72.315  -17.744 0.4000000060
6668  24.546  -72.415  -17.585 0.4000000060
6671  19.009  -72.483  -17.085 0.6999999881
6673  17.936  -72.594  -17.952 0.6999999881
6674  16.191  -72.363  -17.248 0.6000000238
6686  29.189  -72.281  -18.611 0.3000000119
6688  27.104  -72.276  -18.795 0.3000000119
6693  23.366  -72.814  -17.930 0.5000000000
6694  17.341  -72.791  -18.531 0.6000000238
6695  16.899  -72.313  -19.108 0.6999999881
6696  15.675  -72.298  -17.829 0.6999999881
6697  15.043  -72.249  -18.471 0.6999999881
6705  29.187  -72.601  -19.329 0.3000000119
6709  25.805  -72.383  -19.375 0.4000000060
6711  23.945  -72.527  -19.769 0.5000000000
6714  14.331  -71.929  -19.239 0.6999999881
6724  27.713  -72.379  -20.465 0.3000000119
6730  15.034  -72.544  -20.800 0.6999999881
6731  12.881  -71.896  -20.745 0.6999999881
6732  12.705  -72.095  -20.724 0.6999999881
6737  27.874  -72.256  -22.054 0.3000000119
6741  24.577  -72.019  -22.687 0.4000000060
6742  23.904  -72.250  -22.029 0.4000000060
6743  22.363  -72.559  -21.970 0.4000000060
6744  21.600  -72.718  -22.208 0.4000000060
6746  13.076  -72.002  -21.224 0.6999999881
6748  28.692  -72.753  -22.671 0.3000000119
6750  27.436  -72.164  -22.699 0.4000000060
6751  26.672  -71.938  -22.864 0.4000000060
6752  26.127  -71.893  -23.016 0.4000000060
6757  21.577  -72.775  -22.640 0.4000000060
6762  28.024  -72.508  -22.713 0.4000000060
6763  27.086  -72.272  -22.785 0.4000000060
6764  24.465  -72.359  -23.105 0.4000000060
6765  23.667  -72.661  -23.228 0.4000000060
6766  22.791  -72.776  -23.048 0.4000000060
6767  21.981  -72.850  -22.863 0.4000000060
7170  15.589  -71.617  -12.736 0.6000000238
7186  14.232  -71.989  -13.609 0.5000000000
7192  17.901  -71.782  -14.616 0.6999999881
7208  25.100  -71.461  -15.877 0.4000000060
7209  24.310  -71.418  -15.627 0.4000000060
7210  22.916  -71.552  -15.600 0.4000000060
7211  21.160  -71.779  -15.862 0.4000000060
7214  17.310  -71.938  -16.015 0.6000000238
7227  31.642  -71.862  -16.330 0.3000000119
7236  20.112  -71.553  -16.361 0.6999999881
7249  30.485  -72.098  -17.204 0.3000000119
7252  28.590  -71.573  -17.550 0.4000000060
7254  26.522  -71.779  -17.243 0.4000000060
7256  19.001  -71.718  -17.293 0.6000000238
7258  16.411  -71.810  -17.084 0.6000000238
7272  26.833  -72.079  -18.065 0.4000000060
7287  14.134  -71.164  -19.709 0.6999999881
7288  13.641  -70.960  -20.458 0.6000000238
7294  14.177  -71.661  -21.150 0.6999999881
7296  13.122  -71.653  -20.801 0.6999999881
7300  14.360  -70.753  -21.253 0.8000000119
7302  13.580  -71.053  -20.879 0.8000000119
7702  17.939  -70.308  -12.366 0.6000000238
7731  17.864  -70.857  -12.600 0.6000000238
7732  17.098  -71.261  -12.492 0.6999999881
7733  15.945  -70.935  -12.460 0.6000000238
7751  18.466  -70.412  -14.283 0.6999999881
7752  18.141  -71.281  -14.007 0.6999999881
7763  24.468  -70.066  -15.031 0.4000000060
7781  31.792  -70.607  -15.849 0.3000000119
7783  30.206  -70.253  -16.109 0.3000000119
7793  21.307  -70.978  -15.750 0.5000000000
7811  29.841  -70.861  -16.534 0.3000000119
7812  29.130  -70.832  -16.605 0.4000000060
7814  27.012  -70.948  -16.174 0.4000000060
7817  19.756  -71.102  -16.740 0.6000000238
7819  16.894  -70.716  -16.975 0.6000000238
7830  19.875  -70.437  -17.116 0.6000000238
7832  18.734  -71.229  -17.829 0.6999999881
7834  16.509  -70.506  -17.631 0.6000000238
7846  19.041  -70.423  -18.076 0.6000000238
7848  17.850  -71.120  -18.977 0.6999999881
7849  16.170  -70.156  -18.270 0.6000000238
7860  17.452  -70.603  -19.728 0.6000000238
7862  14.799  -70.153  -19.782 0.6000000238
7864  13.834  -70.496  -20.932 0.6999999881
7874  15.080  -70.494  -21.269 0.6999999881
7875  13.981  -69.983  -20.978 0.6999999881
7879  15.174  -69.534  -21.731 0.6000000238
7881  14.052  -70.326  -21.037 0.6999999881
8261  18.881  -69.348  -12.358 0.6000000238
8264  16.793  -69.876  -12.167 0.6000000238
8265  16.004  -69.986  -12.311 0.6000000238
8293  18.807  -69.800  -12.806 0.6000000238
8306  19.336  -69.183  -12.912 0.6000000238
8307  18.675  -70.133  -13.424 0.6000000238
8308  14.690  -70.061  -13.327 0.5000000000
8319  24.892  -69.413  -14.994 0.4000000060
8320  24.183  -69.444  -15.027 0.4000000060
8337  30.572  -69.582  -15.844 0.3000000119
8339  28.939  -69.657  -15.879 0.3000000119
8344  23.090  -69.803  -15.257 0.5000000000
8345  21.991  -69.646  -15.873 0.5000000000
8346  21.534  -70.157  -15.840 0.5000000000
8347  18.044  -69.764  -16.093 0.6999999881
8365  21.043  -69.748  -16.533 0.6999999881
8379  20.711  -69.388  -17.235 0.6000000238
8382  17.063  -69.558  -17.759 0.6000000238
8393  16.565  -69.473  -18.468 0.6000000238
8404  18.423  -69.642  -19.765 0.6999999881
8413  17.889  -69.318  -20.571 0.6999999881
8415  14.587  -68.932  -21.111 0.6000000238
8420  16.292  -68.922  -21.750 0.6999999881
8421  15.571  -69.024  -21.924 0.6000000238
8422  14.892  -68.856  -21.879 0.6000000238
8423  14.432  -69.159  -21.690 0.6000000238
8870  19.415  -68.813  -12.314 0.6999999881
8874  15.995  -68.322  -12.291 0.6000000238
8886  19.817  -68.667  -13.316 0.6999999881
8887  15.436  -69.237  -12.607 0.5000000000
8895  14.526  -68.576  -14.118 0.5000000000
8908  26.712  -68.298  -15.192 0.4000000060
8910  25.334  -68.722  -15.137 0.5000000000
8912  19.212  -68.593  -15.347 0.8000000119
8913  18.896  -69.189  -15.054 0.8000000119
8914  14.197  -68.336  -14.875 0.4000000060
8925  30.820  -68.768  -15.730 0.3000000119
8930  26.838  -68.968  -15.172 0.4000000060
8931  24.822  -68.378  -15.440 0.5000000000
8932  23.897  -68.939  -15.325 0.5000000000
8933  23.235  -69.110  -15.527 0.5000000000
8953  22.810  -68.757  -16.246 0.5000000000
8970  22.455  -68.491  -16.888 0.6000000238
8972  21.058  -68.834  -17.652 0.6000000238
8974  18.136  -68.717  -17.081 0.6999999881
8989  19.986  -69.110  -18.433 0.6000000238
9002  20.294  -68.254  -19.460 0.6999999881
9016  18.044  -68.744  -21.080 0.6999999881
9018  15.383  -68.150  -21.255 0.6000000238
9023  17.297  -68.036  -21.749 0.6999999881
9026  14.583  -68.781  -21.680 0.6000000238
9445  19.802  -67.807  -11.598 0.6999999881
9446  19.094  -67.713  -11.490 0.6000000238
9447  18.447  -67.624  -11.529 0.6000000238
9455  20.689  -67.836  -12.537 0.6999999881
9457  19.331  -68.301  -11.842 0.6000000238
9459  16.588  -67.888  -12.136 0.6000000238
9460  16.076  -67.652  -12.324 0.5000000000
9464  20.234  -68.254  -12.951 0.6000000238
9466  15.200  -67.903  -13.214 0.5000000000
9476  14.825  -68.055  -13.769 0.5000000000
9488  19.636  -68.174  -14.917 0.8000000119
9503  28.505  -68.262  -15.521 0.3000000119
9508  24.144  -67.992  -16.238 0.5000000000
9512  13.994  -68.060  -15.632 0.4000000060
9528  25.220  -67.552  -16.239 0.5000000000
9529  24.560  -67.657  -16.847 0.5000000000
9532  19.032  -67.845  -16.747 0.8000000119
9546  24.110  -67.644  -17.679 0.6000000238
9549  22.136  -68.108  -18.018 0.6000000238
9550  19.066  -67.517  -17.331 0.8000000119
9552  18.008  -68.532  -17.748 0.6000000238
9585  22.899  -67.568  -19.712 0.6000000238
9587  21.076  -67.901  -19.735 0.6999999881
9588  17.712  -67.546  -19.464 0.6999999881
9600  22.465  -67.442  -20.394 0.6000000238
9612  20.930  -67.654  -20.614 0.6999999881
9616  17.133  -67.100  -21.863 0.6999999881
9627  17.917  -67.145  -22.010 0.6999999881
9628  17.412  -66.627  -21.882 0.6999999881
10069  20.672  -67.064  -11.529 0.5000000000
10070  20.140  -67.314  -11.481 0.6999999881
10072  18.715  -66.965  -11.358 0.6000000238
10073  18.020  -66.429  -11.469 0.5000000000
10082  21.057  -67.288  -12.099 0.6999999881
10085  16.860  -66.801  -12.081 0.5000000000
10086  16.474  -67.229  -12.205 0.5000000000
10102  21.253  -67.254  -13.574 0.5000000000
10103  15.333  -66.497  -13.683 0.5000000000
10104  14.977  -67.297  -13.866 0.5000000000
10108  21.098  -66.725  -14.788 0.6000000238
10109  20.516  -67.107  -15.001 0.8000000119
10110  14.452  -66.976  -15.275 0.6000000238
10111  14.160  -67.335  -15.799 0.6000000238
10121  31.826  -67.290  -15.977 0.3000000119
10125  28.454  -67.006  -15.913 0.3000000119
10130  19.816  -67.135  -16.080 0.8000000119
10146  27.817  -66.713  -16.422 0.4000000060
10151  19.533  -67.174  -16.794 0.8000000119
10152  13.960  -67.065  -16.558 0.6000000238
10165  27.401  -66.744  -17.271 0.4000000060
10167  25.914  -67.167  -17.801 0.4000000060
10171  18.769  -67.520  -18.004 0.6999999881
10172  13.760  -66.877  -17.396 0.6000000238
10190  26.441  -67.111  -18.433 0.4000000060
10191  25.707  -67.186  -18.696 0.4000000060
10193  24.296  -67.336  -19.199 0.4000000060
10195  18.405  -67.426  -18.718 0.6000000238
10214  24.805  -67.200  -19.826 0.4000000060
10217  19.039  -66.495  -19.192 0.6000000238
10232  27.993  -67.062  -20.111 0.4000000060
10235  25.313  -67.151  -20.360 0.4000000060
10236  24.569  -67.167  -20.933 0.5000000000
10239  22.191  -67.221  -21.234 0.6000000238
10240  18.475  -66.233  -20.202 0.6000000238
10241  17.031  -66.644  -21.151 0.6999999881
10242  16.507  -67.313  -21.435 0.6999999881
10256  24.743  -67.040  -22.018 0.5000000000
10261  20.156  -67.178  -21.622 0.6999999881
10263  17.141  -66.471  -21.684 0.6999999881
10278  23.053  -66.678  -22.396 0.5000000000
10279  22.281  -66.576  -22.257 0.6000000238
10280  19.612  -66.415  -22.027 0.6999999881
10282  17.980  -66.371  -22.007 0.6999999881
10786  22.621  -65.891  -11.701 0.5000000000
10788  20.717  -66.524  -11.223 0.5000000000
10789  20.129  -66.772  -11.261 0.5000000000
10792  18.116  -65.616  -11.405 0.5000000000
10801  17.492  -65.925  -11.805 0.5000000000
10825  15.652  -65.747  -13.576 0.5000000000
10856  21.917  -65.958  -15.314 0.6000000238
10857  20.734  -66.304  -16.029 0.6999999881
10873  28.924  -66.266  -16.971 0.4000000060
10875  20.493  -66.187  -16.856 0.8000000119
10876  14.235  -65.651  -16.270 0.6000000238
10894  19.821  -66.407  -17.852 0.6999999881
10896  13.229  -66.460  -18.665 0.5000000000
10911  19.469  -66.505  -18.424 0.6000000238
10912  13.402  -65.782  -18.701 0.5000000000
10928  19.897  -65.737  -19.382 0.6000000238
10929  19.271  -65.958  -19.790 0.6000000238
10941  17.599  -65.911  -21.441 0.6999999881
10953  18.563  -65.438  -21.617 0.6000000238
10970  22.225  -66.203  -22.170 0.5000000000
10971  20.811  -66.059  -22.090 0.6000000238
10973  19.088  -65.531  -21.837 0.6000000238
11458  22.391  -65.383  -11.140 0.4000000060
11460  20.217  -65.231  -10.696 0.4000000060
11462  18.525  -64.938  -11.278 0.6000000238
11471  17.917  -64.929  -11.623 0.5000000000
11473  17.006  -65.398  -12.258 0.5000000000
11485  16.495  -65.119  -12.818 0.5000000000
11496  15.572  -65.135  -14.064 0.6000000238
11505  22.441  -65.611  -15.326 0.6000000238
11506  15.180  -65.211  -14.581 0.6000000238
11507  14.875  -65.581  -14.867 0.6000000238
11519  22.110  -65.577  -15.903 0.6000000238
11520  14.581  -64.966  -15.889 0.6000000238
11533  23.901  -64.596  -16.771 0.6000000238
11535  22.420  -65.292  -16.528 0.6000000238
11536  21.714  -65.575  -16.531 0.6000000238
11538  14.031  -65.596  -17.136 0.6000000238
11572  21.570  -65.285  -18.437 0.6000000238
11575  13.072  -65.349  -18.997 0.5000000000
11590  22.688  -65.145  -19.264 0.5000000000
11592  21.083  -65.192  -20.062 0.6000000238
11594  19.609  -65.330  -20.441 0.6000000238
11596  12.635  -65.156  -19.217 0.5000000000
11609  22.034  -65.300  -21.039 0.6000000238
11610  20.362  -65.103  -20.860 0.6000000238
11612  19.004  -65.332  -21.261 0.6000000238
11623  21.645  -65.372  -21.718 0.6000000238
11625  19.984  -65.117  -21.574 0.6000000238
11641  20.424  -65.438  -21.841 0.6000000238
12130  20.514  -64.362  -10.549 0.5000000000
12143  18.904  -64.271  -11.175 0.5000000000
12154  17.391  -64.630  -12.205 0.5000000000
12167  17.159  -64.044  -12.719 0.6000000238
12168  16.827  -64.518  -12.796 0.6000000238
12180  16.671  -63.894  -13.335 0.6000000238
12191  15.441  -64.584  -14.588 0.6000000238
12208  15.272  -64.131  -15.200 0.6000000238
12227  14.653  -64.295  -16.222 0.6000000238
12245  14.209  -64.063  -17.609 0.5000000000
12268  14.173  -63.622  -18.109 0.5000000000
12279  13.290  -63.901  -19.162 0.5000000000
12815  20.716  -63.709  -10.517 0.5000000000
12827  19.283  -63.498  -11.143 0.5000000000
12839  18.754  -63.145  -11.569 0.6000000238
12840  18.239  -63.404  -11.918 0.6000000238
12870  16.847  -63.010  -13.595 0.6000000238
12899  15.111  -63.731  -15.856 0.6000000238
12937  14.096  -63.133  -18.500 0.5000000000
13488  21.381  -62.687  -10.518 0.5000000000
13494  21.649  -61.956  -10.627 0.6000000238
13514  19.490  -62.047  -11.777 0.6000000238
13515  18.538  -62.638  -12.120 0.5000000000
13528  18.739  -61.949  -12.654 0.5000000000
13529  18.066  -62.282  -12.862 0.6000000238
13540  17.133  -62.243  -13.823 0.6000000238
13553  16.934  -61.792  -14.516 0.6000000238
13586  15.468  -62.306  -16.563 0.5000000000
13587  15.072  -62.631  -16.972 0.5000000000
13599  14.789  -62.531  -17.590 0.5000000000
13609  14.428  -62.479  -18.196 0.5000000000
14196  22.454  -61.804  -10.537 0.4000000060
14203  21.308  -61.448  -11.121 0.4000000060
14229  19.188  -61.455  -13.151 0.5000000000
14231  17.680  -62.034  -13.432 0.6000000238
14248  18.295  -60.859  -14.913 0.6000000238
14250  16.835  -61.408  -15.122 0.6000000238
14264  17.206  -60.939  -15.550 0.6000000238
14265  15.883  -61.973  -16.026 0.5000000000
14922  21.878  -60.845  -11.448 0.4000000060
14942  20.496  -61.141  -12.394 0.6000000238
14956  21.926  -60.287  -12.874 0.5000000000
14958  20.421  -60.890  -13.264 0.6000000238
14959  19.728  -61.001  -13.594 0.5000000000
14969  20.961  -60.522  -13.767 0.5000000000
14971  19.600  -60.740  -14.373 0.6000000238
14983  19.445  -60.543  -15.118 0.6000000238
14984  18.759  -60.653  -15.355 0.6000000238
14998  19.885  -60.228  -15.502 0.6000000238
15000  18.492  -60.441  -15.966 0.6000000238
15002  16.836  -60.774  -16.290 0.6000000238
15023  17.482  -60.371  -16.638 0.6000000238
15024  16.164  -60.864  -16.939 0.6000000238
15040  15.922  -60.657  -17.668 0.6000000238
15051  15.674  -60.232  -18.240 0.5000000000
15687  22.232  -60.323  -12.132 0.4000000060
15707  22.891  -59.538  -13.358 0.4000000060
15727  22.815  -59.415  -14.052 0.4000000060
15728  22.106  -59.800  -14.206 0.4000000060
15748  21.870  -59.696  -15.001 0.5000000000
15749  21.017  -60.049  -14.973 0.6000000238
15764  21.969  -59.368  -15.688 0.6000000238
15767  19.567  -60.017  -16.522 0.6000000238
15785  21.050  -59.395  -17.130 0.6000000238
15786  20.213  -59.808  -16.998 0.6000000238
15787  19.395  -59.909  -17.161 0.6000000238
15788  18.617  -59.958  -17.185 0.6000000238
15789  17.760  -60.016  -17.304 0.6000000238
15818  20.272  -59.035  -18.290 0.6000000238
15820  18.614  -59.385  -18.520 0.6000000238
15823  16.091  -59.540  -18.683 0.5000000000
16352  18.369  -58.886  -9.243 0.3000000119
16353  17.638  -59.083  -8.981 0.4000000060
16374  19.295  -58.901  -10.332 0.3000000119
16375  18.627  -59.124  -10.001 0.3000000119
16405  23.435  -59.265  -12.390 0.4000000060
16407  19.469  -59.084  -12.309 0.3000000119
16427  23.355  -59.118  -13.243 0.4000000060
16444  23.724  -58.572  -13.609 0.4000000060
16445  23.336  -58.949  -13.984 0.4000000060
16467  23.147  -58.910  -14.780 0.4000000060
16468  22.530  -59.153  -15.315 0.4000000060
16492  21.608  -59.248  -16.363 0.6000000238
16536  20.904  -58.981  -17.827 0.6000000238
16548  18.814  -58.937  -19.227 0.5000000000
16549  17.390  -59.126  -19.068 0.6000000238
16550  16.605  -58.687  -19.513 0.5000000000
16568  19.201  -58.471  -19.561 0.6000000238
17092  19.041  -57.528  -8.852 0.3000000119
17114  19.446  -58.063  -9.357 0.3000000119
17133  20.376  -58.101  -10.381 0.3000000119
17134  19.784  -58.451  -9.944 0.3000000119
17151  20.474  -58.270  -11.212 0.3000000119
17163  20.491  -58.294  -12.144 0.3000000119
17214  23.531  -58.250  -15.127 0.4000000060
17246  22.079  -57.881  -16.955 0.4000000060
17266  21.505  -57.891  -17.563 0.4000000060
17282  20.636  -58.332  -18.393 0.5000000000
17283  19.951  -57.794  -18.880 0.6000000238
17298  19.329  -57.899  -19.513 0.6000000238
17299  17.044  -57.943  -20.072 0.5000000000
17310  18.834  -57.443  -19.821 0.6000000238
17860  19.247  -56.777  -8.974 0.3000000119
17877  21.115  -56.830  -9.855 0.3000000119
17900  21.321  -57.135  -10.442 0.3000000119
17901  20.792  -57.494  -10.068 0.3000000119
17911  21.787  -56.695  -10.808 0.3000000119
17912  21.432  -57.264  -11.232 0.3000000119
17926  21.411  -57.241  -12.122 0.3000000119
17973  23.575  -57.526  -15.258 0.4000000060
17987  22.526  -56.498  -16.585 0.4000000060
17988  19.895  -56.312  -16.284 0.3000000119
18002  22.076  -56.904  -17.028 0.4000000060
18003  21.335  -56.396  -17.404 0.4000000060
18004  19.927  -56.271  -17.440 0.4000000060
18036  21.064  -57.899  -18.047 0.5000000000
18037  20.522  -57.467  -18.364 0.4000000060
18038  19.361  -57.444  -19.236 0.5000000000
18680  18.196  -56.271  -8.734 0.3000000119
18683  15.925  -56.392  -8.115 0.3000000119
18703  20.719  -56.314  -9.539 0.4000000060
18706  17.875  -55.664  -8.997 0.3000000119
18707  17.070  -55.703  -8.878 0.3000000119
18824  21.792  -56.001  -16.973 0.4000000060
19536  21.022  -55.687  -9.577 0.4000000060
19540  17.979  -55.126  -9.633 0.3000000119
19541  16.692  -55.376  -9.490 0.3000000119
19570  15.521  -55.146  -9.939 0.4000000060
19572  14.359  -54.596  -9.476 0.4000000060
19589  22.016  -55.450  -11.230 0.4000000060
19590  17.224  -54.849  -10.914 0.3000000119
19591  16.673  -55.037  -11.014 0.3000000119
19610  21.913  -54.937  -12.086 0.4000000060
19624  21.715  -55.201  -12.730 0.3000000119
19625  21.392  -54.989  -13.467 0.4000000060
19636  21.043  -54.717  -14.286 0.4000000060
20449  21.007  -54.926  -9.559 0.3000000119
20473  21.576  -54.671  -9.875 0.4000000060
20474  17.649  -54.776  -10.283 0.3000000119
20492  22.021  -54.604  -11.289 0.4000000060
20495  16.304  -54.909  -11.698 0.3000000119
20496  15.045  -54.553  -11.144 0.4000000060
20497  14.580  -54.141  -11.347 0.3000000119
20512  16.610  -54.420  -12.181 0.3000000119
20515  14.552  -54.013  -12.106 0.3000000119
20546  22.353  -53.985  -15.308 0.4000000060
21361  19.467  -53.423  -9.472 0.3000000119
21362  18.701  -53.557  -9.607 0.3000000119
21383  21.869  -53.448  -10.587 0.3000000119
21405  17.347  -53.662  -11.331 0.3000000119
21420  17.007  -53.776  -12.096 0.3000000119
21422  14.785  -53.994  -12.848 0.3000000119
21436  16.601  -53.913  -12.880 0.3000000119
21437  16.037  -54.199  -13.349 0.3000000119
21438  15.225  -54.177  -13.500 0.3000000119
21449  21.785  -53.135  -14.339 0.4000000060
21452  15.851  -54.113  -14.074 0.3000000119
21464  22.664  -53.451  -14.913 0.4000000060
21465  21.859  -53.524  -14.916 0.4000000060
21466  21.345  -53.963  -15.030 0.4000000060
22269  17.998  -52.738  -10.119 0.3000000119
22287  21.935  -52.290  -11.393 0.3000000119
22289  14.593  -53.018  -10.902 0.3000000119
22303  21.971  -52.421  -12.197 0.3000000119
22327  16.497  -53.462  -14.119 0.3000000119
22345  15.772  -53.961  -15.504 0.3000000119
22346  14.565  -53.943  -15.223 0.3000000119
22361  15.959  -53.585  -16.425 0.3000000119
22372  14.507  -53.206  -17.030 0.3000000119
23191  16.941  -52.474  -13.030 0.3000000119
23204  17.081  -51.650  -12.867 0.3000000119
24015  17.908  -50.604  -10.838 0.3000000119
24038  17.566  -50.826  -11.309 0.3000000119
24052  23.260  -51.085  -12.420 0.3000000119
24053  17.332  -51.347  -11.573 0.3000000119
24067  17.144  -51.329  -13.455 0.3000000119
155434  22.101  -78.706  -19.226 0.5000000000
156313  22.027  -77.214  -17.961 0.5000000000
156460  20.612  -76.505  -21.145 0.4000000060
156952  19.645  -73.874  -19.696 0.5000000000
156987  25.699  -72.074  -21.520 0.4000000060
157639  12.530  -73.124  -20.315 0.6999999881
158072  19.810  -62.955  -11.018 0.6000000238
158707  17.398  -66.663  -11.807 0.5000000000
158942  13.911  -53.349  -14.735 0.3000000119
159181  22.752  -79.088  -15.156 0.4000000060
159202  16.057  -73.557  -20.795 0.6999999881
159215  12.529  -75.429  -21.098 0.6000000238
159427  18.210  -65.751  -21.793 0.6000000238
159453  19.423  -67.631  -16.106 0.8000000119
159868  14.644  -67.097  -14.627 0.6000000238
159976  26.759  -70.455  -15.727 0.4000000060
161049  16.489  -67.484  -21.729 0.6999999881
161347  22.052  -58.659  -16.674 0.4000000060
161408  26.128  -70.178  -15.326 0.4000000060
162182  21.075  -65.891  -10.971 0.6000000238
162303  11.296  -73.992  -20.713 0.5000000000
162871  18.495  -69.449  -15.561 0.8000000119
163075  13.131  -76.271  -20.850 0.6000000238
163124  21.389  -53.065  -10.010 0.3000000119
163277  9.015  -78.755  -16.406 0.6000000238
163548  21.321  -58.885  -17.409 0.6000000238
163663  21.606  -73.252  -22.934 0.4000000060
163688  20.890  -67.230  -14.224 0.6000000238
163977  18.117  -59.057  -19.149 0.6000000238
164082  13.439  -52.536  -14.631 0.3000000119
164237  26.541  -72.116  -21.491 0.4000000060
164348  16.805  -52.759  -13.684 0.3000000119
164405  24.027  -53.945  -13.857 0.4000000060
164569  14.327  -61.870  -18.446 0.5000000000
164792  20.659  -68.690  -18.327 0.6000000238
164869  21.922  -55.074  -10.444 0.4000000060
165152  27.644  -66.974  -18.828 0.5000000000
165741  19.247  -68.669  -20.075 0.6999999881
165834  16.198  -73.345  -19.960 0.6999999881
165970  15.250  -71.002  -18.600 0.6999999881
165994  22.688  -75.774  -18.780 0.5000000000
166433  20.829  -73.228  -20.972 0.4000000060
166452  19.672  -67.682  -21.276 0.6999999881
166784  20.768  -67.352  -21.221 0.6000000238
167299  19.376  -69.058  -13.750 0.6000000238
167368  24.054  -54.853  -13.543 0.4000000060
167605  23.675  -75.035  -21.396 0.4000000060
167621  16.065  -65.616  -13.053 0.5000000000
167800  26.162  -81.824  -11.644 0.3000000119
168726  26.200  -67.145  -19.255 0.4000000060
168878  14.389  -64.170  -16.926 0.6000000238
169111  17.506  -68.587  -18.271 0.6999999881
169380  15.550  -63.433  -15.349 0.6000000238
169399  15.426  -68.448  -12.671 0.5000000000
169420  23.963  -55.815  -13.191 0.4000000060
169494  23.077  -75.709  -18.043 0.5000000000
169562  20.197  -66.095  -10.997 0.5000000000
169635  16.957  -73.291  -14.864 0.6999999881
169662  18.274  -69.218  -12.128 0.6000000238
169732  13.851  -65.551  -17.935 0.5000000000
170313  21.009  -65.348  -19.106 0.6000000238
170679  27.942  -72.345  -21.347 0.3000000119
170979  27.945  -79.844  -13.812 0.3000000119
171036  32.923  -69.616  -15.714 0.3000000119
171132  25.978  -71.668  -16.704 0.4000000060
171164  13.509  -75.787  -21.027 0.6000000238
172038  10.109  -76.626  -16.879 0.5000000000
172365  16.264  -73.919  -16.498 0.6999999881
172367  16.030  -55.329  -9.458 0.3000000119
172381  22.238  -73.197  -18.849 0.6000000238
172935  28.806  -71.309  -17.050 0.4000000060
173019  17.767  -73.118  -18.178 0.6000000238
173048  33.952  -76.497  -22.251 0.3000000119
173120  14.040  -71.402  -14.038 0.5000000000
173327  13.808  -63.842  -18.775 0.5000000000
173417  18.892  -65.637  -11.074 0.5000000000
173505  13.863  -78.740  -19.216 0.5000000000
173739  24.742  -75.527  -18.244 0.3000000119
173758  22.111  -78.001  -17.046 0.5000000000
174092  25.861  -67.657  -15.793 0.5000000000
174149  21.969  -53.763  -11.370 0.3000000119
174425  25.698  -72.415  -23.089 0.3000000119
174724  15.927  -67.105  -12.555 0.5000000000
174805  11.919  -79.900  -17.043 0.5000000000
174843  31.230  -79.828  -12.229 0.3000000119
175045  16.972  -69.245  -12.101 0.6000000238
175488  14.912  -69.480  -13.095 0.5000000000
175622  22.218  -53.013  -14.654 0.4000000060
175710  23.753  -79.203  -13.428 0.3000000119
175786  15.862  -74.015  -17.113 0.6000000238
175836  25.182  -67.125  -21.165 0.5000000000
175870  19.271  -57.165  -18.688 0.4000000060
175918  18.442  -52.880  -9.701 0.3000000119
176291  32.329  -68.052  -15.875 0.3000000119
176592  25.530  -73.988  -20.775 0.3000000119
176737  25.057  -79.599  -12.739 0.3000000119
176966  26.916  -67.347  -15.802 0.5000000000
177146  10.176  -77.472  -16.680 0.5000000000
177188  13.822  -77.357  -17.415 0.5000000000
177523  29.526  -73.643  -22.818 0.3000000119
177792  31.909  -71.232  -15.936 0.3000000119
177850  33.626  -71.769  -15.754 0.3000000119
178010  22.941  -67.402  -20.343 0.6000000238
178325  18.656  -54.405  -9.614 0.3000000119
178839  19.943  -61.628  -11.996 0.6000000238
179173  17.179  -68.140  -11.989 0.6000000238
179217  23.138  -67.671  -19.012 0.6000000238
179246  27.722  -77.671  -21.137 0.3000000119
179571  15.586  -54.723  -11.624 0.5000000000
179649  19.811  -73.383  -21.931 0.5000000000
179958  28.193  -71.998  -18.416 0.4000000060
180379  23.465  -56.835  -15.247 0.4000000060
180573  14.693  -72.330  -13.310 0.6000000238
180911  20.342  -66.491  -22.047 0.6000000238
181394  22.170  -73.865  -23.076 0.4000000060
181524  19.907  -75.914  -20.968 0.5000000000
181955  29.577  -80.581  -12.078 0.3000000119
182200  31.858  -80.041  -9.481 0.3000000119
183077  19.062  -74.293  -22.425 0.5000000000
183100  25.764  -67.294  -16.366 0.4000000060
183492  28.124  -70.492  -16.162 0.4000000060
183733  13.564  -66.726  -17.967 0.5000000000
184083  17.299  -72.099  -13.000 0.6999999881
184689  35.014  -78.364  -17.993 0.3000000119
184801  21.246  -54.416  -9.683 0.3000000119
184986  24.792  -71.960  -22.240 0.4000000060
185079  23.649  -75.507  -18.093 0.5000000000
185482  9.845  -78.825  -16.535 0.5000000000
185722  14.058  -77.368  -17.085 0.5000000000
186130  19.715  -65.292  -21.759 0.6000000238
186153  19.321  -56.310  -9.133 0.3000000119
186208  18.242  -68.609  -11.909 0.6000000238
186398  15.610  -62.542  -16.169 0.5000000000
186611  18.364  -55.881  -8.971 0.3000000119
186677  18.160  -54.680  -9.819 0.3000000119
186795  14.832  -68.456  -21.438 0.6999999881
186943  22.381  -76.276  -17.509 0.5000000000
188235  16.753  -75.108  -21.857 0.6999999881
188295  17.343  -69.614  -17.198 0.6000000238
188586  17.310  -72.766  -14.868 0.6999999881
188649  20.755  -66.635  -15.383 0.6000000238
