#!ascii label  , from subject sub-v2s1x29915_ses-1 vox2ras=TkReg
958
71215  15.521  -1.529  57.295 0.0000000000
134766  10.018  -9.223  45.856 0.0000000000
136601  9.463  -7.968  61.672 0.0000000000
68180  6.752  -4.504  54.320 0.0000000000
70312  8.691  -1.837  46.922 0.0000000000
68145  12.679  -3.967  59.422 0.0000000000
69141  9.360  -2.953  58.297 0.0000000000
69145  19.164  -2.477  57.987 0.0000000000
67144  15.015  -4.860  57.555 0.0000000000
62802  12.136  -8.710  59.282 0.0000000000
73268  8.338  0.609  52.527 0.0000000000
68242  5.761  -3.941  49.289 0.0000000000
76525  6.125  3.431  49.341 0.0000000000
60762  7.936  -10.280  57.428 0.0000000000
62830  10.386  -8.413  54.850 0.0000000000
136125  7.391  -5.681  57.816 0.0000000000
71236  7.300  -1.275  56.356 0.0000000000
66090  10.253  -6.132  49.906 0.0000000000
65011  7.025  -6.989  45.003 0.0000000000
67285  11.105  -4.693  42.425 0.0000000000
72316  13.172  -0.549  45.451 0.0000000000
70163  13.532  -2.542  58.267 0.0000000000
69149  12.323  -3.250  57.284 0.0000000000
70173  16.932  -1.898  57.445 0.0000000000
69147  17.033  -3.232  57.592 0.0000000000
69137  15.619  -2.649  58.601 0.0000000000
68143  14.353  -4.119  58.936 0.0000000000
75466  6.672  2.608  50.689 0.0000000000
61786  8.291  -9.706  59.769 0.0000000000
63813  9.207  -8.050  58.345 0.0000000000
64876  7.840  -6.692  60.255 0.0000000000
71233  9.575  -1.443  56.135 0.0000000000
71205  7.776  -1.084  58.266 0.0000000000
153643  11.820  -8.952  61.603 0.0000000000
59738  11.859  -11.246  59.944 0.0000000000
60736  9.596  -10.926  61.451 0.0000000000
58712  7.887  -11.868  59.732 0.0000000000
66038  9.092  -6.050  53.987 0.0000000000
63861  10.663  -7.791  52.443 0.0000000000
143457  8.673  -5.636  52.170 0.0000000000
70314  6.030  -2.544  47.424 0.0000000000
66124  6.400  -5.451  47.422 0.0000000000
68290  7.330  -3.799  44.825 0.0000000000
66170  7.986  -5.031  42.986 0.0000000000
69300  9.522  -3.432  44.711 0.0000000000
65999  11.256  -5.518  62.399 0.0000000000
67130  8.310  -4.914  60.851 0.0000000000
68134  11.170  -4.530  58.646 0.0000000000
69163  10.732  -2.815  56.428 0.0000000000
142231  20.293  -3.154  55.603 0.0000000000
128172  18.804  -3.422  53.872 0.0000000000
68162  18.066  -3.342  55.892 0.0000000000
68164  16.132  -4.591  55.677 0.0000000000
64878  13.398  -6.489  58.285 0.0000000000
64865  13.048  -5.905  61.759 0.0000000000
70224  6.955  -1.844  53.145 0.0000000000
68202  6.102  -4.681  51.578 0.0000000000
71310  7.366  -1.311  50.936 0.0000000000
72287  5.516  -0.095  48.445 0.0000000000
72296  7.345  -0.101  48.320 0.0000000000
71242  17.193  -1.432  55.726 0.0000000000
69172  22.483  -2.213  54.224 0.0000000000
71223  24.536  -1.183  56.472 0.0000000000
71210  20.849  -1.201  57.441 0.0000000000
72212  18.940  -0.459  57.006 0.0000000000
59783  7.344  -11.756  55.570 0.0000000000
59795  8.374  -11.566  54.731 0.0000000000
61810  9.531  -9.725  56.331 0.0000000000
64889  9.910  -6.987  56.028 0.0000000000
66031  6.592  -5.570  55.493 0.0000000000
68138  6.484  -3.506  60.374 0.0000000000
69154  5.164  -3.706  57.135 0.0000000000
69171  5.610  -3.048  55.290 0.0000000000
72244  7.786  -0.480  54.368 0.0000000000
60824  9.650  -10.521  52.541 0.0000000000
61877  10.992  -9.060  50.283 0.0000000000
63933  11.037  -7.786  47.487 0.0000000000
130503  7.041  -6.134  49.534 0.0000000000
66121  8.841  -6.350  47.483 0.0000000000
63963  9.602  -7.490  45.280 0.0000000000
63986  9.451  -7.738  43.618 0.0000000000
65062  9.076  -7.002  41.454 0.0000000000
76523  9.313  3.386  48.719 0.0000000000
73295  10.441  0.674  48.759 0.0000000000
75516  11.956  1.755  46.676 0.0000000000
71362  11.490  -1.694  46.557 0.0000000000
69298  12.364  -3.654  44.851 0.0000000000
70176  14.103  -1.968  57.492 0.0000000000
146254  13.622  -2.315  56.890 0.0000000000
71232  14.883  -1.634  56.419 0.0000000000
71214  16.299  -1.528  57.119 0.0000000000
70159  16.480  -2.181  58.245 0.0000000000
70175  15.437  -1.734  58.164 0.0000000000
136780  14.739  -2.681  58.794 0.0000000000
60939  10.127  -9.999  45.176 0.0000000000
61959  9.994  -9.477  44.631 0.0000000000
62801  8.457  -8.602  60.888 0.0000000000
63809  8.482  -7.996  60.204 0.0000000000
64872  8.385  -6.970  60.621 0.0000000000
130674  20.955  -3.161  53.223 0.0000000000
62796  10.368  -8.586  61.954 0.0000000000
60732  10.982  -9.909  61.784 0.0000000000
61781  9.304  -9.769  61.970 0.0000000000
61784  8.424  -9.978  60.658 0.0000000000
66048  7.550  -5.671  53.806 0.0000000000
66047  8.388  -5.792  53.549 0.0000000000
66060  7.299  -5.614  52.799 0.0000000000
134944  7.889  -2.037  46.958 0.0000000000
69263  7.010  -3.175  46.263 0.0000000000
69262  7.962  -2.858  45.876 0.0000000000
69301  8.641  -3.305  44.853 0.0000000000
69260  9.649  -2.574  45.832 0.0000000000
67122  11.794  -4.954  62.305 0.0000000000
67128  10.399  -4.925  60.386 0.0000000000
68146  11.855  -4.388  59.313 0.0000000000
69150  11.536  -3.420  56.865 0.0000000000
70211  10.961  -2.401  54.729 0.0000000000
69156  19.390  -3.048  56.908 0.0000000000
69168  19.414  -3.174  55.681 0.0000000000
69157  18.629  -3.068  57.034 0.0000000000
68151  16.119  -3.966  57.645 0.0000000000
68159  16.219  -4.179  56.535 0.0000000000
67143  15.612  -4.551  57.077 0.0000000000
66010  14.520  -5.287  57.941 0.0000000000
68133  13.233  -3.991  59.528 0.0000000000
66002  13.441  -5.097  60.192 0.0000000000
67125  13.230  -4.773  61.350 0.0000000000
131468  12.778  -5.760  62.453 0.0000000000
72253  8.273  -0.138  52.878 0.0000000000
70256  7.238  -2.052  52.193 0.0000000000
72264  8.119  -0.070  51.982 0.0000000000
75467  5.686  2.867  49.675 0.0000000000
73278  5.752  1.310  49.453 0.0000000000
74411  5.663  1.627  48.895 0.0000000000
145879  6.143  0.249  48.162 0.0000000000
135241  6.303  1.481  48.615 0.0000000000
70185  21.799  -1.840  56.418 0.0000000000
59770  7.267  -11.706  56.430 0.0000000000
60781  8.424  -10.870  55.554 0.0000000000
150508  8.813  -10.223  56.722 0.0000000000
64885  8.431  -6.653  57.945 0.0000000000
64883  9.679  -7.264  56.965 0.0000000000
64891  8.609  -6.414  57.126 0.0000000000
66029  8.161  -5.781  55.677 0.0000000000
66018  7.120  -5.482  56.840 0.0000000000
68137  8.695  -3.345  59.756 0.0000000000
67131  7.398  -4.582  60.620 0.0000000000
69132  8.199  -2.617  59.898 0.0000000000
148235  7.632  -1.242  57.129 0.0000000000
70181  6.150  -2.005  57.474 0.0000000000
70193  6.214  -2.084  56.616 0.0000000000
146938  5.193  -3.189  55.709 0.0000000000
71251  6.688  -1.543  55.620 0.0000000000
71264  6.798  -1.629  54.841 0.0000000000
72234  7.504  -0.497  55.559 0.0000000000
129090  17.458  -3.573  53.220 0.0000000000
128694  18.333  -3.380  52.984 0.0000000000
62807  12.559  -8.254  57.857 0.0000000000
62814  12.370  -9.089  57.490 0.0000000000
61790  12.193  -9.549  58.027 0.0000000000
58709  10.630  -12.086  59.396 0.0000000000
59749  11.452  -11.869  58.991 0.0000000000
60752  7.586  -10.749  58.773 0.0000000000
59762  7.117  -11.753  57.478 0.0000000000
60791  9.371  -10.526  54.413 0.0000000000
59808  9.277  -10.996  53.306 0.0000000000
138077  10.159  -9.834  53.348 0.0000000000
64933  10.525  -6.609  51.666 0.0000000000
62870  10.892  -8.328  51.280 0.0000000000
63893  11.203  -7.743  50.158 0.0000000000
62903  11.316  -8.298  48.962 0.0000000000
64968  10.904  -6.984  48.752 0.0000000000
141023  5.939  -4.018  50.662 0.0000000000
66084  6.406  -5.968  50.807 0.0000000000
66104  5.840  -5.531  49.261 0.0000000000
66133  6.869  -6.416  46.555 0.0000000000
66123  7.034  -6.063  47.395 0.0000000000
66132  7.760  -6.625  46.486 0.0000000000
64996  9.470  -6.754  46.254 0.0000000000
65010  8.081  -6.983  45.144 0.0000000000
147457  9.558  -7.688  44.653 0.0000000000
65025  8.187  -7.323  44.321 0.0000000000
67287  9.541  -4.587  43.043 0.0000000000
65052  9.743  -6.228  43.053 0.0000000000
66167  10.727  -5.685  42.615 0.0000000000
76522  9.884  2.942  48.546 0.0000000000
74409  9.574  1.750  48.998 0.0000000000
137158  10.542  1.896  48.405 0.0000000000
74456  12.618  1.149  45.368 0.0000000000
73309  12.693  0.678  46.004 0.0000000000
136616  12.257  -0.252  47.134 0.0000000000
71370  12.788  -1.012  46.042 0.0000000000
70344  12.244  -2.558  45.592 0.0000000000
70343  12.945  -2.242  45.328 0.0000000000
68144  13.117  -3.405  58.990 0.0000000000
69140  12.590  -3.302  58.398 0.0000000000
69148  12.991  -2.813  57.878 0.0000000000
70171  18.520  -1.802  57.990 0.0000000000
136369  17.663  -3.076  57.569 0.0000000000
69146  17.566  -2.812  58.002 0.0000000000
68140  16.550  -3.292  58.130 0.0000000000
68141  15.971  -3.397  58.517 0.0000000000
67138  14.992  -4.638  58.526 0.0000000000
68142  15.147  -3.604  58.666 0.0000000000
68132  13.698  -3.380  59.090 0.0000000000
131933  8.451  2.356  52.309 0.0000000000
74367  7.899  1.301  51.391 0.0000000000
75465  7.895  2.832  51.548 0.0000000000
76501  7.175  3.556  50.926 0.0000000000
77517  6.414  3.983  49.880 0.0000000000
60761  8.164  -9.803  58.266 0.0000000000
61799  9.199  -9.280  57.906 0.0000000000
150360  8.556  -9.032  59.194 0.0000000000
135572  8.710  -7.846  59.162 0.0000000000
64880  8.159  -6.700  59.003 0.0000000000
70179  9.132  -2.112  57.277 0.0000000000
70165  8.142  -1.459  58.699 0.0000000000
71217  8.671  -1.456  57.265 0.0000000000
71249  8.155  -0.642  57.140 0.0000000000
72223  8.128  0.202  57.098 0.0000000000
73229  7.538  1.257  56.989 0.0000000000
144047  12.259  -8.451  60.614 0.0000000000
61783  12.091  -9.486  59.810 0.0000000000
61779  11.884  -10.051  61.127 0.0000000000
59730  10.624  -11.338  60.647 0.0000000000
59740  9.995  -11.851  60.179 0.0000000000
58711  8.489  -12.334  59.835 0.0000000000
59741  8.545  -11.806  60.304 0.0000000000
60742  7.831  -11.095  59.830 0.0000000000
64906  10.278  -7.073  54.737 0.0000000000
62851  10.529  -8.087  53.694 0.0000000000
64917  9.775  -6.500  53.639 0.0000000000
66057  10.052  -6.079  52.117 0.0000000000
66081  9.685  -5.670  50.828 0.0000000000
69232  5.484  -2.806  48.135 0.0000000000
67222  5.836  -4.117  48.034 0.0000000000
151709  6.028  -3.549  47.008 0.0000000000
67242  6.261  -4.642  46.169 0.0000000000
66141  5.085  -6.251  45.088 0.0000000000
65027  6.226  -6.692  43.491 0.0000000000
67274  6.479  -4.062  43.177 0.0000000000
68339  8.424  -4.229  43.572 0.0000000000
68337  10.274  -4.159  43.388 0.0000000000
73320  13.315  0.228  44.517 0.0000000000
71377  13.904  -1.259  44.350 0.0000000000
137020  14.106  -0.794  43.865 0.0000000000
140495  10.218  -6.979  61.094 0.0000000000
64869  8.987  -6.172  60.962 0.0000000000
66000  9.859  -5.441  61.456 0.0000000000
68128  9.657  -4.310  59.857 0.0000000000
68148  9.863  -3.494  58.744 0.0000000000
150098  11.888  -3.789  57.638 0.0000000000
69151  10.495  -3.318  57.074 0.0000000000
69152  9.580  -2.911  57.443 0.0000000000
70191  10.104  -2.185  56.195 0.0000000000
68167  20.517  -3.149  54.663 0.0000000000
68177  20.282  -3.183  53.713 0.0000000000
128296  19.759  -3.157  54.927 0.0000000000
68157  17.282  -3.454  56.123 0.0000000000
68163  16.715  -4.074  55.614 0.0000000000
67150  16.150  -4.491  54.857 0.0000000000
64882  13.175  -7.017  57.362 0.0000000000
144678  12.753  -7.331  59.186 0.0000000000
66006  13.908  -5.367  59.332 0.0000000000
66007  13.497  -5.760  59.936 0.0000000000
63807  12.919  -6.982  59.897 0.0000000000
63803  12.168  -7.617  60.642 0.0000000000
133067  11.132  -6.920  61.087 0.0000000000
152313  6.754  -3.825  53.865 0.0000000000
149426  6.645  -4.546  52.596 0.0000000000
69190  6.516  -3.239  52.390 0.0000000000
69200  6.286  -3.176  51.517 0.0000000000
70270  5.822  -2.803  49.843 0.0000000000
73277  7.463  0.872  50.909 0.0000000000
71322  6.044  -0.919  49.579 0.0000000000
70288  5.834  -1.930  48.843 0.0000000000
71341  6.053  -1.409  48.542 0.0000000000
70297  7.454  -1.488  47.994 0.0000000000
71339  8.417  -1.320  48.045 0.0000000000
71243  16.443  -1.473  56.147 0.0000000000
69174  21.752  -2.710  54.199 0.0000000000
70204  25.480  -1.258  55.493 0.0000000000
140810  25.170  -0.982  56.949 0.0000000000
70194  24.522  -1.295  55.621 0.0000000000
70183  23.319  -1.712  55.484 0.0000000000
69165  22.655  -2.266  55.189 0.0000000000
69167  21.651  -2.803  55.094 0.0000000000
146011  20.755  -2.585  57.155 0.0000000000
70170  19.842  -1.352  58.275 0.0000000000
71211  20.211  -0.977  57.967 0.0000000000
136625  18.967  -0.890  58.223 0.0000000000
71229  18.138  -1.034  57.284 0.0000000000
71230  17.282  -1.588  56.840 0.0000000000
138164  9.215  -10.533  55.200 0.0000000000
61814  10.098  -9.230  55.417 0.0000000000
61798  9.525  -9.181  56.987 0.0000000000
154439  10.024  -8.138  56.123 0.0000000000
63844  10.360  -7.660  55.086 0.0000000000
64899  9.787  -6.730  55.168 0.0000000000
139515  8.146  -5.784  54.958 0.0000000000
66041  6.597  -5.399  54.911 0.0000000000
64873  8.129  -6.134  60.664 0.0000000000
66009  6.713  -5.617  59.842 0.0000000000
67140  6.233  -5.507  58.898 0.0000000000
70158  6.525  -1.878  59.723 0.0000000000
69143  5.543  -2.830  59.092 0.0000000000
67141  5.660  -5.092  58.239 0.0000000000
67149  5.617  -5.069  56.275 0.0000000000
68165  5.652  -4.745  55.448 0.0000000000
146123  6.466  -3.805  54.646 0.0000000000
134530  6.494  -2.355  54.539 0.0000000000
71274  7.353  -1.227  53.736 0.0000000000
73260  8.107  0.630  53.606 0.0000000000
73245  7.582  1.138  56.415 0.0000000000
74338  8.273  1.862  54.692 0.0000000000
74352  8.456  2.015  53.317 0.0000000000
60769  12.260  -10.612  56.216 0.0000000000
138674  11.983  -11.173  59.142 0.0000000000
62860  10.610  -8.532  52.457 0.0000000000
150002  10.371  -9.440  51.515 0.0000000000
62928  10.784  -8.295  46.922 0.0000000000
139060  6.885  -5.649  51.493 0.0000000000
152468  7.834  -5.700  50.981 0.0000000000
139345  9.220  -5.732  50.214 0.0000000000
129088  6.402  -5.789  48.800 0.0000000000
66103  8.453  -5.992  48.858 0.0000000000
66111  9.824  -6.346  48.580 0.0000000000
64983  10.429  -6.829  47.370 0.0000000000
63934  10.749  -7.513  46.752 0.0000000000
62954  10.131  -8.705  45.640 0.0000000000
62967  10.007  -8.792  44.609 0.0000000000
65040  9.159  -6.573  43.539 0.0000000000
64000  9.453  -7.231  42.455 0.0000000000
130144  7.579  5.018  49.196 0.0000000000
77527  8.797  4.384  48.761 0.0000000000
76524  7.372  3.463  49.174 0.0000000000
74410  8.598  1.906  49.118 0.0000000000
73296  9.548  0.475  48.881 0.0000000000
150685  9.749  -1.249  48.222 0.0000000000
73301  11.814  0.408  47.911 0.0000000000
72302  11.129  -0.477  48.132 0.0000000000
70310  10.381  -1.824  46.986 0.0000000000
70346  10.431  -2.572  45.911 0.0000000000
69299  11.629  -3.522  44.989 0.0000000000
68335  11.994  -4.147  43.601 0.0000000000
68334  12.850  -3.918  43.596 0.0000000000
71216  14.758  -1.683  57.336 0.0000000000
70174  16.063  -1.734  57.965 0.0000000000
140052  14.720  -1.852  58.045 0.0000000000
131816  9.897  -9.536  46.315 0.0000000000
61950  10.133  -9.346  45.301 0.0000000000
62799  8.729  -8.572  61.533 0.0000000000
63806  8.578  -7.834  61.022 0.0000000000
68176  21.694  -3.119  53.660 0.0000000000
68184  21.539  -3.249  52.759 0.0000000000
62798  9.282  -8.941  61.897 0.0000000000
61782  8.565  -9.528  61.498 0.0000000000
66049  6.914  -5.413  54.132 0.0000000000
129706  7.103  -5.515  53.360 0.0000000000
67167  6.932  -5.204  53.649 0.0000000000
70329  7.518  -2.710  46.655 0.0000000000
70328  8.350  -2.288  46.376 0.0000000000
69261  8.814  -2.579  45.814 0.0000000000
70327  9.183  -2.187  46.354 0.0000000000
67134  12.258  -4.614  60.425 0.0000000000
68152  15.537  -4.241  58.128 0.0000000000
67148  15.072  -5.094  56.613 0.0000000000
68127  12.974  -4.395  60.617 0.0000000000
67126  12.617  -4.698  61.925 0.0000000000
71283  7.957  -0.742  52.308 0.0000000000
75477  5.641  2.993  49.321 0.0000000000
74392  5.539  2.124  49.143 0.0000000000
133445  5.584  2.346  49.224 0.0000000000
128654  6.032  2.206  48.998 0.0000000000
59761  7.640  -11.090  56.898 0.0000000000
60771  8.177  -10.587  56.394 0.0000000000
64884  9.126  -6.989  57.432 0.0000000000
150998  8.082  -6.156  57.618 0.0000000000
66017  7.986  -5.880  56.986 0.0000000000
69131  9.014  -3.114  59.087 0.0000000000
69142  8.604  -2.371  58.910 0.0000000000
71237  7.076  -1.620  56.806 0.0000000000
70203  6.404  -1.882  56.025 0.0000000000
71250  7.131  -1.028  55.571 0.0000000000
72224  7.658  -0.487  56.398 0.0000000000
63812  12.435  -8.020  58.772 0.0000000000
62808  12.313  -8.838  58.331 0.0000000000
58720  10.028  -12.465  59.013 0.0000000000
60753  7.469  -11.140  57.930 0.0000000000
61821  10.317  -9.180  54.526 0.0000000000
60806  10.118  -9.889  54.091 0.0000000000
61829  10.444  -9.010  53.705 0.0000000000
64940  10.626  -6.482  50.907 0.0000000000
64939  10.803  -7.189  51.213 0.0000000000
64947  10.704  -6.523  50.165 0.0000000000
64956  11.045  -7.125  49.642 0.0000000000
64957  10.638  -6.536  49.432 0.0000000000
142016  5.853  -3.594  49.993 0.0000000000
67200  5.767  -5.057  49.713 0.0000000000
64999  6.249  -6.654  45.575 0.0000000000
64998  7.320  -6.790  45.859 0.0000000000
64997  8.448  -6.738  45.984 0.0000000000
140212  7.512  -7.274  44.531 0.0000000000
67286  10.455  -4.732  42.727 0.0000000000
66168  10.053  -5.404  42.769 0.0000000000
155160  10.899  -4.878  42.474 0.0000000000
77538  9.995  4.229  47.775 0.0000000000
76533  10.110  3.222  47.958 0.0000000000
75503  10.359  2.462  48.206 0.0000000000
73315  13.024  0.300  45.279 0.0000000000
72312  12.831  -0.163  46.007 0.0000000000
71371  12.581  -1.819  45.920 0.0000000000
138379  13.125  -1.395  45.450 0.0000000000
69139  13.255  -2.926  58.604 0.0000000000
70177  13.503  -2.342  57.655 0.0000000000
70188  14.106  -1.966  56.490 0.0000000000
70172  17.843  -2.005  57.742 0.0000000000
69135  17.127  -2.428  57.868 0.0000000000
70160  15.896  -1.998  58.568 0.0000000000
69136  16.308  -2.604  58.633 0.0000000000
70162  14.210  -2.219  58.294 0.0000000000
69138  13.913  -2.709  58.751 0.0000000000
75454  8.361  3.080  52.333 0.0000000000
77504  6.846  4.559  51.366 0.0000000000
77505  6.438  4.025  50.376 0.0000000000
78465  6.810  4.660  50.594 0.0000000000
60751  7.842  -10.188  59.374 0.0000000000
61791  8.534  -9.388  58.827 0.0000000000
64875  8.453  -7.273  59.592 0.0000000000
70192  9.311  -1.859  56.673 0.0000000000
71248  8.710  -0.568  56.869 0.0000000000
73236  8.462  1.104  57.484 0.0000000000
62797  12.068  -8.677  61.239 0.0000000000
131048  12.191  -9.295  60.849 0.0000000000
61776  11.970  -9.360  61.411 0.0000000000
60734  10.160  -10.347  61.820 0.0000000000
59726  10.744  -10.912  61.327 0.0000000000
59731  9.127  -11.279  60.803 0.0000000000
60741  8.135  -10.721  60.442 0.0000000000
64907  9.749  -6.581  54.390 0.0000000000
64916  10.315  -6.992  54.032 0.0000000000
66059  8.501  -5.740  52.817 0.0000000000
66058  9.273  -5.848  52.486 0.0000000000
66071  9.333  -5.583  51.639 0.0000000000
69240  5.494  -2.736  47.693 0.0000000000
139804  5.636  -3.178  47.734 0.0000000000
147409  5.959  -2.988  47.279 0.0000000000
69283  6.627  -3.593  45.999 0.0000000000
133794  6.416  -3.935  46.217 0.0000000000
68291  6.577  -4.055  45.501 0.0000000000
67253  5.691  -4.981  45.396 0.0000000000
68317  6.407  -4.127  44.574 0.0000000000
67263  5.422  -4.967  44.074 0.0000000000
68316  7.320  -4.023  44.169 0.0000000000
68314  8.981  -3.875  44.197 0.0000000000
131619  9.805  -4.004  44.015 0.0000000000
132343  13.022  0.599  43.975 0.0000000000
73325  13.619  0.267  43.837 0.0000000000
72323  13.762  -0.385  44.319 0.0000000000
72331  14.059  -0.176  43.598 0.0000000000
154789  10.994  -6.389  62.305 0.0000000000
64868  10.129  -6.220  61.213 0.0000000000
67123  10.847  -5.094  61.778 0.0000000000
67135  11.269  -4.678  59.788 0.0000000000
68135  10.343  -4.191  59.271 0.0000000000
68136  9.483  -3.600  59.505 0.0000000000
68147  10.551  -4.076  58.325 0.0000000000
68153  11.895  -4.188  58.391 0.0000000000
70178  9.913  -2.492  56.819 0.0000000000
70190  10.772  -2.494  55.917 0.0000000000
68161  18.606  -3.313  55.224 0.0000000000
68170  18.026  -3.648  54.952 0.0000000000
69158  17.913  -3.239  57.000 0.0000000000
69159  17.268  -3.329  56.950 0.0000000000
67151  15.593  -4.934  55.229 0.0000000000
66026  14.517  -5.710  55.371 0.0000000000
64877  13.739  -6.412  57.623 0.0000000000
63811  12.912  -7.335  58.276 0.0000000000
67139  14.336  -4.977  58.783 0.0000000000
67132  13.900  -4.689  59.469 0.0000000000
66003  13.275  -5.450  61.199 0.0000000000
64871  13.204  -6.231  60.519 0.0000000000
63805  12.625  -6.890  60.635 0.0000000000
65998  12.393  -5.376  62.581 0.0000000000
64867  12.029  -6.179  62.588 0.0000000000
132547  6.599  -2.374  53.655 0.0000000000
69183  6.641  -3.109  53.318 0.0000000000
70239  6.726  -2.516  52.800 0.0000000000
70269  7.326  -1.835  51.446 0.0000000000
70257  6.799  -2.434  51.461 0.0000000000
150324  7.041  -1.944  50.910 0.0000000000
69211  6.369  -2.512  50.595 0.0000000000
71311  6.701  -1.632  50.290 0.0000000000
149614  7.100  1.645  50.818 0.0000000000
73287  5.688  0.541  49.088 0.0000000000
72285  6.216  -0.228  49.779 0.0000000000
72286  5.653  -0.119  48.904 0.0000000000
71323  5.978  -0.919  48.906 0.0000000000
71332  5.998  -1.333  48.664 0.0000000000
72298  5.834  -0.556  48.577 0.0000000000
72304  6.692  -0.673  48.282 0.0000000000
72295  7.980  -0.921  48.302 0.0000000000
153939  8.462  -0.430  48.561 0.0000000000
144943  16.502  -1.684  55.272 0.0000000000
148171  17.504  -1.333  54.878 0.0000000000
69180  22.668  -2.066  53.690 0.0000000000
135334  22.242  -2.232  53.331 0.0000000000
69181  21.861  -2.444  53.946 0.0000000000
69173  22.079  -2.464  54.519 0.0000000000
148100  24.583  -0.935  57.441 0.0000000000
71241  25.327  -1.202  56.362 0.0000000000
70195  23.676  -1.608  55.058 0.0000000000
70182  23.945  -1.418  55.829 0.0000000000
69166  22.033  -2.662  54.704 0.0000000000
70197  22.077  -2.457  55.503 0.0000000000
70168  21.072  -1.867  57.057 0.0000000000
70169  20.543  -1.762  57.903 0.0000000000
70186  20.105  -2.483  57.761 0.0000000000
72206  19.981  -0.749  57.525 0.0000000000
71212  19.432  -0.557  57.864 0.0000000000
71228  18.648  -0.454  57.677 0.0000000000
71213  18.374  -0.935  57.844 0.0000000000
72220  17.992  -1.243  55.653 0.0000000000
131095  17.816  -1.248  56.478 0.0000000000
58755  6.751  -12.200  55.328 0.0000000000
59796  7.549  -11.865  55.051 0.0000000000
132679  9.048  -10.437  55.984 0.0000000000
60780  9.637  -10.002  55.572 0.0000000000
62816  9.550  -8.762  57.505 0.0000000000
63824  9.892  -7.650  56.498 0.0000000000
62824  10.230  -8.305  55.557 0.0000000000
63833  10.182  -7.602  55.758 0.0000000000
64898  10.216  -7.147  55.355 0.0000000000
66024  7.229  -5.620  55.932 0.0000000000
66030  7.296  -5.679  55.222 0.0000000000
67153  6.081  -5.273  55.516 0.0000000000
64870  8.796  -5.646  60.986 0.0000000000
66001  8.109  -5.538  60.884 0.0000000000
68131  7.083  -3.579  60.697 0.0000000000
66005  6.957  -5.364  60.512 0.0000000000
67136  6.369  -4.749  60.295 0.0000000000
152677  6.199  -5.363  59.612 0.0000000000
70166  7.221  -1.171  58.985 0.0000000000
69153  5.333  -2.640  57.839 0.0000000000
70167  6.154  -1.732  58.646 0.0000000000
69144  5.313  -3.645  58.054 0.0000000000
68149  5.414  -4.326  58.673 0.0000000000
67142  5.207  -4.611  57.687 0.0000000000
67146  5.571  -5.057  57.264 0.0000000000
68156  5.202  -4.616  56.863 0.0000000000
128330  5.509  -3.914  55.361 0.0000000000
68172  6.242  -4.440  55.078 0.0000000000
130444  6.235  -3.070  54.899 0.0000000000
69178  6.515  -3.083  54.219 0.0000000000
71263  7.274  -1.046  54.692 0.0000000000
152104  7.002  -1.413  54.257 0.0000000000
140781  8.185  -0.159  53.669 0.0000000000
72243  8.028  0.212  54.387 0.0000000000
68178  19.345  -3.297  53.332 0.0000000000
144599  12.183  -9.936  57.395 0.0000000000
61808  12.235  -10.312  56.639 0.0000000000
60740  12.063  -10.421  59.425 0.0000000000
58745  6.797  -12.002  55.940 0.0000000000
150468  9.708  -10.364  53.076 0.0000000000
59827  9.390  -11.269  52.494 0.0000000000
60839  9.658  -10.764  51.745 0.0000000000
129217  10.574  -7.654  53.091 0.0000000000
146388  10.556  -8.409  53.117 0.0000000000
151679  10.630  -8.084  52.786 0.0000000000
61860  10.809  -8.957  51.055 0.0000000000
61848  10.678  -8.799  51.751 0.0000000000
61861  10.511  -9.599  50.769 0.0000000000
60838  9.955  -10.056  51.242 0.0000000000
61878  10.685  -9.754  49.896 0.0000000000
63919  11.171  -7.665  48.359 0.0000000000
61910  11.064  -9.078  48.542 0.0000000000
62916  11.185  -8.429  48.101 0.0000000000
148356  10.965  -8.520  47.487 0.0000000000
68190  6.369  -4.959  52.120 0.0000000000
66074  6.696  -5.417  52.213 0.0000000000
67182  6.296  -5.335  51.406 0.0000000000
66093  6.651  -6.277  50.239 0.0000000000
66083  7.081  -5.987  50.865 0.0000000000
153403  7.565  -6.173  50.343 0.0000000000
152704  8.445  -5.869  50.098 0.0000000000
130296  7.966  -6.070  49.569 0.0000000000
67221  6.119  -4.675  47.653 0.0000000000
67210  5.869  -5.091  48.468 0.0000000000
66115  6.180  -5.466  48.044 0.0000000000
66122  7.790  -6.386  47.139 0.0000000000
66113  7.907  -6.121  48.013 0.0000000000
66112  9.040  -6.111  48.281 0.0000000000
66102  9.321  -6.005  49.029 0.0000000000
64969  10.433  -6.731  48.197 0.0000000000
64970  9.698  -6.572  47.834 0.0000000000
63948  9.831  -7.193  45.934 0.0000000000
64995  10.363  -6.939  46.603 0.0000000000
151503  10.330  -7.461  46.271 0.0000000000
63962  10.041  -7.958  45.745 0.0000000000
62955  10.067  -8.289  44.995 0.0000000000
63976  9.458  -7.835  44.123 0.0000000000
135520  9.371  -7.942  43.060 0.0000000000
66157  7.112  -5.729  43.056 0.0000000000
66156  8.205  -6.141  43.374 0.0000000000
65061  9.883  -6.779  42.205 0.0000000000
141100  9.926  -6.744  42.835 0.0000000000
65063  7.968  -7.013  41.002 0.0000000000
78498  8.885  5.359  48.246 0.0000000000
151087  7.867  4.099  49.139 0.0000000000
129171  8.528  3.407  48.994 0.0000000000
75489  8.090  2.670  49.270 0.0000000000
75488  9.212  2.577  48.890 0.0000000000
146161  9.812  1.118  48.925 0.0000000000
72293  10.139  -0.122  48.774 0.0000000000
71338  9.911  -0.818  48.651 0.0000000000
72303  10.542  -0.521  48.510 0.0000000000
74443  12.420  1.498  45.994 0.0000000000
74432  11.528  1.617  47.370 0.0000000000
74431  11.998  1.040  47.368 0.0000000000
71348  11.946  -0.785  47.068 0.0000000000
72301  11.871  -0.296  47.750 0.0000000000
71349  11.232  -0.973  47.453 0.0000000000
131821  10.632  -1.437  47.441 0.0000000000
70309  11.027  -1.564  46.936 0.0000000000
70325  10.929  -2.140  46.365 0.0000000000
69278  12.083  -3.182  45.267 0.0000000000
68311  11.808  -3.926  44.370 0.0000000000
70358  13.855  -2.219  44.174 0.0000000000
71246  14.336  -1.790  55.608 0.0000000000
70161  15.185  -2.122  58.477 0.0000000000
139272  8.455  -9.146  60.146 0.0000000000
154927  8.495  -8.579  60.097 0.0000000000
144975  8.281  -7.361  60.467 0.0000000000
62795  11.423  -8.464  61.721 0.0000000000
61777  11.255  -9.219  61.792 0.0000000000
61778  10.206  -9.472  61.962 0.0000000000
60735  9.081  -10.328  61.804 0.0000000000
60737  8.665  -10.582  61.289 0.0000000000
66039  8.282  -5.806  54.269 0.0000000000
131989  7.704  -5.665  53.095 0.0000000000
132789  7.948  -5.569  52.305 0.0000000000
70313  7.033  -2.393  47.213 0.0000000000
70330  6.540  -2.915  46.922 0.0000000000
69282  7.338  -3.407  45.489 0.0000000000
68289  7.946  -3.469  44.945 0.0000000000
69281  8.103  -3.161  45.298 0.0000000000
69280  9.212  -2.945  45.302 0.0000000000
67127  11.557  -4.669  61.413 0.0000000000
69161  12.195  -3.033  56.363 0.0000000000
69162  11.407  -2.948  56.050 0.0000000000
69170  11.126  -2.647  55.413 0.0000000000
69155  20.178  -3.030  56.646 0.0000000000
132443  18.799  -3.167  56.104 0.0000000000
68150  16.590  -3.719  57.303 0.0000000000
68158  16.842  -3.647  56.624 0.0000000000
67147  15.653  -4.827  56.134 0.0000000000
66016  14.096  -5.909  57.365 0.0000000000
66011  13.992  -5.774  58.335 0.0000000000
150557  13.701  -4.119  59.396 0.0000000000
67133  13.298  -4.514  60.088 0.0000000000
65997  13.054  -5.314  62.229 0.0000000000
71284  7.573  -1.328  52.699 0.0000000000
71299  7.654  -1.355  51.806 0.0000000000
134550  7.859  -0.692  51.405 0.0000000000
74379  6.062  1.951  50.012 0.0000000000
74393  5.559  1.170  48.736 0.0000000000
73288  5.487  0.396  48.418 0.0000000000
72297  5.615  0.040  48.314 0.0000000000
73299  5.663  0.804  48.370 0.0000000000
73298  6.720  0.721  48.337 0.0000000000
70205  23.308  -1.744  54.169 0.0000000000
71224  23.779  -1.412  56.588 0.0000000000
71227  21.565  -1.199  57.118 0.0000000000
72213  18.404  -0.823  56.772 0.0000000000
59769  7.800  -11.193  55.962 0.0000000000
63817  9.409  -7.548  57.690 0.0000000000
62809  9.632  -8.018  57.465 0.0000000000
64890  9.213  -6.689  56.584 0.0000000000
66022  9.048  -6.359  55.677 0.0000000000
66023  8.529  -6.087  56.372 0.0000000000
144335  7.849  -5.740  56.340 0.0000000000
66025  6.351  -5.497  56.110 0.0000000000
68129  8.753  -4.068  60.216 0.0000000000
68130  7.836  -3.292  60.465 0.0000000000
69133  7.174  -2.571  60.479 0.0000000000
71219  7.564  -1.235  57.528 0.0000000000
71206  6.981  -1.255  58.164 0.0000000000
71220  6.847  -1.595  57.297 0.0000000000
69164  5.265  -2.769  56.548 0.0000000000
130425  5.578  -2.442  55.803 0.0000000000
70213  6.313  -2.280  55.371 0.0000000000
136346  7.773  0.303  55.440 0.0000000000
148813  18.087  -3.545  53.706 0.0000000000
63816  12.826  -7.744  57.418 0.0000000000
135229  11.848  -11.650  59.326 0.0000000000
59750  7.589  -11.773  58.905 0.0000000000
59751  7.366  -11.881  58.260 0.0000000000
58735  6.637  -12.269  56.835 0.0000000000
59794  9.008  -11.051  54.169 0.0000000000
60807  9.542  -10.459  53.682 0.0000000000
63872  10.729  -7.407  51.875 0.0000000000
150531  10.765  -8.126  51.889 0.0000000000
153653  10.860  -7.788  51.440 0.0000000000
63881  11.034  -7.762  50.876 0.0000000000
62879  11.105  -8.395  50.598 0.0000000000
62890  11.249  -8.397  49.823 0.0000000000
144077  11.268  -7.807  49.515 0.0000000000
63905  11.174  -7.554  49.041 0.0000000000
68215  5.981  -4.679  50.978 0.0000000000
67189  5.939  -5.350  50.558 0.0000000000
66094  6.005  -5.886  50.050 0.0000000000
136839  6.240  -6.069  49.622 0.0000000000
67229  6.496  -5.490  46.788 0.0000000000
66131  8.723  -6.538  46.709 0.0000000000
64984  9.713  -6.570  46.966 0.0000000000
65009  9.133  -6.917  45.527 0.0000000000
65024  8.974  -7.102  44.848 0.0000000000
154443  9.135  -7.287  44.360 0.0000000000
65039  9.159  -7.283  43.950 0.0000000000
67288  8.735  -4.774  43.079 0.0000000000
66169  8.880  -5.568  43.042 0.0000000000
130080  9.410  -5.193  42.960 0.0000000000
65051  10.357  -6.426  42.714 0.0000000000
65060  10.510  -6.724  42.144 0.0000000000
147853  9.699  3.751  48.364 0.0000000000
75487  10.043  2.201  48.716 0.0000000000
74408  10.256  1.500  48.747 0.0000000000
73303  10.888  1.309  48.392 0.0000000000
132711  12.479  0.969  46.745 0.0000000000
73306  12.242  0.315  47.332 0.0000000000
73310  12.559  0.161  46.661 0.0000000000
72313  12.463  -0.584  46.590 0.0000000000
71361  12.117  -1.336  46.475 0.0000000000
70324  11.787  -2.072  46.095 0.0000000000
69277  12.720  -3.106  45.140 0.0000000000
69160  12.974  -2.802  56.800 0.0000000000
129274  18.275  -2.865  57.802 0.0000000000
148952  16.889  -2.728  58.256 0.0000000000
143512  14.381  -3.303  58.895 0.0000000000
74366  8.515  1.429  52.165 0.0000000000
74378  7.885  2.003  51.465 0.0000000000
76492  8.249  3.757  51.792 0.0000000000
76502  6.093  3.446  50.037 0.0000000000
77506  5.941  3.659  49.743 0.0000000000
77518  5.799  3.614  49.502 0.0000000000
62810  9.196  -8.723  58.323 0.0000000000
62803  8.645  -8.479  59.302 0.0000000000
64879  8.723  -7.358  58.371 0.0000000000
66013  7.803  -6.169  58.417 0.0000000000
70164  8.915  -2.189  58.069 0.0000000000
70180  8.469  -1.534  57.864 0.0000000000
71218  8.168  -1.180  57.654 0.0000000000
71234  8.747  -1.139  56.984 0.0000000000
142700  8.097  -0.970  57.370 0.0000000000
71235  8.012  -0.744  57.039 0.0000000000
62800  12.272  -8.734  60.276 0.0000000000
143883  11.892  -10.256  60.344 0.0000000000
61780  11.599  -9.838  61.543 0.0000000000
59729  11.642  -10.934  60.823 0.0000000000
153829  11.612  -11.459  60.349 0.0000000000
58710  9.438  -12.294  59.744 0.0000000000
63853  10.464  -7.694  54.327 0.0000000000
62840  10.445  -8.462  54.212 0.0000000000
151804  10.514  -7.443  53.703 0.0000000000
147824  10.332  -6.982  53.323 0.0000000000
66046  9.145  -6.023  53.234 0.0000000000
64925  9.849  -6.406  52.886 0.0000000000
132959  10.465  -6.963  52.499 0.0000000000
66070  10.232  -5.882  51.319 0.0000000000
66080  10.288  -6.031  50.584 0.0000000000
151941  5.581  -3.113  48.660 0.0000000000
68254  5.706  -3.576  48.409 0.0000000000
68264  5.916  -3.771  47.271 0.0000000000
67230  6.240  -4.564  46.942 0.0000000000
69264  6.276  -3.437  46.739 0.0000000000
68274  6.219  -3.915  46.711 0.0000000000
66134  5.910  -5.910  46.086 0.0000000000
65012  5.926  -6.969  44.481 0.0000000000
66149  5.262  -6.236  43.892 0.0000000000
66158  6.035  -5.241  43.089 0.0000000000
67273  7.098  -4.432  42.750 0.0000000000
68315  8.116  -3.948  44.351 0.0000000000
67289  7.978  -4.438  43.114 0.0000000000
68362  8.737  -4.428  43.190 0.0000000000
134839  9.756  -4.225  43.297 0.0000000000
135017  10.658  -4.325  42.833 0.0000000000
141589  12.798  0.784  44.703 0.0000000000
72324  13.439  -0.239  44.930 0.0000000000
71378  13.622  -0.913  44.979 0.0000000000
155117  10.116  -9.266  46.715 0.0000000000
138218  9.212  -7.059  60.943 0.0000000000
67124  9.017  -5.280  60.969 0.0000000000
144324  9.862  -5.233  61.115 0.0000000000
67129  9.271  -4.849  60.471 0.0000000000
68154  11.115  -3.996  57.721 0.0000000000
68155  10.109  -3.627  57.810 0.0000000000
70202  10.425  -2.064  55.459 0.0000000000
69175  21.287  -2.989  54.736 0.0000000000
69182  21.180  -3.022  54.073 0.0000000000
68168  19.626  -3.278  54.186 0.0000000000
69176  19.075  -3.272  54.674 0.0000000000
68179  16.788  -4.000  53.580 0.0000000000
128877  17.423  -3.777  55.178 0.0000000000
68171  16.808  -4.116  54.536 0.0000000000
67157  16.182  -4.466  53.951 0.0000000000
67152  15.087  -5.277  55.718 0.0000000000
66012  13.678  -5.951  59.063 0.0000000000
64874  13.244  -6.603  59.282 0.0000000000
63808  12.404  -7.825  59.897 0.0000000000
152553  12.414  -7.802  60.386 0.0000000000
64866  12.623  -6.355  61.743 0.0000000000
128587  11.860  -7.005  60.945 0.0000000000
63804  11.675  -7.638  61.064 0.0000000000
63802  10.715  -7.727  61.825 0.0000000000
68189  6.918  -4.510  53.394 0.0000000000
142504  6.719  -3.895  52.898 0.0000000000
68201  6.266  -4.108  52.044 0.0000000000
144781  6.619  -2.692  52.079 0.0000000000
69201  6.057  -4.008  51.266 0.0000000000
69212  6.034  -3.330  50.674 0.0000000000
73269  8.115  0.676  51.668 0.0000000000
72265  7.658  0.098  51.144 0.0000000000
72274  7.185  -0.465  50.639 0.0000000000
73286  6.687  0.465  50.210 0.0000000000
71321  6.749  -0.933  50.243 0.0000000000
70279  5.894  -1.929  49.592 0.0000000000
141159  5.586  -2.505  49.014 0.0000000000
131901  5.503  -2.547  48.363 0.0000000000
132464  5.871  -1.973  48.537 0.0000000000
70299  5.909  -2.195  48.106 0.0000000000
72305  6.106  -0.805  48.472 0.0000000000
71340  6.458  -1.501  48.241 0.0000000000
70298  6.724  -2.022  47.763 0.0000000000
146825  7.476  -1.918  47.519 0.0000000000
71352  8.193  -1.694  47.604 0.0000000000
71351  9.134  -1.548  47.783 0.0000000000
71231  15.663  -1.509  56.326 0.0000000000
71244  15.849  -1.628  55.437 0.0000000000
70196  22.867  -2.072  54.725 0.0000000000
139015  21.738  -2.829  54.393 0.0000000000
70198  21.367  -2.619  56.138 0.0000000000
148693  20.743  -2.980  56.246 0.0000000000
72204  21.374  -0.763  57.176 0.0000000000
72205  20.590  -0.917  57.266 0.0000000000
70187  17.802  -1.412  57.388 0.0000000000
59782  7.991  -11.381  55.254 0.0000000000
60792  8.746  -11.067  54.891 0.0000000000
60790  9.926  -9.980  54.881 0.0000000000
60770  9.037  -9.788  57.324 0.0000000000
62815  9.692  -8.398  56.734 0.0000000000
61809  9.893  -8.837  56.177 0.0000000000
66028  8.956  -6.199  54.801 0.0000000000
153287  8.587  -6.009  55.259 0.0000000000
66040  7.399  -5.677  54.535 0.0000000000
67160  6.641  -5.013  54.697 0.0000000000
143961  7.555  -5.347  60.734 0.0000000000
66004  7.382  -5.909  60.514 0.0000000000
66008  7.562  -6.060  59.533 0.0000000000
66014  7.128  -5.736  58.824 0.0000000000
149745  6.723  -5.615  58.343 0.0000000000
70157  7.646  -1.866  59.554 0.0000000000
69134  6.197  -2.742  60.146 0.0000000000
68139  5.861  -3.901  59.683 0.0000000000
67137  5.889  -4.966  59.236 0.0000000000
67145  6.271  -5.466  57.769 0.0000000000
66019  6.107  -5.323  56.832 0.0000000000
68160  5.098  -4.038  56.110 0.0000000000
139223  6.272  -4.947  55.174 0.0000000000
70225  6.707  -1.736  53.960 0.0000000000
71273  7.905  -0.665  53.240 0.0000000000
72233  7.719  0.382  56.518 0.0000000000
73252  7.817  1.091  55.000 0.0000000000
140022  8.092  1.388  53.940 0.0000000000
140695  8.415  1.222  53.020 0.0000000000
71245  15.090  -1.670  55.563 0.0000000000
129898  19.999  -3.261  52.833 0.0000000000
128815  19.717  -3.623  52.000 0.0000000000
68186  19.075  -3.354  52.473 0.0000000000
61785  12.143  -9.557  58.837 0.0000000000
60750  12.091  -10.401  58.356 0.0000000000
59760  11.970  -11.479  57.498 0.0000000000
59809  8.748  -11.674  53.989 0.0000000000
61839  10.446  -9.175  52.927 0.0000000000
60823  10.026  -9.838  52.659 0.0000000000
130437  10.404  -9.305  52.223 0.0000000000
134616  9.873  -9.905  51.968 0.0000000000
60855  9.781  -10.803  50.866 0.0000000000
61893  11.090  -9.079  49.415 0.0000000000
61940  10.319  -8.882  46.406 0.0000000000
66061  7.005  -5.461  52.877 0.0000000000
66073  7.177  -5.625  52.256 0.0000000000
138030  7.523  -5.599  51.565 0.0000000000
66072  8.333  -5.513  51.586 0.0000000000
66082  8.660  -5.607  50.806 0.0000000000
148986  9.849  -5.846  50.255 0.0000000000
67211  5.735  -4.643  48.869 0.0000000000
66114  6.844  -5.888  48.078 0.0000000000
130102  7.446  -5.978  48.791 0.0000000000
66092  8.863  -5.861  49.561 0.0000000000
66091  9.608  -5.925  49.700 0.0000000000
66101  10.052  -6.189  49.248 0.0000000000
153397  10.415  -6.539  48.854 0.0000000000
64982  10.905  -7.119  47.837 0.0000000000
145037  10.826  -7.140  47.136 0.0000000000
62940  10.386  -8.139  46.317 0.0000000000
61958  10.175  -8.918  44.990 0.0000000000
62975  9.676  -8.957  44.064 0.0000000000
65026  7.021  -7.432  44.033 0.0000000000
132635  8.114  -7.066  43.844 0.0000000000
137237  9.697  -7.079  43.311 0.0000000000
63993  8.915  -7.867  42.375 0.0000000000
78474  7.429  5.091  49.810 0.0000000000
78475  7.087  4.708  49.625 0.0000000000
77528  6.779  4.128  49.382 0.0000000000
75490  6.816  2.856  49.166 0.0000000000
130862  7.322  2.084  49.003 0.0000000000
133442  7.775  1.300  48.859 0.0000000000
137734  9.015  1.160  48.988 0.0000000000
73297  8.359  0.390  48.744 0.0000000000
72294  9.297  -0.307  48.757 0.0000000000
71331  9.069  -1.002  48.426 0.0000000000
74423  11.466  1.156  47.908 0.0000000000
73302  11.201  0.565  48.314 0.0000000000
149571  11.483  -0.005  48.213 0.0000000000
72292  10.905  -0.010  48.556 0.0000000000
71337  10.480  -1.059  48.084 0.0000000000
71350  10.018  -1.577  47.664 0.0000000000
70311  9.586  -1.885  47.027 0.0000000000
70326  10.046  -2.225  46.422 0.0000000000
69279  10.197  -3.103  45.348 0.0000000000
70345  11.293  -2.848  45.612 0.0000000000
68288  10.938  -3.482  45.097 0.0000000000
68313  10.375  -3.697  44.681 0.0000000000
148622  10.541  -4.040  44.119 0.0000000000
68336  11.097  -4.137  43.657 0.0000000000
140050  13.570  -1.772  44.907 0.0000000000
70359  13.312  -2.678  44.744 0.0000000000
68310  12.454  -3.893  44.247 0.0000000000
60733  11.352  -10.414  61.486 0.0000000000
61926  10.836  -9.010  47.785 0.0000000000
64946  11.001  -7.078  50.489 0.0000000000
65041  7.235  -6.776  43.571 0.0000000000
67174  6.788  -5.039  52.802 0.0000000000
68229  5.863  -4.451  50.211 0.0000000000
68312  11.091  -3.856  44.544 0.0000000000
68338  9.194  -4.229  43.505 0.0000000000
68340  7.450  -4.082  43.162 0.0000000000
68361  10.114  -4.382  43.029 0.0000000000
69223  5.637  -3.074  49.199 0.0000000000
69249  5.879  -3.251  47.331 0.0000000000
75491  5.717  2.891  49.260 0.0000000000
76503  5.697  3.380  49.372 0.0000000000
76513  5.548  3.327  49.360 0.0000000000
142786  8.552  -2.942  45.413 0.0000000000
148300  5.441  -2.726  48.562 0.0000000000
151352  11.571  -1.283  46.899 0.0000000000
154628  6.636  1.226  50.295 0.0000000000
154763  6.054  -3.707  55.110 0.0000000000
