#!ascii label  , from subject sub-v2s1x29897_ses-1 vox2ras=TkReg
840
19799  15.650  -52.187  -24.665 0.6000000238
18137  22.806  -54.210  -19.420 0.6999999881
18147  22.010  -54.470  -20.433 0.6999999881
18168  19.491  -54.620  -22.490 0.8999999762
18178  19.167  -54.183  -22.872 0.8000000119
18942  18.034  -53.587  -23.653 0.8000000119
19789  16.326  -51.968  -24.277 0.6000000238
21451  15.226  -50.895  -24.930 0.6999999881
21460  14.992  -50.604  -25.162 0.6999999881
18894  23.254  -53.685  -19.060 0.6999999881
18884  23.403  -53.667  -18.272 0.6999999881
18146  22.499  -54.043  -20.139 0.6999999881
18915  21.970  -53.547  -21.147 0.6000000238
18916  21.360  -53.832  -21.480 0.6999999881
18158  21.118  -54.535  -21.223 0.6999999881
18927  20.337  -53.705  -22.294 0.8000000119
18939  19.879  -53.235  -22.794 0.8000000119
18940  19.123  -53.470  -23.061 0.8000000119
19786  18.702  -52.721  -23.481 0.8000000119
146011  16.926  -51.734  -24.064 0.6000000238
21441  15.866  -50.728  -24.434 0.6000000238
22304  14.948  -50.115  -25.111 0.6999999881
22327  15.692  -50.368  -25.737 0.6999999881
147185  23.605  -53.202  -18.723 0.5000000000
18873  23.234  -53.357  -17.437 0.6000000238
148293  23.372  -52.387  -20.379 0.4000000060
18904  23.036  -53.566  -19.843 0.6000000238
19758  22.271  -52.822  -21.310 0.5000000000
19770  21.163  -52.649  -22.191 0.6000000238
18926  20.971  -53.405  -22.003 0.8000000119
19784  20.009  -52.457  -22.933 0.6999999881
132998  19.295  -51.963  -23.400 0.6999999881
132625  17.970  -51.198  -23.886 0.6999999881
22289  16.091  -49.999  -24.180 0.5000000000
149486  15.149  -49.733  -24.801 0.6000000238
23184  14.889  -49.150  -25.219 0.6000000238
126144  15.074  -49.598  -25.379 0.6000000238
136724  16.573  -49.553  -25.692 0.5000000000
20542  23.836  -51.781  -18.311 0.5000000000
19706  23.445  -52.553  -17.541 0.6000000238
144142  22.633  -52.067  -16.741 0.6000000238
19735  23.801  -52.498  -18.795 0.5000000000
19769  21.850  -52.269  -21.879 0.5000000000
150863  20.865  -51.610  -22.738 0.6000000238
21437  20.133  -50.720  -23.206 0.6000000238
126434  18.324  -50.540  -23.813 0.6000000238
22288  17.023  -49.780  -23.935 0.5000000000
23155  16.298  -49.217  -24.028 0.5000000000
23160  15.573  -49.483  -24.383 0.6000000238
24080  14.942  -48.482  -25.156 0.6000000238
24090  15.828  -48.219  -25.585 0.5000000000
24089  16.849  -48.171  -25.680 0.5000000000
132755  18.382  -48.530  -25.718 0.5000000000
143256  17.657  -48.526  -25.708 0.5000000000
144304  23.355  -51.439  -17.289 0.5000000000
20503  21.982  -51.713  -16.470 0.5000000000
20557  23.682  -52.281  -19.813 0.5000000000
134635  22.956  -51.562  -21.214 0.4000000060
129237  22.970  -50.217  -21.526 0.3000000119
21416  22.655  -50.894  -21.722 0.4000000060
21427  21.265  -50.476  -22.711 0.3000000119
22273  22.080  -49.597  -22.313 0.3000000119
125194  21.332  -51.266  -22.560 0.5000000000
22284  20.149  -49.974  -23.218 0.5000000000
23153  19.508  -49.391  -23.415 0.5000000000
127541  17.596  -49.276  -23.819 0.5000000000
23154  17.048  -48.936  -23.860 0.5000000000
24070  15.679  -48.611  -24.269 0.6000000238
24947  15.202  -47.786  -24.971 0.6000000238
143641  16.202  -47.589  -25.603 0.5000000000
24966  16.976  -47.270  -25.662 0.5000000000
126487  17.886  -47.770  -25.722 0.5000000000
21361  23.299  -50.795  -17.312 0.5000000000
21360  23.670  -51.218  -17.806 0.5000000000
21391  23.888  -50.909  -19.347 0.5000000000
21404  23.783  -50.665  -20.078 0.4000000060
21405  23.525  -51.114  -20.682 0.5000000000
22262  23.193  -49.545  -21.238 0.4000000060
23130  22.289  -48.931  -22.121 0.3000000119
23151  20.988  -49.083  -22.906 0.3000000119
135050  19.775  -48.735  -23.238 0.4000000060
126488  18.234  -49.188  -23.725 0.5000000000
24062  17.745  -48.545  -23.741 0.4000000060
126751  15.326  -47.186  -25.137 0.5000000000
25869  16.172  -46.084  -25.381 0.5000000000
24967  16.145  -46.879  -25.501 0.5000000000
126786  18.870  -47.955  -25.741 0.5000000000
126032  18.589  -47.148  -25.719 0.4000000060
22191  22.730  -50.443  -16.908 0.5000000000
22210  23.726  -50.368  -17.959 0.5000000000
136055  23.916  -50.339  -18.809 0.5000000000
22251  23.802  -49.948  -20.044 0.4000000060
23119  23.364  -48.976  -20.961 0.4000000060
149435  22.399  -48.351  -21.938 0.3000000119
24057  21.221  -48.335  -22.777 0.3000000119
24059  19.558  -48.041  -23.161 0.4000000060
24060  18.719  -47.771  -23.326 0.4000000060
24934  17.994  -47.280  -23.443 0.4000000060
132778  19.150  -48.584  -23.432 0.4000000060
24061  18.102  -47.959  -23.569 0.4000000060
133503  17.494  -47.740  -23.677 0.5000000000
24936  16.171  -47.155  -23.921 0.5000000000
24946  15.569  -47.645  -24.392 0.6000000238
25868  17.820  -45.918  -25.602 0.4000000060
125321  17.802  -46.826  -25.672 0.5000000000
23087  23.640  -49.393  -17.837 0.4000000060
23109  23.948  -48.764  -19.460 0.4000000060
23099  23.958  -49.078  -18.562 0.4000000060
23118  23.694  -48.818  -20.367 0.4000000060
24030  22.695  -47.991  -21.551 0.4000000060
24046  21.898  -48.304  -22.376 0.4000000060
24915  20.644  -46.978  -22.783 0.4000000060
24931  20.076  -47.509  -22.976 0.4000000060
24932  19.278  -47.184  -23.068 0.4000000060
24933  18.526  -46.877  -23.174 0.4000000060
24935  17.158  -46.847  -23.586 0.5000000000
25844  16.295  -46.272  -23.873 0.5000000000
26747  16.071  -45.548  -24.128 0.6000000238
26771  16.252  -45.389  -25.227 0.5000000000
143091  16.737  -45.019  -25.343 0.4000000060
26770  16.878  -45.638  -25.469 0.4000000060
23088  23.283  -48.710  -17.421 0.4000000060
135064  24.070  -48.399  -18.715 0.4000000060
128248  23.850  -48.442  -18.021 0.4000000060
24018  23.807  -48.098  -20.123 0.4000000060
24913  22.146  -47.745  -22.011 0.4000000060
25839  19.854  -46.626  -22.904 0.4000000060
25840  19.047  -46.348  -22.953 0.4000000060
25842  17.652  -46.118  -23.371 0.4000000060
25843  17.057  -46.071  -23.537 0.5000000000
27685  16.481  -45.022  -23.978 0.4000000060
146015  16.093  -45.351  -24.977 0.6000000238
23998  23.462  -47.887  -17.524 0.4000000060
24005  24.073  -47.723  -18.467 0.4000000060
24889  23.901  -47.357  -19.892 0.4000000060
138789  22.969  -47.417  -21.182 0.4000000060
24898  22.454  -47.357  -21.638 0.4000000060
25825  21.190  -46.535  -22.323 0.4000000060
132376  20.180  -45.474  -22.263 0.5000000000
25826  20.394  -46.149  -22.561 0.4000000060
25827  19.631  -45.768  -22.681 0.3000000119
26743  18.838  -45.621  -22.888 0.3000000119
26744  18.035  -45.514  -23.165 0.4000000060
27684  16.871  -44.812  -23.767 0.4000000060
142147  16.579  -43.985  -24.493 0.4000000060
27703  16.348  -44.482  -24.568 0.5000000000
23983  22.786  -48.184  -16.990 0.4000000060
25800  23.214  -46.772  -20.812 0.4000000060
25809  22.502  -46.619  -21.386 0.4000000060
25810  21.654  -46.009  -21.713 0.3000000119
26733  20.539  -45.170  -21.734 0.3000000119
149197  19.792  -45.294  -22.423 0.3000000119
27681  18.711  -44.930  -22.875 0.3000000119
137861  17.947  -44.970  -23.161 0.3000000119
148997  16.750  -43.727  -24.423 0.4000000060
29635  17.275  -42.824  -25.272 0.4000000060
130596  23.864  -47.344  -17.910 0.3000000119
24880  24.109  -47.142  -19.148 0.3000000119
25799  23.451  -46.223  -20.279 0.3000000119
26717  22.842  -46.011  -20.815 0.3000000119
127993  21.515  -45.203  -21.077 0.3000000119
26719  20.888  -44.880  -21.262 0.3000000119
128834  19.981  -44.987  -22.123 0.4000000060
28633  19.663  -44.178  -22.548 0.4000000060
27671  19.516  -44.733  -22.487 0.3000000119
124840  19.143  -43.832  -23.186 0.3000000119
29616  17.821  -43.327  -24.118 0.3000000119
133162  17.410  -42.836  -24.867 0.4000000060
29650  17.585  -42.175  -25.554 0.4000000060
26720  20.523  -44.699  -21.636 0.4000000060
29613  20.096  -42.745  -23.239 0.4000000060
29614  19.409  -43.003  -23.582 0.4000000060
30602  18.734  -42.299  -24.190 0.3000000119
29623  18.040  -42.733  -24.458 0.4000000060
30615  17.934  -42.046  -24.901 0.4000000060
30645  17.782  -41.080  -25.544 0.4000000060
30629  17.692  -41.936  -25.411 0.4000000060
30601  19.639  -42.171  -23.752 0.4000000060
30613  19.218  -41.644  -24.199 0.5000000000
30614  18.514  -41.437  -24.700 0.4000000060
31726  17.856  -40.473  -25.396 0.4000000060
30657  17.866  -41.384  -26.104 0.3000000119
134594  17.783  -40.533  -25.678 0.3000000119
144692  16.960  -53.074  -23.984 0.6999999881
18167  20.126  -54.494  -22.044 0.8000000119
20610  16.448  -51.277  -24.239 0.6000000238
20608  18.390  -51.906  -23.747 0.6999999881
20609  17.587  -51.821  -23.915 0.6999999881
23183  16.230  -48.924  -25.671 0.6000000238
19757  22.961  -52.454  -20.868 0.4000000060
20581  22.293  -51.569  -21.811 0.4000000060
20606  20.180  -51.578  -23.042 0.6999999881
21438  19.512  -51.054  -23.495 0.6999999881
21440  16.679  -50.584  -24.082 0.6999999881
20570  23.781  -51.433  -19.963 0.5000000000
22286  18.775  -49.842  -23.681 0.5000000000
22283  20.799  -49.817  -22.965 0.4000000060
135057  16.723  -47.692  -23.822 0.6000000238
25857  15.604  -46.369  -24.863 0.5000000000
25850  15.690  -46.200  -24.346 0.6000000238
26745  17.420  -45.205  -23.396 0.4000000060
24868  23.423  -47.094  -17.425 0.4000000060
131775  18.720  -44.356  -23.088 0.3000000119
29615  18.626  -43.207  -23.873 0.3000000119
31743  17.731  -41.046  -25.735 0.3000000119
14145  18.991  -58.671  -21.971 0.6000000238
14146  18.269  -58.853  -22.253 0.6000000238
14149  15.146  -59.451  -23.048 0.6000000238
149559  13.570  -59.011  -23.593 0.6000000238
13363  19.341  -60.138  -20.140 0.5000000000
14137  19.341  -59.163  -21.358 0.6000000238
14891  19.870  -57.767  -21.598 0.6999999881
138995  19.634  -58.454  -21.606 0.6999999881
13376  18.940  -59.933  -20.979 0.6000000238
14898  17.856  -58.393  -22.715 0.6000000238
14899  17.081  -58.707  -22.908 0.6000000238
14906  16.676  -58.111  -23.308 0.6000000238
14157  15.505  -58.656  -23.335 0.6000000238
14158  14.837  -58.885  -23.289 0.6000000238
14915  13.331  -57.798  -24.359 0.6000000238
140584  13.824  -57.941  -25.996 0.6999999881
13333  20.128  -59.824  -18.922 0.6000000238
14880  20.892  -57.782  -20.511 0.6999999881
13348  20.032  -59.748  -19.821 0.5000000000
132216  20.540  -58.404  -20.776 0.6999999881
14136  19.990  -58.847  -21.030 0.6999999881
15684  18.838  -57.257  -22.552 0.6999999881
14897  18.562  -58.129  -22.435 0.6999999881
136459  17.052  -57.554  -23.432 0.5000000000
14914  14.300  -57.917  -24.016 0.6000000238
15703  13.270  -57.138  -24.798 0.6000000238
14933  12.892  -57.651  -25.252 0.6999999881
16573  14.590  -56.508  -26.016 0.6999999881
15729  15.043  -57.314  -26.232 0.6999999881
15738  16.315  -56.745  -26.490 0.6999999881
16551  23.524  -56.314  -24.975 0.4000000060
17411  21.362  -55.759  -26.923 0.5000000000
16580  19.363  -55.978  -26.793 0.6000000238
132439  17.577  -56.076  -26.636 0.6999999881
14827  19.929  -58.435  -16.066 0.5000000000
14834  20.646  -58.554  -17.105 0.5000000000
14852  21.423  -58.094  -18.522 0.6000000238
127853  20.651  -59.051  -17.824 0.5000000000
14868  21.368  -57.823  -19.854 0.6999999881
14111  21.280  -58.410  -19.283 0.5000000000
14112  20.714  -59.181  -19.372 0.6000000238
15667  20.628  -57.083  -20.835 0.6999999881
15676  20.091  -57.090  -21.369 0.6999999881
15677  19.534  -57.158  -21.930 0.6999999881
15691  17.630  -57.256  -23.256 0.6999999881
15693  15.321  -57.628  -24.138 0.6000000238
137787  14.132  -56.751  -24.982 0.6000000238
146043  14.689  -56.228  -25.875 0.6999999881
16583  15.846  -56.203  -26.530 0.6999999881
127134  16.701  -56.151  -26.598 0.6999999881
16581  18.461  -56.028  -26.717 0.6000000238
17421  17.978  -55.423  -26.866 0.6000000238
16437  20.706  -56.651  -16.128 0.5000000000
15606  18.617  -57.444  -15.079 0.4000000060
14825  21.018  -57.770  -16.966 0.5000000000
15616  20.615  -57.391  -16.196 0.5000000000
137240  21.829  -56.989  -17.974 0.6000000238
127906  21.778  -57.446  -18.621 0.6000000238
17346  21.185  -55.982  -20.459 0.6999999881
127184  21.681  -57.135  -19.498 0.6000000238
16503  20.902  -56.472  -20.627 0.6999999881
16513  19.834  -56.473  -21.677 0.6999999881
142278  18.232  -57.019  -23.014 0.6999999881
15700  17.090  -56.864  -23.843 0.6999999881
15701  16.101  -56.896  -24.348 0.6999999881
132295  15.024  -56.798  -24.691 0.6999999881
17401  15.117  -55.603  -25.587 0.6999999881
17423  15.260  -55.041  -26.092 0.8000000119
17422  16.149  -55.555  -26.612 0.6999999881
140487  20.403  -54.973  -27.507 0.5000000000
17420  18.989  -55.434  -27.038 0.6000000238
142923  17.027  -55.483  -26.724 0.6000000238
16417  19.408  -56.261  -15.448 0.4000000060
16436  21.348  -56.411  -16.604 0.6000000238
15622  21.480  -57.096  -17.172 0.6000000238
16478  22.030  -56.322  -18.199 0.6000000238
138241  22.041  -55.888  -19.301 0.6000000238
17345  21.265  -55.350  -20.643 0.6000000238
17363  20.259  -55.256  -21.602 0.6999999881
17355  20.149  -55.932  -21.470 0.6999999881
17365  19.142  -55.869  -22.528 0.6999999881
16523  18.612  -56.346  -22.868 0.6999999881
135203  18.293  -54.891  -23.261 0.8000000119
17377  18.112  -55.703  -23.330 0.8000000119
16541  16.609  -56.048  -24.337 0.6000000238
17390  15.386  -55.578  -25.156 0.6000000238
147809  16.115  -54.124  -26.438 0.8000000119
18217  15.698  -54.890  -26.403 0.6999999881
18209  21.722  -54.581  -26.968 0.5000000000
18215  20.350  -54.349  -27.258 0.6000000238
18998  17.843  -53.781  -26.878 0.6999999881
18994  20.958  -54.116  -26.963 0.6000000238
17258  20.944  -55.332  -15.934 0.5000000000
135167  19.288  -54.805  -15.508 0.4000000060
136856  18.519  -54.753  -15.342 0.4000000060
16435  21.819  -55.932  -16.898 0.5000000000
16416  20.204  -56.113  -15.762 0.5000000000
17319  22.259  -55.578  -18.549 0.6000000238
17334  22.161  -55.340  -19.497 0.6000000238
18148  21.515  -54.785  -20.755 0.6000000238
18159  20.611  -54.702  -21.544 0.6999999881
17375  19.298  -55.259  -22.489 0.8000000119
137108  18.932  -54.760  -22.889 0.8000000119
18191  17.167  -54.360  -24.094 0.6000000238
18192  16.429  -54.443  -24.618 0.6000000238
18210  15.481  -54.163  -25.932 0.6999999881
18999  15.548  -53.358  -26.154 0.6999999881
140948  17.353  -53.057  -26.626 0.6999999881
18996  19.669  -53.726  -27.006 0.6000000238
19833  18.297  -53.110  -26.750 0.6000000238
146808  18.925  -52.186  -26.039 0.6000000238
18995  20.349  -53.598  -26.746 0.6000000238
19820  19.283  -52.488  -26.159 0.6000000238
140489  22.177  -54.433  -16.641 0.5000000000
18089  21.194  -54.850  -15.987 0.5000000000
146040  19.516  -54.253  -15.597 0.5000000000
18075  18.115  -54.105  -15.500 0.5000000000
18111  22.578  -54.697  -17.295 0.5000000000
17276  22.103  -55.258  -16.897 0.5000000000
137372  22.582  -54.860  -19.020 0.6000000238
18180  17.866  -54.275  -23.669 0.6999999881
18953  16.527  -53.566  -24.337 0.6000000238
18955  15.293  -53.057  -25.323 0.6000000238
18986  15.384  -52.698  -25.851 0.6000000238
19835  15.601  -52.835  -26.197 0.6999999881
19824  15.474  -51.991  -26.046 0.6000000238
19822  16.947  -52.368  -26.275 0.6000000238
140946  18.662  -52.541  -26.291 0.6999999881
148589  20.866  -53.497  -26.364 0.5000000000
125528  19.878  -51.546  -25.748 0.4000000060
18851  22.161  -53.588  -16.495 0.5000000000
18835  20.690  -53.400  -15.795 0.5000000000
134130  19.894  -53.265  -15.703 0.5000000000
19681  18.190  -52.470  -16.041 0.5000000000
143993  17.573  -52.561  -16.370 0.5000000000
19720  16.463  -52.226  -17.974 0.5000000000
20630  14.931  -51.483  -25.098 0.6000000238
20647  15.271  -51.892  -25.520 0.6000000238
147808  16.209  -51.225  -25.808 0.4000000060
20644  17.585  -51.748  -25.971 0.5000000000
21473  18.234  -51.006  -25.780 0.4000000060
21472  19.528  -51.106  -25.735 0.4000000060
20643  18.494  -51.879  -25.963 0.5000000000
18850  22.708  -53.260  -16.821 0.6000000238
19666  20.918  -52.477  -15.891 0.5000000000
19667  20.108  -52.601  -15.782 0.5000000000
20507  18.609  -51.833  -16.313 0.5000000000
20527  17.611  -51.486  -17.414 0.5000000000
150751  16.838  -51.228  -18.250 0.5000000000
21379  16.518  -50.657  -18.509 0.4000000060
22229  15.272  -49.875  -18.696 0.5000000000
22231  13.851  -49.829  -18.902 0.4000000060
22218  13.429  -50.023  -18.630 0.4000000060
21382  12.110  -50.475  -18.736 0.4000000060
21476  15.943  -50.967  -25.730 0.6000000238
22318  16.879  -50.058  -25.707 0.4000000060
22316  18.580  -50.134  -25.713 0.4000000060
126441  19.807  -50.386  -25.747 0.4000000060
20504  21.132  -51.740  -16.137 0.5000000000
20493  20.346  -51.828  -15.979 0.4000000060
127183  19.078  -51.190  -16.624 0.4000000060
127967  17.812  -50.783  -17.641 0.5000000000
22214  16.587  -49.300  -17.924 0.4000000060
22228  16.036  -49.737  -18.336 0.5000000000
140182  15.998  -49.344  -17.884 0.4000000060
144535  15.228  -49.588  -17.802 0.5000000000
129537  15.366  -49.565  -18.183 0.5000000000
21348  14.367  -50.879  -16.951 0.3000000119
21367  13.285  -50.618  -18.044 0.3000000119
20529  13.203  -51.476  -17.492 0.3000000119
23181  17.915  -49.065  -25.702 0.4000000060
20505  20.586  -51.147  -16.305 0.5000000000
20506  19.854  -51.213  -16.401 0.5000000000
21346  18.800  -50.554  -17.149 0.4000000060
21342  22.081  -50.809  -16.619 0.4000000060
140184  20.718  -50.462  -16.563 0.4000000060
127858  20.120  -49.985  -16.806 0.4000000060
125225  18.311  -48.886  -17.319 0.4000000060
22192  22.091  -50.034  -16.716 0.4000000060
22194  20.797  -49.661  -16.708 0.4000000060
22195  19.536  -49.478  -17.156 0.4000000060
23074  21.293  -49.068  -16.682 0.4000000060
23076  19.664  -48.797  -16.951 0.4000000060
149967  18.307  -48.530  -16.844 0.4000000060
143012  17.431  -48.718  -16.325 0.4000000060
23075  20.505  -48.904  -16.748 0.4000000060
23072  22.676  -49.686  -16.950 0.3000000119
23987  19.505  -48.316  -16.512 0.4000000060
23058  18.002  -48.475  -16.277 0.4000000060
129301  17.568  -48.818  -15.315 0.4000000060
23984  21.936  -48.487  -16.698 0.4000000060
22175  16.322  -49.729  -14.579 0.4000000060
142552  15.745  -49.768  -14.128 0.4000000060
147057  21.498  -47.944  -16.464 0.3000000119
23968  20.849  -47.809  -16.193 0.4000000060
23969  20.059  -47.928  -16.017 0.4000000060
128566  18.853  -48.078  -15.393 0.4000000060
23952  18.272  -48.315  -15.376 0.4000000060
23027  17.151  -48.841  -14.294 0.4000000060
23934  17.876  -48.414  -14.440 0.3000000119
127944  15.680  -52.942  -24.780 0.6000000238
17296  22.348  -55.261  -17.692 0.5000000000
21485  15.337  -51.170  -25.510 0.6000000238
132813  18.181  -49.619  -25.701 0.4000000060
14148  15.663  -59.103  -23.090 0.6000000238
15740  14.724  -56.894  -26.177 0.6999999881
132003  15.405  -55.636  -26.371 0.6999999881
16570  21.772  -55.959  -26.206 0.5000000000
17417  21.786  -55.230  -27.284 0.5000000000
16579  20.338  -55.919  -26.711 0.5000000000
17418  20.870  -55.365  -27.322 0.4000000060
17419  19.953  -55.443  -27.226 0.6000000238
14817  19.976  -57.673  -15.874 0.5000000000
16540  17.434  -55.913  -23.854 0.6999999881
18216  18.416  -54.637  -27.003 0.6000000238
16491  21.845  -56.403  -19.449 0.6000000238
16542  15.672  -56.098  -24.768 0.6999999881
17412  15.312  -54.959  -25.846 0.8000000119
139429  17.236  -54.583  -26.796 0.6999999881
17261  18.962  -55.438  -15.320 0.4000000060
17388  16.941  -55.178  -24.244 0.6000000238
18193  15.808  -54.540  -25.075 0.6000000238
149107  15.998  -53.352  -26.381 0.6999999881
145885  16.814  -53.628  -26.631 0.6999999881
18983  21.317  -53.862  -26.397 0.5000000000
18982  21.873  -53.982  -26.084 0.5000000000
18997  18.829  -53.807  -27.010 0.6000000238
18970  15.406  -53.516  -25.716 0.6999999881
18985  15.445  -53.273  -25.922 0.6999999881
19821  17.887  -52.474  -26.294 0.6000000238
19831  19.813  -52.990  -26.518 0.6000000238
125521  19.976  -52.264  -25.874 0.6000000238
18852  21.503  -54.087  -16.070 0.5000000000
18836  20.028  -53.932  -15.675 0.5000000000
18838  18.542  -53.633  -15.608 0.4000000060
19810  15.285  -52.325  -25.601 0.6000000238
20645  16.638  -51.594  -25.938 0.6000000238
22245  13.440  -50.013  -19.224 0.3000000119
21474  17.342  -51.056  -25.802 0.5000000000
22315  19.429  -49.852  -25.726 0.4000000060
21378  16.913  -49.923  -18.236 0.5000000000
22217  14.172  -49.874  -18.553 0.4000000060
21368  12.671  -50.955  -18.162 0.4000000060
23985  21.045  -48.415  -16.587 0.4000000060
23986  20.262  -48.347  -16.549 0.4000000060
8988  23.097  -64.993  -21.858 0.3000000119
9684  23.043  -64.276  -21.522 0.3000000119
12675  20.916  -60.535  -26.431 0.4000000060
12689  22.534  -60.654  -27.688 0.4000000060
12705  21.564  -61.370  -28.579 0.4000000060
12714  22.231  -61.767  -28.913 0.4000000060
13409  21.097  -59.845  -25.094 0.4000000060
12661  20.065  -60.290  -25.163 0.4000000060
132129  19.397  -60.052  -24.797 0.4000000060
13411  18.559  -60.012  -24.669 0.5000000000
13412  17.781  -59.972  -24.654 0.5000000000
13413  17.063  -59.900  -24.739 0.5000000000
13425  23.009  -59.781  -25.919 0.4000000060
13426  22.182  -60.057  -26.081 0.5000000000
12676  20.201  -60.672  -25.952 0.5000000000
12665  16.389  -60.387  -24.806 0.5000000000
13440  23.620  -59.976  -26.720 0.5000000000
13442  22.174  -60.404  -26.991 0.5000000000
12688  23.270  -60.530  -27.714 0.5000000000
12703  22.939  -61.030  -28.483 0.4000000060
12702  23.731  -61.079  -28.609 0.4000000060
11231  22.932  -61.987  -28.804 0.4000000060
11222  22.883  -62.347  -28.475 0.4000000060
11196  22.781  -62.400  -26.616 0.3000000119
133251  22.261  -62.454  -25.887 0.4000000060
139435  22.075  -58.469  -24.579 0.4000000060
146267  20.747  -58.493  -24.530 0.4000000060
14927  20.392  -57.859  -24.555 0.4000000060
14172  22.724  -58.962  -24.826 0.4000000060
14173  21.976  -59.156  -24.807 0.4000000060
136992  21.342  -58.775  -24.615 0.4000000060
14175  19.753  -59.285  -24.605 0.4000000060
138908  19.288  -58.564  -24.571 0.5000000000
14177  18.096  -59.228  -24.612 0.5000000000
13407  23.151  -59.382  -25.216 0.4000000060
13408  22.499  -59.579  -25.250 0.4000000060
13427  21.394  -60.167  -25.823 0.4000000060
14929  18.424  -58.428  -24.687 0.5000000000
14930  17.552  -58.330  -24.910 0.5000000000
140438  16.345  -59.226  -24.974 0.5000000000
14179  15.522  -58.912  -25.345 0.6000000238
14190  15.023  -58.389  -25.739 0.6000000238
13415  14.652  -59.787  -25.049 0.6000000238
16582  17.148  -56.652  -26.443 0.6000000238
14945  15.445  -57.785  -26.052 0.6000000238
14180  13.904  -59.281  -25.352 0.5000000000
11977  23.757  -61.787  -28.673 0.4000000060
14934  12.439  -58.179  -24.955 0.5000000000
11209  23.543  -62.360  -27.913 0.4000000060
147011  24.289  -62.169  -26.769 0.4000000060
15713  20.736  -57.033  -24.716 0.4000000060
15714  19.881  -57.092  -24.790 0.5000000000
149892  19.227  -57.219  -24.896 0.5000000000
15715  18.650  -57.001  -25.337 0.5000000000
14931  16.692  -58.340  -25.179 0.5000000000
15726  18.143  -56.895  -25.907 0.5000000000
14944  16.287  -57.766  -25.917 0.6000000238
16572  17.944  -56.537  -26.384 0.6000000238
15727  17.494  -57.066  -26.038 0.6000000238
143202  23.860  -65.418  -21.901 0.3000000119
11134  23.136  -62.737  -21.024 0.3000000119
134250  23.631  -61.237  -23.442 0.3000000119
14923  23.700  -58.155  -24.788 0.4000000060
139100  22.780  -57.432  -24.659 0.4000000060
15711  22.399  -56.861  -24.790 0.4000000060
14926  21.299  -57.906  -24.533 0.4000000060
16554  21.178  -56.297  -25.193 0.4000000060
16556  19.357  -56.631  -25.352 0.5000000000
16555  20.239  -56.371  -25.392 0.4000000060
136193  19.584  -56.278  -26.176 0.5000000000
14191  13.919  -58.483  -25.725 0.6000000238
14192  13.094  -58.900  -25.428 0.5000000000
15712  21.601  -56.935  -24.733 0.4000000060
14174  20.631  -59.263  -24.693 0.4000000060
13414  15.501  -59.634  -25.050 0.5000000000
11911  23.741  -61.466  -24.253 0.3000000119
14925  22.161  -57.644  -24.565 0.4000000060
14928  19.610  -57.856  -24.620 0.5000000000
15716  17.950  -57.496  -25.255 0.5000000000
14943  17.086  -57.659  -25.587 0.6000000238
27683  17.488  -44.613  -23.535 0.3000000119
10398  23.035  -63.494  -21.290 0.3000000119
11221  23.461  -62.175  -28.487 0.4000000060
11232  22.253  -62.266  -28.822 0.4000000060
11949  24.111  -62.300  -27.425 0.4000000060
11950  23.575  -62.284  -26.847 0.4000000060
12651  24.229  -60.990  -24.009 0.3000000119
12660  20.715  -60.254  -25.534 0.5000000000
12664  17.374  -60.618  -24.778 0.5000000000
12674  21.602  -60.450  -26.741 0.5000000000
12704  22.276  -61.111  -28.463 0.4000000060
12712  24.312  -61.447  -28.699 0.4000000060
12713  23.209  -61.460  -28.854 0.4000000060
13349  19.504  -60.229  -19.344 0.5000000000
13350  18.962  -60.521  -19.638 0.5000000000
13388  15.529  -60.012  -22.856 0.6000000238
13410  20.068  -59.764  -24.804 0.4000000060
13428  13.394  -59.413  -25.109 0.5000000000
13441  22.783  -60.199  -26.841 0.5000000000
14082  20.193  -59.176  -17.178 0.5000000000
14097  21.031  -58.800  -18.525 0.5000000000
14124  20.992  -58.511  -20.088 0.6999999881
14125  20.383  -59.086  -20.322 0.6000000238
14126  19.722  -59.549  -20.646 0.6000000238
14138  18.644  -59.374  -21.724 0.6000000238
14147  16.467  -59.344  -22.865 0.6000000238
14150  14.224  -59.278  -23.346 0.6000000238
14159  13.116  -58.843  -23.895 0.5000000000
14165  12.604  -58.800  -24.618 0.5000000000
14171  23.586  -58.847  -24.951 0.4000000060
14176  18.946  -59.313  -24.570 0.5000000000
14178  17.266  -59.167  -24.784 0.5000000000
14181  12.506  -58.693  -25.211 0.5000000000
14826  20.449  -58.105  -16.421 0.5000000000
14833  21.517  -57.663  -17.803 0.6000000238
14853  21.078  -58.343  -17.768 0.5000000000
14890  20.365  -57.718  -21.072 0.6999999881
14896  19.261  -57.915  -22.054 0.6999999881
14905  17.396  -57.940  -23.071 0.5000000000
14907  15.879  -58.200  -23.586 0.6000000238
14908  14.929  -58.317  -23.613 0.6000000238
14909  13.696  -58.549  -23.657 0.6000000238
14916  12.666  -58.286  -24.280 0.5000000000
14924  22.942  -58.198  -24.639 0.4000000060
14932  15.883  -58.366  -25.557 0.6000000238
14946  14.540  -57.808  -26.005 0.6000000238
14947  13.422  -57.500  -25.696 0.6999999881
14956  14.204  -57.363  -25.993 0.6999999881
15604  20.060  -56.881  -15.782 0.5000000000
15640  21.946  -56.775  -18.788 0.6000000238
15666  21.178  -57.120  -20.258 0.6999999881
15685  18.102  -57.672  -22.877 0.6999999881
15692  16.400  -57.579  -23.795 0.6999999881
15702  14.185  -57.313  -24.561 0.6000000238
15710  23.085  -56.876  -24.793 0.4000000060
15728  15.886  -57.265  -26.295 0.6999999881
15730  13.586  -57.215  -25.473 0.6000000238
15739  15.481  -56.806  -26.428 0.6999999881
15741  14.040  -57.084  -25.883 0.6999999881
16415  20.890  -55.938  -16.012 0.5000000000
16453  22.090  -55.818  -17.584 0.6000000238
16454  21.833  -56.470  -17.378 0.6000000238
16490  22.073  -56.217  -18.883 0.6000000238
16502  21.432  -56.493  -20.064 0.6000000238
16512  20.357  -56.457  -21.138 0.6999999881
16522  19.270  -56.480  -22.257 0.6999999881
16532  17.911  -56.545  -23.431 0.6999999881
16553  22.052  -56.225  -25.211 0.4000000060
16557  14.665  -56.240  -25.627 0.6999999881
16558  14.004  -56.711  -25.311 0.6999999881
16571  18.771  -56.487  -26.196 0.5000000000
16574  14.236  -56.673  -25.693 0.6999999881
16584  15.110  -56.312  -26.316 0.6999999881
17259  20.415  -55.415  -15.771 0.5000000000
17260  19.721  -55.469  -15.588 0.4000000060
17277  21.482  -55.539  -16.313 0.5000000000
17335  21.725  -55.818  -19.985 0.6000000238
17344  21.826  -55.081  -20.199 0.6000000238
17354  20.680  -55.783  -20.986 0.6999999881
17364  19.663  -55.755  -21.999 0.6999999881
17376  18.743  -55.477  -22.903 0.6999999881
17387  17.654  -55.056  -23.738 0.6000000238
17389  16.064  -55.248  -24.771 0.6000000238
17400  15.470  -54.998  -25.367 0.6000000238
17413  15.005  -55.690  -25.884 0.6999999881
17424  14.938  -55.916  -26.106 0.6999999881
18073  20.052  -54.733  -15.680 0.5000000000
18074  18.890  -54.190  -15.510 0.5000000000
18087  22.735  -53.956  -16.996 0.6999999881
18088  21.725  -54.853  -16.342 0.5000000000
18110  23.019  -54.181  -17.751 0.6999999881
18126  22.996  -54.278  -18.622 0.5000000000
18127  22.647  -54.841  -18.160 0.5000000000
18138  22.322  -54.686  -19.790 0.6000000238
18157  21.712  -54.206  -20.977 0.6999999881
18179  18.541  -54.074  -23.222 0.8000000119
18203  15.485  -54.301  -25.617 0.6999999881
18214  21.081  -54.801  -27.454 0.5000000000
18218  15.518  -54.113  -26.075 0.6999999881
18837  19.274  -53.582  -15.627 0.5000000000
18839  17.752  -53.290  -15.838 0.4000000060
18905  22.633  -53.345  -20.642 0.6999999881
18917  20.765  -54.128  -21.777 0.6999999881
18928  19.705  -53.963  -22.615 0.8000000119
18941  18.513  -53.378  -23.402 0.8000000119
18952  17.374  -53.651  -23.923 0.6999999881
18954  15.737  -53.771  -25.068 0.6000000238
18971  15.238  -53.163  -25.560 0.6000000238
19668  19.361  -52.786  -15.752 0.5000000000
19678  22.943  -52.652  -16.963 0.6000000238
19679  22.224  -52.670  -16.511 0.6000000238
19680  21.534  -53.085  -16.085 0.5000000000
19682  17.291  -52.245  -17.060 0.5000000000
19705  23.787  -52.369  -18.055 0.5000000000
19719  23.693  -52.987  -18.107 0.6000000238
19736  23.521  -53.051  -19.429 0.5000000000
19750  23.242  -52.869  -20.193 0.4000000060
19759  21.623  -53.103  -21.703 0.6000000238
19771  20.558  -52.969  -22.550 0.8000000119
19785  19.393  -52.763  -23.114 0.8000000119
19787  17.590  -53.048  -23.818 0.8000000119
19788  17.076  -52.410  -23.963 0.6999999881
19798  16.324  -52.693  -24.266 0.6000000238
19823  15.986  -52.292  -26.175 0.6000000238
19825  15.373  -52.470  -25.794 0.6000000238
19832  19.105  -53.069  -26.752 0.6000000238
19834  16.382  -52.937  -26.436 0.6999999881
19836  15.482  -52.905  -26.194 0.6999999881
20494  19.440  -51.937  -15.992 0.5000000000
20495  18.839  -52.387  -15.892 0.5000000000
20502  23.142  -51.985  -17.136 0.5000000000
20508  17.912  -51.949  -16.661 0.5000000000
20525  23.590  -51.893  -17.662 0.5000000000
20526  18.305  -51.168  -17.061 0.5000000000
20528  16.966  -51.763  -17.819 0.5000000000
20556  23.872  -51.663  -19.140 0.5000000000
20571  23.453  -51.889  -20.530 0.4000000060
20593  21.744  -51.591  -22.178 0.4000000060
20594  21.279  -51.935  -22.373 0.5000000000
20595  20.703  -52.213  -22.677 0.6999999881
20605  20.744  -51.018  -22.893 0.6000000238
20607  18.771  -51.216  -23.749 0.6999999881
20611  15.732  -51.461  -24.597 0.6999999881
20622  15.273  -51.714  -24.968 0.6000000238
20642  19.283  -51.827  -25.871 0.6000000238
20646  16.081  -51.674  -25.940 0.4000000060
21341  22.788  -51.319  -16.849 0.5000000000
21343  21.417  -50.278  -16.588 0.4000000060
21344  20.151  -50.657  -16.609 0.5000000000
21345  19.491  -50.405  -16.916 0.4000000060
21364  17.224  -50.848  -18.065 0.5000000000
21365  14.806  -50.140  -17.475 0.5000000000
21366  14.069  -50.268  -17.924 0.4000000060
21377  23.861  -51.043  -18.538 0.5000000000
21380  15.818  -50.306  -18.762 0.4000000060
21381  12.779  -50.294  -18.506 0.4000000060
21415  23.134  -50.811  -21.205 0.5000000000
21426  21.939  -50.893  -22.221 0.3000000119
21436  20.624  -50.407  -23.013 0.5000000000
21439  17.520  -50.524  -23.925 0.6999999881
21475  16.657  -50.737  -25.747 0.4000000060
21477  15.055  -50.955  -25.261 0.6999999881
22161  16.464  -49.296  -14.142 0.4000000060
22176  15.917  -50.118  -14.773 0.4000000060
22193  21.521  -49.670  -16.671 0.4000000060
22211  23.229  -50.009  -17.366 0.5000000000
22213  17.293  -49.384  -17.867 0.4000000060
22216  14.738  -49.773  -18.205 0.4000000060
22227  23.876  -49.766  -18.432 0.4000000060
22230  14.616  -49.816  -18.666 0.4000000060
22232  12.670  -50.007  -18.930 0.4000000060
22233  12.073  -50.149  -19.315 0.4000000060
22242  23.927  -49.649  -19.241 0.5000000000
22243  14.748  -50.006  -19.016 0.5000000000
22246  12.639  -50.042  -19.397 0.3000000119
22252  23.610  -49.481  -20.589 0.4000000060
22263  22.674  -49.551  -21.843 0.3000000119
22274  21.475  -49.696  -22.705 0.3000000119
22285  19.538  -50.261  -23.514 0.6000000238
22287  17.911  -49.865  -23.822 0.5000000000
22296  15.419  -50.165  -24.640 0.6000000238
22317  17.614  -50.298  -25.726 0.5000000000
22319  16.162  -50.171  -25.673 0.6000000238
22328  15.222  -50.622  -25.580 0.6999999881
23042  16.853  -49.351  -14.820 0.4000000060
23057  18.912  -48.584  -16.963 0.4000000060
23073  22.034  -49.315  -16.762 0.3000000119
23129  22.868  -48.797  -21.537 0.3000000119
23142  21.700  -48.991  -22.602 0.3000000119
23152  20.266  -49.237  -23.136 0.4000000060
23161  15.170  -49.168  -24.762 0.6000000238
23169  14.917  -49.639  -25.078 0.6999999881
23182  17.120  -48.984  -25.700 0.5000000000
23192  15.405  -48.942  -25.516 0.6000000238
23193  15.011  -48.901  -25.340 0.6000000238
23970  19.383  -48.011  -15.781 0.4000000060
23971  18.746  -48.258  -16.241 0.4000000060
24011  24.062  -47.925  -19.297 0.4000000060
24019  23.333  -48.227  -20.954 0.4000000060
24058  20.384  -48.393  -23.037 0.4000000060
24063  16.469  -48.447  -23.941 0.5000000000
24071  15.177  -48.453  -24.836 0.6000000238
24091  14.948  -48.565  -25.250 0.6000000238
24098  15.219  -48.305  -25.400 0.6000000238
24874  24.078  -46.875  -18.444 0.3000000119
24890  23.564  -47.455  -20.612 0.4000000060
24914  21.436  -47.489  -22.533 0.4000000060
24930  20.770  -47.745  -22.873 0.4000000060
24955  15.503  -46.976  -24.678 0.6000000238
24956  15.082  -47.995  -25.225 0.6000000238
24965  19.382  -47.316  -25.708 0.5000000000
24968  15.467  -47.509  -25.388 0.5000000000
25792  24.100  -46.324  -19.035 0.3000000119
25824  21.933  -46.949  -21.986 0.4000000060
25841  18.323  -46.165  -23.129 0.4000000060
25870  15.862  -45.864  -25.054 0.5000000000
26718  22.204  -45.813  -21.182 0.3000000119
26734  19.404  -45.182  -22.586 0.3000000119
26746  16.788  -45.516  -23.700 0.5000000000
26752  15.838  -45.570  -24.603 0.6000000238
27670  20.103  -44.489  -22.074 0.4000000060
27682  18.156  -44.486  -23.275 0.3000000119
27691  16.417  -44.501  -24.199 0.4000000060
27692  16.140  -44.989  -24.354 0.5000000000
27704  16.120  -45.048  -24.705 0.6000000238
27714  16.950  -44.440  -25.357 0.4000000060
27715  16.434  -44.722  -25.033 0.6000000238
28642  19.878  -43.516  -22.924 0.4000000060
28643  18.378  -43.893  -23.540 0.3000000119
28644  17.623  -43.976  -23.766 0.3000000119
28645  16.924  -44.061  -24.014 0.4000000060
28650  17.083  -43.512  -24.330 0.4000000060
28662  16.915  -43.525  -24.835 0.4000000060
30628  18.087  -41.145  -24.848 0.4000000060
30646  17.708  -41.517  -25.662 0.4000000060
125090  15.643  -46.613  -25.235 0.5000000000
125365  17.413  -45.101  -25.505 0.4000000060
125960  21.240  -53.111  -25.682 0.5000000000
126014  16.963  -46.419  -25.587 0.5000000000
126050  19.001  -50.581  -23.688 0.6000000238
126465  19.091  -50.584  -25.735 0.4000000060
126504  18.837  -49.100  -23.600 0.5000000000
127124  20.703  -54.325  -15.797 0.5000000000
127331  22.476  -52.142  -21.437 0.4000000060
127500  18.651  -53.010  -15.733 0.5000000000
127912  20.106  -49.326  -16.908 0.4000000060
128085  22.672  -48.961  -16.956 0.4000000060
128213  20.524  -59.901  -24.995 0.4000000060
128484  17.931  -52.495  -23.789 0.8000000119
128745  16.049  -47.898  -24.016 0.6000000238
128749  21.318  -51.024  -16.425 0.5000000000
129178  20.966  -56.080  -26.073 0.4000000060
129766  15.742  -46.801  -24.218 0.5000000000
130086  12.900  -58.138  -25.548 0.6999999881
130162  21.785  -59.766  -25.202 0.4000000060
130562  22.966  -47.511  -17.073 0.4000000060
131150  19.033  -49.023  -17.248 0.4000000060
131757  21.365  -59.369  -24.823 0.4000000060
132756  18.480  -48.516  -23.607 0.4000000060
132893  23.902  -46.601  -19.734 0.3000000119
133202  24.453  -61.820  -28.464 0.4000000060
133362  19.165  -44.458  -22.808 0.3000000119
133507  17.387  -49.592  -25.708 0.4000000060
133663  23.497  -50.258  -20.806 0.4000000060
133720  21.573  -52.327  -16.154 0.6000000238
133932  16.710  -57.194  -26.205 0.6000000238
134797  19.746  -55.065  -22.088 0.8999999762
135049  17.401  -45.680  -23.415 0.4000000060
135353  15.883  -59.640  -22.895 0.6000000238
135500  23.887  -50.302  -19.505 0.5000000000
135778  18.819  -57.719  -24.795 0.5000000000
136928  17.676  -58.999  -22.526 0.6000000238
136987  14.754  -59.073  -25.392 0.6000000238
137200  19.536  -54.661  -27.262 0.6000000238
137891  17.201  -51.186  -24.037 0.6999999881
138070  23.824  -49.334  -19.947 0.4000000060
138306  20.086  -58.581  -24.541 0.4000000060
138846  20.586  -59.393  -18.515 0.6000000238
138928  12.727  -57.805  -24.809 0.6000000238
139004  15.714  -49.583  -25.599 0.6999999881
139174  18.164  -53.048  -23.644 0.8000000119
139258  22.377  -50.225  -22.028 0.3000000119
139339  20.670  -54.927  -15.804 0.5000000000
140593  13.210  -49.930  -19.030 0.3000000119
140750  17.709  -54.699  -15.382 0.4000000060
141158  23.415  -57.568  -24.728 0.4000000060
141187  14.819  -56.170  -25.160 0.6999999881
142958  14.919  -49.963  -24.788 0.6999999881
143413  23.119  -49.354  -17.296 0.4000000060
144513  20.844  -45.763  -22.021 0.3000000119
144740  14.933  -50.053  -25.147 0.6999999881
144784  15.135  -52.342  -24.950 0.6000000238
145025  17.115  -48.259  -23.798 0.4000000060
145584  21.045  -45.387  -21.523 0.3000000119
146169  20.096  -58.241  -21.239 0.6999999881
146563  20.831  -55.089  -21.142 0.6999999881
146829  17.932  -46.630  -23.335 0.4000000060
146937  21.588  -57.802  -19.178 0.6000000238
146958  12.794  -59.049  -25.103 0.5000000000
147204  14.951  -49.051  -25.047 0.6000000238
147337  21.044  -57.077  -16.588 0.6000000238
147341  21.838  -50.183  -22.413 0.3000000119
147721  22.709  -61.461  -28.831 0.4000000060
148653  23.655  -46.885  -20.305 0.4000000060
148919  16.403  -54.937  -26.664 0.6999999881
149087  23.867  -47.856  -17.956 0.4000000060
149247  18.922  -51.292  -25.772 0.5000000000
149353  22.161  -53.921  -20.666 0.6999999881
149773  21.162  -54.944  -20.939 0.6000000238
149839  22.179  -54.958  -27.065 0.5000000000
