#!ascii label  , from subject sub-v2s1x29904_ses-1 vox2ras=TkReg
534
87689  -17.982  -8.865  -36.310 0.0000000000
83449  -13.163  -11.486  -33.004 0.0000000000
83468  -20.468  -12.584  -33.906 0.0000000000
79280  -15.703  -15.903  -32.655 0.0000000000
151262  -16.607  4.579  -34.402 0.0000000000
97968  -19.323  0.300  -33.477 0.0000000000
92992  -15.518  -3.746  -35.891 0.0000000000
74952  -15.401  -18.728  -29.300 0.0000000000
81341  -14.956  -13.868  -33.200 0.0000000000
80322  -12.967  -15.035  -30.753 0.0000000000
100017  -18.474  2.257  -33.638 0.0000000000
148926  -16.040  0.381  -35.216 0.0000000000
88706  -13.949  -7.958  -34.322 0.0000000000
89854  -13.423  -6.396  -33.646 0.0000000000
149985  -16.473  -6.319  -35.842 0.0000000000
91942  -18.533  -4.609  -34.015 0.0000000000
89834  -20.566  -6.344  -34.119 0.0000000000
87638  -21.943  -8.656  -33.633 0.0000000000
86572  -12.515  -9.844  -32.540 0.0000000000
85579  -15.858  -10.751  -34.759 0.0000000000
84557  -19.101  -10.746  -35.223 0.0000000000
82456  -16.392  -13.032  -35.153 0.0000000000
79311  -18.574  -15.907  -35.046 0.0000000000
146347  -19.695  -16.641  -33.211 0.0000000000
94945  -13.167  -1.662  -37.259 0.0000000000
94921  -17.320  -1.924  -35.257 0.0000000000
94874  -19.685  -2.263  -32.214 0.0000000000
78138  -12.282  -16.828  -29.594 0.0000000000
77097  -15.316  -17.289  -30.739 0.0000000000
81312  -12.176  -13.562  -30.498 0.0000000000
80311  -12.060  -14.951  -29.692 0.0000000000
99007  -15.869  1.434  -34.630 0.0000000000
99020  -14.859  0.740  -35.241 0.0000000000
87667  -16.351  -8.275  -35.449 0.0000000000
89857  -15.414  -7.055  -35.489 0.0000000000
89875  -17.638  -7.196  -35.729 0.0000000000
153376  -18.743  -6.354  -34.934 0.0000000000
89860  -19.651  -7.267  -35.005 0.0000000000
88688  -21.329  -7.465  -33.897 0.0000000000
87650  -20.412  -8.352  -34.795 0.0000000000
168479  -12.787  -10.562  -33.459 0.0000000000
85577  -13.456  -10.239  -34.440 0.0000000000
84540  -13.712  -11.129  -34.252 0.0000000000
150476  -16.327  -12.075  -34.884 0.0000000000
83479  -15.421  -12.876  -34.375 0.0000000000
80354  -15.164  -14.933  -33.070 0.0000000000
80380  -16.138  -14.701  -34.782 0.0000000000
79300  -17.327  -16.129  -34.455 0.0000000000
78204  -19.445  -16.596  -34.178 0.0000000000
77135  -17.958  -17.045  -33.451 0.0000000000
103259  -14.348  5.339  -34.883 0.0000000000
104219  -13.026  6.295  -34.660 0.0000000000
103261  -16.040  5.450  -34.869 0.0000000000
104241  -17.289  5.972  -34.363 0.0000000000
151138  -18.786  4.323  -33.261 0.0000000000
98993  -19.532  1.111  -33.450 0.0000000000
90930  -14.319  -5.239  -35.469 0.0000000000
92980  -13.561  -3.862  -35.262 0.0000000000
146739  -14.791  -2.477  -36.292 0.0000000000
95937  -15.684  -1.546  -36.520 0.0000000000
93961  -16.606  -3.223  -35.619 0.0000000000
92936  -20.001  -4.306  -33.398 0.0000000000
92935  -19.436  -3.617  -33.234 0.0000000000
93900  -21.267  -3.365  -31.998 0.0000000000
170513  -19.815  -11.723  -34.592 0.0000000000
85564  -21.434  -10.485  -34.024 0.0000000000
76016  -13.752  -18.351  -28.984 0.0000000000
77087  -13.824  -17.397  -30.011 0.0000000000
77086  -13.468  -16.768  -30.390 0.0000000000
76036  -15.382  -17.849  -30.231 0.0000000000
83439  -12.910  -11.702  -32.099 0.0000000000
82437  -14.594  -12.532  -33.405 0.0000000000
82408  -13.958  -12.863  -32.100 0.0000000000
81323  -14.010  -13.744  -31.948 0.0000000000
79278  -14.376  -15.351  -32.030 0.0000000000
157333  -15.350  3.850  -34.586 0.0000000000
101072  -17.613  3.362  -33.836 0.0000000000
100032  -16.701  2.056  -34.399 0.0000000000
99009  -17.276  1.084  -34.249 0.0000000000
97985  -18.045  0.232  -34.163 0.0000000000
88687  -13.543  -8.089  -32.755 0.0000000000
89844  -13.452  -7.115  -33.508 0.0000000000
90920  -14.398  -6.021  -35.293 0.0000000000
153531  -15.632  -5.199  -35.934 0.0000000000
91974  -17.186  -4.483  -35.315 0.0000000000
91976  -17.829  -5.465  -35.045 0.0000000000
90894  -19.702  -5.504  -34.079 0.0000000000
147024  -21.299  -5.332  -32.964 0.0000000000
89824  -21.732  -6.408  -33.045 0.0000000000
74942  -15.781  -19.491  -29.034 0.0000000000
153695  -16.851  -19.622  -30.241 0.0000000000
175954  -13.468  -9.005  -33.562 0.0000000000
158110  -14.540  -9.131  -34.567 0.0000000000
86634  -16.503  -9.758  -37.073 0.0000000000
86629  -18.683  -9.708  -35.777 0.0000000000
84567  -16.971  -10.699  -36.137 0.0000000000
150044  -18.026  -11.433  -35.530 0.0000000000
82459  -19.128  -12.772  -35.184 0.0000000000
153069  -15.592  -13.827  -34.400 0.0000000000
81378  -16.973  -14.253  -35.368 0.0000000000
81368  -19.344  -14.284  -35.216 0.0000000000
80367  -20.273  -14.666  -33.850 0.0000000000
171677  -20.475  -15.772  -33.221 0.0000000000
101056  -19.566  3.413  -32.502 0.0000000000
96993  -14.831  0.038  -37.210 0.0000000000
96986  -16.750  -0.416  -35.425 0.0000000000
95915  -18.503  -0.936  -33.735 0.0000000000
92946  -17.472  -3.512  -34.308 0.0000000000
170822  -18.599  -2.334  -33.442 0.0000000000
95890  -19.182  -0.842  -32.584 0.0000000000
160177  -20.687  -9.707  -34.848 0.0000000000
86588  -22.602  -9.657  -33.372 0.0000000000
79245  -11.692  -15.522  -29.153 0.0000000000
79255  -12.822  -15.654  -30.386 0.0000000000
78161  -13.946  -16.263  -30.993 0.0000000000
168694  -16.108  -17.051  -31.710 0.0000000000
76038  -16.884  -18.531  -31.172 0.0000000000
76047  -17.341  -18.499  -32.148 0.0000000000
77122  -17.174  -17.500  -32.830 0.0000000000
99019  -14.326  0.792  -35.414 0.0000000000
87688  -17.490  -8.822  -36.331 0.0000000000
88725  -16.710  -7.698  -35.650 0.0000000000
88727  -17.911  -8.119  -35.880 0.0000000000
88708  -18.436  -7.515  -35.597 0.0000000000
88709  -19.176  -7.756  -35.451 0.0000000000
88710  -19.849  -8.024  -35.223 0.0000000000
87669  -19.312  -8.504  -35.553 0.0000000000
83448  -12.786  -11.287  -32.358 0.0000000000
84502  -12.504  -10.924  -32.013 0.0000000000
84512  -12.872  -11.050  -32.799 0.0000000000
84528  -13.175  -10.996  -33.990 0.0000000000
84529  -13.774  -11.480  -33.960 0.0000000000
83478  -14.726  -12.069  -34.172 0.0000000000
83466  -14.416  -12.105  -33.742 0.0000000000
79292  -15.478  -15.426  -33.051 0.0000000000
79298  -16.105  -15.285  -34.068 0.0000000000
78201  -17.039  -16.284  -33.577 0.0000000000
78202  -17.740  -16.646  -33.841 0.0000000000
78191  -17.447  -16.912  -33.252 0.0000000000
169861  -15.733  4.648  -34.662 0.0000000000
103260  -15.205  5.462  -34.936 0.0000000000
173693  -17.143  4.856  -34.262 0.0000000000
103239  -17.568  5.169  -34.145 0.0000000000
103240  -18.337  4.841  -33.669 0.0000000000
102171  -17.498  4.324  -33.987 0.0000000000
171881  -20.052  1.156  -33.039 0.0000000000
97958  -19.912  0.694  -33.108 0.0000000000
97959  -19.939  0.379  -32.176 0.0000000000
91984  -14.619  -4.483  -35.675 0.0000000000
91973  -13.922  -4.490  -35.304 0.0000000000
92990  -14.103  -3.830  -35.599 0.0000000000
147222  -14.307  -3.028  -35.871 0.0000000000
93970  -15.030  -3.216  -35.930 0.0000000000
93971  -15.583  -3.014  -35.955 0.0000000000
156001  -16.149  -3.647  -35.875 0.0000000000
92915  -21.262  -4.615  -32.333 0.0000000000
153218  -20.663  -4.312  -32.763 0.0000000000
83481  -20.332  -11.792  -34.123 0.0000000000
84545  -20.901  -11.137  -34.078 0.0000000000
153381  -21.015  -11.893  -33.465 0.0000000000
76017  -14.569  -18.516  -29.111 0.0000000000
77076  -13.327  -17.778  -29.450 0.0000000000
76025  -14.166  -17.983  -29.587 0.0000000000
77088  -14.653  -17.612  -30.127 0.0000000000
76026  -14.989  -18.139  -29.687 0.0000000000
82406  -12.501  -12.059  -31.237 0.0000000000
82407  -13.316  -12.375  -31.569 0.0000000000
82399  -12.757  -12.904  -30.946 0.0000000000
152220  -12.488  -14.454  -30.422 0.0000000000
81314  -13.344  -14.279  -31.191 0.0000000000
80336  -14.052  -14.669  -31.871 0.0000000000
80323  -13.508  -15.008  -31.254 0.0000000000
101091  -15.735  2.933  -34.500 0.0000000000
101092  -16.465  2.875  -34.387 0.0000000000
100031  -16.131  2.164  -34.536 0.0000000000
100044  -16.251  0.922  -34.746 0.0000000000
99008  -16.790  1.187  -34.501 0.0000000000
99023  -17.054  0.638  -34.671 0.0000000000
97984  -17.471  0.464  -34.529 0.0000000000
97998  -17.108  0.134  -35.051 0.0000000000
88696  -13.643  -7.884  -33.172 0.0000000000
88697  -13.679  -7.730  -33.590 0.0000000000
88724  -16.254  -6.972  -35.730 0.0000000000
89856  -14.460  -6.769  -35.099 0.0000000000
89873  -15.833  -6.494  -35.792 0.0000000000
90931  -15.032  -5.610  -35.777 0.0000000000
90933  -16.380  -5.465  -35.909 0.0000000000
90934  -16.937  -5.414  -35.676 0.0000000000
171437  -17.428  -5.746  -35.431 0.0000000000
89859  -19.462  -6.565  -34.776 0.0000000000
90905  -19.231  -5.942  -34.518 0.0000000000
90895  -19.940  -6.125  -34.358 0.0000000000
90896  -20.828  -5.313  -33.366 0.0000000000
169843  -20.844  -5.944  -33.642 0.0000000000
90883  -21.269  -5.857  -33.230 0.0000000000
89835  -21.188  -6.587  -33.658 0.0000000000
87637  -21.412  -8.281  -33.992 0.0000000000
176402  -22.214  -7.565  -33.137 0.0000000000
87624  -23.075  -8.555  -32.860 0.0000000000
73889  -16.084  -20.308  -28.873 0.0000000000
73890  -16.658  -20.837  -29.572 0.0000000000
87621  -12.636  -9.056  -32.317 0.0000000000
87622  -12.910  -8.851  -32.519 0.0000000000
86573  -12.757  -9.446  -32.863 0.0000000000
85578  -14.659  -10.607  -34.480 0.0000000000
148483  -14.375  -9.820  -34.433 0.0000000000
86601  -15.381  -9.889  -34.739 0.0000000000
86617  -15.987  -9.572  -35.342 0.0000000000
85601  -16.369  -10.124  -36.529 0.0000000000
85602  -16.876  -10.159  -36.781 0.0000000000
84566  -16.686  -10.494  -36.229 0.0000000000
83491  -16.292  -12.521  -34.964 0.0000000000
84555  -17.259  -11.387  -35.474 0.0000000000
83492  -16.811  -12.212  -35.215 0.0000000000
83494  -18.564  -12.133  -35.366 0.0000000000
82457  -17.234  -12.923  -35.370 0.0000000000
82423  -14.871  -13.266  -33.435 0.0000000000
82438  -14.990  -12.930  -33.839 0.0000000000
81365  -15.212  -13.663  -33.865 0.0000000000
79316  -17.802  -15.740  -35.188 0.0000000000
80389  -16.390  -14.575  -35.109 0.0000000000
80391  -18.138  -15.213  -35.368 0.0000000000
80392  -18.544  -14.443  -35.439 0.0000000000
80381  -18.928  -15.070  -35.188 0.0000000000
81369  -19.922  -14.234  -34.608 0.0000000000
79312  -19.350  -15.600  -34.804 0.0000000000
78205  -20.069  -16.278  -33.621 0.0000000000
170300  -20.127  -16.469  -33.078 0.0000000000
79294  -20.540  -16.295  -32.841 0.0000000000
100016  -17.728  2.492  -33.877 0.0000000000
101073  -18.331  3.083  -33.569 0.0000000000
101074  -18.988  2.800  -33.137 0.0000000000
89843  -13.340  -6.784  -33.255 0.0000000000
167723  -13.662  -1.417  -35.832 0.0000000000
96992  -13.372  -0.189  -37.616 0.0000000000
98007  -13.709  0.594  -37.183 0.0000000000
97003  -14.089  -0.308  -37.787 0.0000000000
94920  -16.790  -2.000  -35.737 0.0000000000
96995  -16.230  -0.766  -35.921 0.0000000000
95926  -17.209  -1.015  -35.101 0.0000000000
95913  -17.644  -0.720  -34.675 0.0000000000
148022  -17.639  -1.466  -34.696 0.0000000000
92963  -17.652  -4.323  -34.492 0.0000000000
92982  -17.113  -3.594  -35.144 0.0000000000
92947  -18.178  -3.718  -33.861 0.0000000000
93911  -19.492  -3.005  -32.743 0.0000000000
93926  -18.971  -2.951  -33.226 0.0000000000
94883  -19.026  -2.226  -32.931 0.0000000000
153017  -19.208  -1.615  -32.572 0.0000000000
95891  -19.628  -1.276  -32.027 0.0000000000
95892  -20.442  -1.756  -31.816 0.0000000000
85593  -19.485  -10.076  -35.294 0.0000000000
86619  -20.126  -9.551  -35.140 0.0000000000
85580  -20.382  -10.250  -34.884 0.0000000000
85565  -22.097  -10.074  -33.711 0.0000000000
152198  -11.757  -16.663  -29.039 0.0000000000
78149  -11.925  -16.208  -29.432 0.0000000000
79254  -12.244  -15.658  -29.819 0.0000000000
78150  -12.671  -16.393  -30.056 0.0000000000
77096  -14.318  -17.021  -30.596 0.0000000000
78162  -14.825  -16.583  -31.136 0.0000000000
78174  -15.147  -16.273  -31.686 0.0000000000
78163  -15.545  -16.844  -31.415 0.0000000000
76028  -16.556  -18.707  -30.377 0.0000000000
77110  -16.865  -17.972  -32.387 0.0000000000
80310  -11.863  -14.077  -29.763 0.0000000000
80312  -12.508  -15.157  -30.200 0.0000000000
100030  -15.395  2.033  -34.484 0.0000000000
99006  -15.248  1.288  -34.722 0.0000000000
99021  -15.616  0.766  -34.964 0.0000000000
155234  -15.214  0.323  -35.784 0.0000000000
87665  -14.828  -8.371  -34.803 0.0000000000
161619  -14.622  -7.518  -34.955 0.0000000000
88707  -15.519  -7.861  -35.233 0.0000000000
172952  -17.095  -6.585  -35.729 0.0000000000
89874  -17.551  -6.399  -35.524 0.0000000000
89858  -18.239  -6.758  -35.377 0.0000000000
160949  -18.972  -7.018  -35.214 0.0000000000
89845  -20.113  -6.805  -34.552 0.0000000000
89846  -20.752  -7.084  -34.263 0.0000000000
88698  -20.266  -7.571  -34.697 0.0000000000
88699  -20.862  -7.904  -34.356 0.0000000000
87651  -20.970  -8.693  -34.436 0.0000000000
85541  -12.366  -10.239  -32.002 0.0000000000
154970  -12.637  -10.022  -33.447 0.0000000000
85563  -12.848  -10.491  -33.890 0.0000000000
84541  -15.120  -11.522  -34.539 0.0000000000
84542  -16.231  -11.548  -34.845 0.0000000000
157744  -15.629  -12.342  -34.603 0.0000000000
83480  -15.881  -12.851  -34.711 0.0000000000
80365  -15.295  -14.333  -33.519 0.0000000000
81355  -15.531  -14.250  -34.131 0.0000000000
80379  -15.927  -14.743  -34.385 0.0000000000
79309  -16.516  -15.328  -34.617 0.0000000000
79310  -17.927  -16.232  -34.944 0.0000000000
78211  -19.263  -16.297  -34.666 0.0000000000
78210  -18.667  -16.499  -34.637 0.0000000000
78203  -18.499  -16.793  -33.916 0.0000000000
78192  -18.995  -16.775  -33.272 0.0000000000
145966  -12.113  5.149  -35.644 0.0000000000
104238  -14.297  5.954  -34.622 0.0000000000
103228  -19.831  4.943  -32.735 0.0000000000
98992  -18.626  1.427  -33.683 0.0000000000
100018  -19.295  1.970  -33.396 0.0000000000
98982  -19.920  1.673  -33.012 0.0000000000
173813  -13.254  -4.012  -34.407 0.0000000000
93960  -13.591  -3.211  -35.460 0.0000000000
94919  -13.748  -2.453  -35.767 0.0000000000
94932  -13.865  -2.133  -36.780 0.0000000000
95936  -14.753  -1.178  -37.227 0.0000000000
94934  -15.618  -2.291  -36.216 0.0000000000
94935  -16.271  -2.095  -36.048 0.0000000000
93962  -16.977  -2.653  -35.398 0.0000000000
91943  -19.440  -4.816  -33.844 0.0000000000
92948  -19.135  -4.081  -33.669 0.0000000000
93912  -20.033  -3.699  -32.799 0.0000000000
94875  -20.646  -2.704  -31.957 0.0000000000
84543  -19.506  -11.270  -34.914 0.0000000000
148875  -20.861  -10.589  -34.501 0.0000000000
84544  -20.254  -11.063  -34.599 0.0000000000
84530  -21.421  -11.166  -33.538 0.0000000000
77075  -12.403  -17.414  -29.202 0.0000000000
160182  -12.954  -17.176  -29.875 0.0000000000
83438  -12.353  -11.462  -31.663 0.0000000000
83450  -13.914  -12.026  -33.240 0.0000000000
82421  -13.658  -12.100  -32.448 0.0000000000
81340  -14.483  -13.391  -32.698 0.0000000000
81313  -12.871  -13.697  -30.864 0.0000000000
81324  -14.540  -14.101  -32.552 0.0000000000
159776  -14.984  -14.362  -32.978 0.0000000000
80337  -14.651  -14.851  -32.521 0.0000000000
79279  -15.022  -15.648  -32.381 0.0000000000
165596  -11.016  4.573  -35.388 0.0000000000
102191  -13.390  4.676  -34.471 0.0000000000
102194  -16.126  3.750  -34.422 0.0000000000
102195  -16.873  3.602  -34.082 0.0000000000
101093  -17.083  2.703  -34.148 0.0000000000
171909  -16.381  1.533  -34.545 0.0000000000
100033  -17.200  1.868  -34.235 0.0000000000
98991  -17.810  1.653  -33.910 0.0000000000
99010  -17.889  0.898  -33.920 0.0000000000
97967  -18.677  0.626  -33.711 0.0000000000
96958  -18.653  -0.046  -33.791 0.0000000000
88705  -13.794  -7.248  -34.397 0.0000000000
89855  -13.789  -6.462  -34.445 0.0000000000
90919  -13.948  -5.755  -34.877 0.0000000000
156993  -15.014  -5.008  -35.804 0.0000000000
91986  -16.075  -4.750  -35.912 0.0000000000
156319  -16.308  -4.309  -35.839 0.0000000000
91987  -16.701  -4.797  -35.742 0.0000000000
91954  -17.602  -4.928  -34.981 0.0000000000
91955  -18.151  -5.108  -34.557 0.0000000000
90921  -18.046  -6.085  -35.151 0.0000000000
90904  -18.494  -5.730  -34.732 0.0000000000
150587  -20.185  -5.050  -33.641 0.0000000000
91931  -20.590  -4.757  -33.243 0.0000000000
91933  -21.643  -5.148  -32.501 0.0000000000
90885  -22.299  -5.576  -32.370 0.0000000000
151886  -22.270  -6.256  -32.571 0.0000000000
89836  -21.773  -7.137  -33.374 0.0000000000
82439  -20.571  -13.226  -33.751 0.0000000000
74941  -14.977  -19.136  -28.687 0.0000000000
74953  -16.191  -19.104  -29.691 0.0000000000
87636  -13.337  -8.640  -32.830 0.0000000000
170591  -13.689  -8.464  -33.497 0.0000000000
86599  -13.140  -9.351  -33.769 0.0000000000
86600  -13.522  -9.298  -34.211 0.0000000000
87649  -13.970  -8.574  -34.335 0.0000000000
86616  -15.334  -9.124  -34.905 0.0000000000
87686  -16.412  -9.201  -35.772 0.0000000000
86627  -17.446  -9.392  -36.828 0.0000000000
87690  -18.623  -8.989  -35.885 0.0000000000
86628  -17.951  -9.487  -36.483 0.0000000000
85603  -17.963  -10.178  -36.245 0.0000000000
84556  -18.326  -10.779  -35.537 0.0000000000
84553  -16.777  -11.214  -35.199 0.0000000000
84568  -17.571  -10.759  -35.921 0.0000000000
83495  -18.821  -11.406  -35.301 0.0000000000
169991  -19.290  -11.986  -35.019 0.0000000000
158252  -19.839  -12.511  -34.584 0.0000000000
82446  -15.698  -13.395  -34.544 0.0000000000
82455  -16.134  -13.210  -34.950 0.0000000000
81366  -15.803  -14.292  -34.585 0.0000000000
81377  -16.223  -13.836  -35.081 0.0000000000
150101  -16.857  -13.547  -35.319 0.0000000000
81379  -17.822  -13.753  -35.435 0.0000000000
82447  -19.648  -13.477  -35.032 0.0000000000
82448  -20.141  -13.317  -34.305 0.0000000000
81356  -20.407  -13.868  -33.868 0.0000000000
170565  -20.682  -14.233  -33.403 0.0000000000
79301  -19.803  -16.147  -34.382 0.0000000000
79302  -20.191  -15.521  -33.771 0.0000000000
102172  -18.253  3.929  -33.587 0.0000000000
102173  -18.873  3.637  -33.138 0.0000000000
163651  -20.038  2.883  -32.193 0.0000000000
97996  -13.989  0.445  -36.190 0.0000000000
98008  -14.489  0.519  -37.008 0.0000000000
172257  -15.840  0.088  -35.731 0.0000000000
158418  -15.460  -0.771  -36.793 0.0000000000
98009  -16.016  -0.204  -35.850 0.0000000000
149544  -16.462  0.060  -35.393 0.0000000000
172739  -17.271  -0.329  -35.033 0.0000000000
96975  -18.161  -0.429  -34.181 0.0000000000
96959  -19.033  -0.484  -33.432 0.0000000000
92981  -16.674  -4.026  -35.632 0.0000000000
93945  -17.350  -2.778  -34.825 0.0000000000
147297  -18.883  -3.466  -33.537 0.0000000000
93925  -18.398  -2.954  -33.625 0.0000000000
94882  -18.065  -2.322  -33.849 0.0000000000
95898  -18.405  -1.684  -33.713 0.0000000000
95899  -18.902  -1.385  -33.246 0.0000000000
96949  -19.491  0.015  -32.878 0.0000000000
96950  -19.680  -0.410  -32.005 0.0000000000
86618  -19.403  -9.267  -35.501 0.0000000000
86602  -20.547  -9.097  -34.840 0.0000000000
87652  -21.482  -9.058  -34.064 0.0000000000
85581  -21.057  -10.058  -34.567 0.0000000000
85582  -21.567  -9.777  -34.176 0.0000000000
87639  -22.511  -8.993  -33.330 0.0000000000
78160  -13.237  -16.147  -30.584 0.0000000000
79265  -13.360  -15.617  -30.963 0.0000000000
79267  -14.494  -15.915  -31.647 0.0000000000
78175  -15.789  -16.429  -32.022 0.0000000000
76027  -15.784  -18.354  -29.976 0.0000000000
76037  -16.069  -18.008  -30.826 0.0000000000
77099  -16.555  -18.036  -31.749 0.0000000000
156040  -16.394  -17.651  -31.939 0.0000000000
77109  -16.533  -17.084  -32.242 0.0000000000
78190  -16.802  -16.581  -32.874 0.0000000000
77123  -17.724  -17.796  -33.262 0.0000000000
76062  -17.526  -18.312  -32.885 0.0000000000
77098  -16.011  -17.502  -31.400 0.0000000000
78189  -16.190  -16.358  -32.582 0.0000000000
78209  -18.062  -16.530  -34.494 0.0000000000
79266  -13.925  -15.491  -31.500 0.0000000000
79293  -16.166  -15.787  -33.303 0.0000000000
79299  -16.651  -15.678  -33.984 0.0000000000
80366  -15.641  -14.942  -33.701 0.0000000000
80382  -19.876  -15.209  -34.412 0.0000000000
80390  -17.221  -15.089  -35.280 0.0000000000
81322  -13.453  -13.286  -31.350 0.0000000000
81354  -15.209  -13.885  -33.741 0.0000000000
81367  -15.978  -14.274  -34.844 0.0000000000
81376  -15.834  -13.845  -34.724 0.0000000000
81380  -18.904  -13.613  -35.395 0.0000000000
82422  -14.357  -12.616  -32.848 0.0000000000
82440  -20.971  -12.804  -33.335 0.0000000000
82445  -15.368  -13.290  -34.231 0.0000000000
82458  -18.256  -12.900  -35.418 0.0000000000
83465  -13.475  -11.485  -33.702 0.0000000000
83467  -15.054  -12.684  -34.051 0.0000000000
83493  -17.672  -12.171  -35.435 0.0000000000
84513  -13.076  -11.172  -33.487 0.0000000000
84554  -16.824  -11.415  -35.228 0.0000000000
84558  -19.774  -10.686  -34.986 0.0000000000
85549  -12.642  -10.408  -32.832 0.0000000000
85576  -12.989  -10.486  -34.118 0.0000000000
85591  -16.155  -10.134  -35.697 0.0000000000
85592  -18.697  -10.303  -35.544 0.0000000000
85606  -16.467  -10.021  -36.946 0.0000000000
86586  -13.014  -9.290  -33.144 0.0000000000
86587  -22.041  -9.395  -33.752 0.0000000000
86603  -21.069  -9.429  -34.514 0.0000000000
86626  -16.092  -9.936  -36.231 0.0000000000
86633  -16.314  -9.922  -36.925 0.0000000000
86635  -17.038  -9.696  -37.068 0.0000000000
87648  -13.450  -8.718  -33.053 0.0000000000
87666  -15.800  -8.719  -35.186 0.0000000000
87668  -18.588  -8.279  -35.792 0.0000000000
87670  -19.981  -8.797  -35.237 0.0000000000
87687  -16.946  -8.791  -36.046 0.0000000000
87697  -16.440  -9.552  -36.757 0.0000000000
87698  -16.935  -9.385  -36.896 0.0000000000
88689  -21.845  -7.892  -33.520 0.0000000000
88726  -17.308  -7.956  -35.799 0.0000000000
89872  -15.144  -6.304  -35.636 0.0000000000
90884  -21.744  -5.722  -32.783 0.0000000000
90932  -15.770  -5.886  -35.896 0.0000000000
91932  -21.045  -4.910  -32.913 0.0000000000
91956  -18.930  -5.328  -34.254 0.0000000000
91975  -17.276  -5.140  -35.400 0.0000000000
91985  -15.404  -4.480  -35.871 0.0000000000
92991  -14.843  -3.822  -35.809 0.0000000000
93913  -20.593  -3.571  -32.282 0.0000000000
93924  -17.732  -2.949  -34.009 0.0000000000
93959  -13.178  -3.416  -34.951 0.0000000000
93972  -16.158  -2.796  -35.883 0.0000000000
94903  -17.619  -2.181  -34.460 0.0000000000
94904  -17.900  -1.753  -34.169 0.0000000000
94933  -14.124  -2.012  -37.297 0.0000000000
94946  -13.406  -1.700  -37.617 0.0000000000
94956  -12.916  -1.392  -37.791 0.0000000000
95914  -18.029  -1.161  -34.186 0.0000000000
95925  -16.794  -1.266  -35.602 0.0000000000
95938  -16.351  -1.476  -36.094 0.0000000000
95950  -12.779  -0.860  -37.530 0.0000000000
95951  -13.108  -1.177  -38.146 0.0000000000
95952  -13.731  -1.222  -37.835 0.0000000000
96974  -17.651  -0.054  -34.749 0.0000000000
96994  -15.625  -0.352  -36.452 0.0000000000
97001  -12.709  -0.152  -37.986 0.0000000000
97002  -13.071  -0.175  -38.268 0.0000000000
97008  -12.759  -0.742  -38.113 0.0000000000
97997  -14.365  0.537  -36.246 0.0000000000
98018  -12.985  0.420  -37.740 0.0000000000
98019  -13.788  0.485  -37.706 0.0000000000
99022  -16.647  0.495  -34.894 0.0000000000
100004  -19.616  2.483  -32.652 0.0000000000
101090  -14.954  2.969  -34.438 0.0000000000
102193  -15.056  4.755  -34.710 0.0000000000
103241  -19.126  4.919  -33.123 0.0000000000
103262  -16.843  5.377  -34.496 0.0000000000
146737  -16.959  -5.973  -35.700 0.0000000000
147906  -17.761  -14.585  -35.449 0.0000000000
149414  -13.180  -1.099  -36.779 0.0000000000
153365  -17.406  -9.887  -36.879 0.0000000000
153741  -16.576  -2.549  -35.714 0.0000000000
153924  -16.590  -10.670  -35.529 0.0000000000
157026  -16.925  -7.076  -35.795 0.0000000000
157362  -12.812  -9.854  -33.972 0.0000000000
157645  -15.922  -4.204  -35.876 0.0000000000
157758  -15.324  0.108  -36.445 0.0000000000
159122  -15.917  -0.970  -36.361 0.0000000000
159262  -12.981  -9.695  -34.175 0.0000000000
159744  -17.312  -10.330  -36.537 0.0000000000
161437  -17.223  -15.648  -34.966 0.0000000000
167701  -20.039  -3.069  -32.334 0.0000000000
167705  -20.350  -5.707  -33.857 0.0000000000
169765  -19.524  -14.878  -34.884 0.0000000000
169981  -14.988  -1.990  -36.781 0.0000000000
171473  -16.620  -15.111  -34.996 0.0000000000
172867  -18.589  -0.476  -33.779 0.0000000000
175191  -16.066  -7.519  -35.508 0.0000000000
176321  -18.740  -1.893  -33.328 0.0000000000
