#!ascii label  , from subject sub-v2s1x29904_ses-1 vox2ras=TkReg
471
79268  -22.162  -15.436  -31.237 0.0000000000
83468  -20.468  -12.584  -33.906 0.0000000000
97968  -19.323  0.300  -33.477 0.0000000000
91908  -21.860  -4.673  -32.112 0.0000000000
147311  -26.144  -9.026  -32.216 0.0000000000
81382  -26.106  -14.017  -36.058 0.0000000000
100017  -18.474  2.257  -33.638 0.0000000000
89807  -24.356  -6.752  -31.905 0.0000000000
87638  -21.943  -8.656  -33.633 0.0000000000
80356  -21.588  -14.327  -32.350 0.0000000000
82428  -24.313  -12.753  -32.803 0.0000000000
81327  -24.616  -13.429  -31.682 0.0000000000
73914  -17.946  -20.462  -30.765 0.0000000000
146347  -19.695  -16.641  -33.211 0.0000000000
106040  -17.710  7.859  -35.244 0.0000000000
166589  -19.591  6.068  -33.536 0.0000000000
102161  -21.108  4.185  -32.304 0.0000000000
99996  -21.776  2.264  -31.611 0.0000000000
96940  -22.908  -0.199  -31.212 0.0000000000
94874  -19.685  -2.263  -32.214 0.0000000000
94868  -24.425  -2.079  -31.943 0.0000000000
91934  -26.180  -4.603  -32.267 0.0000000000
88683  -27.503  -7.498  -33.511 0.0000000000
174682  -28.901  -9.501  -35.770 0.0000000000
85551  -23.517  -10.802  -32.787 0.0000000000
84532  -26.981  -11.584  -33.618 0.0000000000
88688  -21.329  -7.465  -33.897 0.0000000000
87650  -20.412  -8.352  -34.795 0.0000000000
166317  -21.822  -15.276  -31.760 0.0000000000
81326  -23.315  -13.824  -31.546 0.0000000000
80325  -23.035  -14.582  -31.129 0.0000000000
71348  -17.705  -22.411  -26.970 0.0000000000
71368  -17.832  -21.652  -28.213 0.0000000000
157329  -18.265  -21.015  -28.344 0.0000000000
78204  -19.445  -16.596  -34.178 0.0000000000
77135  -17.958  -17.045  -33.451 0.0000000000
161038  -20.239  5.558  -33.052 0.0000000000
98993  -19.532  1.111  -33.450 0.0000000000
100005  -20.176  2.203  -32.253 0.0000000000
98969  -20.640  1.437  -31.730 0.0000000000
98972  -22.762  1.310  -31.426 0.0000000000
96937  -20.355  0.021  -31.511 0.0000000000
93900  -21.267  -3.365  -31.998 0.0000000000
94866  -22.476  -2.678  -31.766 0.0000000000
148389  -23.358  -3.687  -31.866 0.0000000000
93903  -25.177  -3.364  -31.973 0.0000000000
92917  -24.004  -4.233  -31.881 0.0000000000
87609  -25.114  -8.173  -32.092 0.0000000000
89809  -25.895  -6.895  -31.874 0.0000000000
149209  -27.393  -8.141  -32.785 0.0000000000
87640  -27.923  -8.407  -33.731 0.0000000000
86589  -28.016  -9.321  -33.374 0.0000000000
170513  -19.815  -11.723  -34.592 0.0000000000
85564  -21.434  -10.485  -34.024 0.0000000000
84530  -21.421  -11.166  -33.538 0.0000000000
166565  -25.825  -13.263  -33.812 0.0000000000
83471  -26.125  -12.559  -33.916 0.0000000000
168646  -26.321  -13.011  -35.358 0.0000000000
83497  -28.148  -12.233  -36.590 0.0000000000
82477  -28.245  -13.245  -38.234 0.0000000000
73905  -19.030  -20.124  -30.272 0.0000000000
74965  -18.055  -19.675  -31.256 0.0000000000
74955  -19.450  -19.166  -30.442 0.0000000000
76039  -19.830  -18.416  -31.063 0.0000000000
147024  -21.299  -5.332  -32.964 0.0000000000
90885  -22.299  -5.576  -32.370 0.0000000000
89824  -21.732  -6.408  -33.045 0.0000000000
88679  -22.809  -7.621  -32.784 0.0000000000
87625  -23.848  -8.600  -32.543 0.0000000000
81357  -20.870  -13.570  -33.334 0.0000000000
83452  -22.403  -12.177  -32.856 0.0000000000
82425  -22.093  -12.985  -32.638 0.0000000000
82410  -24.101  -13.098  -32.337 0.0000000000
81343  -25.523  -13.321  -32.718 0.0000000000
73891  -18.629  -20.711  -28.975 0.0000000000
81368  -19.344  -14.284  -35.216 0.0000000000
80367  -20.273  -14.666  -33.850 0.0000000000
171677  -20.475  -15.772  -33.221 0.0000000000
78194  -21.089  -16.124  -32.198 0.0000000000
106872  -18.889  8.605  -35.218 0.0000000000
105236  -17.088  7.033  -34.579 0.0000000000
105225  -19.154  6.725  -34.175 0.0000000000
104243  -22.494  6.564  -34.044 0.0000000000
104226  -22.599  5.617  -33.645 0.0000000000
167633  -23.059  4.198  -33.571 0.0000000000
101056  -19.566  3.413  -32.502 0.0000000000
101057  -21.366  3.480  -32.055 0.0000000000
176387  -23.073  2.883  -33.167 0.0000000000
146291  -23.309  1.721  -32.804 0.0000000000
98986  -23.688  0.965  -33.036 0.0000000000
96952  -24.300  -0.162  -32.230 0.0000000000
95890  -19.182  -0.842  -32.584 0.0000000000
95879  -21.234  -1.344  -31.415 0.0000000000
95882  -23.743  -1.205  -31.651 0.0000000000
95893  -25.047  -1.123  -32.850 0.0000000000
94877  -25.788  -2.407  -32.485 0.0000000000
91944  -27.031  -4.886  -33.645 0.0000000000
90865  -25.526  -5.709  -31.833 0.0000000000
90887  -26.772  -6.050  -32.676 0.0000000000
160177  -20.687  -9.707  -34.848 0.0000000000
86588  -22.602  -9.657  -33.372 0.0000000000
85553  -25.063  -10.090  -32.567 0.0000000000
161687  -23.586  -11.663  -32.847 0.0000000000
84518  -25.872  -11.113  -32.829 0.0000000000
84520  -27.311  -10.716  -33.172 0.0000000000
84534  -28.269  -10.555  -34.371 0.0000000000
85594  -29.325  -10.459  -36.515 0.0000000000
76064  -18.771  -18.056  -32.680 0.0000000000
77113  -20.677  -17.143  -31.666 0.0000000000
78164  -21.549  -16.739  -30.718 0.0000000000
166740  -22.506  -14.842  -31.255 0.0000000000
79269  -22.811  -15.256  -30.901 0.0000000000
80313  -23.459  -15.050  -30.728 0.0000000000
79256  -22.570  -15.910  -30.695 0.0000000000
71358  -17.455  -22.359  -27.827 0.0000000000
71359  -17.938  -21.685  -27.242 0.0000000000
171881  -20.052  1.156  -33.039 0.0000000000
97958  -19.912  0.694  -33.108 0.0000000000
97951  -20.434  0.816  -31.572 0.0000000000
97959  -19.939  0.379  -32.176 0.0000000000
92915  -21.262  -4.615  -32.333 0.0000000000
153218  -20.663  -4.312  -32.763 0.0000000000
157546  -21.753  -3.972  -31.985 0.0000000000
93901  -22.519  -3.463  -31.869 0.0000000000
92916  -22.472  -4.276  -31.916 0.0000000000
146633  -23.172  -4.611  -31.935 0.0000000000
87627  -25.397  -8.863  -32.199 0.0000000000
87610  -26.065  -8.291  -32.097 0.0000000000
87628  -26.903  -8.756  -32.362 0.0000000000
87629  -27.624  -8.768  -32.905 0.0000000000
86579  -27.406  -9.305  -32.713 0.0000000000
83481  -20.332  -11.792  -34.123 0.0000000000
84545  -20.901  -11.137  -34.078 0.0000000000
153381  -21.015  -11.893  -33.465 0.0000000000
81381  -25.820  -13.606  -35.384 0.0000000000
82449  -25.764  -13.458  -35.187 0.0000000000
82461  -26.059  -13.348  -36.482 0.0000000000
83496  -27.155  -12.913  -36.989 0.0000000000
82475  -26.543  -13.755  -37.822 0.0000000000
80418  -27.970  -14.444  -38.323 0.0000000000
80406  -27.087  -14.753  -37.128 0.0000000000
73916  -19.033  -19.745  -30.882 0.0000000000
169843  -20.844  -5.944  -33.642 0.0000000000
90883  -21.269  -5.857  -33.230 0.0000000000
89835  -21.188  -6.587  -33.658 0.0000000000
87637  -21.412  -8.281  -33.992 0.0000000000
176402  -22.214  -7.565  -33.137 0.0000000000
87623  -22.364  -8.233  -33.144 0.0000000000
87624  -23.075  -8.555  -32.860 0.0000000000
153991  -21.185  -14.114  -32.846 0.0000000000
82424  -21.382  -13.227  -32.843 0.0000000000
81342  -21.754  -13.671  -32.373 0.0000000000
167992  -23.900  -13.411  -31.796 0.0000000000
82411  -24.809  -13.105  -32.573 0.0000000000
81328  -25.254  -13.402  -31.998 0.0000000000
70124  -16.400  -23.150  -27.451 0.0000000000
73880  -18.917  -19.816  -28.289 0.0000000000
81369  -19.922  -14.234  -34.608 0.0000000000
78205  -20.069  -16.278  -33.621 0.0000000000
170300  -20.127  -16.469  -33.078 0.0000000000
79294  -20.540  -16.295  -32.841 0.0000000000
78193  -20.115  -16.769  -32.671 0.0000000000
170942  -17.959  8.461  -35.389 0.0000000000
106873  -20.079  8.641  -34.805 0.0000000000
159763  -18.841  7.998  -34.900 0.0000000000
104223  -18.651  6.169  -34.020 0.0000000000
105224  -18.351  6.726  -34.535 0.0000000000
106031  -20.538  7.573  -33.930 0.0000000000
105226  -20.105  6.807  -33.787 0.0000000000
169730  -21.859  6.888  -33.774 0.0000000000
104224  -20.647  6.226  -33.325 0.0000000000
103229  -20.865  4.976  -32.722 0.0000000000
103243  -21.840  5.363  -33.127 0.0000000000
103244  -22.468  4.978  -33.187 0.0000000000
103245  -22.894  4.811  -33.584 0.0000000000
103230  -21.853  4.638  -32.788 0.0000000000
101074  -18.988  2.800  -33.137 0.0000000000
99995  -20.893  2.119  -31.808 0.0000000000
101043  -20.748  2.844  -31.979 0.0000000000
101044  -21.608  2.812  -31.829 0.0000000000
171065  -22.573  3.668  -32.654 0.0000000000
101059  -22.776  3.108  -32.565 0.0000000000
100007  -23.044  2.449  -32.600 0.0000000000
97953  -22.350  0.563  -31.171 0.0000000000
98985  -23.409  1.257  -32.053 0.0000000000
97954  -23.264  0.657  -31.518 0.0000000000
97961  -24.106  0.371  -32.808 0.0000000000
96951  -23.712  0.117  -31.666 0.0000000000
93911  -19.492  -3.005  -32.743 0.0000000000
94883  -19.026  -2.226  -32.931 0.0000000000
95891  -19.628  -1.276  -32.027 0.0000000000
95878  -20.353  -0.868  -31.608 0.0000000000
95892  -20.442  -1.756  -31.816 0.0000000000
94867  -23.388  -2.014  -31.713 0.0000000000
95880  -22.186  -1.841  -31.465 0.0000000000
174690  -24.148  -1.504  -31.856 0.0000000000
96942  -24.289  -0.885  -31.998 0.0000000000
95883  -24.807  -1.438  -32.198 0.0000000000
94876  -25.421  -1.792  -32.539 0.0000000000
163340  -25.221  -2.163  -32.184 0.0000000000
92919  -25.529  -4.064  -32.003 0.0000000000
93904  -25.771  -3.386  -32.171 0.0000000000
92937  -26.237  -3.797  -32.402 0.0000000000
92949  -26.799  -4.145  -33.870 0.0000000000
92938  -26.702  -4.416  -32.947 0.0000000000
89805  -22.939  -6.086  -32.192 0.0000000000
90863  -23.884  -5.925  -31.928 0.0000000000
157113  -24.858  -6.194  -31.727 0.0000000000
89827  -26.550  -6.823  -32.308 0.0000000000
90866  -26.144  -6.126  -31.996 0.0000000000
89828  -27.132  -6.808  -32.989 0.0000000000
90888  -27.263  -6.244  -33.300 0.0000000000
89837  -27.384  -6.780  -33.770 0.0000000000
86604  -28.746  -8.898  -35.734 0.0000000000
86605  -29.564  -8.923  -36.701 0.0000000000
86619  -20.126  -9.551  -35.140 0.0000000000
85566  -22.708  -10.355  -33.137 0.0000000000
85565  -22.097  -10.074  -33.711 0.0000000000
86575  -24.133  -9.870  -32.690 0.0000000000
85552  -24.552  -10.709  -32.677 0.0000000000
83453  -23.250  -12.265  -32.848 0.0000000000
83454  -23.943  -12.223  -32.855 0.0000000000
83457  -26.004  -11.983  -33.180 0.0000000000
84519  -26.617  -11.176  -33.058 0.0000000000
84533  -27.712  -10.879  -33.734 0.0000000000
83472  -27.848  -11.400  -34.422 0.0000000000
84569  -29.115  -11.987  -37.347 0.0000000000
84559  -28.943  -11.370  -36.562 0.0000000000
84570  -29.822  -10.964  -37.118 0.0000000000
77089  -20.440  -17.699  -30.548 0.0000000000
77100  -20.322  -17.673  -31.394 0.0000000000
77101  -20.914  -17.190  -31.012 0.0000000000
77090  -21.176  -17.184  -30.131 0.0000000000
89846  -20.752  -7.084  -34.263 0.0000000000
88699  -20.862  -7.904  -34.356 0.0000000000
87651  -20.970  -8.693  -34.436 0.0000000000
80338  -21.723  -14.832  -32.087 0.0000000000
80339  -22.036  -14.204  -31.986 0.0000000000
80340  -22.563  -14.249  -31.560 0.0000000000
81315  -24.069  -13.748  -31.340 0.0000000000
158333  -24.631  -14.143  -30.940 0.0000000000
80326  -23.769  -14.354  -31.004 0.0000000000
80314  -24.124  -14.864  -30.559 0.0000000000
70125  -17.141  -22.981  -27.471 0.0000000000
72615  -17.492  -21.670  -28.912 0.0000000000
72604  -18.121  -20.817  -27.330 0.0000000000
78211  -19.263  -16.297  -34.666 0.0000000000
78210  -18.667  -16.499  -34.637 0.0000000000
78203  -18.499  -16.793  -33.916 0.0000000000
78192  -18.995  -16.775  -33.272 0.0000000000
106039  -16.804  7.928  -34.828 0.0000000000
147560  -18.869  5.543  -33.483 0.0000000000
103242  -19.516  5.406  -33.138 0.0000000000
103228  -19.831  4.943  -32.735 0.0000000000
102159  -19.359  4.274  -32.779 0.0000000000
100018  -19.295  1.970  -33.396 0.0000000000
98982  -19.920  1.673  -33.012 0.0000000000
161057  -20.258  1.555  -32.422 0.0000000000
98971  -22.268  1.881  -31.452 0.0000000000
175146  -21.083  1.144  -31.305 0.0000000000
97952  -21.256  0.462  -31.149 0.0000000000
164089  -21.947  -0.111  -31.074 0.0000000000
94875  -20.646  -2.704  -31.957 0.0000000000
160959  -21.246  -2.059  -31.699 0.0000000000
165788  -21.941  -3.205  -31.875 0.0000000000
155830  -23.931  -2.797  -31.868 0.0000000000
157525  -24.815  -2.742  -31.970 0.0000000000
93902  -24.326  -3.463  -31.878 0.0000000000
92918  -24.736  -3.943  -31.890 0.0000000000
91911  -24.718  -4.589  -31.860 0.0000000000
88667  -24.742  -7.475  -32.020 0.0000000000
89808  -25.166  -6.877  -31.780 0.0000000000
88668  -25.569  -7.550  -31.950 0.0000000000
88669  -26.328  -7.540  -32.079 0.0000000000
88682  -26.953  -7.486  -32.615 0.0000000000
86590  -28.304  -8.961  -34.408 0.0000000000
85568  -28.425  -9.679  -34.531 0.0000000000
148875  -20.861  -10.589  -34.501 0.0000000000
84544  -20.254  -11.063  -34.599 0.0000000000
85550  -22.715  -10.990  -32.953 0.0000000000
167638  -24.843  -12.766  -32.955 0.0000000000
83456  -25.251  -12.514  -33.162 0.0000000000
83470  -25.662  -12.861  -33.563 0.0000000000
83483  -26.959  -12.355  -34.654 0.0000000000
83484  -27.998  -11.849  -35.479 0.0000000000
153212  -27.088  -12.657  -35.852 0.0000000000
163563  -28.245  -12.618  -37.402 0.0000000000
83509  -29.034  -12.637  -37.869 0.0000000000
83506  -30.034  -11.924  -37.294 0.0000000000
82478  -29.017  -13.099  -38.027 0.0000000000
73904  -18.467  -20.708  -30.396 0.0000000000
73915  -18.531  -20.164  -30.882 0.0000000000
74966  -18.593  -19.495  -31.317 0.0000000000
74967  -19.208  -19.131  -31.226 0.0000000000
166368  -19.378  -18.657  -31.647 0.0000000000
76029  -19.971  -18.238  -30.075 0.0000000000
91931  -20.590  -4.757  -33.243 0.0000000000
91933  -21.643  -5.148  -32.501 0.0000000000
91909  -22.369  -5.015  -32.118 0.0000000000
151886  -22.270  -6.256  -32.571 0.0000000000
89825  -22.844  -6.815  -32.464 0.0000000000
89836  -21.773  -7.137  -33.374 0.0000000000
158662  -22.280  -6.959  -32.901 0.0000000000
89826  -23.323  -7.295  -32.396 0.0000000000
88681  -24.277  -8.054  -32.269 0.0000000000
87626  -24.583  -8.710  -32.314 0.0000000000
82439  -20.571  -13.226  -33.751 0.0000000000
83451  -21.572  -12.422  -32.949 0.0000000000
82440  -20.971  -12.804  -33.335 0.0000000000
82426  -22.921  -12.852  -32.638 0.0000000000
81325  -22.556  -13.522  -32.084 0.0000000000
82409  -23.402  -13.207  -32.177 0.0000000000
82429  -25.405  -13.021  -33.150 0.0000000000
81358  -25.785  -13.350  -33.584 0.0000000000
81370  -25.801  -13.512  -34.552 0.0000000000
81371  -26.199  -13.999  -34.997 0.0000000000
81359  -26.112  -13.673  -33.967 0.0000000000
81316  -25.506  -13.776  -31.237 0.0000000000
68972  -16.531  -23.716  -26.836 0.0000000000
173549  -17.532  -20.596  -30.623 0.0000000000
72625  -17.693  -21.398  -29.623 0.0000000000
72626  -18.348  -21.095  -29.749 0.0000000000
160930  -18.785  -20.666  -29.814 0.0000000000
73892  -19.015  -20.022  -29.279 0.0000000000
82448  -20.141  -13.317  -34.305 0.0000000000
81356  -20.407  -13.868  -33.868 0.0000000000
170565  -20.682  -14.233  -33.403 0.0000000000
80368  -20.708  -14.986  -33.187 0.0000000000
79301  -19.803  -16.147  -34.382 0.0000000000
79302  -20.191  -15.521  -33.771 0.0000000000
80355  -21.308  -14.920  -32.598 0.0000000000
79281  -21.450  -15.461  -32.198 0.0000000000
78178  -21.602  -15.851  -31.632 0.0000000000
107638  -17.646  9.077  -35.196 0.0000000000
106037  -16.845  7.219  -34.091 0.0000000000
105237  -17.633  7.178  -34.915 0.0000000000
105238  -18.559  7.263  -34.798 0.0000000000
105239  -19.558  7.385  -34.367 0.0000000000
106042  -20.911  8.210  -34.221 0.0000000000
104225  -21.740  6.198  -33.430 0.0000000000
103274  -23.254  5.316  -35.210 0.0000000000
103263  -23.078  5.116  -34.377 0.0000000000
102196  -23.145  4.383  -34.332 0.0000000000
155877  -23.514  3.912  -35.049 0.0000000000
102173  -18.873  3.637  -33.138 0.0000000000
102160  -20.146  4.275  -32.358 0.0000000000
163651  -20.038  2.883  -32.193 0.0000000000
151972  -20.460  3.540  -32.121 0.0000000000
102162  -21.994  3.959  -32.434 0.0000000000
102175  -23.051  3.593  -33.221 0.0000000000
101094  -23.537  3.059  -34.964 0.0000000000
150354  -23.393  2.442  -34.464 0.0000000000
98994  -23.395  1.426  -33.753 0.0000000000
98984  -22.943  1.925  -31.902 0.0000000000
95899  -18.902  -1.385  -33.246 0.0000000000
96949  -19.491  0.015  -32.878 0.0000000000
96950  -19.680  -0.410  -32.005 0.0000000000
96938  -21.156  -0.461  -31.180 0.0000000000
96939  -22.093  -0.874  -31.130 0.0000000000
95881  -23.034  -1.117  -31.322 0.0000000000
96941  -23.746  -0.560  -31.562 0.0000000000
163704  -24.703  -0.537  -32.755 0.0000000000
94869  -25.554  -2.802  -32.168 0.0000000000
93914  -26.098  -3.052  -32.513 0.0000000000
91957  -26.886  -4.864  -34.738 0.0000000000
91910  -23.905  -5.011  -31.938 0.0000000000
90864  -24.710  -5.380  -31.848 0.0000000000
91912  -25.522  -4.925  -31.920 0.0000000000
158331  -25.523  -6.379  -31.757 0.0000000000
151460  -26.625  -5.214  -32.664 0.0000000000
90897  -27.171  -5.539  -33.323 0.0000000000
88690  -27.966  -7.724  -34.684 0.0000000000
86602  -20.547  -9.097  -34.840 0.0000000000
87652  -21.482  -9.058  -34.064 0.0000000000
85581  -21.057  -10.058  -34.567 0.0000000000
85582  -21.567  -9.777  -34.176 0.0000000000
87639  -22.511  -8.993  -33.330 0.0000000000
159686  -23.004  -9.259  -33.048 0.0000000000
160048  -24.169  -9.147  -32.544 0.0000000000
86577  -25.640  -9.543  -32.371 0.0000000000
83469  -21.761  -11.618  -33.061 0.0000000000
84514  -22.361  -11.425  -32.953 0.0000000000
83455  -24.688  -12.149  -32.899 0.0000000000
84517  -25.023  -11.327  -32.787 0.0000000000
155021  -25.296  -10.701  -32.684 0.0000000000
85554  -25.863  -10.270  -32.601 0.0000000000
86578  -26.604  -9.648  -32.483 0.0000000000
85567  -27.960  -10.183  -33.547 0.0000000000
167263  -28.764  -10.151  -35.462 0.0000000000
84546  -28.519  -10.943  -35.413 0.0000000000
85583  -29.469  -9.672  -36.592 0.0000000000
77124  -18.410  -17.301  -33.130 0.0000000000
77125  -19.354  -17.155  -32.738 0.0000000000
76050  -19.807  -18.162  -31.843 0.0000000000
77112  -20.139  -17.404  -32.142 0.0000000000
78176  -20.675  -16.768  -32.201 0.0000000000
78177  -21.210  -16.591  -31.508 0.0000000000
78165  -21.898  -16.196  -31.045 0.0000000000
70115  -17.514  -23.066  -26.627 0.0000000000
71349  -18.184  -21.829  -26.496 0.0000000000
72616  -18.114  -21.350  -29.026 0.0000000000
73903  -17.732  -20.970  -30.309 0.0000000000
74954  -17.505  -20.054  -30.759 0.0000000000
77111  -19.476  -17.908  -32.322 0.0000000000
78209  -18.062  -16.530  -34.494 0.0000000000
79295  -20.981  -15.643  -32.745 0.0000000000
79311  -18.574  -15.907  -35.046 0.0000000000
80324  -22.122  -14.786  -31.618 0.0000000000
80382  -19.876  -15.209  -34.412 0.0000000000
80393  -26.258  -14.246  -36.905 0.0000000000
80416  -26.492  -14.186  -37.667 0.0000000000
80417  -27.314  -14.615  -37.964 0.0000000000
81397  -27.107  -14.090  -38.268 0.0000000000
81398  -28.503  -13.866  -38.293 0.0000000000
81400  -29.620  -13.098  -37.520 0.0000000000
82427  -23.671  -12.785  -32.706 0.0000000000
82441  -25.867  -13.305  -34.279 0.0000000000
82460  -25.940  -13.389  -35.963 0.0000000000
82469  -26.073  -13.735  -37.050 0.0000000000
82470  -26.465  -13.444  -37.612 0.0000000000
82471  -27.626  -13.100  -37.877 0.0000000000
82476  -27.146  -13.579  -38.223 0.0000000000
82479  -29.557  -12.463  -37.661 0.0000000000
83482  -26.159  -12.967  -34.591 0.0000000000
83504  -28.741  -12.616  -37.868 0.0000000000
84515  -22.960  -11.551  -32.887 0.0000000000
84516  -24.219  -11.481  -32.771 0.0000000000
84531  -22.053  -10.839  -33.279 0.0000000000
85555  -26.666  -10.491  -32.793 0.0000000000
85556  -27.466  -9.963  -32.885 0.0000000000
86574  -23.254  -9.853  -32.956 0.0000000000
86576  -24.818  -9.371  -32.424 0.0000000000
86587  -22.041  -9.395  -33.752 0.0000000000
86603  -21.069  -9.429  -34.514 0.0000000000
87611  -26.763  -8.061  -32.265 0.0000000000
87670  -19.981  -8.797  -35.237 0.0000000000
88666  -23.939  -7.376  -32.190 0.0000000000
88680  -23.526  -7.927  -32.497 0.0000000000
88689  -21.845  -7.892  -33.520 0.0000000000
89806  -23.528  -6.701  -32.106 0.0000000000
90884  -21.744  -5.722  -32.783 0.0000000000
90886  -26.127  -5.354  -32.088 0.0000000000
90896  -20.828  -5.313  -33.366 0.0000000000
91932  -21.045  -4.910  -32.913 0.0000000000
92914  -21.096  -3.997  -32.169 0.0000000000
93913  -20.593  -3.571  -32.282 0.0000000000
94865  -21.639  -2.640  -31.779 0.0000000000
96953  -24.657  -0.803  -32.343 0.0000000000
97960  -23.838  0.584  -32.165 0.0000000000
98970  -21.430  1.708  -31.401 0.0000000000
98983  -20.186  1.038  -32.517 0.0000000000
100004  -19.616  2.483  -32.652 0.0000000000
100006  -22.429  2.586  -31.905 0.0000000000
101058  -22.164  3.303  -32.170 0.0000000000
101075  -23.223  2.978  -33.949 0.0000000000
102174  -22.654  4.291  -33.019 0.0000000000
104212  -21.092  5.672  -33.103 0.0000000000
104244  -22.939  5.862  -34.550 0.0000000000
105227  -21.091  6.871  -33.618 0.0000000000
146666  -23.066  -5.352  -32.143 0.0000000000
158885  -23.206  3.678  -34.202 0.0000000000
159438  -25.391  -11.833  -32.937 0.0000000000
160847  -23.569  -9.209  -32.779 0.0000000000
162840  -23.404  4.624  -35.113 0.0000000000
166411  -23.132  -2.932  -31.818 0.0000000000
167643  -26.424  -5.669  -32.315 0.0000000000
167701  -20.039  -3.069  -32.334 0.0000000000
170946  -21.871  1.194  -31.244 0.0000000000
172546  -26.948  -4.987  -33.114 0.0000000000
173466  -27.750  -13.857  -38.437 0.0000000000
174051  -25.907  -13.357  -35.758 0.0000000000
