#!ascii label  , from subject sub-v2s1x29883_ses-1 vox2ras=TkReg
823
143696  -29.358  -22.181  59.473 0.0000000000
161609  -47.247  -12.205  52.846 0.0000000000
88243  -45.304  -6.311  45.776 0.0000000000
89469  -51.273  -5.179  38.914 0.0000000000
163581  -46.501  -17.358  53.712 0.0000000000
89403  -48.488  -4.201  43.432 0.0000000000
89556  -52.835  -5.231  31.846 0.0000000000
145158  -59.520  -1.856  33.888 0.0000000000
174520  -50.134  -11.176  52.248 0.0000000000
87107  -48.074  -5.900  50.673 0.0000000000
84946  -45.829  -8.666  49.613 0.0000000000
143824  -32.373  -18.640  61.348 0.0000000000
68158  -34.496  -22.672  57.770 0.0000000000
66010  -38.580  -23.648  56.125 0.0000000000
174495  -41.427  -25.006  55.755 0.0000000000
66042  -45.957  -24.591  55.495 0.0000000000
143449  -48.667  -20.143  54.811 0.0000000000
76229  -49.434  -15.703  53.142 0.0000000000
159961  -49.158  -4.401  47.271 0.0000000000
92896  -61.874  -2.023  31.787 0.0000000000
173542  -47.392  -11.674  54.146 0.0000000000
84896  -47.073  -8.909  53.368 0.0000000000
82687  -46.963  -10.228  51.581 0.0000000000
71841  -31.492  -19.139  57.694 0.0000000000
69251  -33.486  -20.421  59.436 0.0000000000
68189  -45.727  -22.297  53.482 0.0000000000
149083  -48.007  -22.824  55.221 0.0000000000
144319  -46.934  -20.303  53.758 0.0000000000
78334  -47.384  -14.465  53.082 0.0000000000
75098  -46.168  -16.398  55.556 0.0000000000
79359  -46.839  -13.691  55.103 0.0000000000
173054  -50.337  -13.853  52.961 0.0000000000
168975  -46.551  -4.561  49.364 0.0000000000
146763  -47.674  -5.114  48.158 0.0000000000
90480  -46.777  -3.968  46.616 0.0000000000
89438  -50.564  -4.423  41.372 0.0000000000
169447  -51.605  -3.028  44.781 0.0000000000
91683  -53.775  -3.088  42.050 0.0000000000
89471  -53.451  -4.445  38.864 0.0000000000
89526  -53.297  -4.405  35.600 0.0000000000
88388  -52.153  -5.868  34.025 0.0000000000
143032  -46.146  -19.183  52.312 0.0000000000
87256  -48.784  -6.497  38.293 0.0000000000
156964  -55.068  -2.783  33.533 0.0000000000
91774  -57.966  -3.084  37.325 0.0000000000
90705  -61.517  -4.170  29.916 0.0000000000
81597  -52.554  -10.482  49.968 0.0000000000
86018  -50.130  -7.498  51.603 0.0000000000
87086  -46.680  -6.105  51.385 0.0000000000
167838  -30.671  -20.835  60.858 0.0000000000
64794  -34.790  -25.504  57.917 0.0000000000
67084  -35.911  -23.667  56.952 0.0000000000
63668  -36.375  -26.045  57.081 0.0000000000
144616  -37.949  -27.125  56.924 0.0000000000
61490  -40.374  -27.568  55.429 0.0000000000
62646  -42.513  -26.996  54.970 0.0000000000
142945  -42.723  -23.582  57.095 0.0000000000
64844  -47.862  -25.671  55.102 0.0000000000
143018  -46.337  -17.981  54.589 0.0000000000
143676  -48.451  -18.000  54.100 0.0000000000
74082  -50.799  -17.606  52.220 0.0000000000
76236  -51.203  -15.556  51.413 0.0000000000
79404  -52.635  -13.155  50.761 0.0000000000
91627  -48.590  -1.490  46.594 0.0000000000
86197  -50.867  -6.980  34.543 0.0000000000
169785  -51.236  -5.934  36.544 0.0000000000
67055  -29.068  -22.019  60.429 0.0000000000
80447  -46.891  -11.788  54.040 0.0000000000
81563  -46.583  -10.628  53.888 0.0000000000
80456  -47.349  -11.697  51.913 0.0000000000
69291  -45.549  -21.593  52.986 0.0000000000
164615  -46.483  -21.068  53.603 0.0000000000
143838  -46.038  -20.409  53.218 0.0000000000
78348  -47.451  -13.589  52.735 0.0000000000
78318  -46.639  -14.084  55.130 0.0000000000
79373  -47.126  -13.248  54.724 0.0000000000
151095  -48.007  -12.582  54.286 0.0000000000
163196  -46.736  -4.664  48.327 0.0000000000
88224  -46.077  -5.094  46.663 0.0000000000
145408  -50.758  -4.832  40.256 0.0000000000
90553  -51.995  -4.252  41.817 0.0000000000
90572  -52.347  -4.313  41.007 0.0000000000
90574  -54.250  -3.184  40.297 0.0000000000
169471  -52.663  -4.558  39.075 0.0000000000
152503  -53.765  -4.545  36.431 0.0000000000
88390  -53.097  -5.536  34.861 0.0000000000
88398  -53.635  -6.075  34.332 0.0000000000
91809  -56.128  -2.781  32.095 0.0000000000
92870  -56.999  -2.319  33.936 0.0000000000
92856  -56.094  -2.312  36.067 0.0000000000
92858  -58.594  -2.160  36.004 0.0000000000
90634  -59.109  -3.123  35.621 0.0000000000
92872  -59.795  -2.217  34.527 0.0000000000
91822  -62.617  -3.120  30.919 0.0000000000
82674  -51.606  -10.235  50.902 0.0000000000
83797  -51.198  -9.077  50.742 0.0000000000
83786  -49.950  -9.447  51.967 0.0000000000
83784  -46.615  -8.765  52.197 0.0000000000
84922  -47.088  -7.740  52.345 0.0000000000
86030  -46.319  -7.543  50.319 0.0000000000
87106  -45.874  -6.750  49.530 0.0000000000
86038  -44.904  -7.252  49.201 0.0000000000
148701  -31.596  -20.879  60.711 0.0000000000
171141  -33.064  -19.998  60.908 0.0000000000
68157  -34.249  -22.240  58.810 0.0000000000
67096  -38.736  -21.960  56.596 0.0000000000
66008  -36.664  -23.728  56.549 0.0000000000
66000  -36.038  -24.598  57.160 0.0000000000
64814  -37.575  -25.242  56.526 0.0000000000
63681  -37.211  -26.531  56.903 0.0000000000
165869  -37.965  -26.247  56.609 0.0000000000
62627  -41.048  -25.956  55.879 0.0000000000
61504  -41.190  -27.349  55.095 0.0000000000
63718  -41.742  -24.993  56.997 0.0000000000
66057  -44.719  -23.748  54.289 0.0000000000
66040  -44.033  -24.362  54.396 0.0000000000
66041  -44.535  -24.192  55.455 0.0000000000
64830  -43.943  -25.699  56.564 0.0000000000
64832  -45.366  -25.949  56.021 0.0000000000
63721  -46.631  -26.269  55.554 0.0000000000
66043  -46.608  -25.501  55.582 0.0000000000
68174  -48.382  -21.981  55.308 0.0000000000
66027  -49.213  -23.808  55.478 0.0000000000
143500  -49.481  -21.668  55.011 0.0000000000
163133  -50.415  -20.813  54.140 0.0000000000
144032  -46.400  -18.768  53.360 0.0000000000
143489  -46.191  -17.754  54.384 0.0000000000
76215  -47.783  -15.739  55.270 0.0000000000
74074  -47.679  -17.211  54.645 0.0000000000
74080  -48.974  -17.126  53.506 0.0000000000
150212  -50.296  -18.197  52.828 0.0000000000
75112  -50.305  -16.642  52.309 0.0000000000
76230  -50.164  -15.240  52.701 0.0000000000
80450  -50.549  -12.526  52.403 0.0000000000
79395  -51.284  -13.786  51.929 0.0000000000
153079  -51.594  -11.789  51.584 0.0000000000
80467  -52.702  -12.168  50.630 0.0000000000
142980  -30.916  -19.090  59.358 0.0000000000
166898  -30.890  -18.326  62.346 0.0000000000
143837  -30.449  -19.068  62.872 0.0000000000
84938  -49.666  -7.786  50.115 0.0000000000
86040  -48.095  -7.467  49.208 0.0000000000
88225  -47.468  -4.729  47.641 0.0000000000
89402  -47.768  -4.479  43.728 0.0000000000
90505  -47.556  -3.531  44.969 0.0000000000
90506  -48.473  -3.262  45.030 0.0000000000
91644  -53.970  -2.529  45.059 0.0000000000
91617  -52.382  -3.364  45.907 0.0000000000
87299  -51.919  -6.060  34.823 0.0000000000
87298  -51.346  -6.559  34.228 0.0000000000
153330  -51.210  -6.385  34.906 0.0000000000
87286  -51.053  -6.284  35.538 0.0000000000
87275  -51.593  -5.968  36.042 0.0000000000
88360  -52.749  -5.835  36.793 0.0000000000
92905  -59.388  -1.873  31.599 0.0000000000
92895  -61.228  -1.553  33.161 0.0000000000
92916  -60.553  -1.836  30.393 0.0000000000
93995  -62.189  -1.078  29.530 0.0000000000
155138  -49.356  -11.247  52.746 0.0000000000
83775  -48.255  -9.639  53.020 0.0000000000
82653  -46.798  -10.235  54.144 0.0000000000
82670  -46.580  -9.324  52.926 0.0000000000
164585  -46.639  -9.352  50.948 0.0000000000
142989  -31.985  -18.784  60.322 0.0000000000
163607  -32.612  -19.139  60.699 0.0000000000
69265  -33.901  -20.281  56.445 0.0000000000
67129  -45.884  -22.858  54.100 0.0000000000
145804  -46.909  -24.398  55.301 0.0000000000
68190  -46.348  -22.360  54.075 0.0000000000
68181  -47.711  -21.742  54.645 0.0000000000
163410  -48.161  -20.340  54.735 0.0000000000
76227  -47.042  -15.856  53.550 0.0000000000
146637  -46.158  -16.586  54.468 0.0000000000
76214  -46.187  -15.802  54.942 0.0000000000
76200  -46.644  -15.170  55.804 0.0000000000
77313  -48.879  -14.762  54.725 0.0000000000
77314  -49.653  -14.775  53.932 0.0000000000
79375  -48.468  -13.336  54.360 0.0000000000
79387  -49.102  -12.699  53.549 0.0000000000
142982  -30.997  -19.230  58.187 0.0000000000
143091  -47.492  -3.866  50.503 0.0000000000
162942  -47.933  -5.013  49.916 0.0000000000
143397  -47.952  -3.042  49.571 0.0000000000
143444  -47.723  -3.836  48.376 0.0000000000
144548  -47.422  -4.117  47.991 0.0000000000
89422  -49.591  -4.385  42.344 0.0000000000
149579  -49.658  -3.589  43.946 0.0000000000
90519  -50.935  -3.792  43.305 0.0000000000
91657  -52.680  -3.592  43.724 0.0000000000
89542  -53.018  -4.802  33.590 0.0000000000
89549  -52.763  -5.208  32.902 0.0000000000
89524  -52.808  -5.283  34.109 0.0000000000
88389  -52.749  -5.695  34.573 0.0000000000
79402  -47.789  -12.597  51.407 0.0000000000
78349  -48.067  -14.250  51.872 0.0000000000
88271  -45.950  -6.008  45.340 0.0000000000
89435  -48.541  -5.417  41.730 0.0000000000
88322  -48.800  -5.821  40.584 0.0000000000
88329  -49.403  -5.606  39.983 0.0000000000
88338  -49.981  -5.619  38.772 0.0000000000
90671  -54.081  -4.206  32.350 0.0000000000
91772  -54.090  -3.116  35.733 0.0000000000
89495  -54.049  -3.636  36.716 0.0000000000
89506  -55.584  -4.656  35.606 0.0000000000
91811  -61.619  -2.489  33.003 0.0000000000
90684  -61.462  -3.478  31.775 0.0000000000
174789  -51.411  -9.900  49.877 0.0000000000
84940  -50.760  -8.282  50.644 0.0000000000
86024  -49.524  -6.814  51.453 0.0000000000
84910  -48.568  -8.101  52.631 0.0000000000
86016  -48.567  -6.613  52.382 0.0000000000
87096  -47.968  -5.914  51.321 0.0000000000
143694  -46.427  -5.812  50.342 0.0000000000
88184  -45.216  -6.411  48.985 0.0000000000
81596  -47.276  -11.292  50.120 0.0000000000
82707  -46.438  -10.349  49.138 0.0000000000
83817  -45.339  -8.806  48.109 0.0000000000
163469  -30.032  -21.653  59.841 0.0000000000
142969  -30.566  -21.651  59.474 0.0000000000
63665  -34.517  -25.869  57.833 0.0000000000
70571  -34.905  -19.378  56.041 0.0000000000
68164  -34.852  -22.078  56.691 0.0000000000
68159  -35.031  -22.905  57.178 0.0000000000
64803  -35.416  -25.459  57.631 0.0000000000
62610  -38.509  -27.950  55.819 0.0000000000
61501  -39.288  -27.913  55.469 0.0000000000
64859  -41.857  -24.904  54.658 0.0000000000
64860  -42.599  -24.853  54.494 0.0000000000
63735  -41.863  -23.887  56.404 0.0000000000
144440  -42.919  -25.208  57.336 0.0000000000
167681  -43.856  -26.120  56.117 0.0000000000
66044  -48.036  -24.736  55.505 0.0000000000
143026  -46.101  -19.451  52.824 0.0000000000
145239  -46.860  -19.299  53.817 0.0000000000
163103  -48.005  -19.629  54.495 0.0000000000
163649  -46.021  -16.902  55.304 0.0000000000
143009  -47.427  -18.183  54.522 0.0000000000
163044  -48.630  -19.532  54.565 0.0000000000
144278  -50.047  -19.160  53.733 0.0000000000
143035  -51.276  -19.328  52.733 0.0000000000
160139  -52.245  -15.676  50.431 0.0000000000
160413  -50.621  -14.756  52.581 0.0000000000
78365  -51.810  -14.503  51.096 0.0000000000
77369  -52.811  -14.703  50.068 0.0000000000
78383  -53.487  -13.526  49.091 0.0000000000
142966  -30.634  -19.640  62.743 0.0000000000
166490  -46.538  -4.024  45.899 0.0000000000
91625  -47.216  -2.642  47.751 0.0000000000
143099  -48.674  -2.569  48.649 0.0000000000
91641  -50.126  -2.351  45.333 0.0000000000
91604  -49.977  -2.592  47.292 0.0000000000
89350  -50.159  -4.290  47.034 0.0000000000
87263  -49.144  -6.739  37.545 0.0000000000
154112  -50.102  -5.798  37.995 0.0000000000
88396  -51.910  -6.208  33.128 0.0000000000
87317  -51.294  -6.972  33.584 0.0000000000
87285  -50.351  -6.664  35.759 0.0000000000
87265  -50.595  -5.977  36.781 0.0000000000
173809  -51.432  -5.419  38.266 0.0000000000
88344  -52.805  -5.148  37.723 0.0000000000
145248  -28.842  -22.897  59.574 0.0000000000
155255  -46.936  -11.381  53.427 0.0000000000
68208  -45.035  -21.506  52.321 0.0000000000
69302  -45.469  -20.747  52.633 0.0000000000
70614  -45.403  -20.176  52.042 0.0000000000
79394  -47.449  -12.929  52.410 0.0000000000
79386  -47.161  -12.771  53.735 0.0000000000
80437  -47.282  -12.294  54.232 0.0000000000
88223  -45.557  -5.981  46.606 0.0000000000
88213  -45.800  -5.555  47.240 0.0000000000
88244  -45.987  -5.467  46.099 0.0000000000
89468  -50.598  -5.084  39.575 0.0000000000
89455  -51.641  -4.595  40.405 0.0000000000
89461  -51.398  -4.869  39.652 0.0000000000
89462  -52.275  -4.578  39.566 0.0000000000
89470  -52.131  -4.802  39.014 0.0000000000
161058  -54.004  -5.195  35.065 0.0000000000
158905  -53.496  -5.532  34.717 0.0000000000
165022  -58.521  -1.888  33.140 0.0000000000
145174  -58.342  -1.902  33.989 0.0000000000
146607  -57.990  -1.814  35.094 0.0000000000
92871  -58.994  -2.061  34.843 0.0000000000
92859  -59.230  -2.455  35.546 0.0000000000
165740  -50.608  -10.707  51.821 0.0000000000
82673  -51.083  -10.076  51.292 0.0000000000
82672  -50.511  -9.977  51.737 0.0000000000
155674  -46.227  -8.436  50.260 0.0000000000
84931  -46.475  -8.233  51.197 0.0000000000
84937  -45.671  -7.733  49.580 0.0000000000
164771  -45.354  -8.091  49.208 0.0000000000
174240  -31.598  -18.403  62.083 0.0000000000
67095  -37.536  -22.560  56.081 0.0000000000
66009  -37.553  -23.724  56.270 0.0000000000
64815  -38.753  -24.884  56.206 0.0000000000
63698  -41.072  -25.167  56.050 0.0000000000
63717  -41.428  -25.217  56.049 0.0000000000
66058  -45.233  -23.828  55.173 0.0000000000
66025  -45.196  -24.998  55.710 0.0000000000
66026  -45.901  -25.621  55.841 0.0000000000
63702  -46.236  -26.119  55.844 0.0000000000
170262  -48.585  -20.681  55.084 0.0000000000
163045  -48.801  -21.348  55.201 0.0000000000
143010  -49.352  -20.819  54.925 0.0000000000
163701  -50.217  -21.686  54.469 0.0000000000
162878  -46.635  -18.037  53.082 0.0000000000
76216  -48.926  -15.519  54.241 0.0000000000
75104  -48.549  -16.365  53.945 0.0000000000
75111  -49.549  -16.469  52.929 0.0000000000
159387  -50.049  -15.925  52.557 0.0000000000
80449  -49.999  -11.817  52.550 0.0000000000
80457  -51.164  -12.387  51.900 0.0000000000
81566  -50.778  -11.616  51.985 0.0000000000
145296  -31.531  -18.237  61.228 0.0000000000
142976  -30.568  -18.555  61.024 0.0000000000
86032  -49.251  -7.074  50.587 0.0000000000
86041  -48.727  -7.709  49.650 0.0000000000
86031  -48.429  -6.842  50.115 0.0000000000
158912  -48.533  -4.164  47.782 0.0000000000
88226  -48.423  -5.091  46.708 0.0000000000
152828  -48.135  -4.793  43.019 0.0000000000
90516  -48.033  -3.833  44.196 0.0000000000
90517  -48.903  -3.691  44.020 0.0000000000
88409  -52.429  -5.662  32.263 0.0000000000
87287  -51.964  -6.012  35.432 0.0000000000
81565  -48.310  -11.411  53.520 0.0000000000
82663  -48.535  -10.550  53.084 0.0000000000
81564  -47.236  -10.922  54.029 0.0000000000
82671  -46.620  -10.005  52.880 0.0000000000
82661  -46.623  -9.884  53.709 0.0000000000
82686  -46.678  -9.459  51.789 0.0000000000
160673  -46.723  -9.731  50.817 0.0000000000
71834  -31.905  -18.954  58.981 0.0000000000
70562  -33.065  -19.776  56.829 0.0000000000
68199  -45.086  -22.332  52.901 0.0000000000
149669  -45.410  -22.799  53.560 0.0000000000
67128  -45.343  -23.264  54.199 0.0000000000
67115  -46.670  -23.140  54.680 0.0000000000
143002  -46.854  -21.761  54.062 0.0000000000
143012  -47.182  -21.115  54.091 0.0000000000
143008  -47.693  -20.700  54.515 0.0000000000
77325  -47.529  -15.264  52.970 0.0000000000
77324  -46.922  -15.120  54.012 0.0000000000
77305  -46.528  -14.848  55.513 0.0000000000
78305  -46.633  -14.280  55.380 0.0000000000
77306  -47.860  -14.770  55.416 0.0000000000
78312  -47.216  -14.104  55.333 0.0000000000
78313  -48.314  -14.145  54.897 0.0000000000
79360  -47.520  -13.595  54.973 0.0000000000
80438  -47.296  -12.208  54.272 0.0000000000
80439  -48.220  -12.069  53.854 0.0000000000
80448  -49.178  -11.938  53.138 0.0000000000
142984  -31.655  -18.646  59.467 0.0000000000
163026  -47.064  -3.454  50.067 0.0000000000
143095  -47.897  -3.265  49.917 0.0000000000
143588  -47.078  -2.777  49.579 0.0000000000
89349  -46.481  -4.514  46.766 0.0000000000
143474  -47.040  -4.091  48.710 0.0000000000
143100  -47.132  -4.365  47.640 0.0000000000
149336  -47.320  -3.494  47.457 0.0000000000
162165  -49.757  -4.754  41.514 0.0000000000
90535  -50.220  -4.011  42.801 0.0000000000
89437  -50.333  -4.244  42.046 0.0000000000
90554  -53.019  -3.910  41.598 0.0000000000
90538  -52.588  -3.950  42.565 0.0000000000
91669  -53.448  -3.227  42.997 0.0000000000
91658  -53.922  -3.168  44.076 0.0000000000
91684  -54.573  -2.599  41.554 0.0000000000
90645  -53.173  -4.615  34.575 0.0000000000
89525  -52.985  -4.981  34.539 0.0000000000
87319  -52.423  -5.906  34.730 0.0000000000
154442  -47.986  -13.454  51.579 0.0000000000
89451  -48.385  -5.829  41.240 0.0000000000
174164  -48.826  -6.142  38.908 0.0000000000
88337  -49.386  -5.855  39.238 0.0000000000
88342  -49.409  -6.021  38.519 0.0000000000
147432  -55.599  -2.695  32.720 0.0000000000
90672  -54.829  -3.622  31.938 0.0000000000
91799  -54.940  -3.148  32.887 0.0000000000
90661  -54.160  -3.736  33.217 0.0000000000
91787  -54.851  -2.666  34.564 0.0000000000
91741  -56.365  -2.206  38.254 0.0000000000
92838  -55.303  -2.480  37.154 0.0000000000
91755  -55.900  -2.584  38.347 0.0000000000
90630  -54.648  -4.204  36.428 0.0000000000
90631  -56.004  -3.890  36.109 0.0000000000
89507  -56.610  -4.538  35.184 0.0000000000
90632  -57.236  -3.795  36.048 0.0000000000
90649  -60.130  -3.061  34.284 0.0000000000
145832  -61.467  -1.624  32.113 0.0000000000
92887  -61.375  -1.880  33.463 0.0000000000
155609  -61.474  -1.914  32.769 0.0000000000
90697  -62.317  -3.610  30.582 0.0000000000
90685  -62.189  -3.303  31.450 0.0000000000
81612  -53.514  -11.103  49.263 0.0000000000
81611  -52.444  -11.040  49.106 0.0000000000
82700  -52.026  -9.955  50.169 0.0000000000
84925  -50.831  -8.436  51.084 0.0000000000
83804  -51.165  -8.809  50.545 0.0000000000
173615  -50.526  -7.864  51.430 0.0000000000
86033  -50.095  -7.290  50.959 0.0000000000
86025  -50.062  -7.154  51.430 0.0000000000
158478  -47.972  -8.775  53.103 0.0000000000
86014  -46.796  -6.964  51.767 0.0000000000
85999  -47.855  -7.481  52.531 0.0000000000
86015  -47.676  -6.839  52.068 0.0000000000
87088  -48.239  -6.331  51.904 0.0000000000
87087  -47.273  -6.007  51.512 0.0000000000
143096  -46.732  -5.215  51.134 0.0000000000
143089  -46.542  -6.022  51.130 0.0000000000
87133  -44.797  -6.780  48.800 0.0000000000
142977  -32.833  -20.870  60.417 0.0000000000
70552  -32.994  -19.696  60.258 0.0000000000
157989  -33.310  -20.653  60.264 0.0000000000
64792  -33.762  -24.954  57.954 0.0000000000
64802  -34.166  -25.612  57.909 0.0000000000
63657  -34.551  -25.794  57.810 0.0000000000
69266  -34.875  -20.822  56.078 0.0000000000
67093  -35.654  -22.898  56.685 0.0000000000
67083  -35.214  -23.672  57.415 0.0000000000
64804  -36.031  -25.514  57.276 0.0000000000
63667  -35.750  -26.236  57.537 0.0000000000
172641  -35.728  -26.233  57.599 0.0000000000
154476  -36.015  -26.284  57.343 0.0000000000
145114  -36.065  -26.110  56.157 0.0000000000
62598  -37.500  -26.567  56.839 0.0000000000
62609  -37.877  -27.525  56.756 0.0000000000
63696  -37.478  -26.415  55.881 0.0000000000
61479  -40.092  -27.488  55.916 0.0000000000
62611  -39.895  -26.558  56.106 0.0000000000
61489  -39.600  -28.097  55.673 0.0000000000
61502  -40.077  -27.655  55.179 0.0000000000
61503  -40.753  -27.697  55.047 0.0000000000
62628  -41.564  -26.385  55.815 0.0000000000
62645  -41.622  -27.227  54.529 0.0000000000
143885  -43.524  -23.856  56.262 0.0000000000
64861  -43.114  -23.950  55.908 0.0000000000
63736  -42.261  -23.699  56.681 0.0000000000
142944  -42.036  -23.936  57.438 0.0000000000
142946  -42.805  -24.490  57.516 0.0000000000
63700  -44.819  -25.779  56.078 0.0000000000
63699  -43.938  -25.797  56.621 0.0000000000
62614  -44.491  -25.935  55.853 0.0000000000
62631  -44.098  -26.378  55.012 0.0000000000
63740  -47.379  -26.262  55.046 0.0000000000
63739  -46.623  -26.221  54.588 0.0000000000
63763  -47.185  -25.884  53.869 0.0000000000
67116  -47.589  -23.671  55.090 0.0000000000
67117  -48.421  -23.787  55.722 0.0000000000
143027  -46.326  -18.036  54.414 0.0000000000
145833  -46.568  -18.576  54.000 0.0000000000
144472  -47.112  -18.709  54.294 0.0000000000
75102  -46.017  -16.522  55.384 0.0000000000
171034  -47.477  -17.748  54.624 0.0000000000
156914  -48.537  -18.834  54.358 0.0000000000
143011  -49.422  -19.321  54.328 0.0000000000
148774  -49.395  -18.703  53.938 0.0000000000
143006  -50.536  -18.938  53.034 0.0000000000
143007  -51.015  -18.596  52.455 0.0000000000
75123  -51.340  -16.458  51.466 0.0000000000
76237  -51.831  -15.636  50.857 0.0000000000
78335  -50.197  -14.432  53.370 0.0000000000
77326  -50.123  -14.839  53.257 0.0000000000
78336  -50.782  -14.212  52.574 0.0000000000
79396  -51.898  -13.685  51.350 0.0000000000
78351  -51.446  -14.379  51.612 0.0000000000
78366  -52.264  -14.051  50.877 0.0000000000
77354  -52.310  -14.831  50.553 0.0000000000
78372  -52.812  -13.917  50.395 0.0000000000
77370  -53.172  -14.383  49.591 0.0000000000
78373  -53.266  -13.691  49.824 0.0000000000
81598  -53.213  -10.754  49.671 0.0000000000
80477  -53.730  -11.747  49.206 0.0000000000
154161  -53.637  -11.154  49.161 0.0000000000
142965  -29.892  -20.983  61.449 0.0000000000
143093  -48.116  -4.579  48.954 0.0000000000
144555  -47.599  -6.057  48.985 0.0000000000
151648  -47.537  -5.678  48.370 0.0000000000
89384  -46.523  -5.560  44.639 0.0000000000
151921  -46.325  -4.957  45.592 0.0000000000
90492  -47.456  -2.998  46.083 0.0000000000
91626  -47.646  -1.951  47.229 0.0000000000
144051  -47.453  -1.917  48.513 0.0000000000
92724  -47.946  -1.657  48.547 0.0000000000
91655  -50.924  -3.295  44.124 0.0000000000
91654  -50.239  -3.143  44.400 0.0000000000
91642  -50.885  -2.642  45.031 0.0000000000
91615  -50.494  -2.532  46.592 0.0000000000
90470  -50.577  -3.255  46.808 0.0000000000
90469  -49.701  -2.958  47.693 0.0000000000
89351  -50.898  -4.083  46.472 0.0000000000
87264  -49.889  -6.202  37.243 0.0000000000
88397  -52.385  -5.629  33.371 0.0000000000
86208  -50.843  -7.250  33.931 0.0000000000
86187  -50.639  -6.929  35.114 0.0000000000
87274  -50.784  -6.162  36.156 0.0000000000
88352  -51.353  -5.782  37.173 0.0000000000
88343  -50.984  -5.644  37.842 0.0000000000
146927  -51.912  -5.462  37.732 0.0000000000
88353  -52.326  -5.623  37.224 0.0000000000
147990  -46.878  -11.539  54.144 0.0000000000
81554  -46.623  -10.775  54.080 0.0000000000
154080  -46.648  -11.217  54.033 0.0000000000
81575  -47.026  -10.839  52.431 0.0000000000
153282  -46.121  -21.697  53.541 0.0000000000
69292  -45.855  -21.064  53.221 0.0000000000
153775  -46.959  -14.440  54.261 0.0000000000
78333  -47.169  -13.757  53.819 0.0000000000
79374  -47.233  -12.965  54.585 0.0000000000
88199  -45.856  -5.631  48.620 0.0000000000
144396  -46.608  -4.675  48.895 0.0000000000
89319  -46.132  -5.245  47.960 0.0000000000
89337  -46.354  -4.909  47.292 0.0000000000
89453  -50.238  -4.802  40.816 0.0000000000
90552  -51.106  -4.263  41.905 0.0000000000
89454  -51.354  -4.395  41.227 0.0000000000
90555  -54.110  -2.868  41.029 0.0000000000
90573  -53.383  -3.774  40.643 0.0000000000
90589  -53.686  -3.724  39.759 0.0000000000
89463  -53.189  -4.230  39.208 0.0000000000
144726  -53.201  -5.027  35.034 0.0000000000
91800  -56.476  -2.629  32.801 0.0000000000
91788  -55.747  -2.559  33.584 0.0000000000
92869  -55.907  -2.490  34.741 0.0000000000
149696  -56.949  -2.067  35.200 0.0000000000
92857  -57.386  -2.140  36.465 0.0000000000
91757  -58.111  -2.639  37.411 0.0000000000
91775  -58.728  -2.884  36.737 0.0000000000
91776  -59.210  -2.665  36.079 0.0000000000
91789  -59.591  -2.671  34.887 0.0000000000
91790  -60.562  -2.323  34.110 0.0000000000
92906  -62.312  -1.769  31.112 0.0000000000
164759  -62.333  -2.228  31.480 0.0000000000
91831  -62.997  -2.884  30.502 0.0000000000
91830  -62.996  -3.430  30.216 0.0000000000
89575  -61.557  -4.401  29.076 0.0000000000
81586  -52.587  -10.597  50.148 0.0000000000
82689  -52.097  -9.974  50.373 0.0000000000
82688  -51.447  -9.557  50.738 0.0000000000
83787  -50.893  -9.212  51.357 0.0000000000
84924  -50.204  -8.363  51.731 0.0000000000
164788  -46.595  -8.857  52.944 0.0000000000
84908  -47.061  -8.275  53.037 0.0000000000
84921  -46.695  -7.949  52.028 0.0000000000
152775  -46.495  -7.466  51.413 0.0000000000
86023  -46.467  -6.747  51.154 0.0000000000
163475  -46.349  -6.719  50.202 0.0000000000
86029  -45.501  -7.108  49.547 0.0000000000
86046  -44.635  -7.251  48.483 0.0000000000
163418  -31.408  -19.794  62.058 0.0000000000
143658  -32.292  -19.322  61.561 0.0000000000
65990  -34.701  -24.505  58.065 0.0000000000
64813  -36.667  -24.882  56.915 0.0000000000
62612  -40.537  -26.373  55.824 0.0000000000
61491  -41.004  -27.094  55.528 0.0000000000
62629  -42.399  -25.729  56.624 0.0000000000
163376  -43.699  -24.757  57.018 0.0000000000
63701  -45.776  -26.097  56.005 0.0000000000
64843  -47.026  -26.083  55.395 0.0000000000
67104  -48.692  -22.943  55.572 0.0000000000
164844  -49.936  -23.028  55.095 0.0000000000
162820  -51.079  -21.803  53.843 0.0000000000
144166  -46.440  -18.586  52.604 0.0000000000
163648  -46.409  -18.285  53.687 0.0000000000
143950  -46.079  -17.509  54.900 0.0000000000
151726  -46.684  -15.846  55.702 0.0000000000
173969  -46.265  -16.877  55.394 0.0000000000
75103  -47.098  -16.478  55.347 0.0000000000
143005  -49.545  -17.977  53.406 0.0000000000
74081  -49.917  -17.300  52.782 0.0000000000
76231  -50.620  -15.922  51.968 0.0000000000
160263  -50.686  -15.192  52.054 0.0000000000
165330  -50.033  -13.094  52.913 0.0000000000
79388  -50.740  -13.431  52.473 0.0000000000
154105  -51.108  -13.033  52.018 0.0000000000
173665  -52.274  -12.837  51.228 0.0000000000
161052  -52.199  -12.035  51.125 0.0000000000
81577  -52.008  -10.964  50.843 0.0000000000
144293  -31.148  -18.841  62.640 0.0000000000
143097  -47.452  -5.485  47.574 0.0000000000
87145  -47.432  -6.222  47.741 0.0000000000
87155  -47.967  -5.803  46.958 0.0000000000
155161  -47.127  -4.884  44.134 0.0000000000
89363  -46.736  -4.465  45.044 0.0000000000
89385  -47.350  -4.131  44.550 0.0000000000
169789  -48.244  -2.492  45.941 0.0000000000
91643  -52.340  -3.187  45.422 0.0000000000
154147  -51.417  -2.876  45.548 0.0000000000
87318  -51.673  -6.396  33.695 0.0000000000
160090  -51.858  -6.117  34.273 0.0000000000
88359  -51.965  -5.830  36.609 0.0000000000
92894  -59.202  -1.832  32.630 0.0000000000
164379  -60.527  -1.701  33.535 0.0000000000
169687  -60.137  -1.870  32.546 0.0000000000
148108  -60.859  -1.814  31.291 0.0000000000
92917  -61.800  -1.508  31.011 0.0000000000
168234  -61.239  -1.736  30.050 0.0000000000
92931  -62.077  -1.091  30.158 0.0000000000
93986  -62.593  -1.250  29.759 0.0000000000
82664  -49.804  -10.438  52.303 0.0000000000
82662  -47.534  -10.204  53.618 0.0000000000
83774  -47.242  -9.595  53.566 0.0000000000
167639  -46.683  -10.293  54.078 0.0000000000
83773  -46.721  -9.056  53.370 0.0000000000
83796  -46.565  -8.966  51.085 0.0000000000
83802  -46.335  -9.258  50.278 0.0000000000
71829  -32.565  -19.350  60.285 0.0000000000
69259  -33.429  -21.056  57.970 0.0000000000
69260  -34.109  -21.735  57.173 0.0000000000
67127  -44.902  -23.108  53.451 0.0000000000
67114  -45.945  -23.488  55.006 0.0000000000
68180  -47.183  -22.566  54.561 0.0000000000
143003  -48.236  -21.073  55.012 0.0000000000
143470  -47.552  -16.613  52.766 0.0000000000
76205  -46.419  -15.686  55.592 0.0000000000
77312  -46.411  -14.976  55.151 0.0000000000
76206  -47.148  -15.329  55.811 0.0000000000
76207  -48.376  -15.196  55.228 0.0000000000
151871  -49.164  -15.047  54.391 0.0000000000
76217  -49.648  -15.079  53.615 0.0000000000
78319  -49.340  -14.216  54.208 0.0000000000
79376  -49.644  -13.613  53.556 0.0000000000
170854  -49.791  -12.405  52.862 0.0000000000
143094  -47.718  -4.794  50.757 0.0000000000
162941  -47.967  -3.758  50.108 0.0000000000
163144  -48.247  -3.494  49.456 0.0000000000
163013  -48.305  -4.060  48.673 0.0000000000
143501  -47.014  -3.786  49.043 0.0000000000
143098  -48.109  -4.055  48.017 0.0000000000
163040  -47.797  -4.584  47.956 0.0000000000
89421  -48.815  -4.548  42.689 0.0000000000
90534  -49.400  -4.003  43.208 0.0000000000
90518  -50.219  -3.615  43.562 0.0000000000
91656  -51.670  -3.537  43.879 0.0000000000
90537  -51.665  -4.171  42.399 0.0000000000
90520  -51.773  -3.944  43.048 0.0000000000
172805  -52.292  -3.297  44.553 0.0000000000
167894  -53.168  -3.460  44.929 0.0000000000
89550  -53.162  -4.822  32.328 0.0000000000
76228  -48.057  -15.802  52.446 0.0000000000
77337  -48.154  -15.065  52.177 0.0000000000
88270  -44.960  -6.405  44.969 0.0000000000
158604  -45.761  -6.235  44.489 0.0000000000
88290  -46.252  -6.047  43.806 0.0000000000
89419  -47.496  -5.265  43.284 0.0000000000
171737  -47.910  -5.268  42.793 0.0000000000
89420  -48.302  -5.213  42.358 0.0000000000
89436  -49.027  -4.973  41.994 0.0000000000
89452  -49.008  -5.338  41.297 0.0000000000
89459  -49.535  -5.219  40.723 0.0000000000
89460  -50.060  -5.137  40.144 0.0000000000
88330  -49.955  -5.392  39.449 0.0000000000
166488  -50.438  -5.262  38.997 0.0000000000
90681  -53.706  -4.493  31.763 0.0000000000
90670  -53.471  -4.511  32.675 0.0000000000
90660  -53.506  -4.325  33.509 0.0000000000
90646  -53.582  -4.016  34.627 0.0000000000
145739  -53.474  -3.654  35.792 0.0000000000
92855  -54.882  -2.605  35.890 0.0000000000
91773  -54.446  -3.136  36.566 0.0000000000
89505  -53.419  -3.937  36.422 0.0000000000
89527  -54.891  -4.989  35.478 0.0000000000
90633  -58.546  -3.619  36.227 0.0000000000
92886  -61.150  -1.739  33.797 0.0000000000
91802  -61.310  -2.518  33.638 0.0000000000
90676  -61.887  -2.955  32.293 0.0000000000
90675  -61.472  -3.156  32.792 0.0000000000
83798  -51.599  -9.376  50.467 0.0000000000
82699  -51.221  -9.334  50.092 0.0000000000
83803  -50.749  -8.609  50.160 0.0000000000
84939  -50.410  -7.946  50.463 0.0000000000
87108  -48.786  -6.421  51.214 0.0000000000
83776  -49.168  -9.798  52.544 0.0000000000
83785  -49.108  -8.817  52.464 0.0000000000
84923  -49.389  -7.753  52.180 0.0000000000
84909  -47.805  -8.103  52.888 0.0000000000
86000  -48.616  -7.294  52.565 0.0000000000
86017  -49.320  -6.963  51.924 0.0000000000
87097  -48.790  -6.401  51.918 0.0000000000
144175  -47.238  -4.907  51.001 0.0000000000
153356  -46.902  -4.233  50.765 0.0000000000
163474  -46.423  -5.015  50.276 0.0000000000
163346  -46.078  -6.375  49.485 0.0000000000
144651  -46.424  -5.583  49.344 0.0000000000
171249  -45.204  -6.375  46.813 0.0000000000
82698  -47.014  -10.486  50.507 0.0000000000
81595  -46.770  -10.842  49.626 0.0000000000
82697  -46.525  -10.027  49.961 0.0000000000
147062  -46.085  -9.554  49.417 0.0000000000
83810  -45.596  -8.967  48.851 0.0000000000
84945  -45.018  -8.003  48.690 0.0000000000
87170  -44.285  -6.677  45.287 0.0000000000
142953  -29.791  -22.314  58.718 0.0000000000
144259  -32.888  -19.667  60.930 0.0000000000
64795  -35.044  -25.026  57.895 0.0000000000
63666  -35.086  -26.001  57.758 0.0000000000
63680  -36.577  -26.215  56.897 0.0000000000
171464  -38.898  -26.045  56.420 0.0000000000
173087  -38.345  -27.143  56.914 0.0000000000
62599  -38.158  -27.672  56.828 0.0000000000
61511  -41.024  -27.404  54.581 0.0000000000
64858  -41.227  -24.881  54.996 0.0000000000
64842  -41.506  -24.806  55.733 0.0000000000
64874  -43.416  -24.861  53.824 0.0000000000
63684  -43.537  -25.826  56.950 0.0000000000
62613  -43.401  -25.962  57.036 0.0000000000
62630  -43.354  -26.524  55.730 0.0000000000
62647  -43.489  -26.658  54.269 0.0000000000
146491  -47.360  -25.451  55.420 0.0000000000
66045  -48.981  -24.564  55.427 0.0000000000
64845  -48.582  -25.024  55.166 0.0000000000
162347  -48.622  -25.156  54.640 0.0000000000
161053  -45.770  -19.978  52.684 0.0000000000
143015  -46.289  -19.720  53.278 0.0000000000
174766  -46.421  -19.120  53.430 0.0000000000
143016  -47.560  -19.795  54.285 0.0000000000
143897  -45.921  -17.140  54.952 0.0000000000
143937  -46.448  -17.531  55.046 0.0000000000
163671  -46.586  -18.010  54.673 0.0000000000
143013  -47.658  -18.864  54.447 0.0000000000
163038  -49.459  -20.000  54.634 0.0000000000
143004  -50.195  -19.827  54.019 0.0000000000
174576  -49.988  -18.625  53.404 0.0000000000
144045  -50.782  -19.598  53.355 0.0000000000
77338  -51.080  -14.843  51.846 0.0000000000
78350  -51.124  -14.459  52.146 0.0000000000
77339  -51.463  -14.967  51.220 0.0000000000
78391  -53.578  -13.466  48.221 0.0000000000
161373  -53.062  -12.267  50.062 0.0000000000
79424  -53.819  -12.495  48.588 0.0000000000
87119  -47.884  -6.502  49.572 0.0000000000
89362  -46.322  -4.558  46.268 0.0000000000
90504  -46.901  -3.648  45.454 0.0000000000
90491  -47.011  -3.447  46.491 0.0000000000
144246  -47.184  -2.412  48.921 0.0000000000
89338  -48.351  -2.715  48.896 0.0000000000
91653  -49.480  -3.181  44.687 0.0000000000
91640  -49.178  -2.314  45.572 0.0000000000
91628  -49.568  -1.676  46.225 0.0000000000
92733  -49.687  -1.720  46.675 0.0000000000
92725  -49.225  -1.569  47.360 0.0000000000
91603  -49.160  -2.049  47.971 0.0000000000
89339  -49.439  -3.509  47.823 0.0000000000
87257  -49.452  -6.238  37.917 0.0000000000
88339  -50.631  -5.403  38.442 0.0000000000
157336  -52.089  -6.066  32.522 0.0000000000
87330  -51.509  -6.878  33.018 0.0000000000
86186  -49.984  -7.371  35.355 0.0000000000
87273  -50.108  -6.448  36.442 0.0000000000
88351  -50.530  -5.797  37.368 0.0000000000
89475  -52.365  -4.977  38.273 0.0000000000
156067  -52.956  -4.544  38.651 0.0000000000
89476  -53.148  -4.709  38.242 0.0000000000
89477  -53.392  -4.625  38.531 0.0000000000
61477  -38.549  -27.944  56.598 0.0000000000
61488  -38.865  -28.043  55.971 0.0000000000
62601  -43.323  -25.636  57.180 0.0000000000
63669  -43.556  -25.756  56.953 0.0000000000
67105  -49.393  -23.145  55.358 0.0000000000
68175  -49.232  -22.333  55.241 0.0000000000
71835  -32.537  -19.085  59.745 0.0000000000
77300  -46.900  -14.731  55.751 0.0000000000
79415  -53.211  -12.881  49.936 0.0000000000
79416  -53.555  -12.626  49.190 0.0000000000
80458  -51.736  -12.850  51.639 0.0000000000
80468  -53.262  -11.414  49.787 0.0000000000
80478  -54.044  -11.840  48.704 0.0000000000
81576  -51.300  -10.892  51.441 0.0000000000
81587  -52.707  -11.253  50.347 0.0000000000
82710  -52.796  -10.637  49.784 0.0000000000
83766  -46.734  -9.785  53.837 0.0000000000
84907  -46.722  -8.434  52.812 0.0000000000
84932  -50.520  -7.663  51.128 0.0000000000
87118  -45.105  -6.827  49.224 0.0000000000
88198  -44.988  -6.311  48.362 0.0000000000
90536  -50.973  -4.090  42.571 0.0000000000
90588  -52.786  -4.272  40.070 0.0000000000
90616  -55.353  -3.213  36.969 0.0000000000
90617  -56.602  -3.106  37.544 0.0000000000
90648  -58.639  -3.878  34.831 0.0000000000
90683  -60.757  -3.944  32.028 0.0000000000
91602  -48.303  -1.891  48.632 0.0000000000
91614  -49.730  -1.955  47.189 0.0000000000
91616  -51.483  -3.353  46.122 0.0000000000
91629  -51.938  -3.198  45.740 0.0000000000
91671  -54.995  -2.861  42.484 0.0000000000
91685  -55.068  -2.641  41.303 0.0000000000
91740  -55.711  -2.180  38.098 0.0000000000
91754  -55.077  -2.700  37.362 0.0000000000
91756  -57.074  -2.498  38.056 0.0000000000
91786  -54.250  -3.245  34.317 0.0000000000
91812  -62.313  -2.713  31.727 0.0000000000
92696  -47.114  -2.696  49.290 0.0000000000
92716  -48.545  -1.487  47.981 0.0000000000
92731  -48.085  -1.421  47.752 0.0000000000
92732  -48.952  -1.397  47.078 0.0000000000
92839  -56.204  -1.969  37.746 0.0000000000
92840  -57.204  -2.274  37.790 0.0000000000
92841  -58.836  -2.578  36.630 0.0000000000
92885  -60.528  -1.928  33.951 0.0000000000
92897  -62.615  -2.488  31.095 0.0000000000
92918  -62.302  -1.269  30.523 0.0000000000
92919  -62.753  -1.976  30.387 0.0000000000
142942  -43.144  -25.334  57.302 0.0000000000
142943  -43.394  -25.470  57.189 0.0000000000
143090  -46.696  -3.869  50.092 0.0000000000
143092  -46.879  -3.364  49.837 0.0000000000
143432  -47.899  -3.206  48.754 0.0000000000
143438  -47.102  -2.780  49.568 0.0000000000
143597  -47.151  -3.649  48.840 0.0000000000
144151  -48.058  -2.006  48.789 0.0000000000
144371  -46.611  -4.351  50.686 0.0000000000
145235  -43.695  -25.644  56.901 0.0000000000
145300  -38.351  -27.951  56.553 0.0000000000
145354  -60.443  -1.913  31.919 0.0000000000
155467  -50.864  -4.594  40.838 0.0000000000
160572  -59.573  -3.498  34.676 0.0000000000
163079  -47.019  -3.331  49.077 0.0000000000
163313  -46.992  -3.023  49.725 0.0000000000
165658  -53.657  -3.530  36.432 0.0000000000
167826  -50.188  -3.662  47.252 0.0000000000
168441  -58.162  -2.407  36.992 0.0000000000
168911  -47.460  -6.501  48.321 0.0000000000
174481  -61.842  -2.478  32.394 0.0000000000
