#!ascii label  , from subject sub-v2s1x29883_ses-1 vox2ras=TkReg
838
70604  15.524  -19.263  -26.265 0.0000000000
147090  25.066  -15.507  -30.765 0.0000000000
86297  26.794  -6.954  -30.825 0.0000000000
140746  18.450  -7.604  -32.038 0.0000000000
65627  17.330  -23.214  -23.855 0.0000000000
140653  22.393  -21.384  -26.205 0.0000000000
73022  19.680  -16.916  -29.067 0.0000000000
78678  17.697  -12.805  -31.545 0.0000000000
80887  27.238  -11.297  -30.640 0.0000000000
82045  25.251  -11.156  -38.306 0.0000000000
158549  26.692  -2.997  -33.793 0.0000000000
68135  16.253  -21.602  -24.992 0.0000000000
65652  19.601  -23.086  -25.458 0.0000000000
69413  18.291  -19.995  -26.100 0.0000000000
78646  15.323  -12.780  -29.178 0.0000000000
81976  13.931  -10.911  -29.091 0.0000000000
144703  22.817  -7.385  -29.577 0.0000000000
83091  22.086  -9.570  -30.317 0.0000000000
143164  26.498  -8.969  -30.441 0.0000000000
82025  25.864  -11.002  -34.451 0.0000000000
84253  25.164  -8.933  -34.728 0.0000000000
94089  24.823  -0.019  -31.017 0.0000000000
156293  23.194  -1.137  -31.336 0.0000000000
148245  26.696  -0.869  -34.830 0.0000000000
75338  23.074  -16.035  -28.616 0.0000000000
71800  22.789  -19.516  -30.275 0.0000000000
73032  25.604  -17.004  -30.588 0.0000000000
88390  22.718  -4.959  -30.721 0.0000000000
76549  26.374  -15.445  -33.733 0.0000000000
74175  14.483  -16.667  -27.188 0.0000000000
160230  17.842  -18.600  -28.181 0.0000000000
75341  16.107  -15.718  -28.589 0.0000000000
76512  18.971  -15.520  -31.279 0.0000000000
77598  21.965  -14.123  -30.057 0.0000000000
82007  17.178  -10.254  -31.675 0.0000000000
80888  21.536  -11.417  -30.894 0.0000000000
78653  25.797  -13.220  -30.420 0.0000000000
78687  25.101  -14.119  -34.549 0.0000000000
90458  23.109  -3.116  -30.983 0.0000000000
88422  26.352  -4.850  -32.217 0.0000000000
165070  27.291  -1.920  -38.624 0.0000000000
89526  24.735  -3.367  -37.486 0.0000000000
87371  23.690  -6.084  -35.698 0.0000000000
85329  23.736  -8.113  -38.410 0.0000000000
70614  21.086  -19.207  -26.983 0.0000000000
71746  14.339  -18.366  -25.329 0.0000000000
70577  14.602  -19.640  -25.144 0.0000000000
69395  15.870  -20.734  -25.980 0.0000000000
69393  17.894  -20.564  -25.705 0.0000000000
69415  16.707  -20.248  -26.621 0.0000000000
86259  24.729  -6.959  -29.148 0.0000000000
150868  24.852  -8.223  -29.156 0.0000000000
85263  26.810  -7.697  -30.540 0.0000000000
84242  26.697  -8.607  -32.736 0.0000000000
85295  26.557  -7.866  -33.266 0.0000000000
94109  24.029  -0.185  -33.600 0.0000000000
93217  25.610  -0.225  -33.235 0.0000000000
94116  26.269  0.429  -34.571 0.0000000000
75353  24.341  -15.801  -29.429 0.0000000000
74209  24.207  -16.522  -29.466 0.0000000000
149695  25.078  -16.663  -31.051 0.0000000000
149109  20.817  -5.262  -32.451 0.0000000000
146027  20.638  -4.436  -32.238 0.0000000000
65629  15.400  -22.909  -23.779 0.0000000000
64601  16.813  -23.423  -23.336 0.0000000000
64585  18.605  -24.280  -23.348 0.0000000000
64598  19.532  -23.653  -23.978 0.0000000000
66833  20.885  -22.005  -26.391 0.0000000000
144580  21.754  -21.923  -24.389 0.0000000000
75326  14.838  -16.146  -27.782 0.0000000000
75343  14.919  -14.792  -28.366 0.0000000000
78670  15.774  -13.044  -30.882 0.0000000000
77601  16.392  -14.011  -30.383 0.0000000000
145433  18.059  -14.342  -31.494 0.0000000000
77600  20.608  -14.670  -30.758 0.0000000000
145001  20.371  -13.565  -31.248 0.0000000000
84231  16.065  -8.928  -31.026 0.0000000000
150011  18.285  -9.052  -31.971 0.0000000000
81970  24.230  -10.156  -29.274 0.0000000000
80878  22.694  -10.653  -30.142 0.0000000000
80876  24.687  -11.518  -29.569 0.0000000000
79732  24.500  -12.273  -29.787 0.0000000000
79730  26.356  -11.992  -30.082 0.0000000000
78675  25.881  -13.824  -32.612 0.0000000000
79763  27.139  -11.951  -31.952 0.0000000000
80930  24.015  -12.206  -36.618 0.0000000000
162700  24.826  -13.016  -35.956 0.0000000000
92279  26.235  -1.893  -31.267 0.0000000000
91375  22.972  -2.294  -31.372 0.0000000000
90455  26.242  -2.976  -30.650 0.0000000000
90444  25.813  -3.516  -30.268 0.0000000000
89481  26.376  -4.118  -32.656 0.0000000000
148455  23.924  -4.873  -36.062 0.0000000000
87389  23.564  -6.370  -38.374 0.0000000000
85322  22.959  -7.820  -37.510 0.0000000000
73006  18.583  -17.730  -28.823 0.0000000000
71771  18.742  -18.704  -27.658 0.0000000000
71784  20.871  -17.837  -27.580 0.0000000000
71798  24.669  -19.012  -30.845 0.0000000000
69453  23.146  -20.794  -30.996 0.0000000000
66813  15.864  -22.129  -24.610 0.0000000000
66812  16.704  -22.271  -24.655 0.0000000000
65640  19.236  -23.349  -25.021 0.0000000000
66825  18.263  -22.085  -25.162 0.0000000000
68150  18.749  -21.444  -25.549 0.0000000000
68167  20.412  -21.453  -26.578 0.0000000000
79713  12.866  -12.321  -28.892 0.0000000000
79724  14.471  -11.756  -29.120 0.0000000000
80892  15.352  -11.815  -30.817 0.0000000000
85266  20.368  -7.868  -31.549 0.0000000000
84237  20.086  -8.587  -31.694 0.0000000000
151615  22.015  -8.183  -30.153 0.0000000000
84188  24.535  -9.061  -29.117 0.0000000000
83088  26.333  -9.805  -30.252 0.0000000000
144160  26.750  -11.139  -32.967 0.0000000000
151916  26.233  -9.758  -33.162 0.0000000000
83126  24.902  -9.857  -34.957 0.0000000000
82040  23.544  -10.373  -36.745 0.0000000000
140786  21.016  0.746  -30.454 0.0000000000
93199  23.501  -0.598  -31.124 0.0000000000
92293  25.906  -1.113  -32.205 0.0000000000
144565  27.001  -1.779  -33.749 0.0000000000
74191  21.108  -16.017  -28.861 0.0000000000
71783  22.657  -18.361  -28.031 0.0000000000
73000  23.564  -17.429  -28.822 0.0000000000
73035  24.111  -18.509  -31.130 0.0000000000
86314  18.250  -6.798  -32.076 0.0000000000
86299  20.999  -6.382  -31.593 0.0000000000
87281  23.068  -6.175  -29.805 0.0000000000
87279  24.755  -5.891  -29.341 0.0000000000
65626  20.463  -23.040  -24.023 0.0000000000
75408  25.886  -15.683  -32.875 0.0000000000
75391  26.223  -15.935  -31.695 0.0000000000
72969  15.336  -17.795  -26.605 0.0000000000
70619  16.425  -19.061  -27.193 0.0000000000
73009  15.986  -17.181  -27.697 0.0000000000
73007  17.312  -17.313  -28.518 0.0000000000
74212  17.736  -16.501  -29.397 0.0000000000
76500  15.737  -14.155  -29.246 0.0000000000
75380  17.801  -15.453  -30.203 0.0000000000
74227  19.203  -16.564  -30.380 0.0000000000
75376  20.737  -15.210  -30.093 0.0000000000
76496  22.000  -14.631  -29.619 0.0000000000
77584  24.322  -14.360  -29.623 0.0000000000
81996  15.583  -10.203  -30.766 0.0000000000
80901  18.156  -11.252  -31.846 0.0000000000
153886  20.159  -9.845  -31.710 0.0000000000
80890  20.562  -11.384  -31.862 0.0000000000
79753  20.113  -12.173  -31.922 0.0000000000
78664  21.741  -12.780  -30.555 0.0000000000
77596  23.765  -13.645  -29.775 0.0000000000
77594  25.327  -14.042  -30.372 0.0000000000
160950  25.522  -15.080  -33.045 0.0000000000
77638  25.164  -14.870  -34.563 0.0000000000
165471  25.907  -12.408  -34.279 0.0000000000
89454  22.590  -3.821  -31.281 0.0000000000
88388  25.403  -4.637  -29.699 0.0000000000
87338  26.601  -6.028  -32.019 0.0000000000
92319  26.409  -1.207  -36.593 0.0000000000
90497  25.686  -2.207  -36.671 0.0000000000
147963  25.950  -3.041  -38.575 0.0000000000
90485  25.695  -3.220  -35.069 0.0000000000
153261  24.618  -4.601  -34.213 0.0000000000
87356  25.087  -5.545  -33.929 0.0000000000
141633  25.541  -6.908  -34.516 0.0000000000
84259  24.273  -7.789  -35.972 0.0000000000
84267  22.847  -8.768  -36.925 0.0000000000
84274  24.447  -9.809  -38.389 0.0000000000
142644  17.605  -19.355  -27.429 0.0000000000
69430  19.607  -19.640  -26.564 0.0000000000
68181  22.023  -20.719  -27.481 0.0000000000
147526  22.326  -19.183  -28.086 0.0000000000
69444  22.381  -20.868  -29.372 0.0000000000
70589  14.815  -19.105  -25.614 0.0000000000
69396  15.319  -20.011  -25.743 0.0000000000
69416  16.117  -20.164  -26.427 0.0000000000
86283  25.915  -6.611  -29.894 0.0000000000
85228  25.801  -7.314  -29.711 0.0000000000
85278  26.941  -7.621  -31.525 0.0000000000
85288  26.967  -7.828  -32.499 0.0000000000
143239  27.036  -7.176  -32.301 0.0000000000
94117  25.366  0.777  -34.331 0.0000000000
76493  24.656  -15.188  -29.814 0.0000000000
75375  24.878  -16.043  -30.625 0.0000000000
75374  25.362  -16.206  -31.244 0.0000000000
65628  16.384  -23.027  -23.803 0.0000000000
154516  17.529  -23.650  -23.389 0.0000000000
64586  17.929  -24.318  -23.237 0.0000000000
64600  18.233  -23.709  -23.745 0.0000000000
64584  19.231  -24.002  -23.330 0.0000000000
64599  19.005  -23.837  -23.960 0.0000000000
66821  21.628  -21.663  -26.470 0.0000000000
160186  21.949  -21.721  -25.848 0.0000000000
68148  23.096  -21.142  -25.817 0.0000000000
75327  14.491  -15.426  -27.941 0.0000000000
76481  14.083  -14.657  -28.140 0.0000000000
78669  16.699  -13.033  -31.141 0.0000000000
140194  17.414  -13.599  -31.234 0.0000000000
78668  18.312  -13.640  -31.654 0.0000000000
77612  19.733  -14.167  -31.736 0.0000000000
78667  19.178  -13.511  -31.840 0.0000000000
84230  16.544  -8.303  -31.361 0.0000000000
142672  17.935  -8.238  -32.012 0.0000000000
81983  26.004  -10.586  -29.734 0.0000000000
80862  24.443  -10.785  -29.376 0.0000000000
80875  25.746  -11.394  -29.735 0.0000000000
79729  27.019  -11.915  -30.439 0.0000000000
79741  26.807  -12.369  -30.877 0.0000000000
79751  27.251  -11.799  -31.124 0.0000000000
80942  24.343  -12.031  -37.936 0.0000000000
80936  24.835  -12.615  -37.366 0.0000000000
91386  26.816  -2.299  -31.656 0.0000000000
91372  25.924  -2.329  -30.857 0.0000000000
137331  26.889  -2.769  -31.492 0.0000000000
90469  26.607  -3.345  -31.443 0.0000000000
90481  26.701  -3.189  -32.941 0.0000000000
88491  23.942  -5.617  -38.435 0.0000000000
88496  24.169  -5.759  -39.364 0.0000000000
138412  19.471  -17.462  -28.510 0.0000000000
71785  19.929  -17.827  -27.748 0.0000000000
73004  20.344  -17.220  -28.226 0.0000000000
71797  25.345  -18.510  -29.852 0.0000000000
70642  25.076  -19.203  -29.567 0.0000000000
68153  15.751  -21.100  -25.253 0.0000000000
68119  15.417  -21.607  -24.734 0.0000000000
160326  17.579  -22.280  -24.814 0.0000000000
68134  17.208  -21.507  -25.060 0.0000000000
68168  18.762  -20.620  -25.838 0.0000000000
66834  19.574  -21.261  -26.145 0.0000000000
148714  19.190  -20.221  -26.203 0.0000000000
81956  13.691  -10.683  -28.926 0.0000000000
140824  13.286  -11.216  -29.012 0.0000000000
80869  14.672  -11.491  -29.346 0.0000000000
79746  15.087  -12.456  -30.715 0.0000000000
145410  14.923  -11.001  -29.775 0.0000000000
85264  21.629  -7.423  -30.518 0.0000000000
85265  21.012  -7.873  -31.018 0.0000000000
85251  22.667  -8.117  -29.673 0.0000000000
84212  26.166  -8.515  -29.828 0.0000000000
142594  25.485  -8.751  -29.341 0.0000000000
83089  26.042  -9.237  -29.695 0.0000000000
83069  25.325  -9.484  -29.275 0.0000000000
83097  26.661  -9.430  -30.922 0.0000000000
83106  26.791  -9.560  -31.749 0.0000000000
84247  25.721  -8.676  -34.123 0.0000000000
83120  25.574  -9.485  -34.357 0.0000000000
83131  24.221  -10.154  -35.700 0.0000000000
163302  24.675  -9.251  -35.306 0.0000000000
94081  24.981  0.445  -30.673 0.0000000000
94083  22.860  0.810  -30.598 0.0000000000
94084  21.805  0.787  -30.787 0.0000000000
94092  22.310  0.143  -31.266 0.0000000000
94091  23.376  -0.012  -30.861 0.0000000000
159443  26.252  -0.464  -33.690 0.0000000000
93213  25.442  -0.486  -32.559 0.0000000000
93212  26.252  -0.927  -33.063 0.0000000000
92299  26.912  -1.616  -33.189 0.0000000000
147730  26.715  -1.100  -33.916 0.0000000000
74190  22.148  -16.325  -28.423 0.0000000000
74189  23.100  -16.904  -28.282 0.0000000000
75337  23.659  -16.657  -28.779 0.0000000000
74225  24.887  -17.102  -30.952 0.0000000000
74226  24.450  -17.343  -30.664 0.0000000000
73034  24.612  -17.810  -30.863 0.0000000000
71806  24.787  -18.208  -30.774 0.0000000000
86315  17.618  -6.516  -31.994 0.0000000000
87342  18.152  -6.064  -32.073 0.0000000000
86312  19.746  -6.582  -32.039 0.0000000000
160792  20.252  -6.086  -32.084 0.0000000000
88408  21.761  -4.985  -31.693 0.0000000000
87327  21.508  -5.737  -31.537 0.0000000000
87308  22.773  -5.599  -30.364 0.0000000000
87280  23.830  -6.146  -29.248 0.0000000000
156592  24.142  -5.487  -29.370 0.0000000000
65653  18.924  -22.892  -25.259 0.0000000000
151032  19.830  -23.587  -25.162 0.0000000000
65639  20.313  -23.273  -24.966 0.0000000000
66796  21.667  -22.098  -23.592 0.0000000000
74161  14.199  -17.179  -26.464 0.0000000000
72988  15.085  -17.219  -26.794 0.0000000000
72987  15.752  -17.674  -27.202 0.0000000000
74174  15.391  -16.809  -27.398 0.0000000000
75342  15.237  -15.572  -28.287 0.0000000000
74195  15.797  -16.416  -28.070 0.0000000000
74194  16.674  -16.524  -28.491 0.0000000000
74193  17.383  -16.669  -28.825 0.0000000000
74213  16.989  -15.981  -28.904 0.0000000000
78636  14.733  -13.004  -28.703 0.0000000000
76487  14.644  -13.879  -28.414 0.0000000000
77587  15.456  -13.492  -28.984 0.0000000000
76514  17.378  -14.523  -30.294 0.0000000000
74229  18.111  -16.288  -30.054 0.0000000000
75378  19.482  -16.043  -30.828 0.0000000000
75359  19.830  -16.368  -30.305 0.0000000000
75377  20.232  -15.600  -30.525 0.0000000000
77599  21.263  -14.476  -30.497 0.0000000000
160031  21.388  -14.587  -30.153 0.0000000000
77586  22.624  -14.326  -29.618 0.0000000000
77585  23.405  -14.258  -29.427 0.0000000000
83109  17.054  -9.508  -31.657 0.0000000000
83092  15.512  -9.542  -30.603 0.0000000000
81995  16.550  -10.028  -31.395 0.0000000000
159270  16.579  -10.802  -31.398 0.0000000000
80902  17.310  -11.033  -31.656 0.0000000000
83099  20.949  -9.475  -31.173 0.0000000000
83100  20.373  -9.327  -31.493 0.0000000000
83098  21.519  -9.602  -30.743 0.0000000000
80879  22.105  -11.044  -30.633 0.0000000000
153593  21.467  -10.819  -31.096 0.0000000000
80889  21.074  -11.383  -31.449 0.0000000000
80899  19.834  -11.359  -31.974 0.0000000000
162676  20.735  -11.932  -31.711 0.0000000000
79743  20.550  -12.666  -31.530 0.0000000000
79734  22.093  -11.899  -30.505 0.0000000000
145843  25.299  -12.800  -29.973 0.0000000000
78654  24.346  -13.045  -29.892 0.0000000000
138159  25.236  -13.441  -30.070 0.0000000000
77595  24.714  -13.854  -29.937 0.0000000000
77609  25.563  -14.280  -31.099 0.0000000000
77623  25.661  -14.310  -31.936 0.0000000000
153275  25.621  -13.652  -33.632 0.0000000000
151248  25.148  -14.592  -33.866 0.0000000000
140143  25.391  -14.538  -35.122 0.0000000000
77647  25.706  -14.776  -35.098 0.0000000000
80915  26.290  -11.538  -34.010 0.0000000000
80923  25.283  -12.443  -35.083 0.0000000000
93201  21.969  -0.599  -31.753 0.0000000000
93202  21.036  -0.564  -31.416 0.0000000000
92294  21.582  -1.756  -32.056 0.0000000000
91387  21.552  -2.425  -31.924 0.0000000000
90470  21.851  -2.983  -31.841 0.0000000000
89468  22.054  -3.581  -31.713 0.0000000000
89453  23.278  -3.788  -30.763 0.0000000000
152236  26.349  -4.649  -31.364 0.0000000000
89440  25.860  -4.197  -30.164 0.0000000000
162703  26.348  -5.026  -30.956 0.0000000000
139340  26.345  -5.473  -30.582 0.0000000000
153267  26.418  -5.505  -32.322 0.0000000000
92326  26.695  -1.076  -37.795 0.0000000000
91426  26.850  -1.882  -37.896 0.0000000000
165169  25.969  -1.616  -36.646 0.0000000000
91422  25.754  -1.875  -37.642 0.0000000000
89535  24.800  -3.414  -37.810 0.0000000000
165295  25.350  -3.711  -38.864 0.0000000000
90498  25.056  -2.730  -37.345 0.0000000000
89515  24.828  -3.572  -36.609 0.0000000000
89497  25.273  -3.976  -34.512 0.0000000000
89507  24.413  -4.271  -35.918 0.0000000000
88459  23.811  -5.370  -35.341 0.0000000000
87364  23.999  -5.814  -34.934 0.0000000000
86333  25.094  -5.994  -34.365 0.0000000000
86334  24.581  -6.283  -34.798 0.0000000000
86341  23.994  -6.722  -35.586 0.0000000000
85323  23.043  -8.089  -38.003 0.0000000000
84275  22.810  -8.473  -37.404 0.0000000000
84280  22.836  -8.791  -37.773 0.0000000000
83147  23.071  -9.326  -37.845 0.0000000000
84278  24.022  -8.878  -38.327 0.0000000000
71772  16.805  -18.665  -27.615 0.0000000000
70618  17.065  -19.410  -27.431 0.0000000000
71788  17.479  -18.954  -27.823 0.0000000000
70615  20.074  -18.974  -26.783 0.0000000000
70616  19.170  -18.934  -26.815 0.0000000000
69429  20.590  -20.061  -26.852 0.0000000000
69428  21.624  -20.110  -27.227 0.0000000000
73021  23.211  -18.415  -29.168 0.0000000000
70630  22.479  -19.543  -29.166 0.0000000000
69452  23.789  -20.721  -30.124 0.0000000000
164430  23.021  -21.225  -30.142 0.0000000000
69443  23.361  -21.253  -29.213 0.0000000000
68179  23.030  -21.244  -28.523 0.0000000000
69376  15.392  -20.628  -25.389 0.0000000000
68152  16.405  -20.996  -25.643 0.0000000000
147077  17.273  -20.844  -25.449 0.0000000000
158811  16.304  -20.579  -26.262 0.0000000000
69394  16.936  -20.438  -25.971 0.0000000000
69414  17.309  -20.071  -26.446 0.0000000000
86261  23.206  -6.840  -29.304 0.0000000000
85231  23.396  -7.664  -29.145 0.0000000000
85229  25.132  -7.495  -29.296 0.0000000000
144844  25.656  -8.012  -29.504 0.0000000000
84211  26.575  -8.277  -30.325 0.0000000000
151507  26.745  -9.000  -32.116 0.0000000000
84236  26.848  -8.453  -31.888 0.0000000000
84246  26.268  -8.573  -33.493 0.0000000000
85303  25.417  -7.956  -34.699 0.0000000000
94101  23.603  -0.063  -33.119 0.0000000000
94100  24.017  -0.347  -33.082 0.0000000000
93214  24.692  -0.285  -32.389 0.0000000000
94108  25.043  0.258  -33.622 0.0000000000
94107  25.903  0.153  -33.913 0.0000000000
93232  26.691  -0.060  -34.983 0.0000000000
161107  23.530  -15.473  -28.903 0.0000000000
75354  23.785  -16.062  -28.900 0.0000000000
74208  24.708  -16.589  -30.585 0.0000000000
74224  25.405  -16.634  -31.031 0.0000000000
156537  21.261  -4.690  -32.079 0.0000000000
66785  14.443  -22.778  -23.619 0.0000000000
65614  14.502  -22.639  -22.918 0.0000000000
65613  15.082  -23.036  -23.113 0.0000000000
65612  16.024  -23.198  -23.165 0.0000000000
63671  18.926  -24.534  -22.642 0.0000000000
64573  19.726  -23.915  -22.488 0.0000000000
64583  19.919  -23.638  -23.228 0.0000000000
65650  20.602  -22.560  -25.827 0.0000000000
65638  20.808  -22.799  -25.332 0.0000000000
66822  21.312  -22.186  -25.799 0.0000000000
75318  14.019  -16.113  -27.472 0.0000000000
77616  15.339  -13.320  -30.655 0.0000000000
77602  15.738  -13.653  -30.384 0.0000000000
77615  16.299  -13.563  -30.732 0.0000000000
77614  17.295  -14.099  -30.852 0.0000000000
76528  18.566  -14.928  -31.500 0.0000000000
76511  19.728  -15.375  -31.052 0.0000000000
76527  19.282  -14.924  -31.546 0.0000000000
77611  20.313  -14.256  -31.106 0.0000000000
77610  20.822  -13.988  -30.778 0.0000000000
163711  16.516  -8.846  -31.335 0.0000000000
151794  17.767  -9.688  -31.851 0.0000000000
81985  23.008  -10.010  -29.590 0.0000000000
81992  21.935  -10.290  -30.645 0.0000000000
80863  23.507  -10.601  -29.442 0.0000000000
157438  23.209  -11.188  -29.681 0.0000000000
152448  22.751  -11.447  -30.154 0.0000000000
79733  22.959  -12.176  -30.054 0.0000000000
80877  23.619  -11.804  -29.706 0.0000000000
79731  25.438  -12.078  -29.850 0.0000000000
156931  25.984  -12.537  -30.155 0.0000000000
78663  26.130  -13.272  -31.199 0.0000000000
79752  26.709  -12.614  -31.715 0.0000000000
79768  25.849  -12.973  -33.965 0.0000000000
150599  25.156  -11.452  -35.110 0.0000000000
80924  24.663  -12.393  -35.889 0.0000000000
79787  24.421  -13.047  -36.627 0.0000000000
92281  24.546  -1.479  -31.052 0.0000000000
144326  22.705  -1.492  -31.785 0.0000000000
91373  24.742  -2.242  -30.923 0.0000000000
90456  24.561  -3.037  -30.588 0.0000000000
90457  23.832  -3.407  -30.583 0.0000000000
89452  26.384  -3.872  -31.047 0.0000000000
162828  26.240  -4.752  -32.738 0.0000000000
89527  24.488  -4.054  -37.647 0.0000000000
89516  24.219  -4.219  -36.951 0.0000000000
88481  24.057  -4.815  -37.575 0.0000000000
88472  23.709  -5.766  -36.776 0.0000000000
87372  23.600  -6.329  -36.422 0.0000000000
163028  23.546  -6.929  -36.279 0.0000000000
86350  23.357  -7.147  -37.024 0.0000000000
86357  23.222  -7.149  -38.087 0.0000000000
142416  17.896  -18.014  -28.585 0.0000000000
70632  18.051  -19.005  -27.913 0.0000000000
71786  19.091  -18.168  -28.273 0.0000000000
71769  20.513  -18.392  -27.155 0.0000000000
71814  23.750  -19.837  -31.628 0.0000000000
71809  23.036  -19.917  -31.308 0.0000000000
69462  23.679  -20.201  -31.362 0.0000000000
70629  24.737  -19.946  -29.182 0.0000000000
66798  14.958  -22.413  -24.303 0.0000000000
66797  15.969  -22.639  -24.301 0.0000000000
65642  17.450  -22.790  -24.467 0.0000000000
64614  18.018  -23.302  -24.336 0.0000000000
65641  18.328  -22.929  -24.812 0.0000000000
66824  19.032  -22.408  -25.461 0.0000000000
68151  17.881  -21.245  -25.365 0.0000000000
143582  19.545  -22.163  -25.746 0.0000000000
66823  20.210  -22.071  -26.125 0.0000000000
66832  21.067  -21.404  -26.791 0.0000000000
79712  14.586  -12.338  -28.920 0.0000000000
140965  13.282  -11.851  -29.025 0.0000000000
79735  15.196  -12.254  -29.448 0.0000000000
78658  15.053  -12.942  -30.527 0.0000000000
165308  16.243  -12.701  -31.107 0.0000000000
79744  16.749  -12.376  -31.305 0.0000000000
85281  19.222  -7.794  -31.983 0.0000000000
84238  19.496  -8.512  -31.917 0.0000000000
84228  21.218  -8.824  -30.829 0.0000000000
84214  22.302  -8.875  -29.990 0.0000000000
84190  23.227  -8.450  -29.285 0.0000000000
84213  22.800  -8.838  -29.541 0.0000000000
83090  22.609  -9.458  -29.814 0.0000000000
163016  24.666  -9.713  -29.212 0.0000000000
81969  25.137  -10.223  -29.320 0.0000000000
81982  26.656  -10.561  -30.457 0.0000000000
80886  27.362  -11.118  -31.320 0.0000000000
82002  27.144  -10.351  -31.609 0.0000000000
82012  26.747  -10.184  -32.513 0.0000000000
82018  26.268  -10.537  -33.461 0.0000000000
83115  26.627  -9.368  -32.574 0.0000000000
82019  25.952  -10.024  -33.985 0.0000000000
82026  25.453  -10.415  -34.718 0.0000000000
82033  24.626  -11.079  -35.558 0.0000000000
82034  23.873  -11.203  -36.345 0.0000000000
82041  23.177  -11.377  -37.551 0.0000000000
93198  24.059  -1.033  -31.059 0.0000000000
93210  24.966  -0.210  -31.201 0.0000000000
93197  24.947  -0.839  -31.091 0.0000000000
92292  26.498  -1.735  -31.780 0.0000000000
137180  26.800  -1.985  -32.443 0.0000000000
91398  26.894  -2.271  -34.111 0.0000000000
74192  20.383  -16.493  -28.881 0.0000000000
163260  21.087  -17.452  -27.873 0.0000000000
73003  21.339  -16.923  -28.162 0.0000000000
73001  23.071  -17.683  -28.299 0.0000000000
148265  23.990  -17.105  -29.452 0.0000000000
73020  23.834  -17.902  -30.192 0.0000000000
71799  23.441  -18.980  -30.914 0.0000000000
71807  24.118  -18.981  -31.278 0.0000000000
141914  17.598  -7.380  -32.010 0.0000000000
164561  19.641  -7.298  -31.999 0.0000000000
85279  20.637  -7.080  -31.522 0.0000000000
86298  21.572  -6.530  -30.963 0.0000000000
87328  20.836  -5.730  -32.253 0.0000000000
86284  22.684  -6.811  -29.919 0.0000000000
154908  24.982  -6.456  -29.332 0.0000000000
87305  26.411  -6.365  -30.437 0.0000000000
64612  19.400  -23.540  -24.572 0.0000000000
64611  19.909  -23.514  -24.542 0.0000000000
65625  21.022  -22.483  -24.356 0.0000000000
76525  25.552  -15.389  -31.720 0.0000000000
75392  25.767  -15.925  -31.644 0.0000000000
76538  26.257  -15.772  -32.374 0.0000000000
70605  14.995  -18.307  -26.114 0.0000000000
71756  15.767  -18.539  -26.790 0.0000000000
156466  16.098  -19.392  -26.760 0.0000000000
71773  16.201  -18.380  -27.337 0.0000000000
72986  16.418  -17.876  -27.677 0.0000000000
73008  16.564  -17.252  -28.098 0.0000000000
71789  17.203  -18.157  -28.112 0.0000000000
73024  18.009  -17.274  -29.124 0.0000000000
73005  19.056  -17.295  -29.291 0.0000000000
75362  15.682  -14.871  -28.795 0.0000000000
76515  16.140  -14.255  -29.963 0.0000000000
76499  16.128  -14.654  -29.345 0.0000000000
75361  16.524  -15.216  -29.058 0.0000000000
74211  18.929  -16.973  -29.921 0.0000000000
74210  19.413  -16.801  -29.870 0.0000000000
152958  19.883  -16.520  -29.648 0.0000000000
75358  20.393  -15.820  -29.612 0.0000000000
75357  21.101  -15.326  -29.407 0.0000000000
76510  20.827  -14.920  -30.398 0.0000000000
76497  21.252  -14.794  -29.896 0.0000000000
75355  22.669  -15.310  -28.976 0.0000000000
76495  22.933  -14.826  -29.209 0.0000000000
76494  23.921  -14.954  -29.270 0.0000000000
76509  24.943  -14.639  -30.202 0.0000000000
83077  14.514  -10.200  -29.135 0.0000000000
81987  14.768  -10.433  -29.576 0.0000000000
81997  15.335  -10.995  -30.677 0.0000000000
79757  16.613  -11.620  -31.368 0.0000000000
79756  17.504  -11.855  -31.621 0.0000000000
83108  19.112  -9.171  -31.953 0.0000000000
82005  18.671  -9.953  -31.957 0.0000000000
81993  21.243  -10.203  -31.162 0.0000000000
82003  20.224  -10.597  -31.840 0.0000000000
82004  19.361  -10.654  -31.965 0.0000000000
80900  18.998  -11.348  -31.991 0.0000000000
79754  19.394  -11.947  -31.995 0.0000000000
78676  19.348  -12.671  -31.976 0.0000000000
78666  19.915  -13.156  -31.851 0.0000000000
78665  21.004  -13.123  -30.887 0.0000000000
78656  22.266  -13.311  -30.177 0.0000000000
152066  22.463  -12.605  -30.268 0.0000000000
78655  23.179  -12.963  -29.921 0.0000000000
77597  22.839  -13.737  -29.788 0.0000000000
76508  25.280  -14.930  -30.857 0.0000000000
163928  25.697  -15.548  -33.088 0.0000000000
76550  25.650  -15.548  -33.499 0.0000000000
162878  25.192  -15.208  -33.980 0.0000000000
76559  25.530  -15.262  -34.318 0.0000000000
80908  27.183  -11.676  -32.513 0.0000000000
146729  26.565  -11.973  -33.402 0.0000000000
78695  25.395  -13.946  -35.311 0.0000000000
92284  21.459  -1.089  -31.999 0.0000000000
152158  21.918  -4.259  -31.723 0.0000000000
89442  23.007  -4.379  -30.739 0.0000000000
90445  24.573  -3.679  -30.066 0.0000000000
89441  23.798  -4.177  -30.185 0.0000000000
88368  23.984  -4.890  -29.595 0.0000000000
88366  25.466  -5.432  -29.590 0.0000000000
87306  25.979  -5.847  -30.014 0.0000000000
87325  26.592  -6.160  -31.116 0.0000000000
151539  26.815  0.088  -35.670 0.0000000000
93241  26.774  -0.492  -36.236 0.0000000000
93240  26.676  -0.727  -36.959 0.0000000000
92309  26.635  -1.061  -35.689 0.0000000000
150352  26.657  -1.486  -35.127 0.0000000000
91401  26.597  -2.100  -34.901 0.0000000000
151226  26.454  -2.778  -34.601 0.0000000000
91427  26.234  -2.354  -37.986 0.0000000000
90507  25.347  -2.166  -37.626 0.0000000000
90491  25.453  -3.044  -36.157 0.0000000000
89496  26.070  -3.470  -34.246 0.0000000000
162585  25.743  -3.967  -33.994 0.0000000000
89489  25.281  -4.478  -33.766 0.0000000000
88434  25.982  -4.647  -33.171 0.0000000000
159908  24.101  -4.814  -35.317 0.0000000000
88449  24.665  -5.068  -33.978 0.0000000000
88435  26.161  -5.255  -32.926 0.0000000000
87349  25.832  -5.722  -33.436 0.0000000000
86321  26.271  -6.419  -33.250 0.0000000000
86320  26.710  -6.565  -32.532 0.0000000000
147380  26.184  -7.048  -33.714 0.0000000000
84254  24.858  -8.317  -35.393 0.0000000000
162191  23.623  -7.449  -36.300 0.0000000000
84266  23.435  -8.319  -36.461 0.0000000000
152519  24.202  -9.006  -36.124 0.0000000000
83137  23.149  -9.562  -37.044 0.0000000000
149631  23.223  -10.528  -37.326 0.0000000000
82046  24.128  -11.043  -38.267 0.0000000000
85321  24.361  -8.250  -38.469 0.0000000000
149634  24.865  -8.799  -37.967 0.0000000000
84273  25.425  -9.433  -37.861 0.0000000000
83144  25.087  -10.441  -38.447 0.0000000000
70603  16.661  -19.748  -26.916 0.0000000000
70602  17.152  -19.857  -27.064 0.0000000000
70601  17.861  -19.603  -26.735 0.0000000000
70617  18.303  -19.142  -27.192 0.0000000000
70600  18.738  -19.477  -26.463 0.0000000000
69412  19.995  -20.614  -26.583 0.0000000000
68182  21.247  -20.753  -27.033 0.0000000000
164451  21.628  -21.127  -26.928 0.0000000000
72985  21.893  -17.873  -27.539 0.0000000000
71767  22.151  -18.660  -27.587 0.0000000000
70613  21.992  -19.455  -27.599 0.0000000000
69455  22.299  -20.423  -30.386 0.0000000000
70631  22.195  -20.136  -28.894 0.0000000000
69427  22.151  -20.371  -28.126 0.0000000000
68195  22.342  -20.851  -28.355 0.0000000000
68180  22.627  -20.985  -27.716 0.0000000000
68165  22.927  -21.059  -26.705 0.0000000000
74239  25.804  -16.214  -31.239 0.0000000000
75373  26.477  -16.064  -30.839 0.0000000000
64597  20.068  -23.406  -23.786 0.0000000000
64613  18.769  -23.479  -24.431 0.0000000000
65643  16.741  -22.803  -24.284 0.0000000000
65651  20.223  -23.170  -25.441 0.0000000000
66811  21.366  -22.246  -25.028 0.0000000000
68166  22.222  -21.063  -26.873 0.0000000000
68183  20.649  -20.925  -26.864 0.0000000000
68193  22.800  -21.256  -29.520 0.0000000000
68194  22.578  -21.153  -28.805 0.0000000000
69454  22.652  -20.980  -30.427 0.0000000000
69463  23.374  -20.194  -31.606 0.0000000000
69464  23.085  -20.409  -31.204 0.0000000000
69471  23.565  -19.947  -31.713 0.0000000000
70643  24.500  -19.877  -30.645 0.0000000000
70649  23.963  -19.633  -31.471 0.0000000000
70650  23.462  -20.025  -31.840 0.0000000000
71768  21.521  -18.540  -27.234 0.0000000000
71770  19.591  -18.441  -27.297 0.0000000000
71787  18.371  -18.439  -28.282 0.0000000000
71808  23.673  -19.513  -31.503 0.0000000000
73002  22.545  -17.338  -27.812 0.0000000000
73023  18.631  -17.250  -29.434 0.0000000000
74228  18.684  -16.607  -30.215 0.0000000000
75339  22.274  -15.604  -28.756 0.0000000000
75340  21.654  -15.598  -28.900 0.0000000000
75356  21.857  -15.087  -29.259 0.0000000000
75360  17.385  -15.647  -29.465 0.0000000000
75379  18.617  -16.063  -30.692 0.0000000000
75400  25.930  -15.784  -32.202 0.0000000000
76486  15.373  -14.182  -28.675 0.0000000000
76498  16.933  -14.851  -29.622 0.0000000000
76513  18.287  -15.235  -30.967 0.0000000000
76526  19.996  -14.803  -31.186 0.0000000000
76529  17.988  -14.674  -31.176 0.0000000000
76539  25.731  -15.462  -32.521 0.0000000000
77544  13.216  -14.517  -28.038 0.0000000000
77613  18.858  -14.327  -31.719 0.0000000000
77624  25.592  -14.955  -32.014 0.0000000000
78652  26.472  -12.487  -30.454 0.0000000000
78657  21.586  -13.726  -30.609 0.0000000000
78671  15.262  -12.859  -30.779 0.0000000000
78677  18.630  -12.961  -31.843 0.0000000000
79736  15.084  -12.154  -30.060 0.0000000000
79742  21.220  -12.146  -31.030 0.0000000000
79745  15.760  -12.330  -31.037 0.0000000000
79755  18.542  -12.124  -31.891 0.0000000000
79764  26.532  -12.566  -32.816 0.0000000000
80874  26.641  -11.350  -30.156 0.0000000000
80880  15.075  -11.772  -30.327 0.0000000000
80891  15.901  -11.353  -31.100 0.0000000000
80897  27.321  -11.499  -31.768 0.0000000000
80898  27.202  -10.980  -32.098 0.0000000000
80937  23.757  -12.588  -37.334 0.0000000000
80938  23.272  -11.861  -37.197 0.0000000000
80943  23.311  -11.889  -37.697 0.0000000000
81937  14.147  -10.520  -28.182 0.0000000000
81968  25.835  -9.872  -29.567 0.0000000000
81984  25.224  -10.909  -29.450 0.0000000000
81986  22.458  -10.015  -30.186 0.0000000000
81991  27.106  -10.623  -30.994 0.0000000000
81994  20.665  -10.085  -31.517 0.0000000000
82006  17.947  -10.478  -31.848 0.0000000000
82047  23.209  -11.110  -37.796 0.0000000000
82048  23.664  -10.115  -38.029 0.0000000000
83053  14.653  -9.852  -28.369 0.0000000000
83070  24.064  -9.618  -29.222 0.0000000000
83071  23.415  -9.231  -29.288 0.0000000000
83101  16.518  -9.315  -31.359 0.0000000000
83102  16.010  -9.744  -31.073 0.0000000000
83107  19.817  -9.230  -31.807 0.0000000000
83119  26.007  -9.257  -33.688 0.0000000000
83138  22.815  -9.112  -37.417 0.0000000000
83145  23.345  -9.924  -37.400 0.0000000000
83146  23.706  -9.389  -38.150 0.0000000000
84189  23.938  -8.381  -29.094 0.0000000000
84226  26.786  -8.371  -30.975 0.0000000000
84227  21.740  -8.925  -30.372 0.0000000000
84229  20.645  -8.664  -31.252 0.0000000000
84239  18.749  -8.391  -31.989 0.0000000000
84279  23.251  -8.781  -38.142 0.0000000000
85230  24.289  -7.610  -28.919 0.0000000000
85250  26.273  -7.824  -30.009 0.0000000000
85252  22.316  -7.441  -30.048 0.0000000000
85280  20.122  -7.157  -31.878 0.0000000000
85289  26.737  -7.160  -32.953 0.0000000000
85296  25.951  -7.852  -33.968 0.0000000000
85314  23.090  -7.883  -36.836 0.0000000000
85320  25.173  -7.845  -38.061 0.0000000000
86258  25.375  -6.836  -29.464 0.0000000000
86260  23.940  -6.932  -29.003 0.0000000000
86282  26.413  -7.124  -30.217 0.0000000000
86285  22.121  -6.722  -30.400 0.0000000000
86310  26.855  -6.731  -31.709 0.0000000000
86311  20.449  -6.291  -32.033 0.0000000000
86313  19.034  -7.063  -32.022 0.0000000000
86326  25.714  -6.213  -33.937 0.0000000000
86363  23.587  -6.641  -38.661 0.0000000000
87278  25.469  -6.179  -29.546 0.0000000000
87307  23.476  -5.512  -29.641 0.0000000000
87309  22.112  -6.010  -30.768 0.0000000000
87326  22.202  -5.322  -31.067 0.0000000000
87339  20.563  -5.724  -32.315 0.0000000000
87340  19.629  -5.785  -32.021 0.0000000000
87348  26.377  -5.918  -32.775 0.0000000000
87363  24.381  -5.583  -34.261 0.0000000000
87382  23.569  -6.406  -37.354 0.0000000000
87393  23.873  -6.214  -39.150 0.0000000000
88367  24.743  -5.100  -29.448 0.0000000000
88387  26.236  -4.537  -30.564 0.0000000000
88389  23.275  -4.918  -30.183 0.0000000000
88406  26.401  -5.396  -31.527 0.0000000000
88407  22.357  -4.617  -31.214 0.0000000000
88423  21.373  -3.813  -31.940 0.0000000000
88442  25.440  -5.135  -33.558 0.0000000000
88450  24.146  -5.096  -34.533 0.0000000000
88460  23.650  -5.547  -36.099 0.0000000000
88471  23.832  -5.064  -36.805 0.0000000000
88482  23.752  -5.618  -37.538 0.0000000000
89424  24.647  -4.337  -29.642 0.0000000000
89439  26.220  -3.620  -30.524 0.0000000000
89467  26.446  -4.043  -31.813 0.0000000000
89488  26.224  -3.891  -33.525 0.0000000000
89498  24.523  -4.397  -34.937 0.0000000000
89506  25.057  -3.750  -35.542 0.0000000000
89536  24.728  -4.269  -38.277 0.0000000000
89542  25.062  -4.025  -38.595 0.0000000000
90454  26.515  -3.098  -30.993 0.0000000000
90459  22.496  -2.979  -31.681 0.0000000000
90471  21.149  -3.008  -31.916 0.0000000000
90478  26.654  -3.306  -32.097 0.0000000000
90490  25.999  -2.488  -35.503 0.0000000000
90508  25.057  -2.731  -37.653 0.0000000000
90514  25.389  -2.385  -37.666 0.0000000000
90515  25.319  -3.199  -38.130 0.0000000000
91371  26.636  -2.483  -31.145 0.0000000000
91374  23.718  -2.604  -30.824 0.0000000000
91376  22.279  -2.089  -32.039 0.0000000000
91388  20.853  -2.262  -31.885 0.0000000000
91395  27.004  -2.295  -33.219 0.0000000000
91404  26.220  -1.712  -35.842 0.0000000000
91411  26.417  -1.146  -37.400 0.0000000000
91412  25.881  -1.619  -37.357 0.0000000000
91421  26.192  -1.480  -37.657 0.0000000000
91428  26.754  -2.448  -38.619 0.0000000000
92280  25.732  -1.237  -31.431 0.0000000000
92282  23.663  -1.725  -31.164 0.0000000000
92283  22.160  -1.276  -32.075 0.0000000000
92295  20.936  -1.586  -31.856 0.0000000000
92329  27.215  -1.257  -38.338 0.0000000000
93200  22.680  -0.493  -31.343 0.0000000000
93209  25.355  -0.521  -31.564 0.0000000000
93223  26.481  -0.307  -34.311 0.0000000000
93247  26.789  -0.561  -37.531 0.0000000000
94082  24.398  0.492  -30.455 0.0000000000
94090  24.263  -0.064  -30.854 0.0000000000
94096  24.487  -0.177  -31.949 0.0000000000
94099  24.524  -0.376  -33.155 0.0000000000
94118  24.311  0.261  -34.210 0.0000000000
94124  26.528  0.569  -35.277 0.0000000000
138393  26.778  -9.989  -30.992 0.0000000000
138470  15.967  -10.515  -31.088 0.0000000000
140259  15.408  -13.324  -30.350 0.0000000000
141328  25.391  -1.628  -31.096 0.0000000000
141727  22.543  -6.250  -30.273 0.0000000000
142168  26.853  -2.599  -32.273 0.0000000000
143283  19.851  -7.874  -31.916 0.0000000000
143757  25.292  -3.937  -29.913 0.0000000000
144258  25.445  -15.694  -31.323 0.0000000000
144262  13.557  -11.357  -29.123 0.0000000000
144842  25.032  -17.077  -30.957 0.0000000000
145347  21.155  -7.046  -31.086 0.0000000000
146771  18.877  -6.309  -32.026 0.0000000000
147075  26.652  -8.977  -31.361 0.0000000000
148179  25.498  -2.917  -30.523 0.0000000000
148400  26.844  -1.626  -34.430 0.0000000000
148690  24.470  -6.457  -29.132 0.0000000000
149019  18.397  -16.875  -29.756 0.0000000000
149857  15.194  -10.283  -30.226 0.0000000000
150225  21.480  -8.250  -30.497 0.0000000000
150879  18.629  -10.733  -31.960 0.0000000000
151261  22.586  -0.993  -31.549 0.0000000000
151907  17.510  -8.911  -31.847 0.0000000000
152147  24.837  0.371  -31.148 0.0000000000
152545  24.443  -0.437  -31.044 0.0000000000
153121  23.706  -12.441  -29.853 0.0000000000
153368  19.582  -9.910  -31.876 0.0000000000
153592  20.912  -10.768  -31.598 0.0000000000
153784  23.242  -9.176  -36.633 0.0000000000
155868  16.888  -8.844  -31.596 0.0000000000
156371  24.929  -7.280  -35.278 0.0000000000
157396  25.188  -3.414  -30.178 0.0000000000
157975  26.384  -9.119  -33.121 0.0000000000
160255  23.806  0.198  -32.241 0.0000000000
160829  26.523  -1.491  -32.558 0.0000000000
161023  20.060  -22.675  -25.728 0.0000000000
161349  26.862  0.189  -36.324 0.0000000000
161487  26.742  -0.456  -35.453 0.0000000000
161677  22.345  -14.962  -29.310 0.0000000000
161836  15.750  -13.797  -29.699 0.0000000000
161890  25.941  -5.007  -30.083 0.0000000000
162111  26.661  -2.131  -31.422 0.0000000000
164093  20.333  -15.153  -30.769 0.0000000000
164378  23.602  -9.930  -29.337 0.0000000000
164663  23.856  -11.208  -29.508 0.0000000000
164780  18.990  -17.668  -28.750 0.0000000000
165004  21.176  -5.293  -32.123 0.0000000000
