#!ascii label  , from subject sub-v2s1x29888_ses-1 vox2ras=TkReg
788
23127  -28.936  -54.926  -12.690 0.6999999881
23928  -29.365  -53.836  -12.164 0.6000000238
170048  -30.655  -54.191  -12.082 0.6000000238
163418  -32.423  -53.843  -12.282 0.4000000060
26659  -23.451  -51.333  -19.849 0.6999999881
190608  -23.364  -50.300  -20.828 0.6999999881
27663  -24.868  -49.686  -19.265 0.6999999881
27675  -24.159  -49.595  -20.013 0.6000000238
27647  -25.751  -49.665  -18.748 0.6999999881
28734  -25.686  -48.851  -18.952 0.6000000238
28721  -27.151  -49.155  -18.163 0.6000000238
28720  -26.666  -48.777  -18.250 0.6000000238
26613  -27.237  -51.095  -16.037 0.6000000238
28690  -26.786  -48.997  -17.443 0.6000000238
28689  -25.907  -49.147  -16.070 0.5000000000
172506  -26.607  -50.739  -14.800 0.5000000000
27600  -26.307  -50.158  -15.186 0.5000000000
162957  -27.165  -51.233  -13.518 0.6000000238
24756  -28.282  -52.910  -12.394 0.6000000238
26555  -27.826  -51.460  -12.389 0.6000000238
25624  -28.570  -52.250  -12.157 0.6000000238
25625  -29.348  -52.100  -12.064 0.6000000238
27672  -22.637  -49.866  -20.143 0.6000000238
28745  -23.228  -49.228  -21.148 0.6000000238
28747  -24.255  -48.737  -20.397 0.6000000238
28733  -24.937  -48.767  -19.562 0.6000000238
30678  -25.476  -47.545  -19.019 0.6000000238
29696  -25.833  -48.058  -18.522 0.6000000238
29675  -26.366  -48.481  -17.648 0.6000000238
29674  -25.598  -48.148  -17.024 0.6000000238
28668  -25.629  -49.099  -15.265 0.6000000238
26589  -26.721  -50.688  -13.907 0.6000000238
28633  -25.994  -49.528  -13.871 0.6999999881
27567  -26.520  -49.969  -13.405 0.6000000238
27554  -27.409  -50.353  -12.536 0.6000000238
174885  -30.567  -52.987  -12.087 0.5000000000
24760  -31.399  -52.844  -12.266 0.5000000000
181075  -22.107  -49.238  -19.545 0.6000000238
28744  -22.749  -48.872  -20.843 0.6000000238
29739  -23.214  -48.489  -21.225 0.6000000238
29740  -23.946  -48.007  -21.429 0.6000000238
163167  -24.750  -47.351  -20.743 0.6000000238
30717  -24.794  -46.894  -21.402 0.6000000238
30686  -25.049  -47.033  -19.492 0.6000000238
30677  -25.066  -47.042  -18.610 0.6000000238
30670  -25.513  -47.575  -18.261 0.6000000238
30657  -24.903  -47.579  -16.864 0.6000000238
29657  -24.867  -47.990  -15.466 0.6999999881
26556  -28.372  -51.136  -12.152 0.6000000238
26557  -29.217  -50.802  -12.084 0.6000000238
24761  -32.239  -53.127  -12.435 0.4000000060
29695  -20.965  -47.800  -18.946 0.6000000238
189463  -21.634  -48.499  -19.437 0.6000000238
29730  -22.551  -47.997  -20.884 0.6000000238
185943  -24.448  -46.969  -22.136 0.6000000238
31709  -24.692  -46.398  -21.936 0.5000000000
31675  -24.733  -46.414  -19.967 0.6000000238
30669  -24.805  -47.127  -17.629 0.6999999881
183021  -25.498  -48.410  -13.710 0.6000000238
28648  -25.541  -48.961  -14.281 0.6000000238
28621  -25.832  -48.956  -13.531 0.6000000238
28622  -26.771  -49.343  -12.831 0.6000000238
181746  -28.236  -49.708  -12.208 0.6000000238
183328  -29.886  -50.251  -12.171 0.6000000238
26558  -30.148  -50.876  -12.156 0.6000000238
25639  -31.852  -51.633  -12.892 0.4000000060
25638  -31.267  -51.263  -12.496 0.5000000000
29694  -20.564  -47.668  -18.307 0.5000000000
30685  -21.153  -47.120  -19.230 0.6000000238
29711  -21.372  -47.687  -19.714 0.6000000238
30701  -21.971  -46.706  -20.531 0.6000000238
30715  -23.337  -47.441  -21.447 0.5000000000
31708  -23.127  -45.912  -21.504 0.5000000000
31725  -24.397  -46.163  -22.280 0.5000000000
32696  -24.474  -45.750  -20.528 0.6000000238
167278  -23.688  -45.200  -19.116 0.6000000238
31665  -24.052  -46.084  -18.534 0.6999999881
31630  -23.968  -46.810  -15.998 0.6999999881
30643  -24.455  -47.412  -15.955 0.6999999881
31614  -24.271  -46.678  -14.472 0.6000000238
29644  -24.853  -47.917  -14.563 0.6999999881
30615  -24.724  -47.248  -14.130 0.6000000238
29624  -25.623  -47.812  -13.250 0.6000000238
167427  -26.261  -48.826  -13.058 0.6000000238
28613  -27.318  -48.992  -12.496 0.6000000238
28615  -28.758  -49.062  -12.208 0.6000000238
26559  -30.781  -50.911  -12.299 0.5000000000
26576  -31.727  -50.814  -13.047 0.4000000060
30675  -20.782  -47.032  -18.098 0.6000000238
170375  -21.440  -45.821  -18.866 0.6000000238
30700  -21.446  -46.908  -19.926 0.5000000000
31707  -22.269  -45.943  -20.852 0.6000000238
32723  -22.842  -45.151  -21.330 0.5000000000
189111  -23.758  -45.354  -21.938 0.6000000238
32724  -23.698  -44.728  -21.876 0.5000000000
32729  -24.480  -45.959  -22.162 0.6000000238
176896  -24.043  -44.712  -21.595 0.5000000000
32710  -24.260  -45.165  -21.193 0.5000000000
33649  -23.364  -44.799  -18.521 0.5000000000
31651  -23.777  -45.938  -17.825 0.6000000238
33637  -23.116  -44.220  -17.693 0.5000000000
32665  -23.297  -45.183  -17.718 0.5000000000
173604  -23.405  -45.681  -16.853 0.6000000238
179224  -23.090  -45.043  -15.850 0.4000000060
31629  -23.668  -46.274  -15.622 0.6999999881
33578  -23.300  -44.849  -14.917 0.4000000060
194720  -25.136  -45.967  -13.273 0.5000000000
31601  -25.410  -46.546  -13.217 0.6000000238
31584  -25.803  -45.879  -13.058 0.5000000000
189187  -26.245  -47.374  -12.903 0.6000000238
31586  -27.422  -46.154  -12.958 0.5000000000
29627  -28.125  -47.721  -12.522 0.6000000238
27570  -31.281  -50.066  -12.862 0.5000000000
177888  -27.957  -46.801  -12.783 0.6000000238
29617  -29.176  -48.396  -12.320 0.6000000238
27569  -30.812  -49.404  -12.656 0.6000000238
32664  -21.274  -45.428  -17.674 0.5000000000
32693  -21.688  -45.460  -19.451 0.5000000000
32709  -22.041  -45.330  -20.540 0.5000000000
179955  -22.464  -44.036  -21.220 0.4000000060
34662  -23.525  -43.500  -22.127 0.4000000060
33671  -23.925  -44.537  -20.704 0.5000000000
33661  -23.652  -44.464  -19.484 0.5000000000
184630  -23.553  -43.630  -19.447 0.5000000000
34577  -23.164  -43.637  -15.378 0.4000000060
33595  -23.004  -43.946  -16.807 0.4000000060
186403  -23.084  -44.338  -15.332 0.4000000060
33579  -23.974  -44.596  -14.218 0.5000000000
186445  -24.259  -45.292  -14.026 0.5000000000
33558  -24.835  -44.820  -13.688 0.5000000000
32612  -25.304  -45.381  -13.295 0.5000000000
32594  -26.468  -45.366  -13.082 0.5000000000
29630  -30.713  -47.892  -13.183 0.5000000000
28624  -30.918  -48.575  -13.070 0.5000000000
173211  -28.838  -47.253  -12.738 0.6000000238
28623  -30.281  -48.818  -12.502 0.5000000000
182385  -23.767  -43.218  -20.410 0.4000000060
194144  -23.481  -43.009  -19.421 0.5000000000
175062  -23.244  -43.241  -18.713 0.5000000000
35642  -23.076  -42.744  -17.878 0.5000000000
34578  -24.160  -43.653  -14.216 0.4000000060
33537  -26.280  -44.832  -13.216 0.5000000000
30617  -30.589  -46.997  -13.638 0.5000000000
28634  -31.534  -48.651  -13.774 0.3000000119
33559  -26.423  -44.166  -13.452 0.5000000000
32596  -28.287  -45.708  -13.195 0.5000000000
30606  -29.574  -46.983  -13.032 0.5000000000
35650  -23.227  -42.550  -18.876 0.4000000060
34598  -23.054  -43.289  -16.209 0.4000000060
36722  -23.095  -41.965  -18.246 0.4000000060
35608  -23.748  -42.392  -15.042 0.4000000060
35623  -23.272  -42.455  -15.893 0.4000000060
34553  -25.115  -43.298  -13.935 0.4000000060
35586  -25.067  -42.407  -14.069 0.4000000060
34554  -26.113  -43.414  -13.744 0.5000000000
31604  -30.941  -46.682  -14.178 0.4000000060
30618  -31.110  -47.352  -13.948 0.4000000060
33539  -27.795  -44.854  -13.369 0.5000000000
31603  -30.263  -46.324  -13.845 0.5000000000
33560  -27.420  -44.097  -13.613 0.5000000000
32614  -29.083  -45.311  -13.699 0.5000000000
32597  -29.149  -45.899  -13.390 0.5000000000
36668  -24.939  -41.544  -14.230 0.4000000060
170768  -25.884  -42.662  -13.907 0.4000000060
32615  -30.179  -45.712  -14.192 0.4000000060
31602  -29.695  -45.763  -13.757 0.5000000000
34555  -26.945  -43.519  -13.701 0.5000000000
33561  -28.242  -44.320  -13.798 0.5000000000
36669  -25.733  -41.910  -13.984 0.4000000060
33581  -30.101  -44.756  -14.937 0.4000000060
32638  -30.695  -45.044  -15.453 0.3000000119
35587  -26.727  -42.842  -13.854 0.5000000000
34556  -28.019  -43.583  -13.953 0.5000000000
33562  -29.031  -44.539  -14.054 0.5000000000
37849  -25.748  -41.173  -14.033 0.4000000060
33597  -29.771  -44.139  -15.130 0.3000000119
33598  -30.300  -44.448  -15.646 0.3000000119
36670  -26.500  -42.125  -13.922 0.4000000060
34558  -29.193  -43.834  -14.567 0.5000000000
35589  -28.091  -42.779  -14.116 0.4000000060
34579  -28.627  -43.279  -14.298 0.5000000000
37851  -27.317  -40.804  -13.998 0.4000000060
34600  -29.970  -43.831  -15.873 0.3000000119
33619  -31.083  -44.524  -16.840 0.3000000119
170693  -26.968  -41.513  -13.933 0.4000000060
34599  -29.480  -43.484  -15.348 0.4000000060
36672  -28.179  -42.013  -14.215 0.4000000060
164885  -28.587  -42.547  -14.464 0.4000000060
38981  -27.601  -40.094  -14.100 0.5000000000
34613  -30.152  -43.566  -16.649 0.3000000119
34614  -30.740  -43.908  -17.080 0.4000000060
35652  -30.802  -43.046  -18.879 0.4000000060
34639  -31.141  -43.672  -18.555 0.4000000060
37866  -28.045  -40.703  -14.207 0.4000000060
35624  -29.273  -42.803  -15.636 0.5000000000
35635  -29.882  -42.947  -16.935 0.4000000060
36699  -28.835  -41.512  -15.187 0.5000000000
193903  -28.583  -41.935  -14.629 0.5000000000
36700  -29.150  -42.112  -15.901 0.5000000000
35643  -29.626  -42.350  -17.217 0.4000000060
35644  -30.053  -42.751  -17.677 0.4000000060
35658  -30.396  -42.446  -19.165 0.4000000060
34645  -31.270  -43.585  -19.383 0.3000000119
38982  -28.229  -40.040  -14.474 0.5000000000
37878  -28.928  -40.770  -15.628 0.5000000000
36729  -30.097  -41.808  -19.410 0.4000000060
35671  -30.455  -42.112  -20.744 0.3000000119
40140  -28.722  -39.076  -15.200 0.5000000000
36728  -29.687  -41.311  -18.942 0.4000000060
36724  -29.965  -41.955  -18.668 0.4000000060
35665  -30.487  -42.301  -19.962 0.4000000060
35666  -30.914  -42.829  -20.706 0.3000000119
193609  -28.342  -39.466  -14.738 0.5000000000
174617  -29.106  -41.437  -16.175 0.5000000000
36714  -29.441  -41.707  -17.431 0.5000000000
38993  -29.040  -40.187  -16.037 0.5000000000
37915  -29.951  -41.088  -20.437 0.4000000060
37923  -29.990  -41.141  -21.326 0.4000000060
41256  -28.933  -38.496  -15.537 0.5000000000
170129  -30.292  -42.189  -22.024 0.3000000119
39004  -29.153  -39.669  -16.436 0.5000000000
39008  -29.231  -39.868  -17.259 0.5000000000
37899  -29.424  -40.735  -18.478 0.5000000000
164974  -29.137  -40.823  -16.529 0.5000000000
170508  -28.955  -37.786  -15.651 0.5000000000
40167  -29.277  -39.383  -19.288 0.5000000000
37932  -29.588  -40.975  -23.160 0.3000000119
36745  -30.055  -41.664  -22.100 0.3000000119
41266  -29.278  -38.279  -16.992 0.5000000000
164243  -29.221  -38.724  -18.234 0.5000000000
163117  -29.236  -39.304  -17.785 0.5000000000
23927  -28.687  -53.567  -12.300 0.6000000238
23931  -31.717  -53.594  -12.213 0.5000000000
185756  -26.537  -49.967  -15.982 0.6000000238
31666  -24.644  -46.493  -19.010 0.6999999881
27555  -29.174  -49.833  -12.149 0.6000000238
179931  -24.007  -46.485  -17.271 0.6999999881
28616  -29.578  -48.994  -12.242 0.6000000238
182851  -24.476  -47.368  -14.952 0.6999999881
31599  -24.200  -45.943  -14.154 0.5000000000
29626  -27.125  -47.682  -12.681 0.6000000238
34637  -23.300  -43.979  -18.645 0.5000000000
34626  -23.117  -43.508  -18.030 0.5000000000
32650  -23.362  -45.816  -15.977 0.4000000060
29628  -29.558  -47.750  -12.658 0.5000000000
194076  -24.049  -42.653  -14.588 0.4000000060
176300  -24.701  -44.085  -13.918 0.5000000000
35633  -23.072  -42.602  -16.807 0.4000000060
34627  -30.359  -43.352  -17.388 0.4000000060
35659  -30.904  -42.940  -19.710 0.3000000119
40150  -29.234  -39.046  -16.886 0.5000000000
39021  -29.331  -40.037  -18.881 0.5000000000
22366  -28.972  -54.714  -23.316 0.5000000000
20437  -29.598  -56.882  -21.979 0.5000000000
21419  -29.396  -56.063  -22.062 0.5000000000
19361  -31.616  -58.538  -19.356 0.5000000000
19414  -31.086  -58.231  -21.763 0.5000000000
20424  -30.070  -57.597  -21.832 0.4000000060
22355  -29.269  -54.621  -21.686 0.5000000000
20423  -29.604  -57.021  -20.772 0.6000000238
175269  -29.334  -55.547  -21.463 0.6000000238
19380  -30.458  -58.180  -20.248 0.5000000000
20408  -29.875  -57.599  -20.205 0.5000000000
180293  -33.330  -57.099  -18.183 0.4000000060
24849  -28.571  -51.976  -21.481 0.6999999881
24012  -29.228  -52.492  -21.035 0.6999999881
23192  -29.275  -54.276  -20.541 0.6999999881
20392  -29.399  -56.828  -19.316 0.5000000000
21386  -29.285  -55.974  -19.708 0.6999999881
19336  -31.037  -58.364  -18.680 0.5000000000
19359  -30.265  -58.098  -18.858 0.5000000000
20393  -29.668  -57.547  -18.939 0.5000000000
19294  -32.679  -57.467  -16.971 0.5000000000
19337  -31.941  -58.232  -18.509 0.5000000000
23171  -26.521  -54.541  -17.780 0.5000000000
23178  -27.379  -54.362  -18.906 0.6999999881
166899  -27.860  -52.056  -20.299 0.6999999881
24011  -27.743  -52.777  -20.544 0.6999999881
188396  -28.493  -51.712  -20.859 0.6999999881
173148  -29.292  -53.394  -21.119 0.6000000238
21359  -29.201  -56.579  -18.077 0.6999999881
22321  -29.231  -55.470  -18.383 0.6000000238
19292  -31.011  -57.932  -16.910 0.5000000000
19310  -30.372  -57.988  -17.394 0.6000000238
20372  -29.472  -57.399  -18.216 0.6000000238
19293  -31.834  -57.855  -17.016 0.5000000000
20322  -33.782  -57.218  -16.113 0.5000000000
23990  -26.005  -53.902  -17.773 0.5000000000
23999  -27.243  -53.453  -18.950 0.6999999881
24006  -29.327  -52.521  -20.221 0.6999999881
24833  -29.063  -52.444  -18.718 0.6999999881
25721  -28.539  -51.310  -19.908 0.6999999881
23185  -29.300  -54.095  -19.385 0.8000000119
23172  -29.118  -54.130  -18.213 0.6999999881
20338  -29.332  -57.224  -16.623 0.6000000238
21347  -28.959  -56.251  -16.751 0.6999999881
19277  -30.748  -57.757  -16.155 0.6999999881
20339  -29.851  -57.691  -16.297 0.6000000238
181911  -32.750  -57.408  -16.330 0.6000000238
20340  -31.614  -57.594  -15.876 0.6000000238
20294  -33.818  -57.162  -14.701 0.6000000238
23971  -24.809  -53.798  -16.227 0.5000000000
23976  -24.852  -53.554  -17.288 0.6000000238
23977  -25.340  -53.975  -17.360 0.5000000000
23989  -25.177  -53.345  -17.935 0.6000000238
169797  -26.910  -52.897  -18.750 0.6000000238
24838  -27.795  -51.658  -19.745 0.6999999881
24832  -28.774  -51.741  -18.683 0.6999999881
25711  -28.534  -51.220  -19.174 0.6000000238
24000  -29.185  -53.307  -18.641 0.6999999881
24819  -28.909  -53.078  -18.016 0.6999999881
179362  -29.127  -54.904  -17.862 0.6999999881
20291  -30.812  -57.346  -14.763 0.6999999881
20268  -32.411  -57.127  -14.275 0.6999999881
20292  -31.806  -57.353  -15.048 0.6999999881
188780  -24.228  -52.511  -15.959 0.5000000000
24829  -24.552  -52.649  -18.388 0.6000000238
24830  -26.354  -52.340  -18.680 0.6000000238
25719  -27.288  -51.082  -18.955 0.6000000238
23979  -28.601  -53.756  -17.096 0.8000000119
23978  -28.309  -53.337  -16.646 0.5000000000
25684  -28.164  -51.363  -17.548 0.6000000238
171872  -28.711  -55.915  -16.189 0.6999999881
22257  -28.472  -55.244  -15.080 0.6999999881
20266  -30.568  -57.000  -13.970 0.6999999881
21311  -29.806  -56.732  -14.067 0.6999999881
21289  -33.022  -56.873  -13.625 0.5000000000
21288  -32.073  -56.876  -13.564 0.6999999881
21271  -33.360  -56.408  -13.062 0.5000000000
170863  -24.108  -52.188  -15.146 0.5000000000
25682  -23.890  -51.868  -16.468 0.5000000000
181229  -23.753  -52.019  -18.267 0.6000000238
24816  -24.094  -52.511  -17.957 0.6000000238
24828  -24.130  -52.203  -18.958 0.6000000238
162550  -25.936  -51.142  -18.701 0.6000000238
26661  -25.061  -51.468  -18.866 0.6000000238
26647  -26.809  -50.432  -18.630 0.6000000238
192524  -26.401  -49.845  -18.586 0.6000000238
23963  -27.877  -53.737  -14.391 0.6000000238
24799  -27.740  -52.585  -15.855 0.5000000000
27649  -27.569  -49.693  -18.179 0.5000000000
22216  -28.642  -55.093  -13.353 0.6000000238
23137  -28.258  -54.486  -13.792 0.6000000238
21267  -30.239  -56.177  -13.003 0.6000000238
22217  -29.168  -55.519  -13.124 0.6000000238
193213  -31.936  -54.954  -12.152 0.5000000000
26597  -23.551  -50.991  -15.325 0.5000000000
26626  -23.603  -51.300  -16.781 0.6000000238
25717  -23.775  -51.765  -19.293 0.6000000238
25674  -27.873  -52.018  -16.635 0.5000000000
27635  -27.562  -49.845  -17.553 0.5000000000
23952  -27.702  -53.156  -13.828 0.4000000060
170953  -27.506  -52.626  -14.170 0.5000000000
189543  -27.194  -51.788  -14.899 0.5000000000
23106  -30.308  -54.840  -12.158 0.6000000238
26596  -23.082  -50.582  -14.684 0.5000000000
172526  -23.309  -50.761  -16.172 0.6000000238
26632  -23.087  -50.846  -17.961 0.6000000238
25692  -23.366  -51.589  -18.666 0.6000000238
24774  -27.605  -52.537  -13.450 0.5000000000
26590  -26.963  -51.312  -14.424 0.4000000060
27584  -22.580  -50.290  -14.089 0.5000000000
27610  -22.480  -49.732  -15.628 0.5000000000
190952  -22.829  -50.028  -16.387 0.6000000238
27661  -22.838  -50.442  -19.773 0.6000000238
27582  -21.312  -49.765  -13.867 0.5000000000
27598  -22.006  -49.554  -15.099 0.5000000000
27609  -22.247  -49.388  -16.230 0.6000000238
27645  -22.350  -49.624  -18.329 0.6000000238
27581  -20.412  -49.671  -13.785 0.5000000000
28632  -20.695  -49.268  -14.400 0.5000000000
28647  -21.484  -49.183  -15.401 0.5000000000
167455  -21.371  -48.811  -17.337 0.6000000238
28702  -21.971  -49.173  -17.637 0.6000000238
28645  -19.516  -49.221  -14.588 0.5000000000
28665  -20.379  -48.874  -15.655 0.5000000000
27596  -18.828  -49.344  -14.560 0.5000000000
28701  -21.273  -48.595  -18.052 0.5000000000
163396  -19.082  -49.007  -15.390 0.5000000000
193602  -20.459  -48.491  -16.988 0.5000000000
27594  -16.887  -49.362  -15.274 0.5000000000
28662  -17.634  -49.047  -15.896 0.5000000000
185363  -19.527  -48.429  -16.527 0.5000000000
28700  -20.652  -48.359  -17.516 0.4000000060
28683  -16.554  -48.722  -16.399 0.5000000000
171155  -18.787  -48.640  -16.367 0.5000000000
29672  -19.179  -48.147  -16.637 0.4000000060
28686  -19.993  -48.172  -17.031 0.4000000060
29670  -17.571  -48.608  -16.490 0.4000000060
30654  -18.651  -47.821  -16.394 0.4000000060
30655  -19.347  -47.478  -16.568 0.4000000060
23126  -28.465  -54.411  -12.935 0.6000000238
166319  -30.761  -55.348  -12.259 0.5000000000
178505  -33.172  -55.358  -12.345 0.4000000060
26627  -27.889  -50.537  -17.520 0.6000000238
30668  -20.313  -47.498  -17.673 0.4000000060
31649  -20.744  -46.624  -17.283 0.4000000060
181098  -29.332  -53.274  -19.477 0.6999999881
22270  -28.557  -55.244  -15.973 0.6999999881
20290  -30.037  -57.128  -14.664 0.6999999881
21331  -29.053  -56.688  -15.839 0.6999999881
24806  -28.130  -52.751  -16.624 0.6000000238
186306  -27.912  -50.393  -18.521 0.6000000238
21287  -31.244  -56.819  -13.479 0.6999999881
23152  -28.347  -54.531  -15.656 0.6999999881
22258  -28.752  -55.880  -14.603 0.6999999881
21257  -31.444  -56.121  -12.582 0.6000000238
21258  -32.097  -56.080  -12.520 0.6000000238
19291  -30.282  -57.861  -16.759 0.6000000238
19311  -31.286  -58.152  -17.750 0.5000000000
19312  -32.277  -57.908  -17.697 0.5000000000
19335  -30.388  -58.109  -18.137 0.5000000000
19338  -32.733  -57.766  -18.332 0.4000000060
19360  -30.769  -58.383  -19.490 0.5000000000
19381  -31.246  -58.496  -20.265 0.5000000000
19399  -30.479  -58.042  -21.593 0.4000000060
20267  -31.476  -57.130  -14.156 0.6999999881
20269  -33.661  -56.992  -13.991 0.5000000000
20289  -29.488  -57.086  -15.212 0.6999999881
20293  -32.912  -57.237  -15.072 0.6999999881
20317  -29.506  -57.340  -15.866 0.6999999881
20318  -30.147  -57.507  -15.464 0.6000000238
20319  -30.996  -57.568  -15.439 0.6999999881
20320  -32.408  -57.444  -15.774 0.6000000238
20321  -33.136  -57.265  -15.909 0.6000000238
20352  -29.380  -57.315  -17.494 0.6000000238
20353  -29.722  -57.764  -17.043 0.6000000238
20354  -33.019  -57.295  -17.656 0.4000000060
20373  -29.758  -57.816  -17.774 0.6000000238
20407  -29.462  -56.834  -20.039 0.5000000000
21256  -30.827  -55.894  -12.504 0.6000000238
21266  -29.538  -56.195  -13.485 0.6999999881
21268  -31.022  -56.372  -12.979 0.6000000238
21269  -31.745  -56.475  -13.013 0.6000000238
21270  -32.541  -56.473  -13.033 0.6000000238
21286  -30.135  -56.590  -13.568 0.6999999881
21290  -33.896  -56.785  -13.470 0.5000000000
21373  -29.310  -56.106  -18.901 0.6999999881
21398  -29.345  -55.977  -20.617 0.6000000238
21420  -29.512  -56.507  -22.555 0.5000000000
21430  -29.284  -55.778  -22.882 0.5000000000
22196  -29.408  -55.324  -12.608 0.6000000238
22197  -31.521  -55.576  -12.272 0.5000000000
22198  -32.386  -55.500  -12.260 0.5000000000
22218  -29.641  -55.776  -12.885 0.6000000238
22219  -32.875  -56.010  -12.561 0.5000000000
22220  -33.631  -55.884  -12.678 0.5000000000
22242  -28.497  -55.197  -14.195 0.6000000238
22243  -28.933  -55.738  -13.815 0.6999999881
22271  -28.712  -55.960  -15.425 0.6999999881
22287  -28.825  -55.257  -16.940 0.6999999881
22306  -26.407  -55.148  -17.323 0.5000000000
22330  -29.303  -55.079  -19.267 0.6000000238
22337  -29.268  -55.101  -20.131 0.6999999881
22346  -29.267  -54.962  -20.904 0.5000000000
23104  -28.809  -54.237  -12.406 0.6999999881
23105  -29.478  -54.749  -12.306 0.6000000238
23107  -31.199  -54.746  -12.125 0.5000000000
23108  -31.880  -54.285  -12.164 0.5000000000
23144  -28.237  -54.510  -14.733 0.6000000238
23159  -24.989  -53.978  -16.851 0.5000000000
23161  -28.551  -54.506  -16.576 0.6999999881
23162  -28.892  -54.367  -17.436 0.6999999881
23177  -27.004  -54.652  -18.252 0.5000000000
23179  -29.259  -54.583  -18.646 0.8000000119
23929  -30.215  -53.671  -12.075 0.6000000238
23930  -30.992  -53.538  -12.115 0.6000000238
23942  -28.326  -53.704  -12.612 0.6000000238
23953  -28.056  -53.789  -13.387 0.4000000060
23972  -28.050  -53.254  -15.974 0.5000000000
23991  -28.524  -53.022  -17.327 0.6999999881
23992  -28.940  -53.691  -17.834 0.8000000119
23998  -26.788  -53.895  -18.354 0.6999999881
24005  -27.490  -53.346  -19.676 0.6999999881
24019  -29.053  -52.680  -21.810 0.6000000238
24755  -28.006  -52.135  -12.422 0.6000000238
24757  -29.104  -52.914  -12.098 0.6000000238
24758  -30.037  -52.428  -12.077 0.5000000000
24759  -30.797  -52.368  -12.183 0.5000000000
24765  -27.910  -53.121  -13.014 0.6000000238
24766  -32.046  -52.378  -12.677 0.4000000060
24786  -27.605  -53.036  -14.503 0.5000000000
24787  -27.757  -53.159  -15.160 0.6000000238
24798  -24.595  -53.217  -15.780 0.5000000000
24804  -24.131  -52.547  -17.022 0.6000000238
24805  -24.554  -53.182  -16.680 0.6000000238
24817  -24.539  -53.001  -17.599 0.6000000238
24818  -28.711  -52.411  -18.007 0.6999999881
24831  -27.374  -52.514  -19.378 0.6999999881
24837  -27.219  -51.714  -19.073 0.6000000238
24839  -29.186  -51.936  -20.148 0.6999999881
24842  -28.170  -52.190  -21.198 0.6999999881
24843  -28.747  -51.699  -20.994 0.6999999881
24844  -29.060  -51.888  -20.805 0.6999999881
24850  -28.861  -52.055  -21.548 0.6999999881
25626  -31.325  -52.013  -12.405 0.5000000000
25637  -27.551  -51.844  -12.946 0.5000000000
25646  -27.327  -51.970  -14.050 0.4000000060
25657  -27.456  -52.433  -14.928 0.5000000000
25672  -23.903  -51.706  -15.627 0.5000000000
25673  -27.409  -51.800  -15.761 0.5000000000
25683  -27.646  -51.238  -16.697 0.6000000238
25693  -23.814  -51.947  -17.361 0.6000000238
25694  -28.442  -51.222  -18.431 0.6000000238
25706  -23.473  -51.563  -19.464 0.6000000238
25707  -23.761  -51.986  -19.005 0.6000000238
25708  -24.772  -52.278  -18.778 0.6000000238
25709  -25.689  -51.934  -18.663 0.6000000238
25710  -26.525  -51.382  -18.742 0.6000000238
25718  -24.246  -52.009  -19.147 0.6000000238
25720  -28.032  -51.188  -19.480 0.6000000238
25722  -28.996  -51.692  -19.571 0.6999999881
25727  -28.359  -51.530  -20.212 0.6999999881
25728  -28.627  -51.506  -20.546 0.6999999881
25729  -28.867  -51.573  -20.415 0.6999999881
26574  -27.025  -50.538  -13.122 0.6000000238
26575  -31.164  -50.638  -12.547 0.5000000000
26598  -26.918  -51.291  -15.299 0.5000000000
26611  -23.699  -51.273  -16.061 0.5000000000
26612  -26.809  -50.573  -15.822 0.6000000238
26625  -23.203  -50.736  -17.034 0.6000000238
26633  -23.462  -51.419  -17.672 0.6000000238
26634  -28.165  -50.626  -18.223 0.6000000238
26645  -22.999  -50.894  -18.941 0.6000000238
26646  -25.757  -50.520  -18.709 0.6000000238
26648  -27.558  -50.055  -18.459 0.5000000000
26658  -23.290  -51.054  -20.048 0.6999999881
26660  -24.033  -51.514  -19.420 0.6000000238
26662  -27.753  -50.612  -18.850 0.6000000238
26663  -28.191  -50.934  -19.180 0.6000000238
26668  -23.308  -50.725  -20.444 0.6999999881
27556  -30.654  -50.214  -12.323 0.5000000000
27564  -20.021  -50.058  -13.190 0.5000000000
27568  -27.016  -49.968  -12.821 0.6000000238
27583  -22.012  -49.793  -14.350 0.5000000000
27585  -26.283  -50.154  -14.267 0.6000000238
27595  -17.870  -49.503  -14.689 0.5000000000
27597  -21.392  -49.372  -14.662 0.5000000000
27599  -22.580  -49.983  -14.872 0.5000000000
27622  -22.388  -49.560  -16.966 0.6000000238
27623  -27.053  -49.939  -16.671 0.5000000000
27633  -22.480  -49.707  -17.637 0.6000000238
27634  -22.836  -50.128  -17.323 0.6000000238
27636  -27.941  -50.032  -17.990 0.5000000000
27646  -22.760  -50.181  -18.145 0.6000000238
27648  -27.187  -49.595  -18.409 0.6000000238
27660  -22.357  -49.725  -19.236 0.6000000238
27662  -23.874  -50.603  -19.903 0.6999999881
27673  -23.155  -50.487  -20.522 0.6999999881
27674  -23.411  -50.272  -20.832 0.6999999881
27683  -23.363  -49.627  -21.036 0.6000000238
28614  -27.952  -49.033  -12.304 0.6000000238
28625  -31.398  -49.346  -13.283 0.5000000000
28631  -20.054  -49.299  -14.301 0.5000000000
28644  -18.366  -49.160  -15.258 0.5000000000
28646  -20.850  -49.048  -15.109 0.5000000000
28649  -25.894  -49.630  -14.698 0.5000000000
28661  -16.321  -49.026  -16.001 0.5000000000
28663  -18.349  -48.931  -15.981 0.5000000000
28664  -19.664  -48.782  -15.971 0.5000000000
28666  -20.980  -48.912  -15.870 0.5000000000
28667  -21.645  -49.060  -16.087 0.5000000000
28669  -26.097  -49.605  -15.631 0.5000000000
28682  -16.040  -48.728  -16.267 0.5000000000
28684  -17.198  -48.711  -16.445 0.4000000060
28685  -17.942  -48.674  -16.461 0.4000000060
28687  -21.046  -48.780  -16.721 0.5000000000
28688  -21.827  -49.095  -16.788 0.6000000238
28691  -27.123  -49.442  -17.282 0.6000000238
28703  -26.891  -48.816  -17.998 0.6000000238
28704  -27.290  -49.225  -17.894 0.6000000238
28718  -21.832  -49.016  -18.676 0.6000000238
28719  -26.249  -48.911  -18.570 0.6000000238
28732  -22.351  -49.115  -20.251 0.6000000238
28746  -23.642  -49.514  -20.904 0.6000000238
28755  -23.519  -48.776  -21.219 0.6000000238
28756  -23.733  -48.774  -21.119 0.6000000238
29615  -27.618  -48.398  -12.468 0.6000000238
29616  -28.406  -48.407  -12.336 0.6000000238
29618  -29.807  -48.390  -12.414 0.5000000000
29625  -26.270  -48.151  -12.922 0.6000000238
29629  -30.276  -48.125  -12.809 0.5000000000
29635  -25.119  -47.837  -13.847 0.6000000238
29636  -31.132  -47.972  -13.616 0.3000000119
29645  -25.206  -48.506  -14.962 0.6000000238
29658  -25.422  -48.570  -16.005 0.6000000238
29671  -18.335  -48.452  -16.487 0.4000000060
29673  -24.998  -47.988  -16.278 0.6999999881
29681  -19.878  -47.788  -17.078 0.4000000060
29682  -20.326  -47.844  -17.698 0.4000000060
29683  -20.712  -48.004  -18.286 0.4000000060
29684  -25.895  -48.033  -17.885 0.6000000238
29685  -26.369  -48.441  -18.153 0.6000000238
29697  -26.120  -48.476  -18.541 0.6000000238
29712  -22.032  -48.270  -20.237 0.6000000238
29713  -25.528  -48.076  -19.153 0.6000000238
29729  -21.910  -47.467  -20.337 0.6000000238
29731  -24.862  -47.952  -20.098 0.6000000238
29741  -24.381  -47.905  -21.135 0.6000000238
29747  -24.417  -47.399  -21.833 0.6000000238
30605  -25.687  -47.113  -13.133 0.6000000238
30607  -30.255  -47.413  -13.139 0.5000000000
30608  -30.796  -47.502  -13.461 0.5000000000
30616  -25.167  -47.184  -13.496 0.6000000238
30627  -24.019  -46.823  -15.285 0.6999999881
30656  -20.130  -46.985  -16.785 0.4000000060
30658  -25.372  -47.685  -17.538 0.6000000238
30676  -20.883  -47.290  -18.672 0.6000000238
30687  -25.087  -47.436  -19.766 0.6000000238
30702  -24.869  -46.932  -20.418 0.6000000238
30714  -22.699  -46.637  -21.124 0.5000000000
30716  -24.128  -47.440  -21.857 0.6000000238
30729  -24.217  -46.730  -22.206 0.5000000000
30730  -24.633  -46.927  -22.008 0.6000000238
31585  -26.644  -46.050  -12.961 0.5000000000
31587  -28.924  -46.482  -13.069 0.5000000000
31588  -29.645  -46.339  -13.356 0.5000000000
31589  -30.087  -46.786  -13.359 0.5000000000
31600  -24.753  -46.464  -13.728 0.5000000000
31613  -23.820  -46.136  -14.853 0.5000000000
31615  -30.712  -46.037  -14.489 0.4000000060
31638  -20.443  -45.970  -16.613 0.4000000060
31639  -23.726  -46.379  -16.407 0.6000000238
31640  -24.259  -47.003  -16.694 0.6999999881
31650  -21.104  -46.181  -17.799 0.5000000000
31652  -24.370  -46.540  -18.136 0.6999999881
31664  -21.162  -46.506  -18.608 0.6000000238
31674  -21.377  -46.327  -19.396 0.5000000000
31689  -21.685  -46.015  -20.128 0.6000000238
31690  -24.771  -46.370  -21.034 0.5000000000
31724  -24.006  -45.980  -22.164 0.5000000000
31726  -24.525  -46.519  -22.270 0.5000000000
32593  -25.877  -45.237  -13.159 0.5000000000
32595  -27.275  -45.465  -13.103 0.5000000000
32610  -23.740  -45.420  -14.532 0.5000000000
32611  -24.720  -45.637  -13.637 0.5000000000
32613  -28.501  -44.934  -13.614 0.5000000000
32625  -29.745  -45.119  -14.251 0.4000000060
32626  -30.422  -45.402  -14.756 0.4000000060
32680  -23.683  -45.522  -18.481 0.6000000238
32681  -24.097  -45.822  -19.330 0.6999999881
32694  -21.943  -44.845  -20.013 0.5000000000
32695  -23.947  -45.187  -19.995 0.5000000000
32711  -24.629  -45.759  -21.688 0.6000000238
32725  -24.303  -45.324  -21.911 0.6000000238
32728  -24.187  -45.526  -22.014 0.6000000238
33536  -25.673  -44.739  -13.353 0.5000000000
33538  -26.962  -44.762  -13.238 0.5000000000
33580  -29.565  -44.481  -14.578 0.3000000119
33596  -23.024  -44.155  -16.055 0.4000000060
33599  -30.850  -44.717  -16.141 0.3000000119
33617  -23.064  -44.721  -16.838 0.5000000000
33618  -30.490  -44.171  -16.380 0.3000000119
33670  -22.261  -44.642  -20.907 0.4000000060
33678  -23.006  -44.339  -21.639 0.4000000060
33680  -23.870  -43.918  -21.404 0.4000000060
33685  -23.728  -44.602  -21.781 0.5000000000
34557  -28.660  -43.907  -14.104 0.5000000000
34611  -23.016  -43.378  -17.229 0.5000000000
34612  -29.647  -43.218  -16.182 0.3000000119
34628  -30.949  -43.759  -17.784 0.4000000060
34638  -30.587  -43.183  -18.116 0.4000000060
34650  -23.789  -43.936  -20.267 0.5000000000
35588  -27.450  -43.097  -13.912 0.5000000000
35609  -24.389  -42.878  -14.259 0.4000000060
35610  -29.015  -43.052  -14.840 0.4000000060
35634  -29.455  -42.575  -16.469 0.5000000000
35651  -30.244  -42.589  -18.409 0.4000000060
36671  -27.403  -42.249  -13.982 0.4000000060
36686  -24.362  -42.231  -14.433 0.4000000060
36687  -28.382  -41.349  -14.411 0.4000000060
36688  -28.886  -42.329  -15.085 0.5000000000
36707  -29.324  -41.942  -16.718 0.5000000000
36715  -29.789  -42.143  -17.935 0.4000000060
36723  -29.543  -41.476  -18.172 0.4000000060
36734  -30.162  -41.687  -20.154 0.4000000060
36739  -30.272  -41.855  -21.407 0.3000000119
36748  -29.880  -41.520  -22.856 0.3000000119
37850  -26.510  -40.955  -13.958 0.4000000060
37852  -27.758  -41.416  -14.072 0.4000000060
37877  -28.537  -40.703  -14.774 0.5000000000
37891  -29.304  -40.806  -17.479 0.5000000000
37907  -29.879  -41.162  -19.679 0.4000000060
37929  -29.811  -41.008  -22.268 0.3000000119
38970  -26.807  -40.251  -13.982 0.5000000000
38992  -28.718  -39.957  -15.156 0.5000000000
39016  -29.294  -40.035  -18.089 0.5000000000
40141  -29.099  -39.045  -15.952 0.5000000000
41257  -29.187  -38.416  -16.199 0.5000000000
162369  -26.098  -48.804  -16.818 0.5000000000
163610  -29.089  -56.500  -14.978 0.6999999881
163865  -20.272  -48.632  -16.461 0.5000000000
163979  -25.486  -44.065  -13.667 0.5000000000
164117  -28.285  -53.879  -16.218 0.5000000000
164512  -30.771  -58.244  -20.982 0.5000000000
164698  -29.248  -39.377  -18.557 0.5000000000
164895  -27.803  -50.781  -12.301 0.6000000238
164941  -32.149  -57.643  -16.395 0.5000000000
165400  -28.089  -53.841  -15.352 0.6000000238
165403  -30.529  -51.641  -12.167 0.6000000238
165601  -24.900  -50.591  -19.065 0.6000000238
165665  -29.247  -38.703  -17.560 0.5000000000
166227  -29.267  -52.501  -19.466 0.6999999881
166266  -29.678  -51.481  -12.057 0.6000000238
166307  -26.085  -46.628  -12.953 0.5000000000
168039  -27.619  -53.567  -20.357 0.6999999881
168062  -31.300  -54.051  -12.113 0.5000000000
168100  -23.320  -42.966  -15.427 0.4000000060
168144  -23.368  -45.614  -15.246 0.4000000060
169217  -23.715  -43.158  -14.767 0.4000000060
169385  -28.404  -50.419  -12.147 0.6000000238
169725  -28.871  -51.593  -12.055 0.6000000238
169795  -29.247  -53.890  -18.859 0.6999999881
170406  -30.122  -57.794  -21.013 0.5000000000
170685  -27.418  -50.508  -16.724 0.6000000238
170764  -30.633  -42.440  -21.478 0.3000000119
170778  -30.107  -57.940  -19.549 0.5000000000
170833  -30.633  -56.651  -13.378 0.6999999881
170885  -29.681  -57.386  -19.607 0.5000000000
171492  -20.051  -49.038  -15.015 0.5000000000
171584  -27.468  -49.652  -12.421 0.6000000238
171995  -29.081  -55.809  -17.560 0.6999999881
172007  -23.011  -50.301  -15.504 0.6000000238
172029  -28.529  -51.795  -17.989 0.6000000238
172302  -21.335  -45.770  -18.292 0.5000000000
172877  -29.340  -53.446  -20.236 0.6999999881
173539  -27.440  -51.030  -12.733 0.6000000238
173791  -33.281  -57.155  -16.582 0.5000000000
175014  -29.853  -57.833  -18.380 0.5000000000
175189  -16.902  -48.966  -16.164 0.5000000000
175249  -30.097  -49.568  -12.285 0.6000000238
175368  -29.001  -39.577  -15.703 0.5000000000
175489  -32.642  -54.651  -12.210 0.4000000060
175561  -31.346  -58.392  -21.043 0.5000000000
175816  -29.229  -56.356  -14.238 0.6999999881
177070  -29.227  -37.844  -16.410 0.5000000000
177726  -29.114  -56.673  -17.294 0.6000000238
177997  -26.859  -48.575  -12.691 0.6000000238
178705  -26.535  -49.420  -16.567 0.6000000238
179101  -24.643  -47.286  -21.573 0.6000000238
179364  -23.462  -44.026  -14.739 0.4000000060
179729  -25.372  -52.709  -18.423 0.6000000238
180495  -26.281  -41.542  -13.940 0.4000000060
180518  -23.061  -49.769  -20.841 0.6000000238
180754  -30.050  -55.489  -12.452 0.6000000238
181070  -28.831  -47.884  -12.467 0.6000000238
181140  -29.954  -54.292  -12.133 0.6000000238
181856  -29.266  -55.160  -22.309 0.5000000000
181868  -23.482  -46.540  -21.741 0.5000000000
182376  -29.838  -53.168  -12.055 0.6000000238
182479  -28.288  -51.726  -12.227 0.6000000238
182661  -33.170  -57.087  -14.328 0.6999999881
183085  -28.602  -52.360  -21.951 0.6999999881
183161  -25.194  -48.348  -14.241 0.6000000238
183208  -30.154  -41.589  -20.802 0.4000000060
183213  -26.681  -49.204  -18.452 0.6000000238
184329  -26.139  -53.254  -18.306 0.6000000238
184728  -28.305  -52.253  -17.341 0.6000000238
184835  -25.853  -48.455  -13.253 0.6000000238
184985  -31.171  -44.251  -17.473 0.3000000119
185044  -26.910  -46.789  -12.860 0.5000000000
185151  -26.231  -49.346  -13.307 0.6000000238
185263  -28.245  -50.834  -18.784 0.6000000238
186167  -27.812  -52.522  -12.734 0.6000000238
186390  -21.992  -49.361  -15.689 0.6000000238
187060  -29.428  -56.451  -21.372 0.6000000238
187655  -21.021  -45.848  -17.159 0.5000000000
187972  -22.417  -47.264  -20.874 0.6000000238
188154  -22.662  -50.139  -18.872 0.6000000238
188546  -29.496  -56.815  -14.614 0.6999999881
188971  -29.302  -54.390  -19.887 0.6999999881
189575  -31.487  -57.777  -16.459 0.6000000238
189726  -21.199  -48.366  -18.719 0.5000000000
189737  -24.061  -52.347  -18.641 0.6000000238
190746  -29.913  -51.909  -12.086 0.6000000238
190791  -22.018  -50.121  -13.729 0.5000000000
191245  -21.834  -45.420  -20.016 0.5000000000
191632  -29.251  -41.365  -16.902 0.5000000000
191635  -29.176  -40.282  -16.774 0.5000000000
191702  -29.726  -57.164  -21.394 0.5000000000
192737  -27.812  -50.198  -12.270 0.6000000238
193671  -28.747  -53.415  -17.584 0.6999999881
194097  -24.781  -53.627  -16.809 0.6000000238
194513  -23.729  -48.086  -21.422 0.6000000238
194930  -33.609  -57.240  -15.460 0.5000000000
195290  -27.464  -43.577  -13.806 0.5000000000
195348  -29.267  -54.211  -21.186 0.6999999881
195352  -29.367  -56.933  -18.689 0.5000000000
