#!ascii label  , from subject sub-v2s1x29879_ses-1 vox2ras=TkReg
2126
28881  18.953  -49.750  -13.852 0.8999999762
168278  18.805  -50.317  -13.737 0.8000000119
180559  18.797  -50.648  -14.260 0.8000000119
25906  18.296  -52.439  -14.479 0.6999999881
26850  18.396  -51.881  -15.747 0.8000000119
28870  18.094  -50.235  -12.782 0.8999999762
158975  18.949  -50.130  -14.369 1.0000000000
28889  18.900  -49.978  -15.165 1.0000000000
27845  18.709  -50.587  -15.687 0.8999999762
165471  18.642  -51.243  -15.331 0.8000000119
26862  18.220  -51.857  -16.543 0.8000000119
27868  18.502  -50.502  -17.269 0.8999999762
26878  17.945  -51.756  -17.400 0.8000000119
159809  17.537  -51.835  -18.020 0.6999999881
26887  16.996  -52.169  -18.343 0.6999999881
175856  17.342  -49.268  -12.537 0.8000000119
161500  18.001  -49.487  -12.789 0.8999999762
30990  18.282  -48.116  -13.029 0.8999999762
29910  16.836  -48.760  -12.597 0.8999999762
169099  15.464  -48.492  -12.852 0.8999999762
29935  19.223  -48.708  -14.766 0.8999999762
161519  19.057  -49.241  -15.463 1.0000000000
28917  18.712  -49.877  -16.896 0.8999999762
29995  18.759  -49.335  -17.319 1.0000000000
28931  18.559  -49.901  -17.644 0.8999999762
27879  18.344  -50.451  -17.884 0.8999999762
27880  18.006  -50.791  -18.439 0.8000000119
26899  16.724  -52.024  -19.155 0.6999999881
31006  18.930  -47.850  -13.410 0.8999999762
32014  18.562  -47.440  -13.199 0.8999999762
32015  17.903  -47.357  -12.993 0.8999999762
32016  17.155  -47.234  -12.924 0.8999999762
32018  15.666  -47.826  -13.130 0.8999999762
159093  18.868  -48.483  -13.351 0.8999999762
31026  19.301  -47.948  -14.778 0.8999999762
31074  19.119  -48.310  -16.633 1.0000000000
28943  17.934  -50.198  -19.034 0.8000000119
27893  17.603  -50.808  -19.221 0.8000000119
181106  16.914  -51.178  -19.997 0.8000000119
27914  16.301  -50.779  -21.033 0.8000000119
27906  16.058  -51.317  -20.970 0.8000000119
27927  15.176  -50.641  -22.163 0.8000000119
155541  17.555  -46.672  -13.011 0.8999999762
32031  15.813  -47.128  -13.313 0.8999999762
175362  15.337  -46.941  -13.764 0.8999999762
155399  19.428  -46.045  -13.931 0.8999999762
33120  15.730  -46.360  -13.544 0.8999999762
34057  15.340  -45.817  -14.093 0.8000000119
32032  14.858  -47.129  -14.110 0.8000000119
32050  19.419  -47.173  -14.712 0.8999999762
34069  15.601  -45.207  -14.069 0.6999999881
32051  14.697  -46.765  -14.620 0.6999999881
32052  14.251  -46.609  -15.174 0.6999999881
32074  19.563  -46.795  -15.434 0.8999999762
34077  14.765  -45.329  -15.225 0.6999999881
34078  14.190  -45.306  -15.743 0.6999999881
159990  19.459  -47.108  -16.074 1.0000000000
34944  14.175  -44.497  -15.951 0.6000000238
31073  19.303  -47.695  -16.333 1.0000000000
32092  19.135  -47.793  -17.116 1.0000000000
160873  18.915  -48.590  -17.398 1.0000000000
30019  18.418  -48.675  -18.755 1.0000000000
30009  18.199  -49.454  -18.905 0.8999999762
165786  18.688  -48.459  -18.143 1.0000000000
31113  18.249  -48.096  -19.281 0.8999999762
164033  18.029  -48.873  -19.470 0.8000000119
28953  17.700  -49.741  -19.664 0.8000000119
28968  16.736  -50.345  -20.768 0.8000000119
169546  16.196  -49.494  -21.783 0.8000000119
28977  15.714  -50.064  -21.999 0.8000000119
28978  15.021  -49.856  -22.441 0.8000000119
30039  15.458  -49.142  -22.245 0.8000000119
28979  14.266  -49.791  -22.720 0.8000000119
155506  18.477  -46.714  -13.159 0.8999999762
33108  16.591  -46.694  -13.107 0.8999999762
164785  18.745  -45.938  -13.247 0.8999999762
159770  17.979  -46.014  -13.038 0.8999999762
33107  17.092  -46.019  -13.077 0.8999999762
34920  16.153  -44.763  -13.703 0.8999999762
33137  19.571  -46.414  -14.649 0.8999999762
34070  15.170  -45.276  -14.577 0.6999999881
33149  19.734  -46.026  -15.430 0.8999999762
34933  15.122  -44.664  -15.020 0.6000000238
34943  14.693  -44.659  -15.550 0.6000000238
34089  19.868  -45.604  -16.343 1.0000000000
36747  13.951  -42.982  -16.375 0.5000000000
32091  19.358  -47.029  -16.826 1.0000000000
36757  14.168  -42.178  -16.475 0.5000000000
33172  19.333  -46.101  -17.735 1.0000000000
32122  18.808  -47.266  -18.299 1.0000000000
162897  18.800  -46.712  -18.581 1.0000000000
32129  18.451  -47.178  -19.155 1.0000000000
31114  17.867  -48.254  -19.960 0.8999999762
28961  17.212  -49.728  -20.484 0.8000000119
31120  17.441  -48.267  -20.664 0.8999999762
31125  16.865  -48.254  -21.292 0.8000000119
30031  16.565  -48.928  -21.523 0.8000000119
32137  17.213  -47.452  -21.039 0.8999999762
32145  16.536  -47.571  -21.657 0.8000000119
33208  16.366  -46.382  -21.883 0.8999999762
31133  15.598  -48.312  -22.155 0.8000000119
31135  14.008  -48.425  -22.736 0.8000000119
32155  14.140  -46.768  -22.758 0.8000000119
31136  13.297  -47.926  -22.882 0.8000000119
34911  16.942  -44.793  -13.294 0.8999999762
181391  19.212  -45.792  -13.494 0.8999999762
34918  19.616  -44.439  -13.832 0.8999999762
35784  16.440  -44.102  -13.746 0.6999999881
34932  15.529  -44.641  -14.354 0.8000000119
34942  19.955  -45.218  -15.365 0.8999999762
34931  19.846  -44.829  -14.508 0.8999999762
35807  15.235  -43.403  -15.539 0.6999999881
158194  14.621  -43.247  -16.026 0.6000000238
36745  15.602  -42.640  -15.520 0.6999999881
36746  15.094  -42.683  -15.971 0.6000000238
175986  14.568  -42.641  -16.283 0.5000000000
34102  19.684  -45.512  -17.324 1.0000000000
37736  14.476  -41.340  -16.508 0.5000000000
159196  19.015  -46.134  -18.408 1.0000000000
33185  18.647  -46.302  -19.022 1.0000000000
33186  18.274  -46.410  -19.663 1.0000000000
32136  17.639  -47.006  -20.568 0.8999999762
34977  19.124  -44.965  -18.933 1.0000000000
34123  18.361  -45.206  -19.929 0.8999999762
34117  18.165  -45.851  -19.972 0.8999999762
32143  17.303  -46.576  -21.005 0.8999999762
33198  17.458  -45.857  -20.927 0.8999999762
33199  16.888  -45.998  -21.536 0.8999999762
33209  15.753  -46.344  -22.190 0.8999999762
150731  15.428  -46.994  -22.271 0.8999999762
34131  17.308  -45.451  -21.388 0.8999999762
34134  16.243  -45.794  -22.109 0.8999999762
33210  14.925  -46.354  -22.540 0.8999999762
35001  16.141  -45.128  -22.593 0.8999999762
34909  18.644  -44.708  -13.202 0.8999999762
34910  17.773  -44.732  -13.156 0.8999999762
34919  17.150  -44.159  -13.357 0.8999999762
35763  18.121  -44.060  -13.197 0.8999999762
36722  16.840  -43.024  -13.864 1.0000000000
35797  16.175  -43.510  -14.203 0.8000000119
35781  19.640  -43.659  -13.741 0.8999999762
36735  15.774  -43.111  -14.923 0.6999999881
34088  20.184  -44.768  -16.092 0.8999999762
34941  20.121  -44.403  -15.240 0.8999999762
178080  15.986  -42.513  -15.058 0.6999999881
38738  15.846  -41.403  -15.783 0.6999999881
38739  15.255  -41.373  -16.252 0.5000000000
34955  20.059  -44.897  -16.909 1.0000000000
180064  14.393  -40.703  -16.565 0.5000000000
165914  14.190  -40.068  -16.661 0.5000000000
34970  19.754  -44.790  -17.681 1.0000000000
34976  19.508  -44.549  -18.406 1.0000000000
35839  19.757  -43.755  -18.556 1.0000000000
34982  19.309  -44.254  -19.120 1.0000000000
34983  18.841  -44.688  -19.552 1.0000000000
35848  18.973  -43.994  -19.775 1.0000000000
35847  19.431  -43.516  -19.344 1.0000000000
34988  18.475  -44.461  -20.176 0.8999999762
34995  17.608  -44.834  -21.427 0.8999999762
34999  17.315  -44.497  -22.244 0.8999999762
35922  17.594  -43.434  -25.395 0.6999999881
35923  16.734  -43.156  -25.219 0.8000000119
35909  16.234  -43.631  -24.915 0.8000000119
36873  15.197  -42.920  -24.923 0.8000000119
35796  19.990  -44.039  -14.397 0.8999999762
36719  19.345  -43.007  -13.522 1.0000000000
35782  18.512  -43.320  -13.295 1.0000000000
170255  17.763  -42.068  -13.781 1.0000000000
37673  16.938  -42.199  -14.127 0.6999999881
171170  16.752  -41.633  -14.687 0.6999999881
153046  20.376  -44.033  -15.969 0.8999999762
35795  20.307  -43.535  -15.099 0.8999999762
38724  16.339  -41.489  -15.231 0.6999999881
38750  14.945  -40.574  -16.483 0.6000000238
34969  20.108  -44.247  -17.280 1.0000000000
34954  20.268  -44.325  -16.617 0.8999999762
35806  20.575  -43.413  -15.952 0.8999999762
155402  14.317  -39.318  -16.815 0.4000000060
35832  19.850  -44.186  -17.935 1.0000000000
35854  19.085  -43.280  -20.026 1.0000000000
36806  18.767  -43.179  -20.660 1.0000000000
36805  19.256  -42.587  -20.465 1.0000000000
153935  12.936  -42.610  -24.325 0.8999999762
36907  20.433  -42.563  -26.359 0.6000000238
36887  18.418  -42.540  -25.901 0.6000000238
37868  17.729  -42.201  -25.826 0.8000000119
36889  16.448  -42.447  -25.412 0.8000000119
35911  14.723  -43.557  -24.768 0.8999999762
173826  12.821  -43.361  -24.334 0.8999999762
36733  20.366  -42.761  -14.533 0.8999999762
170972  20.031  -43.306  -14.209 0.8999999762
163299  17.411  -41.417  -14.286 0.8000000119
37697  16.825  -41.057  -14.961 0.6999999881
174510  16.360  -40.762  -15.608 0.6999999881
40918  15.938  -39.544  -16.357 0.6000000238
40942  14.787  -38.911  -16.857 0.4000000060
36771  20.537  -42.874  -17.402 1.0000000000
35817  20.445  -43.651  -16.774 0.8999999762
166008  20.438  -42.364  -18.204 1.0000000000
36782  20.132  -43.046  -18.301 1.0000000000
172062  19.956  -42.153  -19.360 1.0000000000
37783  19.719  -42.055  -19.940 1.0000000000
37791  19.597  -41.941  -20.575 1.0000000000
37809  19.349  -42.173  -21.228 1.0000000000
36854  13.569  -42.871  -23.335 0.8999999762
37838  13.618  -41.755  -23.758 0.8999999762
36865  13.041  -42.499  -24.115 0.8999999762
37872  14.411  -41.706  -25.150 0.8999999762
36875  13.353  -42.281  -24.591 0.8999999762
167203  22.024  -41.292  -26.157 0.6000000238
37880  21.008  -42.162  -26.291 0.6000000238
36908  19.643  -42.371  -26.269 0.6000000238
37881  19.223  -41.650  -26.266 0.8000000119
37883  17.568  -41.606  -25.977 0.8000000119
36891  14.809  -42.298  -25.055 0.8999999762
37670  19.970  -41.808  -13.891 0.8999999762
36720  18.532  -42.482  -13.467 0.8999999762
38701  18.048  -40.849  -14.125 0.6999999881
38699  19.766  -41.030  -13.828 0.8999999762
38700  18.900  -40.931  -13.804 0.8999999762
39819  16.916  -40.493  -15.226 0.6000000238
36744  20.638  -42.772  -15.468 1.0000000000
37714  20.927  -42.049  -15.430 1.0000000000
37694  20.933  -41.637  -14.658 1.0000000000
40916  17.105  -39.370  -15.631 0.6000000238
40917  16.474  -39.434  -16.067 0.6000000238
40941  15.426  -39.248  -16.609 0.5000000000
37735  20.882  -42.342  -16.772 1.0000000000
177827  21.052  -41.786  -16.920 1.0000000000
37760  20.794  -42.079  -17.505 1.0000000000
37773  20.364  -41.946  -18.872 1.0000000000
37782  20.218  -41.560  -19.548 1.0000000000
37790  19.961  -41.506  -20.269 1.0000000000
38828  19.764  -41.449  -21.052 1.0000000000
37825  19.460  -41.757  -22.000 1.0000000000
37826  19.002  -42.340  -22.670 1.0000000000
37833  18.454  -42.162  -23.370 1.0000000000
36849  17.974  -42.642  -23.286 1.0000000000
37834  17.543  -42.244  -23.607 1.0000000000
37835  16.693  -42.249  -23.656 0.8999999762
36850  17.283  -42.808  -23.361 0.8999999762
169634  14.417  -42.771  -23.271 0.8999999762
37858  13.148  -41.865  -24.427 0.8999999762
38904  15.519  -40.985  -25.657 0.8999999762
38918  23.781  -40.454  -26.876 0.6000000238
38937  23.430  -41.196  -26.817 0.6000000238
38920  21.430  -40.712  -25.962 0.6000000238
166561  20.236  -41.710  -26.228 0.6000000238
38923  18.610  -40.874  -26.461 0.8000000119
181151  16.662  -41.402  -25.780 0.8000000119
38698  20.540  -41.188  -14.162 0.8999999762
39798  18.466  -40.287  -14.117 0.6999999881
39818  17.373  -39.980  -15.089 0.6000000238
40898  17.718  -39.260  -15.139 0.6000000238
152394  21.377  -40.385  -15.106 0.8999999762
41968  16.840  -38.630  -16.093 0.6000000238
40940  16.027  -38.799  -16.509 0.5000000000
37734  21.109  -41.865  -16.198 1.0000000000
37759  21.087  -41.397  -17.464 1.0000000000
178603  21.561  -40.530  -16.666 0.8999999762
168782  21.158  -40.877  -18.206 1.0000000000
38806  21.008  -40.684  -18.971 1.0000000000
38807  20.644  -40.901  -19.517 1.0000000000
39921  20.605  -40.552  -20.110 1.0000000000
39934  20.500  -40.343  -20.776 1.0000000000
39944  20.424  -40.254  -21.483 1.0000000000
38852  19.849  -41.157  -21.691 1.0000000000
37832  19.219  -41.702  -23.015 1.0000000000
38863  17.790  -41.662  -23.807 1.0000000000
38864  16.418  -41.545  -23.843 1.0000000000
38865  15.647  -41.147  -23.888 0.8999999762
37837  14.176  -41.758  -23.680 0.8999999762
38886  13.299  -40.968  -24.047 0.8999999762
180860  14.085  -39.745  -25.498 0.8999999762
40019  23.437  -39.771  -26.394 0.6000000238
38919  22.261  -40.541  -26.000 0.6000000238
38921  20.553  -40.852  -26.095 0.6000000238
40023  19.973  -40.176  -26.395 0.6999999881
40039  18.435  -40.033  -26.742 0.6999999881
40025  17.820  -40.368  -26.496 0.6999999881
38903  16.402  -40.875  -25.869 0.8000000119
158003  15.775  -40.369  -25.858 0.8999999762
40036  24.700  -39.675  -27.590 0.6000000238
41078  17.841  -39.764  -26.714 0.6999999881
40026  17.226  -39.878  -26.456 0.8000000119
41080  16.716  -39.336  -26.429 0.8999999762
39817  18.064  -39.758  -14.600 0.6999999881
158265  17.459  -38.791  -15.608 0.6000000238
39816  21.137  -39.981  -14.638 0.8999999762
39796  20.168  -40.271  -14.019 0.8000000119
40881  19.270  -39.019  -14.225 0.6999999881
155526  21.508  -40.547  -15.954 0.8999999762
40915  21.443  -39.592  -15.108 0.8000000119
38769  21.440  -40.729  -17.313 1.0000000000
159167  21.708  -40.011  -16.364 0.8000000119
39873  21.888  -39.535  -17.459 0.8999999762
39897  21.390  -40.103  -18.696 1.0000000000
178502  21.388  -39.799  -19.201 1.0000000000
39920  21.055  -40.192  -19.510 1.0000000000
39933  20.970  -39.828  -20.311 1.0000000000
39943  20.801  -39.736  -21.068 1.0000000000
39954  20.303  -40.331  -22.294 1.0000000000
38861  19.432  -41.083  -23.497 1.0000000000
38862  18.646  -41.452  -23.702 1.0000000000
38884  17.891  -41.013  -24.104 1.0000000000
39969  16.383  -40.811  -24.056 0.8999999762
39971  14.825  -40.541  -23.944 0.8999999762
38867  13.939  -41.088  -23.840 0.8999999762
40005  13.610  -39.684  -25.081 0.8999999762
40021  21.669  -39.951  -25.929 0.6000000238
41077  19.449  -39.570  -26.881 0.6999999881
41061  14.731  -39.398  -25.757 0.8999999762
41091  25.039  -39.017  -27.673 0.6000000238
41092  24.477  -39.052  -27.046 0.6000000238
41094  18.975  -39.083  -27.257 0.6999999881
41079  17.462  -39.250  -26.698 0.6999999881
40897  18.408  -39.131  -14.655 0.6999999881
41947  18.081  -38.543  -15.208 0.6000000238
40895  21.147  -39.264  -14.674 0.8000000119
40880  20.114  -39.368  -14.104 0.8000000119
176366  19.338  -38.262  -14.543 0.6999999881
40896  18.742  -38.583  -14.689 0.6999999881
40914  21.759  -39.215  -15.614 0.6999999881
40894  21.559  -38.856  -15.100 0.8000000119
40961  22.104  -38.915  -17.047 0.6999999881
163042  22.067  -38.941  -17.805 0.6999999881
42005  22.151  -38.239  -18.878 0.8000000119
42017  21.963  -38.181  -19.645 0.8000000119
40987  21.389  -39.433  -19.661 0.8000000119
42032  21.759  -38.200  -20.286 0.8000000119
156954  21.301  -39.200  -20.294 0.8999999762
40996  21.120  -39.309  -20.735 0.8999999762
41005  20.686  -39.585  -21.870 1.0000000000
39984  20.235  -39.769  -23.469 1.0000000000
39987  18.008  -40.309  -24.470 1.0000000000
39985  19.717  -39.965  -23.946 1.0000000000
39986  18.907  -40.039  -24.380 1.0000000000
39988  17.139  -40.545  -24.342 1.0000000000
39989  16.316  -39.989  -24.366 1.0000000000
41031  15.346  -39.811  -24.168 0.8999999762
161170  14.935  -39.075  -24.282 0.8999999762
41033  13.709  -39.577  -24.212 0.8999999762
169156  13.614  -38.582  -24.851 0.8999999762
42126  24.081  -38.463  -26.648 0.6000000238
41073  23.078  -39.055  -26.172 0.6000000238
166957  21.038  -39.409  -26.160 0.6000000238
181126  20.681  -39.039  -26.392 0.6999999881
41082  14.608  -38.615  -25.796 0.8999999762
161264  16.164  -38.781  -26.344 0.8999999762
42129  19.154  -38.354  -27.452 0.6999999881
167607  18.448  -38.528  -27.315 0.6999999881
166888  16.956  -38.684  -26.637 0.8999999762
42112  16.370  -38.075  -26.515 0.8999999762
163356  21.279  -37.829  -14.813 0.6999999881
41933  20.038  -38.572  -14.241 0.6000000238
43000  19.324  -37.511  -14.851 0.6000000238
43020  17.976  -37.390  -15.754 0.6000000238
41964  22.089  -38.062  -15.889 0.6999999881
42998  20.932  -37.282  -14.755 0.6000000238
43048  22.413  -37.691  -17.453 0.6999999881
43056  22.426  -37.620  -18.401 0.6999999881
43084  22.099  -37.519  -20.134 0.8000000119
42045  21.708  -37.872  -20.856 0.8000000119
42046  21.348  -38.316  -21.550 0.8000000119
41019  21.039  -38.922  -21.902 0.8000000119
39967  20.463  -39.739  -22.768 1.0000000000
42055  21.098  -38.466  -22.344 0.8000000119
41040  19.332  -39.444  -24.402 1.0000000000
41041  18.155  -39.477  -24.646 1.0000000000
153450  17.246  -39.765  -24.568 1.0000000000
176616  18.481  -38.479  -24.731 1.0000000000
41052  18.068  -38.683  -24.754 1.0000000000
175804  16.166  -38.738  -24.609 1.0000000000
167444  16.093  -38.104  -24.653 1.0000000000
42072  14.661  -38.364  -24.484 1.0000000000
42073  13.925  -38.172  -24.723 0.8999999762
171392  22.416  -38.916  -25.981 0.6000000238
166751  13.534  -38.283  -25.227 0.8999999762
42125  24.872  -38.217  -27.162 0.6000000238
164166  23.569  -37.957  -26.431 0.6000000238
42109  21.793  -38.366  -26.247 0.6999999881
42114  14.345  -37.868  -25.827 0.8999999762
42127  20.586  -37.847  -26.977 0.6999999881
42130  18.631  -37.808  -27.543 0.6999999881
43150  17.555  -37.394  -26.926 0.8999999762
44123  18.997  -36.955  -15.240 0.5000000000
43019  21.611  -37.267  -14.978 0.6000000238
45288  20.728  -35.916  -14.985 0.5000000000
43034  22.317  -37.310  -16.452 0.6999999881
43018  22.041  -37.301  -15.491 0.6999999881
43047  22.627  -36.960  -17.911 0.6999999881
44170  22.542  -36.928  -17.170 0.6999999881
43068  22.638  -36.921  -18.783 0.6999999881
44199  22.564  -36.907  -19.644 0.6999999881
157127  22.022  -37.115  -20.893 0.8000000119
43093  21.649  -37.447  -21.542 0.8000000119
164034  21.359  -37.744  -22.266 0.8000000119
43099  21.649  -37.017  -22.222 0.8000000119
160138  20.721  -38.462  -23.543 0.8999999762
42067  19.646  -38.731  -24.444 1.0000000000
43106  21.336  -37.242  -23.069 0.8000000119
42081  20.274  -37.613  -24.327 0.8999999762
42082  19.569  -37.837  -24.581 1.0000000000
42084  18.241  -38.011  -24.780 1.0000000000
42069  17.480  -38.209  -24.760 1.0000000000
44248  14.971  -37.087  -24.751 1.0000000000
43117  14.437  -37.656  -24.709 0.8999999762
42085  13.615  -37.970  -25.060 0.8999999762
43153  14.081  -37.234  -25.645 0.8999999762
44277  13.963  -36.845  -25.272 0.8999999762
176379  15.076  -36.755  -26.282 0.8999999762
42108  24.218  -37.841  -26.665 0.6000000238
43147  22.996  -37.404  -26.477 0.6000000238
43166  20.161  -37.434  -27.590 0.6999999881
43169  18.193  -37.302  -27.356 0.8000000119
43151  16.699  -37.378  -26.654 0.8999999762
44311  25.110  -36.847  -26.991 0.6000000238
43165  20.901  -37.167  -27.290 0.6999999881
43184  19.777  -37.029  -28.042 0.6999999881
44316  17.684  -36.225  -26.967 0.8000000119
44291  15.998  -36.569  -26.570 0.8999999762
43185  19.347  -36.660  -28.118 0.6999999881
44317  16.773  -35.948  -26.741 0.8999999762
167371  21.570  -35.893  -15.106 0.5000000000
45304  20.165  -35.334  -15.300 0.5000000000
44142  22.407  -36.001  -15.967 0.6999999881
45303  21.035  -35.244  -15.270 0.5000000000
44158  22.566  -36.346  -16.577 0.6999999881
44169  22.793  -36.313  -17.431 0.6999999881
44182  22.894  -36.276  -18.261 0.6999999881
44198  22.950  -36.184  -19.201 0.6999999881
161861  23.190  -35.806  -19.796 0.6999999881
44213  22.380  -36.834  -20.333 0.6999999881
161053  21.989  -36.740  -21.584 0.8000000119
45384  22.461  -36.136  -21.854 0.8000000119
44236  21.728  -36.522  -22.853 0.8000000119
43113  20.552  -37.087  -24.229 0.8000000119
43125  19.858  -37.102  -24.578 0.8999999762
176141  18.823  -37.704  -24.759 1.0000000000
43128  17.646  -37.467  -24.801 1.0000000000
43114  16.812  -37.623  -24.744 1.0000000000
44243  21.351  -36.533  -23.539 0.8000000119
44260  20.187  -36.471  -24.529 0.8000000119
43127  18.352  -37.249  -24.812 0.8999999762
44264  17.168  -36.257  -24.885 1.0000000000
43115  15.900  -37.319  -24.706 1.0000000000
165332  17.887  -36.104  -24.904 0.8999999762
44247  15.605  -36.466  -24.826 1.0000000000
44265  14.306  -36.314  -25.187 1.0000000000
180018  14.616  -35.516  -25.864 1.0000000000
44292  14.911  -36.023  -26.275 0.8999999762
44289  22.407  -36.835  -26.729 0.6999999881
45452  14.860  -35.240  -26.285 0.8999999762
165212  23.843  -37.171  -26.594 0.6000000238
163562  23.136  -36.616  -26.649 0.6000000238
45473  16.409  -35.129  -26.837 0.8999999762
44312  22.521  -36.134  -27.002 0.6999999881
44315  20.451  -36.748  -27.910 0.6999999881
44334  19.956  -36.393  -28.243 0.6999999881
157060  18.282  -36.598  -27.441 0.6999999881
45472  18.143  -35.156  -27.431 0.8000000119
45486  19.254  -35.561  -28.195 0.6999999881
174471  16.932  -34.713  -27.180 0.8000000119
46577  16.031  -34.330  -27.151 0.8999999762
46575  18.458  -34.629  -27.763 0.6999999881
169146  22.096  -35.951  -15.478 0.6000000238
45302  21.871  -35.229  -15.530 0.5000000000
44157  22.888  -35.662  -16.965 0.6999999881
163309  22.636  -35.603  -16.293 0.5000000000
45344  23.176  -35.590  -18.541 0.6999999881
46442  23.336  -34.996  -18.035 0.6999999881
45360  23.338  -35.431  -19.254 0.6999999881
46441  23.704  -34.317  -18.432 0.6999999881
45359  23.527  -35.240  -19.951 0.6999999881
46471  23.544  -35.094  -20.743 0.6999999881
45373  23.125  -35.744  -20.485 0.6999999881
45383  23.078  -35.569  -21.403 0.6999999881
44235  22.252  -35.924  -22.692 0.8000000119
45391  22.823  -35.507  -22.270 0.8000000119
45398  21.729  -35.914  -23.397 0.8000000119
44244  20.839  -36.491  -24.102 0.8000000119
46512  22.039  -34.592  -23.699 0.8000000119
180797  20.854  -35.362  -24.297 0.8000000119
45420  19.851  -35.825  -24.729 0.8000000119
45422  18.332  -35.644  -24.979 0.8999999762
164489  17.020  -35.043  -25.153 0.8999999762
45409  16.394  -36.150  -24.867 1.0000000000
47656  20.649  -33.968  -24.577 0.8000000119
167364  19.549  -35.137  -24.887 0.8000000119
45426  14.669  -35.702  -25.498 1.0000000000
45425  15.242  -35.118  -25.342 1.0000000000
44288  23.834  -36.306  -26.642 0.6000000238
168513  14.813  -34.999  -25.806 1.0000000000
45471  21.923  -35.736  -27.529 0.6999999881
45484  21.210  -35.611  -28.013 0.6999999881
45474  15.417  -34.837  -26.673 0.8999999762
46562  14.811  -34.090  -26.360 1.0000000000
46588  20.291  -34.976  -28.298 0.6999999881
161738  19.133  -34.453  -28.037 0.8000000119
46576  17.659  -34.651  -27.423 0.8000000119
46455  23.704  -34.748  -19.288 0.6999999881
48664  24.287  -33.101  -19.220 0.6999999881
46470  23.952  -34.447  -20.129 0.6999999881
46484  23.926  -34.486  -21.052 0.6999999881
47606  24.213  -33.937  -21.458 0.6999999881
46492  23.359  -35.002  -22.047 0.6999999881
46491  23.842  -34.475  -21.832 0.6999999881
46501  23.049  -34.907  -22.683 0.8000000119
45396  22.581  -35.291  -22.835 0.8000000119
47634  22.605  -34.142  -23.538 0.8000000119
47645  21.259  -33.526  -24.392 0.8000000119
46524  18.386  -34.373  -25.298 0.8999999762
46525  17.616  -34.747  -25.259 0.8999999762
46523  19.270  -34.385  -25.064 0.8000000119
47659  18.204  -33.578  -25.423 0.8999999762
161171  16.275  -35.029  -25.186 0.8999999762
45450  23.204  -35.234  -26.839 0.6000000238
166701  17.378  -33.524  -25.497 0.8999999762
47661  16.523  -33.745  -25.497 0.8999999762
46528  15.208  -34.381  -25.689 1.0000000000
168282  24.363  -34.882  -26.604 0.6000000238
47675  14.860  -33.576  -26.234 0.8999999762
46574  21.417  -34.463  -27.706 0.6999999881
47691  14.818  -33.507  -26.559 0.8999999762
47720  18.554  -33.869  -27.918 0.8000000119
158866  17.001  -34.113  -27.462 0.8999999762
47708  16.285  -33.620  -27.523 0.8000000119
47577  24.024  -33.944  -19.247 0.6999999881
48675  24.284  -33.563  -19.948 0.6999999881
47605  24.477  -33.352  -21.134 0.6999999881
47623  23.612  -34.428  -22.537 0.6999999881
48702  24.420  -33.156  -22.329 0.6999999881
47632  23.679  -33.690  -22.954 0.6999999881
47657  19.882  -33.625  -24.892 0.8000000119
47658  19.002  -33.624  -25.241 0.8000000119
48740  19.472  -32.883  -25.052 0.8000000119
49966  19.150  -32.185  -25.160 0.8000000119
47662  15.757  -33.778  -25.609 0.8999999762
46561  22.766  -34.727  -27.069 0.6000000238
48742  17.997  -32.878  -25.492 0.8000000119
49968  17.752  -32.232  -25.521 0.8999999762
49970  16.287  -32.570  -25.678 0.8999999762
48745  15.594  -33.126  -25.742 0.8999999762
46560  23.670  -34.634  -26.691 0.6000000238
46573  22.077  -34.571  -27.441 0.6999999881
168042  14.982  -32.345  -26.168 0.8999999762
175716  20.084  -33.896  -27.842 0.6999999881
48786  15.299  -32.560  -27.179 0.8000000119
48799  18.666  -33.174  -27.873 0.6999999881
48785  16.543  -32.994  -27.661 0.8000000119
48689  24.730  -32.755  -20.783 0.6999999881
48701  24.712  -32.822  -21.641 0.6999999881
48708  24.670  -32.489  -22.383 0.6999999881
48739  20.612  -33.231  -24.682 0.8000000119
174749  20.110  -32.873  -24.835 0.8000000119
49965  19.944  -32.145  -24.874 0.8000000119
164819  18.789  -31.522  -25.216 0.8000000119
166700  17.076  -32.363  -25.590 0.8999999762
49969  16.678  -31.903  -25.652 0.8999999762
47703  22.522  -33.983  -27.105 0.6000000238
168804  15.422  -32.425  -25.876 0.8999999762
47704  21.863  -33.897  -27.337 0.6999999881
155468  21.162  -33.776  -27.510 0.6999999881
49981  15.043  -31.714  -26.368 0.8999999762
48782  19.411  -32.904  -27.659 0.6999999881
171266  17.487  -32.265  -27.697 0.8000000119
50011  15.113  -31.883  -27.036 0.8000000119
50007  18.677  -31.989  -27.546 0.6999999881
50009  16.709  -32.287  -27.628 0.8000000119
165219  15.990  -32.605  -27.485 0.8000000119
170073  17.993  -31.837  -27.612 0.8000000119
160102  25.035  -31.473  -20.843 0.6999999881
49916  24.983  -31.644  -21.593 0.6000000238
48764  23.547  -33.186  -26.699 0.6000000238
176613  17.831  -31.036  -25.457 0.8000000119
52178  16.058  -30.482  -25.802 0.8999999762
51113  15.654  -31.109  -25.898 0.8999999762
175162  22.895  -33.390  -26.841 0.6000000238
157200  14.950  -30.479  -26.452 0.8999999762
47706  20.067  -33.288  -27.646 0.8000000119
51147  14.985  -31.044  -26.867 0.8999999762
51145  16.404  -31.498  -27.483 0.8000000119
167283  19.222  -31.374  -27.454 0.6999999881
51144  16.992  -30.886  -27.524 0.8000000119
52216  15.396  -30.338  -27.352 0.8000000119
159456  22.092  -32.519  -27.115 0.6999999881
180504  17.213  -30.246  -25.589 0.8000000119
169513  22.556  -31.806  -27.177 0.5000000000
167891  21.433  -32.526  -27.267 0.6000000238
51140  21.048  -31.309  -27.423 0.6000000238
48781  20.128  -32.514  -27.453 0.6999999881
52199  14.725  -30.154  -26.837 0.8000000119
169043  20.538  -30.720  -27.486 0.6000000238
178044  19.259  -30.811  -27.445 0.6000000238
52214  17.475  -30.119  -27.538 0.6999999881
52215  16.480  -30.171  -27.524 0.8000000119
162142  14.797  -30.276  -27.034 0.8000000119
52213  18.378  -30.112  -27.505 0.6000000238
53161  16.561  -29.883  -25.751 0.8000000119
54111  15.143  -28.658  -26.536 0.8000000119
53183  14.922  -29.326  -26.498 0.8999999762
175043  22.244  -31.015  -27.459 0.6000000238
53204  15.675  -29.580  -27.552 0.8000000119
52231  14.680  -29.704  -27.191 0.8000000119
53205  14.179  -28.967  -27.070 0.8000000119
53202  17.916  -29.431  -27.710 0.6000000238
54110  16.377  -28.752  -26.214 0.8000000119
54125  14.310  -28.772  -26.820 0.8000000119
52210  21.449  -30.464  -27.607 0.6000000238
52211  20.742  -30.057  -27.651 0.6000000238
53218  14.667  -29.069  -27.437 0.8000000119
53200  19.642  -29.461  -27.780 0.6000000238
53217  15.830  -28.889  -27.980 0.6999999881
54135  14.041  -28.201  -27.246 0.8000000119
53215  18.335  -28.870  -28.170 0.6000000238
54143  16.660  -28.289  -28.553 0.6000000238
169228  15.426  -28.210  -28.412 0.6999999881
52230  20.426  -29.489  -27.898 0.6000000238
53214  19.204  -28.882  -28.220 0.6000000238
55126  17.141  -27.613  -27.191 0.8000000119
55118  15.036  -28.030  -26.779 0.8000000119
52209  22.290  -30.291  -27.751 0.6000000238
55127  15.941  -27.774  -26.902 0.8000000119
162225  23.480  -29.982  -28.198 0.5000000000
54134  13.545  -27.153  -27.543 0.8000000119
54124  14.206  -28.048  -26.972 0.8000000119
53210  22.360  -29.377  -28.617 0.6000000238
52229  21.180  -29.592  -27.944 0.6000000238
55167  13.688  -26.558  -28.803 0.6000000238
53222  23.519  -29.488  -29.453 0.5000000000
53211  21.579  -29.184  -28.539 0.6000000238
53213  20.012  -28.947  -28.359 0.6000000238
54142  17.834  -28.242  -28.710 0.6000000238
53225  21.111  -28.750  -29.290 0.6000000238
54140  19.578  -28.417  -28.915 0.6000000238
163965  18.446  -27.988  -29.241 0.6000000238
54153  17.063  -27.830  -29.119 0.6000000238
55140  14.503  -27.293  -27.255 0.8000000119
175303  17.636  -27.223  -27.643 0.8000000119
55138  16.870  -27.042  -27.738 0.6999999881
56165  14.706  -26.534  -27.616 0.6999999881
53224  21.926  -29.065  -29.297 0.6000000238
55166  14.767  -27.155  -29.206 0.6000000238
56208  13.750  -26.026  -29.098 0.6000000238
57321  13.182  -25.760  -28.012 0.6999999881
53236  22.155  -29.100  -30.322 0.5000000000
164551  16.432  -27.168  -29.850 0.6000000238
53238  20.914  -28.787  -30.247 0.5000000000
54151  19.128  -28.055  -29.470 0.6000000238
54162  18.625  -27.734  -29.868 0.6000000238
53248  21.508  -29.398  -31.463 0.5000000000
56178  17.357  -26.662  -28.170 0.6999999881
57318  16.438  -26.001  -28.566 0.6000000238
57334  14.216  -25.416  -28.879 0.6000000238
56180  14.324  -25.900  -27.919 0.6000000238
56207  14.778  -25.860  -29.828 0.6000000238
57319  14.931  -25.531  -28.582 0.6000000238
53250  20.249  -28.815  -31.098 0.5000000000
54161  19.378  -27.986  -30.267 0.6000000238
55187  18.179  -27.286  -30.612 0.6000000238
55175  16.894  -26.972  -30.220 0.6000000238
55177  14.566  -26.467  -29.524 0.6000000238
57351  15.102  -25.296  -29.721 0.6000000238
54168  20.090  -28.558  -31.155 0.6000000238
55186  19.062  -27.438  -30.960 0.6000000238
53256  20.977  -29.206  -31.811 0.5000000000
53257  20.395  -28.981  -31.536 0.5000000000
53271  21.226  -29.055  -32.319 0.4000000060
55200  20.673  -28.093  -32.098 0.5000000000
57317  17.524  -26.017  -28.881 0.6000000238
57332  16.226  -25.415  -29.164 0.6000000238
56219  17.303  -26.600  -30.751 0.6000000238
56206  15.961  -26.071  -30.454 0.6000000238
58598  16.074  -24.621  -29.919 0.6000000238
56218  18.301  -26.761  -31.100 0.6000000238
57365  17.568  -25.898  -31.307 0.6000000238
55185  19.840  -27.951  -31.203 0.5000000000
55202  19.549  -27.225  -31.536 0.6000000238
56235  20.007  -26.828  -32.053 0.5000000000
54191  21.587  -28.344  -32.647 0.4000000060
55219  20.659  -27.222  -32.285 0.4000000060
151858  16.389  -25.484  -30.990 0.6000000238
168475  15.550  -24.661  -30.162 0.5000000000
179682  17.100  -25.266  -29.411 0.5000000000
57366  15.856  -24.460  -31.176 0.5000000000
56237  18.511  -26.189  -31.651 0.6000000238
56236  19.297  -26.470  -31.879 0.5000000000
56251  20.486  -26.418  -32.581 0.4000000060
57349  18.529  -25.279  -30.009 0.4000000060
180439  16.004  -24.257  -31.535 0.5000000000
57379  18.866  -25.643  -32.265 0.4000000060
57380  17.839  -25.330  -31.929 0.6000000238
58642  17.118  -24.339  -32.275 0.6000000238
59991  16.423  -23.854  -31.693 0.4000000060
56252  19.751  -26.059  -32.399 0.4000000060
58654  19.553  -24.929  -33.105 0.4000000060
59971  16.603  -23.575  -31.736 0.4000000060
175220  18.130  -24.925  -32.438 0.4000000060
58656  16.718  -23.798  -32.151 0.4000000060
57393  20.918  -26.073  -32.992 0.4000000060
58655  17.940  -24.280  -32.817 0.4000000060
58611  19.044  -24.964  -30.578 0.4000000060
59955  17.418  -23.854  -30.976 0.4000000060
59990  16.912  -23.408  -32.353 0.4000000060
171348  19.592  -24.433  -33.448 0.4000000060
59999  18.736  -24.214  -33.255 0.4000000060
60000  17.756  -23.632  -33.216 0.4000000060
60001  17.155  -23.604  -32.803 0.4000000060
59969  19.057  -24.056  -31.505 0.4000000060
59970  18.170  -23.679  -31.502 0.4000000060
165698  17.148  -23.454  -31.619 0.4000000060
60010  19.244  -23.855  -33.713 0.3000000119
61304  17.315  -22.930  -32.933 0.4000000060
61288  17.092  -23.180  -32.289 0.4000000060
59968  19.776  -24.050  -31.781 0.4000000060
61287  18.031  -23.186  -32.029 0.4000000060
181008  15.155  -44.049  -24.733 0.8000000119
35912  13.604  -43.642  -24.636 0.8999999762
35016  12.657  -44.483  -23.582 0.8999999762
35033  12.935  -44.611  -23.989 0.8999999762
34143  12.760  -45.097  -23.471 0.8999999762
34994  18.121  -44.258  -20.881 0.8999999762
36829  18.652  -42.844  -22.333 1.0000000000
37810  19.092  -42.414  -21.939 1.0000000000
34135  15.493  -45.688  -22.514 0.8999999762
165809  16.902  -45.217  -22.018 0.8999999762
35867  16.922  -44.089  -22.770 0.8999999762
36848  18.453  -42.656  -22.930 1.0000000000
35003  14.354  -44.919  -22.941 0.8999999762
35000  16.702  -44.678  -22.575 0.8999999762
35868  16.058  -44.258  -22.891 0.8999999762
35866  17.649  -43.844  -22.521 1.0000000000
35004  13.465  -44.517  -23.039 0.8999999762
36832  15.693  -43.440  -23.134 0.8999999762
59956  16.052  -23.957  -30.920 0.4000000060
176197  17.382  -24.817  -29.876 0.4000000060
57348  19.448  -25.592  -30.124 0.4000000060
29924  19.011  -49.100  -13.663 0.8999999762
29977  18.946  -49.086  -16.512 1.0000000000
27894  17.152  -51.333  -19.535 0.8000000119
29911  16.039  -48.918  -12.537 0.8999999762
31052  19.383  -47.520  -15.524 1.0000000000
27904  17.225  -50.585  -19.982 0.8000000119
34068  19.709  -45.632  -14.580 0.8999999762
168207  18.068  -47.640  -19.743 0.8999999762
30025  17.582  -48.991  -20.215 0.8000000119
30032  16.025  -48.831  -21.916 0.8000000119
31134  14.847  -48.362  -22.481 0.8000000119
34109  19.336  -45.383  -18.203 1.0000000000
32153  15.848  -47.624  -22.048 0.8999999762
32154  14.785  -47.081  -22.527 0.8000000119
33211  14.091  -46.034  -22.823 0.8999999762
154032  13.381  -46.342  -22.977 0.8000000119
34989  17.964  -44.907  -20.590 0.8999999762
35002  15.214  -44.838  -22.873 0.8999999762
180581  19.191  -43.514  -13.409 0.8999999762
35783  17.481  -43.464  -13.390 1.0000000000
38749  15.698  -40.720  -16.146 0.6000000238
163870  14.870  -39.681  -16.628 0.4000000060
35860  17.912  -44.099  -21.737 0.8999999762
172647  15.786  -44.183  -24.754 0.6999999881
37870  16.127  -41.665  -25.600 0.8000000119
37695  20.448  -42.045  -14.243 0.8999999762
35883  12.937  -43.856  -23.252 0.8999999762
36886  19.127  -42.990  -26.079 0.6000000238
36874  14.296  -42.922  -24.798 0.8999999762
39799  17.820  -40.285  -14.510 0.6999999881
36834  14.163  -43.439  -23.087 0.8999999762
38906  13.957  -41.119  -25.084 0.8999999762
38905  14.636  -41.031  -25.452 0.8999999762
38922  19.623  -40.917  -26.350 0.6999999881
40024  19.163  -40.219  -26.652 0.6999999881
39797  19.262  -40.310  -13.905 0.8000000119
38722  21.097  -40.911  -14.626 0.8999999762
39955  19.840  -41.078  -22.546 1.0000000000
164875  16.437  -43.628  -23.041 0.8999999762
37836  15.674  -42.060  -23.669 0.8999999762
36852  15.277  -42.762  -23.372 0.8999999762
36833  14.934  -43.233  -23.139 0.8999999762
40006  13.415  -40.651  -24.983 0.8999999762
39835  21.623  -39.877  -15.698 0.8000000119
41967  17.538  -38.066  -15.821 0.5000000000
39874  21.593  -40.161  -17.834 1.0000000000
39990  13.440  -39.984  -24.312 0.8999999762
40939  22.052  -38.870  -16.207 0.6999999881
41996  22.253  -38.311  -18.092 0.8000000119
39896  21.801  -39.530  -18.222 0.8999999762
40974  21.668  -39.447  -18.941 0.8999999762
41093  19.667  -38.883  -27.117 0.6999999881
42113  15.315  -38.149  -26.217 0.8999999762
42131  17.966  -37.958  -27.206 0.8000000119
43001  18.592  -37.428  -15.302 0.6000000238
41965  21.739  -38.052  -15.147 0.8000000119
42999  20.146  -37.348  -14.709 0.6000000238
41983  22.227  -38.213  -16.738 0.6999999881
43069  22.306  -37.561  -19.254 0.6999999881
41030  20.559  -39.154  -23.313 1.0000000000
41044  15.820  -39.243  -24.460 1.0000000000
167145  15.696  -37.385  -26.446 0.8999999762
45289  19.847  -36.014  -15.050 0.6000000238
44145  18.463  -36.853  -15.643 0.5000000000
42060  20.881  -38.656  -22.934 0.8999999762
45305  19.360  -35.496  -15.566 0.5000000000
44222  22.557  -36.362  -20.942 0.8000000119
44293  14.404  -36.528  -25.863 0.8999999762
181038  22.332  -35.558  -15.826 0.6000000238
46398  22.008  -34.420  -15.790 0.5000000000
157791  23.057  -35.647  -17.742 0.6999999881
44262  18.566  -36.432  -24.860 0.8999999762
45406  21.457  -35.152  -23.925 0.8000000119
176093  20.271  -35.240  -24.623 0.8000000119
47709  15.412  -33.704  -27.162 0.8999999762
46425  23.421  -34.370  -17.586 0.6999999881
175831  23.591  -34.965  -21.430 0.6999999881
47633  23.128  -34.304  -23.064 0.8000000119
45421  19.079  -35.755  -24.894 0.8999999762
46526  16.928  -34.388  -25.366 0.8999999762
47719  19.364  -33.730  -27.911 0.8000000119
48800  17.920  -33.308  -27.932 0.8000000119
47590  24.466  -33.253  -20.493 0.6999999881
47621  24.431  -33.443  -21.775 0.6999999881
48738  21.149  -32.910  -24.548 0.8000000119
160637  14.947  -32.450  -26.847 0.8999999762
168323  17.352  -31.578  -25.552 0.8999999762
49902  24.871  -32.080  -20.387 0.6000000238
171318  18.767  -30.818  -27.452 0.6999999881
52190  15.541  -29.878  -26.037 0.8999999762
53203  16.868  -29.473  -27.699 0.6999999881
53201  18.805  -29.425  -27.689 0.6000000238
53216  17.312  -28.900  -28.150 0.6000000238
54145  13.785  -27.685  -27.500 0.8000000119
54154  15.849  -27.688  -28.981 0.6000000238
56166  13.562  -26.140  -27.677 0.6999999881
156869  20.527  -28.512  -29.830 0.6000000238
55176  15.680  -26.598  -29.978 0.6000000238
54160  19.967  -28.410  -30.718 0.6000000238
56220  15.489  -25.151  -30.515 0.6000000238
58612  17.956  -24.506  -30.423 0.4000000060
176413  16.587  -24.065  -30.485 0.4000000060
58627  19.634  -24.640  -31.229 0.4000000060
61328  17.801  -22.584  -33.586 0.4000000060
34138  13.165  -44.980  -23.155 0.8999999762
20411  15.486  -58.437  -11.185 0.4000000060
20401  15.345  -58.047  -10.276 0.4000000060
179847  14.352  -58.089  -9.570 0.4000000060
20423  15.812  -57.786  -11.780 0.4000000060
22113  15.337  -56.448  -10.041 0.4000000060
21233  14.593  -56.788  -9.661 0.4000000060
23066  16.484  -55.957  -13.123 0.3000000119
22112  15.925  -56.769  -10.618 0.4000000060
23074  16.274  -55.802  -14.028 0.4000000060
24020  16.041  -54.912  -15.210 0.4000000060
24968  15.818  -53.853  -15.951 0.4000000060
24974  15.456  -53.484  -16.452 0.4000000060
166492  15.263  -55.628  -10.066 0.5000000000
22114  13.998  -56.026  -9.667 0.4000000060
22130  16.485  -56.039  -11.421 0.4000000060
155580  15.801  -56.127  -10.381 0.4000000060
23073  16.826  -55.364  -13.480 0.5000000000
24019  16.757  -54.470  -15.055 0.4000000060
24033  16.756  -53.866  -15.611 0.4000000060
161986  15.964  -53.208  -16.799 0.5000000000
25941  15.445  -52.634  -18.327 0.5000000000
25955  15.148  -52.518  -19.368 0.6000000238
25956  14.227  -52.599  -19.421 0.5000000000
153176  13.544  -52.617  -19.989 0.6000000238
26923  13.845  -52.302  -21.508 0.4000000060
168305  15.624  -55.025  -10.275 0.5000000000
166495  13.979  -54.861  -10.007 0.5000000000
23949  13.256  -54.631  -10.099 0.5000000000
175384  11.979  -54.823  -10.212 0.5000000000
23970  16.787  -54.837  -11.250 0.6000000238
23946  16.279  -54.783  -10.585 0.6000000238
23981  17.067  -54.805  -12.056 0.5000000000
23980  17.446  -54.096  -12.417 0.6000000238
23994  17.235  -54.834  -12.933 0.5000000000
24007  17.317  -54.353  -14.331 0.5000000000
151546  17.159  -53.279  -16.043 0.4000000060
25915  16.828  -52.893  -16.874 0.6000000238
25940  16.288  -52.463  -18.647 0.6000000238
179876  16.202  -52.384  -19.121 0.6000000238
26910  15.864  -51.861  -20.416 0.6000000238
26921  15.452  -51.668  -21.131 0.6000000238
27928  14.522  -51.047  -22.353 0.6000000238
26911  15.004  -52.211  -20.643 0.6000000238
26922  14.671  -51.988  -21.293 0.6000000238
26936  13.588  -52.064  -22.168 0.6000000238
27930  12.413  -51.371  -23.026 0.6000000238
23947  15.547  -54.348  -10.422 0.5000000000
23948  13.943  -54.231  -10.247 0.5000000000
24922  13.094  -53.790  -10.348 0.5000000000
24923  12.140  -53.740  -10.434 0.5000000000
175055  16.657  -54.296  -10.987 0.6000000238
24918  16.196  -53.992  -10.683 0.6000000238
24959  17.729  -53.716  -13.791 0.6000000238
24951  17.677  -53.264  -12.430 0.6000000238
24963  17.640  -53.659  -14.616 0.5000000000
166089  17.918  -53.098  -13.219 0.6000000238
25910  17.769  -52.987  -15.720 0.6000000238
25926  17.302  -52.345  -17.579 0.6000000238
26909  16.580  -51.665  -19.901 0.6000000238
27929  13.637  -51.437  -22.636 0.6000000238
167433  12.950  -50.585  -22.951 0.6999999881
25873  14.270  -53.003  -10.623 0.6000000238
25874  13.466  -52.982  -10.603 0.5000000000
24936  11.869  -53.087  -10.682 0.5000000000
24933  16.763  -53.677  -11.108 0.6000000238
24934  16.065  -53.170  -10.858 0.6000000238
24935  15.094  -53.058  -10.710 0.6000000238
25884  12.221  -52.521  -10.975 0.5000000000
165934  11.285  -51.821  -11.317 0.5000000000
25880  16.865  -52.954  -11.266 0.6000000238
26851  18.046  -52.466  -16.117 0.6000000238
28980  13.363  -49.793  -22.890 0.6999999881
165160  15.445  -52.430  -11.061 0.6000000238
25882  13.908  -52.403  -10.979 0.6000000238
25883  13.045  -52.364  -11.019 0.6000000238
174717  16.272  -52.536  -11.159 0.6000000238
26819  14.453  -51.828  -11.219 0.6000000238
26821  12.905  -51.693  -11.290 0.6000000238
168544  12.339  -51.641  -11.306 0.6000000238
26830  10.905  -51.301  -11.571 0.6000000238
26817  16.006  -51.934  -11.321 0.6000000238
27817  10.442  -50.788  -12.012 0.5000000000
25899  17.858  -52.493  -12.592 0.6000000238
28860  10.767  -50.119  -12.287 0.6000000238
28981  12.233  -49.686  -23.135 0.6999999881
26818  15.204  -51.778  -11.282 0.6000000238
27800  13.311  -51.147  -11.513 0.6000000238
27810  16.189  -50.742  -11.854 0.6000000238
27798  14.839  -51.178  -11.500 0.6000000238
27799  14.064  -51.165  -11.496 0.6000000238
27815  12.116  -50.613  -11.846 0.6000000238
27816  11.270  -50.688  -11.895 0.6000000238
26828  17.427  -51.815  -12.009 0.6000000238
28859  11.604  -50.014  -12.215 0.6000000238
26838  17.995  -51.714  -12.741 0.6000000238
27839  18.671  -51.177  -14.549 0.6000000238
31137  12.686  -48.342  -23.055 0.6999999881
32172  12.284  -47.345  -23.426 0.6999999881
155992  17.068  -50.993  -11.972 0.6000000238
28855  14.885  -49.932  -12.142 0.6999999881
28857  13.280  -49.961  -12.161 0.6999999881
27826  18.067  -50.973  -12.793 0.6000000238
33228  12.894  -46.023  -23.596 0.6999999881
28854  15.847  -49.945  -12.138 0.6999999881
29894  17.442  -49.883  -12.431 0.6999999881
28853  16.806  -50.261  -12.124 0.6999999881
29897  14.433  -49.303  -12.469 0.6999999881
29898  13.638  -49.345  -12.462 0.6999999881
28858  12.460  -49.961  -12.173 0.6000000238
29899  12.842  -49.360  -12.479 0.6999999881
30995  13.552  -48.336  -13.433 0.6000000238
179218  11.971  -48.967  -12.990 0.5000000000
35031  14.417  -44.266  -24.679 0.8000000119
29895  16.613  -49.485  -12.346 0.6999999881
29896  15.310  -49.217  -12.448 0.6999999881
29912  14.736  -48.678  -12.909 0.6999999881
29913  13.988  -48.786  -12.921 0.6999999881
29926  11.115  -48.668  -13.595 0.5000000000
31007  14.581  -47.681  -13.855 0.6999999881
31008  13.890  -47.825  -13.981 0.6000000238
31010  12.321  -48.101  -14.015 0.6000000238
164824  19.455  -31.476  -24.981 0.6999999881
48723  23.369  -33.165  -23.526 0.6999999881
47644  21.966  -33.829  -23.952 0.6999999881
165650  20.648  -32.520  -24.704 0.6999999881
48709  24.100  -32.807  -23.009 0.6000000238
48722  23.599  -32.407  -23.668 0.6000000238
49964  20.750  -31.665  -24.717 0.6999999881
51110  19.736  -30.792  -24.916 0.6999999881
52175  18.651  -30.234  -25.287 0.6999999881
53159  18.231  -29.690  -25.434 0.6999999881
49935  24.535  -31.961  -22.904 0.6000000238
49951  22.186  -32.099  -24.360 0.6999999881
165164  21.101  -30.877  -24.740 0.6999999881
167136  24.862  -31.136  -22.735 0.6000000238
52174  19.359  -30.077  -25.122 0.6999999881
169664  18.841  -29.704  -25.313 0.6999999881
54109  17.268  -28.822  -26.057 0.6999999881
49936  24.144  -32.083  -23.385 0.6000000238
49949  23.832  -31.768  -23.739 0.6000000238
171850  23.033  -31.035  -24.394 0.6000000238
51108  21.798  -30.731  -24.713 0.6999999881
52172  20.716  -30.322  -24.853 0.6999999881
53158  19.259  -29.508  -25.363 0.6999999881
54107  18.953  -28.692  -26.020 0.6999999881
54108  18.061  -28.644  -26.092 0.6999999881
51098  24.759  -30.580  -23.342 0.6000000238
163386  24.365  -30.748  -23.734 0.6000000238
52170  23.378  -30.354  -24.495 0.5000000000
51107  22.551  -30.545  -24.682 0.6000000238
53155  21.389  -29.531  -25.168 0.5000000000
53177  20.219  -29.270  -25.499 0.6999999881
172362  19.717  -28.306  -26.622 0.6999999881
54133  18.714  -27.997  -26.883 0.6999999881
57409  23.705  -25.422  -34.525 0.3000000119
57403  22.149  -25.398  -33.987 0.3000000119
57394  20.238  -25.613  -32.945 0.3000000119
19554  14.750  -59.058  -10.144 0.4000000060
19541  14.214  -58.787  -9.567 0.3000000119
19542  13.377  -58.757  -9.183 0.4000000060
20424  15.534  -58.458  -12.225 0.3000000119
21217  13.194  -57.341  -9.382 0.4000000060
22170  15.963  -56.534  -13.660 0.4000000060
22102  13.603  -56.689  -9.529 0.4000000060
23081  15.873  -55.519  -14.738 0.4000000060
24035  15.181  -54.338  -15.693 0.4000000060
24975  14.601  -53.469  -16.534 0.4000000060
25928  15.241  -52.822  -17.642 0.5000000000
25957  13.254  -52.768  -19.249 0.4000000060
22116  12.203  -56.010  -9.837 0.4000000060
25992  12.950  -52.580  -21.891 0.5000000000
23951  11.314  -54.716  -10.333 0.5000000000
27931  11.676  -51.172  -23.608 0.6000000238
24924  11.381  -53.974  -10.466 0.5000000000
25885  11.241  -52.543  -11.063 0.5000000000
177329  10.334  -52.506  -11.226 0.5000000000
28990  11.677  -49.698  -23.604 0.6000000238
26823  10.604  -51.941  -11.375 0.5000000000
27818  9.689  -50.956  -12.200 0.4000000060
30054  11.815  -48.926  -23.540 0.6999999881
28872  11.110  -49.497  -12.605 0.5000000000
33229  12.798  -46.834  -23.641 0.6999999881
29915  10.694  -49.126  -13.159 0.5000000000
33235  13.849  -45.831  -24.270 0.8000000119
160504  14.677  -45.904  -24.454 0.6999999881
31012  10.815  -48.281  -14.099 0.5000000000
31027  12.671  -47.625  -14.628 0.6000000238
47563  24.010  -33.412  -18.481 0.6000000238
51079  25.007  -31.243  -22.030 0.6000000238
52169  24.031  -29.779  -24.313 0.5000000000
175962  23.191  -29.294  -25.026 0.5000000000
169531  22.076  -29.464  -25.150 0.5000000000
54120  20.991  -28.347  -26.749 0.5000000000
55151  19.112  -27.261  -27.944 0.5000000000
58670  23.408  -24.837  -34.909 0.3000000119
58671  22.716  -24.647  -34.726 0.3000000119
57405  20.381  -24.833  -33.466 0.3000000119
26837  18.378  -51.386  -13.324 0.6000000238
25903  18.225  -52.289  -13.467 0.6000000238
156012  18.026  -53.081  -14.091 0.6000000238
30993  14.970  -48.066  -13.298 0.8000000119
180812  14.662  -50.407  -22.576 0.6999999881
160279  13.284  -48.545  -22.898 0.6999999881
178087  12.924  -47.060  -23.116 0.6999999881
162657  22.798  -32.653  -23.941 0.6999999881
53181  16.921  -29.260  -25.872 0.6999999881
55152  18.350  -27.147  -27.858 0.6000000238
57404  21.026  -25.516  -33.344 0.3000000119
34162  13.063  -45.372  -24.199 0.8000000119
34160  15.301  -45.512  -24.576 0.6999999881
49963  21.604  -31.515  -24.651 0.6999999881
20400  15.775  -57.604  -10.849 0.4000000060
22147  16.317  -56.602  -11.884 0.4000000060
21282  15.851  -57.175  -13.076 0.3000000119
23065  16.861  -55.406  -12.565 0.5000000000
22115  13.102  -55.968  -9.697 0.5000000000
25929  14.350  -52.914  -17.465 0.3000000119
25983  12.272  -53.065  -21.324 0.4000000060
23031  11.712  -55.420  -10.155 0.5000000000
29925  11.954  -48.617  -13.435 0.6000000238
52173  20.109  -30.171  -24.961 0.6999999881
53180  17.795  -29.197  -25.736 0.6999999881
49950  23.080  -31.779  -24.096 0.6999999881
51099  23.755  -31.090  -24.010 0.6000000238
49962  22.372  -31.304  -24.527 0.6999999881
170035  21.258  -30.157  -24.874 0.6999999881
52156  24.025  -30.431  -24.074 0.6000000238
153791  23.413  -29.672  -24.725 0.5000000000
52171  21.952  -29.996  -24.881 0.6000000238
53156  20.617  -29.665  -25.106 0.6999999881
159080  19.639  -28.625  -26.153 0.6999999881
54122  19.170  -28.337  -26.507 0.6999999881
52155  24.534  -30.138  -23.791 0.5000000000
53153  23.800  -29.220  -24.794 0.5000000000
53154  22.722  -29.731  -24.858 0.5000000000
53176  20.892  -29.113  -25.632 0.5000000000
54121  20.242  -28.491  -26.426 0.5000000000
171778  20.248  -27.654  -27.673 0.5000000000
54132  19.379  -27.997  -27.006 0.6999999881
53129  24.995  -29.692  -23.390 0.5000000000
53174  22.651  -29.086  -25.417 0.5000000000
54104  22.249  -28.646  -26.018 0.5000000000
55135  20.881  -27.877  -27.478 0.5000000000
32185  13.297  -47.179  -24.072 0.6000000238
154923  14.456  -46.553  -24.437 0.6000000238
35047  17.670  -45.127  -24.953 0.5000000000
154919  15.481  -46.556  -24.615 0.6000000238
34159  16.109  -44.965  -24.652 0.6000000238
161088  19.902  -44.374  -26.396 0.5000000000
35046  18.321  -44.804  -25.295 0.5000000000
34158  16.981  -44.681  -24.802 0.6000000238
34079  13.500  -45.617  -16.131 0.5000000000
35029  16.420  -44.262  -24.799 0.6000000238
35936  20.927  -43.663  -26.745 0.5000000000
35938  19.594  -43.687  -26.207 0.5000000000
35935  21.683  -43.512  -26.869 0.5000000000
34090  13.730  -44.946  -16.127 0.4000000060
34091  13.125  -44.955  -16.377 0.4000000060
156763  13.250  -43.005  -16.490 0.4000000060
163580  20.556  -43.191  -26.501 0.5000000000
167370  22.999  -42.578  -27.275 0.5000000000
36906  21.261  -42.898  -26.535 0.5000000000
36758  13.358  -42.351  -16.483 0.4000000060
37894  23.731  -41.604  -27.551 0.5000000000
36904  22.658  -42.441  -26.748 0.5000000000
37737  13.555  -41.547  -16.519 0.4000000060
41984  16.924  -37.809  -16.366 0.4000000060
41985  16.333  -38.046  -16.610 0.4000000060
41986  15.769  -38.089  -16.845 0.4000000060
41997  15.373  -37.807  -17.229 0.3000000119
46400  20.458  -34.679  -15.569 0.4000000060
46401  19.680  -34.841  -15.744 0.4000000060
44146  17.828  -36.760  -16.108 0.4000000060
43021  17.392  -37.327  -16.247 0.4000000060
47525  19.947  -34.182  -15.968 0.4000000060
44159  17.795  -36.089  -16.426 0.4000000060
175862  16.499  -37.481  -16.751 0.4000000060
45316  17.817  -35.385  -16.677 0.4000000060
45317  17.154  -35.824  -16.924 0.4000000060
43036  15.955  -37.448  -17.091 0.4000000060
43050  15.492  -37.167  -17.536 0.4000000060
46402  19.032  -35.027  -15.980 0.4000000060
45306  18.534  -35.612  -16.053 0.4000000060
47524  20.732  -34.029  -15.798 0.4000000060
46412  19.201  -34.450  -16.260 0.4000000060
161529  18.552  -34.055  -16.826 0.4000000060
46413  18.495  -34.866  -16.467 0.4000000060
46414  17.776  -34.716  -16.974 0.4000000060
47535  17.686  -34.079  -17.295 0.4000000060
44171  16.551  -36.217  -17.293 0.4000000060
47546  17.489  -33.444  -17.522 0.4000000060
179643  16.424  -35.056  -17.813 0.4000000060
172752  16.238  -36.544  -17.407 0.4000000060
46411  22.663  -34.283  -16.190 0.4000000060
48625  20.588  -32.924  -16.557 0.4000000060
48626  19.805  -33.078  -16.760 0.4000000060
48627  19.024  -33.199  -17.092 0.4000000060
46410  23.115  -34.342  -16.865 0.5000000000
47531  22.895  -33.539  -16.610 0.4000000060
47532  22.035  -33.581  -16.083 0.4000000060
47533  21.086  -33.430  -16.060 0.4000000060
175036  19.506  -32.709  -17.199 0.4000000060
48634  18.557  -32.809  -17.419 0.4000000060
47545  18.237  -33.417  -17.329 0.4000000060
48635  17.951  -32.755  -17.514 0.4000000060
152784  17.062  -34.032  -17.576 0.4000000060
47543  23.690  -33.659  -17.746 0.5000000000
47544  23.343  -33.831  -17.183 0.5000000000
48622  22.895  -32.841  -16.878 0.5000000000
48623  22.277  -32.865  -16.586 0.4000000060
49853  20.901  -32.333  -16.974 0.4000000060
49854  20.114  -32.519  -17.122 0.4000000060
48632  23.266  -32.426  -17.239 0.5000000000
49852  21.756  -32.249  -16.884 0.4000000060
49863  20.317  -31.775  -17.526 0.4000000060
165564  19.583  -32.172  -17.451 0.4000000060
49860  22.882  -31.792  -17.479 0.4000000060
49861  22.096  -31.711  -17.385 0.4000000060
49862  21.249  -31.725  -17.403 0.4000000060
51002  20.876  -31.142  -17.867 0.4000000060
51019  20.050  -30.961  -18.058 0.4000000060
51016  22.850  -30.771  -18.230 0.4000000060
53059  22.150  -29.640  -18.757 0.4000000060
52074  21.778  -30.097  -18.485 0.4000000060
52075  20.940  -29.996  -18.466 0.4000000060
53061  20.823  -29.230  -18.718 0.4000000060
48648  24.209  -32.608  -18.544 0.5000000000
51015  24.186  -31.170  -18.665 0.5000000000
175800  23.243  -30.442  -18.533 0.4000000060
53060  21.519  -29.474  -18.718 0.4000000060
54007  20.304  -28.174  -19.087 0.3000000119
48674  24.583  -32.733  -19.953 0.5000000000
50999  23.229  -31.324  -17.904 0.5000000000
51000  22.482  -31.193  -17.789 0.4000000060
51018  21.342  -30.640  -18.225 0.4000000060
52076  20.187  -30.219  -18.363 0.4000000060
51017  22.108  -30.671  -18.209 0.4000000060
169819  20.674  -30.624  -18.242 0.4000000060
51040  24.480  -30.768  -19.204 0.5000000000
52072  23.873  -30.515  -18.760 0.5000000000
52073  22.606  -30.135  -18.573 0.4000000060
53076  22.053  -29.082  -19.054 0.4000000060
53078  20.735  -28.652  -18.963 0.3000000119
153004  24.839  -31.259  -19.951 0.5000000000
52093  24.088  -30.060  -19.260 0.5000000000
53075  22.821  -29.428  -19.065 0.4000000060
54004  22.645  -28.648  -19.387 0.4000000060
54005  21.891  -28.373  -19.316 0.4000000060
54006  21.110  -28.110  -19.265 0.3000000119
55018  20.588  -27.575  -19.393 0.3000000119
55019  19.770  -27.535  -19.242 0.3000000119
52092  24.695  -30.296  -19.835 0.5000000000
51052  25.005  -30.669  -20.634 0.4000000060
51064  25.088  -30.981  -21.413 0.5000000000
53074  23.464  -28.925  -19.495 0.3000000119
55015  22.441  -27.924  -19.663 0.4000000060
55017  21.156  -27.504  -19.557 0.3000000119
56059  19.594  -26.758  -19.560 0.3000000119
53090  24.293  -29.407  -19.786 0.3000000119
150943  24.909  -29.806  -20.522 0.4000000060
52116  25.134  -30.228  -21.319 0.4000000060
150950  25.204  -29.861  -22.031 0.4000000060
52142  25.055  -30.240  -22.761 0.4000000060
54018  23.216  -28.199  -19.802 0.3000000119
55016  21.722  -27.682  -19.581 0.3000000119
56073  20.835  -26.657  -20.030 0.3000000119
56074  20.163  -26.383  -20.000 0.3000000119
56076  18.819  -25.745  -20.036 0.3000000119
170984  18.400  -26.131  -19.691 0.3000000119
54017  24.044  -28.530  -20.033 0.3000000119
57203  19.413  -25.578  -20.329 0.3000000119
56075  19.484  -26.107  -19.986 0.3000000119
58486  18.271  -25.140  -20.284 0.3000000119
53089  24.768  -28.927  -20.518 0.3000000119
168541  25.100  -29.409  -21.263 0.3000000119
163442  25.237  -29.151  -21.939 0.3000000119
156444  25.022  -29.011  -23.868 0.4000000060
53141  24.480  -29.129  -24.402 0.4000000060
54102  24.038  -28.330  -25.614 0.4000000060
54105  21.406  -28.708  -26.117 0.4000000060
57204  17.710  -25.508  -19.885 0.3000000119
55040  24.163  -27.345  -20.817 0.3000000119
55029  23.742  -27.763  -20.283 0.3000000119
54031  24.533  -28.082  -20.589 0.3000000119
54052  25.409  -28.521  -22.362 0.3000000119
54063  25.365  -28.881  -23.241 0.3000000119
55095  25.365  -27.830  -24.450 0.3000000119
54077  24.939  -28.493  -24.448 0.4000000060
54101  24.854  -27.976  -25.194 0.4000000060
54103  23.143  -28.526  -25.853 0.4000000060
54118  22.817  -28.217  -26.577 0.4000000060
54119  21.887  -28.361  -26.641 0.4000000060
172529  21.624  -28.062  -27.279 0.4000000060
54030  25.080  -28.478  -21.322 0.3000000119
54117  23.713  -28.076  -26.285 0.4000000060
55124  23.484  -27.859  -26.864 0.4000000060
55134  22.222  -27.741  -27.621 0.4000000060
55148  22.181  -27.403  -28.356 0.4000000060
164627  21.410  -27.371  -28.448 0.4000000060
56175  19.829  -26.868  -28.715 0.4000000060
159824  18.752  -26.989  -28.189 0.5000000000
153019  25.323  -27.262  -24.946 0.3000000119
55122  24.861  -27.083  -26.464 0.3000000119
55123  24.142  -27.558  -26.689 0.3000000119
55133  23.730  -27.439  -27.415 0.4000000060
55146  23.624  -27.101  -28.198 0.4000000060
55147  22.952  -27.195  -28.516 0.3000000119
55161  21.674  -27.121  -28.956 0.4000000060
56191  20.307  -26.693  -29.170 0.3000000119
56192  19.478  -26.479  -29.127 0.3000000119
56177  18.336  -26.653  -28.422 0.4000000060
57329  19.859  -26.145  -29.669 0.3000000119
57330  19.033  -25.919  -29.570 0.3000000119
175573  25.390  -26.737  -25.272 0.3000000119
56163  24.949  -26.510  -27.162 0.3000000119
55132  24.489  -27.154  -27.132 0.3000000119
56164  24.359  -26.872  -27.744 0.3000000119
56174  23.392  -26.735  -28.930 0.3000000119
56188  22.779  -26.500  -29.479 0.3000000119
56189  21.958  -26.676  -29.464 0.3000000119
56190  21.133  -26.725  -29.361 0.3000000119
57347  20.234  -25.781  -30.179 0.3000000119
57346  20.959  -25.847  -30.245 0.3000000119
57303  25.447  -25.823  -25.946 0.3000000119
56173  24.185  -26.512  -28.424 0.3000000119
56187  24.040  -26.112  -29.060 0.3000000119
158819  23.449  -26.240  -29.455 0.3000000119
56203  22.228  -26.171  -29.922 0.3000000119
57345  21.709  -25.820  -30.333 0.3000000119
57364  20.586  -25.515  -30.651 0.3000000119
58610  19.919  -25.322  -30.715 0.3000000119
57363  21.239  -25.489  -30.818 0.3000000119
58626  20.619  -25.041  -31.218 0.3000000119
59967  21.108  -24.505  -31.753 0.3000000119
48631  23.852  -32.770  -17.788 0.5000000000
32186  12.793  -47.890  -24.014 0.6000000238
157044  13.666  -47.823  -24.408 0.5000000000
32183  14.904  -47.279  -24.608 0.5000000000
33233  17.334  -46.499  -24.966 0.5000000000
155792  16.272  -47.352  -24.884 0.5000000000
35951  21.271  -44.190  -27.182 0.5000000000
34182  19.379  -45.846  -25.971 0.5000000000
34171  18.268  -45.610  -25.200 0.5000000000
32033  14.239  -47.242  -14.525 0.6000000238
176383  13.767  -47.085  -15.109 0.6000000238
32075  13.643  -46.754  -15.665 0.6000000238
33151  13.430  -46.291  -16.006 0.5000000000
32093  12.564  -46.652  -16.341 0.5000000000
180906  13.022  -45.527  -16.368 0.5000000000
34092  12.487  -45.418  -16.530 0.5000000000
34957  12.946  -44.155  -16.468 0.4000000060
35819  12.752  -43.405  -16.485 0.4000000060
37738  12.520  -41.726  -16.523 0.4000000060
38752  12.902  -40.881  -16.650 0.4000000060
40962  14.110  -38.722  -17.257 0.3000000119
41998  14.791  -38.223  -17.246 0.3000000119
46427  15.956  -34.959  -18.164 0.4000000060
170931  15.622  -36.633  -17.704 0.4000000060
167306  16.439  -34.338  -17.932 0.4000000060
174819  19.063  -31.936  -17.591 0.4000000060
48636  17.182  -32.772  -17.635 0.4000000060
48649  16.431  -32.847  -17.943 0.4000000060
49864  18.450  -32.105  -17.569 0.4000000060
49865  17.664  -32.050  -17.618 0.4000000060
51020  19.228  -30.883  -18.049 0.4000000060
51022  17.735  -30.726  -17.894 0.4000000060
53990  20.075  -28.898  -18.732 0.4000000060
166044  19.570  -28.256  -18.912 0.4000000060
169504  19.595  -30.394  -18.278 0.4000000060
53062  19.570  -29.654  -18.458 0.4000000060
54008  19.128  -27.835  -19.031 0.3000000119
179108  18.894  -27.207  -19.255 0.3000000119
56060  18.196  -26.700  -19.383 0.3000000119
35950  21.931  -43.914  -27.418 0.5000000000
40943  13.657  -39.414  -16.960 0.4000000060
168381  15.780  -34.259  -18.366 0.4000000060
47564  16.116  -33.612  -18.198 0.4000000060
51004  18.793  -31.414  -17.760 0.4000000060
51005  18.084  -31.381  -17.726 0.4000000060
39850  13.273  -40.139  -16.787 0.4000000060
35921  18.337  -44.009  -25.491 0.5000000000
46399  21.268  -34.575  -15.565 0.4000000060
52137  25.143  -30.632  -22.076 0.5000000000
47523  21.448  -33.970  -15.773 0.4000000060
166499  24.711  -32.000  -19.724 0.5000000000
53152  24.299  -28.672  -24.970 0.4000000060
55150  19.859  -27.296  -28.188 0.4000000060
164399  21.502  -27.642  -27.885 0.4000000060
155105  16.923  -45.624  -24.764 0.6000000238
167229  18.889  -45.330  -25.582 0.5000000000
35057  20.136  -45.100  -26.633 0.5000000000
172343  17.235  -35.224  -17.122 0.4000000060
46426  17.009  -34.726  -17.463 0.4000000060
45330  16.662  -35.514  -17.475 0.4000000060
45331  16.062  -35.624  -17.848 0.4000000060
48624  21.443  -32.858  -16.451 0.4000000060
47547  16.754  -33.523  -17.770 0.4000000060
49851  22.551  -32.253  -16.980 0.4000000060
49859  23.592  -31.972  -17.719 0.5000000000
48663  24.500  -32.322  -19.189 0.5000000000
49876  24.299  -31.882  -18.615 0.5000000000
166452  23.556  -30.930  -18.349 0.5000000000
49877  24.031  -32.142  -18.123 0.5000000000
49893  24.592  -31.554  -19.180 0.5000000000
179392  23.616  -29.538  -19.267 0.4000000060
53120  25.253  -29.418  -22.669 0.3000000119
55039  24.800  -27.698  -21.117 0.3000000119
54130  22.916  -27.817  -27.252 0.4000000060
55116  25.043  -27.249  -25.645 0.3000000119
55117  24.461  -27.702  -25.982 0.3000000119
55160  22.512  -27.043  -29.025 0.3000000119
55163  20.327  -27.123  -28.638 0.4000000060
56158  25.204  -26.379  -26.463 0.3000000119
152285  25.382  -25.679  -26.740 0.3000000119
56172  24.799  -26.206  -27.903 0.3000000119
57316  24.669  -25.855  -28.540 0.3000000119
58625  21.551  -25.047  -31.382 0.3000000119
49866  16.871  -32.071  -17.747 0.4000000060
27827  10.002  -50.271  -12.437 0.4000000060
29916  9.997  -49.284  -13.325 0.4000000060
29917  9.419  -49.508  -13.626 0.4000000060
29937  9.703  -48.659  -14.366 0.3000000119
29927  10.319  -48.743  -13.846 0.4000000060
31030  10.263  -48.175  -14.647 0.3000000119
26951  11.686  -51.835  -23.827 0.5000000000
31029  11.063  -47.912  -14.641 0.5000000000
32055  11.419  -47.508  -15.312 0.3000000119
28998  11.524  -50.254  -23.966 0.5000000000
29010  11.642  -50.353  -24.293 0.5000000000
26969  11.693  -51.573  -24.340 0.5000000000
32053  13.064  -47.176  -15.364 0.5000000000
32054  12.211  -47.359  -15.311 0.4000000060
168222  11.609  -49.515  -23.750 0.5000000000
168049  13.205  -50.559  -24.718 0.5000000000
29009  13.833  -49.871  -24.734 0.3000000119
30081  12.266  -49.063  -24.291 0.5000000000
171590  13.098  -49.238  -24.598 0.4000000060
30080  13.965  -49.009  -24.705 0.4000000060
168603  15.502  -49.518  -24.738 0.3000000119
30079  14.761  -49.410  -24.783 0.3000000119
31171  16.452  -48.523  -24.893 0.3000000119
163815  15.718  -48.777  -24.856 0.3000000119
32180  18.158  -47.429  -24.987 0.3000000119
154627  17.444  -47.826  -24.985 0.3000000119
32182  16.750  -47.961  -24.979 0.4000000060
157462  15.288  -48.044  -24.768 0.4000000060
34958  12.184  -43.946  -16.500 0.3000000119
33256  19.818  -46.162  -26.143 0.4000000060
32197  19.065  -46.750  -25.389 0.4000000060
32181  17.764  -47.147  -25.090 0.4000000060
35820  12.004  -43.080  -16.469 0.3000000119
44173  15.076  -36.804  -17.924 0.3000000119
44183  15.549  -36.153  -17.947 0.3000000119
45345  15.504  -35.507  -18.250 0.3000000119
46443  15.388  -34.814  -18.502 0.3000000119
49878  16.138  -32.104  -18.071 0.3000000119
51006  17.343  -31.370  -17.731 0.3000000119
51023  16.603  -31.371  -17.868 0.3000000119
51024  15.793  -31.337  -18.255 0.3000000119
51025  15.100  -31.704  -18.767 0.3000000119
52077  18.959  -30.207  -18.250 0.3000000119
51021  18.498  -30.777  -17.996 0.3000000119
52079  17.233  -30.059  -18.010 0.3000000119
52066  17.076  -30.804  -17.811 0.3000000119
52080  16.439  -30.629  -17.934 0.3000000119
53991  19.208  -28.849  -18.619 0.3000000119
53063  18.694  -29.444  -18.391 0.3000000119
168294  17.832  -29.292  -18.290 0.3000000119
159517  16.311  -29.846  -18.094 0.3000000119
53993  17.516  -28.475  -18.507 0.3000000119
53064  16.949  -29.194  -18.239 0.3000000119
53994  16.649  -28.496  -18.469 0.3000000119
53992  18.396  -28.620  -18.577 0.3000000119
55006  17.031  -27.938  -18.662 0.3000000119
26938  11.948  -52.113  -23.253 0.5000000000
33244  18.836  -46.205  -25.466 0.4000000060
49879  15.564  -32.112  -18.477 0.3000000119
32077  11.767  -47.145  -16.030 0.3000000119
32094  12.026  -46.812  -16.480 0.3000000119
168783  11.825  -45.703  -16.665 0.3000000119
22117  11.323  -56.205  -10.043 0.4000000060
22118  10.494  -56.161  -10.261 0.4000000060
23032  10.905  -55.454  -10.296 0.4000000060
23048  8.734  -55.189  -11.106 0.4000000060
167807  8.608  -54.348  -11.335 0.3000000119
23952  10.475  -54.706  -10.474 0.4000000060
162823  9.307  -54.086  -11.058 0.4000000060
24938  9.079  -53.536  -11.289 0.4000000060
25943  13.644  -52.767  -18.559 0.3000000119
25886  10.446  -53.107  -10.968 0.4000000060
25895  8.407  -52.753  -12.073 0.3000000119
26839  9.009  -51.229  -12.529 0.3000000119
25894  9.116  -52.353  -11.732 0.4000000060
27829  8.714  -50.863  -13.239 0.3000000119
26840  8.411  -51.611  -13.015 0.3000000119
27835  8.515  -50.476  -14.002 0.3000000119
26832  9.399  -51.655  -11.974 0.4000000060
28875  9.068  -50.143  -13.430 0.3000000119
156159  9.760  -56.190  -10.433 0.4000000060
23953  9.791  -54.931  -10.629 0.4000000060
29928  9.282  -49.151  -14.257 0.3000000119
22104  11.897  -56.690  -9.645 0.3000000119
28890  8.373  -50.047  -14.753 0.3000000119
19562  14.974  -59.104  -10.987 0.4000000060
20388  13.677  -58.055  -9.344 0.4000000060
20402  14.824  -57.688  -9.739 0.4000000060
20430  15.744  -57.815  -12.646 0.3000000119
21216  14.042  -57.435  -9.502 0.4000000060
21232  15.394  -57.246  -10.107 0.4000000060
21252  16.051  -57.098  -11.429 0.4000000060
21272  16.030  -57.193  -12.275 0.4000000060
22103  12.709  -56.640  -9.522 0.3000000119
22131  16.227  -56.534  -11.201 0.4000000060
22146  16.574  -56.013  -12.226 0.5000000000
22159  16.280  -56.613  -12.731 0.3000000119
22182  15.676  -56.155  -14.431 0.4000000060
23027  15.999  -55.539  -10.467 0.6000000238
23028  14.391  -55.422  -9.838 0.4000000060
23029  13.547  -55.335  -9.835 0.5000000000
23030  12.585  -55.215  -9.978 0.4000000060
23033  10.122  -55.499  -10.456 0.4000000060
23046  16.231  -56.102  -10.776 0.4000000060
23058  16.773  -55.437  -11.702 0.4000000060
23080  16.702  -55.125  -14.452 0.4000000060
23950  12.471  -54.420  -10.228 0.5000000000
23971  9.842  -54.292  -10.739 0.4000000060
23972  9.262  -54.718  -10.918 0.4000000060
23993  17.512  -54.287  -13.386 0.6000000238
24008  17.208  -54.850  -13.751 0.5000000000
24021  15.015  -55.131  -15.205 0.4000000060
24034  16.166  -54.325  -15.553 0.4000000060
24919  15.537  -53.672  -10.592 0.6000000238
24920  14.722  -53.800  -10.431 0.6000000238
24921  13.885  -53.543  -10.421 0.6000000238
24925  10.558  -53.874  -10.616 0.4000000060
24932  17.312  -53.484  -11.699 0.6000000238
24937  9.795  -53.614  -10.991 0.4000000060
24944  17.055  -54.209  -11.576 0.6000000238
24964  17.222  -54.005  -15.009 0.5000000000
24967  17.461  -53.535  -15.361 0.6000000238
24969  14.981  -53.760  -16.116 0.4000000060
24973  16.378  -53.440  -16.290 0.4000000060
25875  12.644  -53.041  -10.611 0.5000000000
25881  14.655  -52.471  -10.968 0.6000000238
25887  9.616  -52.863  -11.293 0.4000000060
25892  17.429  -52.702  -11.834 0.6000000238
25893  16.830  -52.224  -11.462 0.6000000238
25907  17.980  -53.102  -14.974 0.5000000000
25909  18.232  -52.504  -15.356 0.6000000238
25914  17.730  -52.422  -16.840 0.8000000119
25916  15.074  -53.105  -16.994 0.4000000060
25927  16.333  -52.643  -17.816 0.6000000238
25942  14.419  -52.707  -18.059 0.3000000119
25954  15.938  -52.261  -19.591 0.6000000238
25965  15.150  -52.406  -19.974 0.6000000238
25966  14.454  -52.491  -20.175 0.6000000238
25981  14.153  -52.444  -20.762 0.6000000238
25982  13.016  -52.726  -20.806 0.4000000060
26820  13.619  -51.773  -11.258 0.6000000238
26822  11.904  -51.996  -11.206 0.5000000000
26824  9.838  -52.096  -11.494 0.5000000000
26829  16.556  -51.464  -11.618 0.6000000238
26831  10.123  -51.434  -11.726 0.5000000000
26833  8.703  -51.952  -12.296 0.3000000119
26844  18.487  -51.689  -14.077 0.6000000238
26847  18.496  -51.836  -14.928 0.6999999881
26861  18.363  -51.162  -16.928 0.8999999762
26877  18.198  -51.021  -17.675 0.8000000119
26886  17.503  -51.530  -18.724 0.6999999881
26935  14.288  -51.745  -21.981 0.6000000238
26937  12.836  -52.178  -22.664 0.5000000000
26960  11.575  -51.677  -24.124 0.5000000000
27797  15.661  -51.256  -11.532 0.6000000238
27801  12.573  -51.141  -11.491 0.6000000238
27802  11.769  -51.289  -11.443 0.6000000238
27809  17.575  -50.593  -12.349 0.6000000238
27811  15.288  -50.594  -11.824 0.6000000238
27812  14.464  -50.561  -11.814 0.6000000238
27813  13.695  -50.572  -11.844 0.6000000238
27814  12.927  -50.575  -11.844 0.6000000238
27825  18.483  -50.612  -13.249 0.8000000119
27828  9.328  -50.522  -12.755 0.3000000119
27834  18.636  -50.973  -13.838 0.8000000119
27856  18.622  -50.546  -16.506 0.8999999762
27905  16.580  -51.129  -20.487 0.8000000119
27915  15.768  -50.898  -21.528 0.8000000119
27916  15.048  -51.390  -21.791 0.8000000119
27942  11.526  -51.044  -23.981 0.5000000000
27951  11.534  -50.984  -24.177 0.5000000000
27961  12.155  -50.925  -24.567 0.5000000000
28856  14.067  -49.951  -12.149 0.6999999881
28869  18.620  -49.783  -13.254 0.8999999762
28871  11.973  -49.340  -12.560 0.5000000000
28873  10.344  -49.661  -12.761 0.5000000000
28874  9.666  -49.863  -13.009 0.4000000060
28882  8.887  -49.747  -14.140 0.3000000119
28900  18.812  -49.882  -16.049 0.8999999762
28942  18.299  -50.005  -18.342 0.8999999762
28969  16.282  -50.221  -21.405 0.8000000119
29908  18.491  -48.959  -13.092 0.8999999762
29909  17.708  -48.753  -12.766 0.8999999762
29914  13.228  -48.855  -12.916 0.6999999881
29936  19.102  -49.408  -14.476 0.8999999762
29955  19.215  -48.364  -15.732 1.0000000000
30008  18.594  -49.211  -18.089 1.0000000000
30026  17.099  -48.986  -20.925 0.8000000119
30040  14.581  -49.092  -22.618 0.8000000119
30041  13.747  -49.103  -22.822 0.6999999881
30042  12.788  -49.031  -22.998 0.6999999881
30043  11.994  -48.928  -23.296 0.6999999881
30067  11.859  -48.980  -23.741 0.5000000000
30078  16.176  -49.110  -24.732 0.3000000119
30991  17.231  -47.980  -12.795 0.8999999762
30992  16.252  -48.244  -12.796 0.8999999762
30994  14.288  -48.222  -13.413 0.6999999881
30996  12.780  -48.441  -13.430 0.6000000238
31005  19.167  -48.364  -13.975 0.8999999762
31009  13.120  -47.972  -14.007 0.6000000238
31011  11.503  -48.202  -14.041 0.5000000000
31028  11.863  -47.770  -14.633 0.6000000238
31053  10.637  -47.666  -15.329 0.3000000119
31091  18.855  -47.873  -17.852 1.0000000000
31105  18.584  -47.927  -18.586 1.0000000000
31119  17.732  -47.617  -20.345 0.8999999762
31126  16.261  -48.262  -21.807 0.8000000119
31143  12.086  -48.225  -23.388 0.6999999881
31158  12.053  -48.150  -23.488 0.6000000238
31170  16.952  -48.284  -24.879 0.3000000119
31172  13.143  -48.502  -24.466 0.5000000000
31173  12.409  -48.421  -24.028 0.6000000238
32017  16.444  -47.511  -12.975 0.8999999762
32029  19.215  -47.542  -13.997 0.8999999762
32030  19.012  -47.127  -13.431 0.8999999762
32034  13.464  -47.485  -14.594 0.6000000238
32076  13.063  -46.755  -16.046 0.5000000000
32111  19.281  -46.653  -17.434 1.0000000000
32112  19.092  -47.219  -17.594 1.0000000000
32130  18.019  -47.034  -19.984 0.8999999762
32144  16.741  -46.816  -21.516 0.8999999762
32152  16.131  -46.950  -21.945 0.8999999762
32156  13.283  -47.128  -22.963 0.8000000119
32157  12.821  -47.616  -23.100 0.6999999881
32165  12.409  -47.137  -23.429 0.6999999881
32184  14.094  -47.202  -24.416 0.6000000238
32198  18.473  -46.905  -25.239 0.3000000119
33106  19.112  -46.407  -13.457 0.8999999762
33118  19.321  -46.782  -13.964 0.8999999762
33119  16.355  -45.983  -13.261 0.8999999762
33121  15.097  -46.528  -14.160 0.8000000119
33138  14.814  -46.046  -14.765 0.6999999881
33150  13.930  -46.109  -15.717 0.6999999881
33159  19.595  -46.469  -16.192 1.0000000000
33160  12.930  -46.098  -16.345 0.5000000000
33161  12.247  -46.224  -16.555 0.3000000119
33173  19.066  -46.682  -18.013 1.0000000000
33191  17.828  -46.322  -20.370 0.8999999762
33212  12.879  -45.783  -23.305 0.8000000119
33213  12.687  -46.584  -23.337 0.6999999881
33220  12.773  -45.904  -23.423 0.8999999762
33221  12.581  -46.671  -23.405 0.6999999881
33234  16.519  -46.524  -24.803 0.6000000238
33236  13.253  -46.278  -23.943 0.6999999881
33243  19.472  -46.413  -25.694 0.4000000060
33245  18.085  -46.431  -25.180 0.4000000060
34041  19.023  -45.302  -13.316 0.8999999762
34042  18.310  -45.351  -13.126 0.8999999762
34043  17.448  -45.372  -13.117 0.8999999762
34044  16.617  -45.393  -13.284 0.8999999762
34055  19.492  -45.256  -13.799 0.8999999762
34056  15.926  -45.567  -13.612 0.8999999762
34110  18.879  -45.629  -18.888 1.0000000000
34116  18.487  -45.765  -19.457 0.8999999762
34124  17.883  -45.562  -20.440 0.8999999762
34130  17.619  -45.304  -20.940 0.8999999762
34136  14.679  -45.555  -22.769 0.8999999762
34137  13.856  -45.319  -22.961 0.8999999762
34150  12.774  -45.192  -23.542 0.8999999762
34161  13.483  -45.091  -24.340 0.8000000119
34181  19.906  -45.720  -26.436 0.4000000060
34908  19.257  -44.756  -13.421 0.8999999762
34956  13.612  -44.332  -16.311 0.4000000060
35008  12.739  -44.448  -23.349 0.8999999762
35028  16.946  -43.886  -24.984 0.6000000238
35030  15.186  -44.687  -24.664 0.6999999881
35032  13.518  -44.466  -24.517 0.8999999762
35045  18.932  -44.525  -25.674 0.5000000000
35056  20.567  -44.469  -26.854 0.5000000000
35058  19.504  -45.033  -26.104 0.5000000000
35762  19.068  -44.060  -13.340 0.8999999762
35785  15.929  -44.175  -14.150 0.8000000119
35798  15.526  -43.937  -14.798 0.6000000238
35799  15.073  -44.134  -15.385 0.6000000238
35808  14.673  -43.957  -15.776 0.6000000238
35809  14.099  -43.774  -16.164 0.4000000060
35818  13.468  -43.622  -16.444 0.4000000060
35831  20.145  -43.625  -17.718 1.0000000000
35855  18.600  -43.770  -20.421 1.0000000000
35859  18.421  -43.612  -21.192 0.8999999762
35865  18.283  -43.445  -22.055 0.8999999762
35869  15.096  -43.907  -23.034 0.8999999762
35870  14.339  -44.249  -22.994 0.8999999762
35871  13.580  -43.868  -23.054 0.8999999762
35897  12.701  -43.879  -23.601 0.8999999762
35910  15.534  -43.530  -24.837 0.8000000119
35913  12.682  -43.906  -23.954 0.8999999762
35920  18.976  -43.783  -25.857 0.6000000238
35937  20.236  -43.738  -26.509 0.5000000000
35949  22.474  -43.530  -27.564 0.5000000000
36721  17.635  -42.728  -13.556 1.0000000000
36734  16.298  -42.720  -14.466 0.6999999881
36743  20.884  -42.411  -16.073 1.0000000000
36756  20.747  -42.943  -16.419 1.0000000000
36759  12.640  -42.635  -16.469 0.4000000060
36783  19.826  -43.119  -18.961 1.0000000000
36795  20.056  -42.554  -18.896 1.0000000000
36796  19.582  -42.724  -19.559 1.0000000000
36813  18.826  -42.886  -21.392 1.0000000000
36830  17.989  -43.161  -22.865 1.0000000000
36831  17.128  -43.429  -23.015 0.8999999762
36835  13.308  -43.412  -23.209 0.8999999762
36851  16.310  -42.926  -23.357 0.8999999762
36853  13.950  -42.297  -23.588 0.8999999762
36872  15.974  -42.979  -25.056 0.8000000119
36888  17.225  -42.659  -25.557 0.8000000119
36890  15.630  -42.334  -25.261 0.8000000119
36892  14.017  -42.303  -24.837 0.8999999762
36893  14.048  -42.007  -24.971 0.8999999762
36905  22.119  -42.933  -26.736 0.5000000000
36909  18.949  -42.255  -26.104 0.6000000238
36918  22.639  -43.033  -27.085 0.5000000000
36919  22.236  -43.405  -27.040 0.5000000000
37671  19.347  -42.203  -13.618 0.8999999762
37672  18.479  -41.631  -13.748 1.0000000000
37696  19.962  -42.631  -13.906 1.0000000000
37698  16.357  -42.087  -14.841 0.6999999881
37699  15.941  -42.032  -15.429 0.6999999881
37715  15.470  -42.042  -15.927 0.6000000238
37716  14.876  -42.062  -16.306 0.5000000000
37772  20.760  -41.670  -18.202 1.0000000000
37839  13.254  -41.817  -23.972 0.8999999762
37845  13.108  -41.759  -24.254 0.8999999762
37869  16.984  -41.883  -25.722 0.8000000119
37871  15.195  -41.673  -25.390 0.8999999762
37878  22.619  -41.755  -26.486 0.5000000000
37879  21.872  -42.149  -26.380 0.6000000238
37882  18.303  -41.742  -26.139 0.8000000119
37895  23.211  -41.960  -26.991 0.5000000000
38697  20.853  -40.432  -14.331 0.8999999762
38723  17.357  -40.659  -14.704 0.6000000238
38737  21.272  -41.253  -15.433 1.0000000000
38748  21.318  -41.176  -16.569 1.0000000000
38751  13.827  -40.780  -16.596 0.5000000000
38782  20.730  -41.305  -18.915 1.0000000000
38827  20.221  -40.965  -20.564 1.0000000000
38844  20.157  -40.822  -21.218 1.0000000000
38851  20.127  -40.736  -21.824 1.0000000000
38866  14.808  -41.472  -23.753 0.8999999762
38868  13.417  -41.269  -23.939 0.8999999762
38882  19.430  -40.519  -23.886 1.0000000000
38883  18.743  -40.774  -24.051 1.0000000000
38885  17.100  -41.229  -24.006 1.0000000000
38897  13.181  -41.155  -24.386 0.8999999762
38902  17.089  -41.216  -25.954 0.8000000119
38907  13.490  -41.236  -24.719 0.8999999762
38924  17.740  -41.067  -26.252 0.6999999881
38925  17.116  -40.565  -26.209 0.8000000119
38936  23.945  -40.981  -27.360 0.5000000000
39795  20.734  -39.717  -14.292 0.8000000119
39834  21.836  -39.495  -16.109 0.8000000119
39836  16.726  -40.030  -15.631 0.6000000238
39837  16.127  -40.096  -16.046 0.6000000238
39847  21.906  -39.490  -16.703 0.8000000119
39848  21.722  -40.099  -17.069 0.8000000119
39849  15.530  -40.004  -16.422 0.6000000238
39968  20.052  -40.449  -23.275 1.0000000000
39970  15.720  -40.458  -24.063 0.8999999762
39972  13.970  -40.096  -23.798 0.8999999762
39973  13.427  -40.688  -24.112 0.8999999762
39996  13.458  -39.774  -24.608 0.8999999762
39997  13.337  -40.531  -24.321 0.8999999762
40004  15.576  -39.747  -25.946 0.8999999762
40020  22.549  -39.702  -25.944 0.6000000238
40022  20.812  -40.081  -26.090 0.6000000238
40027  16.418  -40.021  -26.148 0.8999999762
40028  16.065  -39.392  -26.193 0.8999999762
40037  24.143  -39.766  -26.969 0.6000000238
40038  18.865  -39.663  -27.042 0.6999999881
40047  24.379  -40.440  -27.613 0.6000000238
40879  20.701  -38.915  -14.343 0.8000000119
40882  18.803  -39.678  -14.143 0.6999999881
40973  21.980  -38.891  -18.542 0.8000000119
40986  21.821  -38.831  -19.283 0.8999999762
41004  21.087  -39.095  -21.299 0.8000000119
41020  20.808  -39.094  -22.499 1.0000000000
41032  14.386  -39.642  -24.060 0.8999999762
41039  20.019  -39.337  -23.961 1.0000000000
41042  17.375  -38.975  -24.699 1.0000000000
41043  16.603  -39.218  -24.603 1.0000000000
41045  13.984  -38.929  -24.363 0.8999999762
41046  13.563  -39.315  -24.593 0.8999999762
41053  13.489  -38.940  -24.969 0.8999999762
41062  13.798  -38.971  -25.406 0.8999999762
41072  23.791  -39.116  -26.549 0.6000000238
41074  21.762  -39.188  -26.002 0.6000000238
41075  21.102  -38.797  -26.299 0.6999999881
41076  20.255  -39.396  -26.526 0.6999999881
41081  15.443  -39.019  -26.026 0.8999999762
41083  13.907  -38.277  -25.540 0.8999999762
41095  18.271  -39.283  -27.025 0.6999999881
41096  17.734  -38.618  -26.986 0.6999999881
41943  21.213  -38.502  -14.759 0.8000000119
41944  20.652  -38.052  -14.514 0.6999999881
41945  19.925  -37.935  -14.496 0.6999999881
41946  18.691  -38.024  -14.977 0.6999999881
41966  18.163  -37.902  -15.439 0.6000000238
41987  15.331  -38.481  -16.852 0.4000000060
42018  21.622  -38.759  -20.001 0.8000000119
42033  21.400  -38.664  -20.713 0.8999999762
42059  21.084  -38.061  -23.001 0.8999999762
42066  20.270  -38.215  -24.140 0.8999999762
42068  18.767  -38.949  -24.645 1.0000000000
42070  16.761  -38.487  -24.693 1.0000000000
42071  15.505  -38.567  -24.504 1.0000000000
42083  18.922  -38.294  -24.692 1.0000000000
42097  13.540  -37.812  -25.215 0.8999999762
42110  20.431  -38.605  -26.717 0.6999999881
42111  17.248  -38.023  -26.798 0.8999999762
42115  13.730  -37.764  -25.412 0.8999999762
42128  19.884  -38.140  -27.345 0.6999999881
42143  25.448  -38.487  -27.939 0.6000000238
43035  16.883  -37.228  -16.633 0.4000000060
43049  15.963  -36.821  -17.458 0.4000000060
43112  21.041  -37.034  -23.765 0.8000000119
43116  15.281  -37.845  -24.602 1.0000000000
43118  13.891  -37.627  -24.939 0.8999999762
43126  19.097  -37.116  -24.766 0.8999999762
43129  13.730  -37.432  -25.184 0.8999999762
43139  13.766  -37.308  -25.308 0.8999999762
43146  24.662  -37.386  -26.833 0.6000000238
43148  22.161  -37.566  -26.479 0.6000000238
43149  21.335  -37.669  -26.691 0.6999999881
43152  14.727  -37.306  -26.106 0.8999999762
43163  25.249  -37.473  -27.270 0.6000000238
43164  21.659  -36.980  -26.966 0.6999999881
43167  19.363  -37.580  -27.746 0.6999999881
43168  18.801  -37.057  -27.859 0.6999999881
43186  18.838  -36.193  -27.977 0.6999999881
44120  21.240  -36.581  -14.916 0.5000000000
44121  20.411  -36.631  -14.849 0.5000000000
44122  19.612  -36.761  -14.978 0.6000000238
44143  21.880  -36.575  -15.196 0.6000000238
44144  19.007  -36.274  -15.478 0.5000000000
44160  17.140  -36.619  -16.693 0.4000000060
44172  16.030  -36.260  -17.622 0.4000000060
44212  22.828  -36.333  -20.077 0.6999999881
44228  22.017  -36.487  -22.234 0.8000000119
44245  17.205  -36.966  -24.823 1.0000000000
44246  16.526  -36.800  -24.793 1.0000000000
44249  14.138  -36.991  -24.990 0.8999999762
44261  19.432  -36.445  -24.750 0.8000000119
44263  17.805  -36.737  -24.846 0.8999999762
44276  14.362  -36.241  -25.556 1.0000000000
44290  17.135  -36.743  -26.775 0.8999999762
44294  14.007  -36.822  -25.475 0.8999999762
44313  21.948  -36.391  -27.178 0.6999999881
44314  21.255  -36.381  -27.626 0.6999999881
44333  20.631  -36.055  -28.222 0.6999999881
45314  22.881  -34.985  -16.553 0.5000000000
45315  22.458  -35.000  -15.973 0.6000000238
45329  23.156  -35.015  -17.275 0.6999999881
45397  22.136  -35.306  -23.316 0.8000000119
45407  21.144  -35.882  -23.951 0.8000000119
45408  20.551  -35.881  -24.431 0.8000000119
45410  15.846  -35.687  -25.001 1.0000000000
45411  15.066  -35.974  -25.067 1.0000000000
45423  17.550  -35.478  -25.033 0.8999999762
45424  16.717  -35.591  -24.988 0.8999999762
45433  14.681  -34.888  -26.076 1.0000000000
45449  23.922  -35.478  -26.662 0.6000000238
45451  15.690  -35.634  -26.580 0.8999999762
45470  22.623  -35.477  -27.149 0.6000000238
45475  14.896  -34.609  -26.372 1.0000000000
45483  21.681  -35.092  -27.846 0.6999999881
45485  19.988  -35.648  -28.393 0.6999999881
45487  18.675  -35.394  -27.819 0.6999999881
46456  23.464  -35.017  -18.710 0.6999999881
46502  22.598  -34.769  -23.197 0.8000000119
46513  20.781  -34.728  -24.424 0.8000000119
46522  20.059  -34.503  -24.762 0.8000000119
46527  15.956  -34.405  -25.415 0.8999999762
46540  14.824  -34.284  -26.057 1.0000000000
46578  15.125  -34.200  -26.771 0.8999999762
46587  21.013  -34.996  -28.133 0.6999999881
46589  19.583  -35.012  -28.277 0.6999999881
46590  17.807  -33.980  -27.735 0.8000000119
47534  20.259  -33.550  -16.268 0.4000000060
47591  24.222  -33.843  -20.695 0.6999999881
47622  24.086  -33.815  -22.250 0.6999999881
47643  22.638  -33.439  -23.775 0.8000000119
47660  17.701  -34.133  -25.413 0.8999999762
47663  15.096  -33.691  -25.908 0.8999999762
47689  23.990  -33.819  -26.643 0.6000000238
47690  23.217  -33.959  -26.768 0.6000000238
47705  20.619  -34.325  -27.867 0.6999999881
47707  17.152  -33.453  -27.783 0.8999999762
47710  14.945  -33.734  -26.746 1.0000000000
47718  19.829  -34.416  -28.100 0.8000000119
48633  19.033  -32.508  -17.425 0.4000000060
48724  21.913  -32.967  -24.229 0.6999999881
48737  21.383  -32.288  -24.575 0.6999999881
48741  18.726  -32.894  -25.346 0.8000000119
48743  16.837  -33.053  -25.564 0.8999999762
48744  16.214  -33.259  -25.569 0.8999999762
48753  15.024  -32.994  -26.037 0.8999999762
48765  14.830  -32.902  -26.464 0.8999999762
48779  22.319  -33.259  -27.036 0.6999999881
48780  21.625  -33.172  -27.239 0.6999999881
48783  18.108  -32.584  -27.753 0.8000000119
48784  17.325  -32.834  -27.795 0.8000000119
48787  14.961  -33.156  -26.952 0.8999999762
49931  24.847  -31.794  -22.279 0.6000000238
49967  18.438  -32.209  -25.399 0.8000000119
49971  15.259  -31.735  -26.025 0.8999999762
49990  14.964  -31.752  -26.724 0.8999999762
50003  21.690  -31.777  -27.305 0.6000000238
50004  20.879  -32.126  -27.348 0.6999999881
50005  20.144  -31.582  -27.424 0.6000000238
50006  19.410  -32.158  -27.494 0.6999999881
50008  17.280  -31.653  -27.588 0.8000000119
50010  15.765  -32.026  -27.360 0.8000000119
50998  23.877  -31.535  -18.170 0.5000000000
51001  21.691  -31.157  -17.801 0.4000000060
51003  19.494  -31.516  -17.734 0.4000000060
51085  24.422  -31.379  -23.461 0.6000000238
51109  20.430  -30.868  -24.800 0.6999999881
51111  18.408  -30.911  -25.322 0.6999999881
51112  16.560  -31.172  -25.674 0.8999999762
51120  15.114  -31.061  -26.209 0.8999999762
51127  14.969  -31.006  -26.600 0.8999999762
51141  19.756  -30.806  -27.462 0.6000000238
51142  18.521  -31.407  -27.500 0.6999999881
51143  17.925  -30.989  -27.524 0.8000000119
51146  15.394  -31.178  -27.220 0.8000000119
52078  18.175  -30.080  -18.150 0.3000000119
52094  23.370  -29.988  -18.880 0.5000000000
52176  17.885  -30.359  -25.443 0.6999999881
52177  16.760  -30.507  -25.646 0.8999999762
52179  15.261  -30.468  -26.058 0.8999999762
52191  14.868  -29.938  -26.463 0.8999999762
52212  19.255  -30.192  -27.491 0.6000000238
52217  14.422  -29.546  -27.020 0.8000000119
52227  22.717  -29.882  -28.136 0.6000000238
52228  21.946  -29.738  -28.029 0.6000000238
52232  14.242  -29.189  -27.072 0.8000000119
52242  23.114  -29.566  -28.711 0.5000000000
53077  21.354  -28.831  -19.011 0.4000000060
53157  19.849  -29.580  -25.226 0.6999999881
53160  17.452  -29.740  -25.590 0.6999999881
53173  23.505  -28.852  -25.292 0.5000000000
53175  21.753  -29.100  -25.597 0.4000000060
53178  19.548  -29.102  -25.670 0.6999999881
53179  18.682  -29.201  -25.626 0.6999999881
53182  15.896  -29.282  -26.099 0.8000000119
53194  14.433  -29.421  -26.856 0.8999999762
53212  20.799  -29.027  -28.467 0.6000000238
53219  14.080  -28.550  -27.206 0.8000000119
53223  22.734  -29.263  -29.414 0.6000000238
53226  20.342  -28.552  -29.099 0.6000000238
53237  21.372  -29.014  -30.624 0.5000000000
53239  20.315  -28.709  -30.600 0.6000000238
53249  20.712  -29.052  -31.134 0.5000000000
54106  20.212  -28.880  -25.898 0.5000000000
54123  17.008  -28.288  -26.531 0.6999999881
54131  20.149  -28.078  -27.087 0.5000000000
54141  18.772  -28.344  -28.724 0.6000000238
54144  14.255  -27.532  -28.390 0.6999999881
54150  19.905  -28.277  -29.910 0.6000000238
54152  17.875  -27.728  -29.427 0.6000000238
54169  19.585  -28.042  -30.751 0.6000000238
54176  20.702  -28.878  -32.018 0.5000000000
54177  20.259  -28.541  -31.640 0.5000000000
54192  21.031  -28.509  -32.379 0.5000000000
55020  18.188  -27.352  -19.146 0.3000000119
55032  21.465  -27.053  -19.960 0.3000000119
55125  18.159  -27.602  -27.268 0.6999999881
55136  19.611  -27.628  -27.527 0.5000000000
55137  18.904  -27.580  -27.389 0.6999999881
55139  15.927  -27.157  -27.492 0.8000000119
55149  20.733  -27.463  -28.175 0.4000000060
55153  13.247  -26.769  -27.983 0.8000000119
55162  20.921  -27.137  -28.827 0.4000000060
55164  17.912  -27.456  -30.117 0.6000000238
55165  17.172  -27.461  -29.697 0.6000000238
55174  18.823  -27.668  -30.430 0.6000000238
55201  20.176  -27.647  -31.770 0.5000000000
55218  21.197  -27.707  -32.532 0.4000000060
56057  20.875  -27.149  -19.689 0.3000000119
56058  20.313  -26.990  -19.600 0.3000000119
56154  25.283  -26.574  -25.853 0.3000000119
56176  19.157  -26.837  -28.512 0.5000000000
56179  15.850  -26.406  -28.031 0.6000000238
56181  13.243  -25.953  -28.024 0.6999999881
56193  18.633  -26.301  -29.026 0.4000000060
56194  13.201  -26.017  -28.347 0.6999999881
56204  21.427  -26.294  -29.878 0.3000000119
56205  20.639  -26.283  -29.773 0.3000000119
56217  18.952  -26.851  -31.426 0.6000000238
57320  13.510  -25.649  -28.054 0.6000000238
57328  23.884  -25.698  -29.737 0.3000000119
57331  18.088  -25.609  -29.436 0.4000000060
57333  15.220  -25.132  -29.476 0.6000000238
57335  13.452  -25.763  -28.500 0.6000000238
57350  15.627  -24.505  -30.632 0.5000000000
57352  14.119  -25.722  -29.166 0.6000000238
57362  21.990  -25.443  -30.879 0.3000000119
57381  16.647  -24.801  -31.584 0.5000000000
57382  16.015  -24.135  -31.450 0.4000000060
57395  19.457  -25.466  -32.733 0.4000000060
57396  18.809  -24.943  -32.788 0.4000000060
57410  22.877  -25.275  -34.410 0.3000000119
58613  15.764  -24.156  -30.564 0.5000000000
58628  15.904  -24.130  -31.063 0.5000000000
58643  16.342  -24.130  -31.769 0.4000000060
59954  18.579  -24.296  -31.016 0.4000000060
59972  16.151  -23.900  -31.345 0.4000000060
60011  17.408  -23.064  -33.295 0.4000000060
61315  17.483  -22.659  -33.263 0.4000000060
61327  18.523  -22.790  -34.227 0.4000000060
152499  12.789  -43.281  -24.009 0.8999999762
152587  15.913  -52.956  -17.241 0.5000000000
152984  14.719  -52.604  -18.773 0.5000000000
153854  12.846  -58.013  -9.181 0.4000000060
153984  11.200  -53.321  -10.683 0.5000000000
154119  19.042  -35.012  -28.034 0.6999999881
154278  24.113  -33.384  -22.669 0.6000000238
154599  17.862  -51.402  -18.064 0.8000000119
154662  14.206  -47.617  -22.641 0.8000000119
154812  12.982  -47.889  -24.155 0.6000000238
155794  13.784  -46.587  -24.198 0.8000000119
155887  19.923  -43.080  -26.335 0.6000000238
156123  17.658  -44.303  -25.104 0.5000000000
156149  17.093  -41.794  -23.813 1.0000000000
156572  23.197  -35.877  -26.777 0.6000000238
156602  14.405  -28.344  -27.714 0.8000000119
156907  11.459  -49.029  -13.040 0.5000000000
156993  13.354  -42.843  -24.599 0.8999999762
157062  22.947  -27.479  -27.904 0.4000000060
157258  12.496  -52.059  -11.165 0.5000000000
157461  14.469  -47.889  -24.621 0.5000000000
157655  14.013  -40.392  -25.315 0.8999999762
157919  15.128  -47.663  -22.369 0.8000000119
158132  17.654  -51.223  -12.358 0.6000000238
158581  20.557  -33.674  -27.626 0.6999999881
159031  17.539  -52.825  -16.330 0.6000000238
159052  15.633  -27.127  -29.622 0.6000000238
159416  13.333  -42.404  -23.748 0.8999999762
159640  20.310  -41.091  -19.993 1.0000000000
159875  16.073  -45.833  -24.629 0.6000000238
160158  19.537  -46.233  -16.985 1.0000000000
160310  18.734  -45.250  -19.350 1.0000000000
160394  17.026  -47.275  -25.021 0.4000000060
160422  21.642  -25.594  -33.640 0.3000000119
160663  12.469  -48.920  -12.951 0.5000000000
160937  18.588  -28.365  -26.430 0.6999999881
161362  18.897  -26.435  -19.625 0.3000000119
161612  19.389  -44.265  -26.028 0.5000000000
161988  20.294  -38.804  -23.912 1.0000000000
162023  18.838  -32.561  -27.640 0.6999999881
162277  12.486  -44.643  -16.501 0.4000000060
162438  18.523  -51.228  -16.131 0.8000000119
162575  12.239  -47.665  -23.473 0.6999999881
162923  18.223  -35.820  -27.400 0.6999999881
163149  17.456  -35.366  -27.061 0.8000000119
163181  21.342  -34.282  -24.161 0.8000000119
163202  17.819  -36.869  -27.042 0.8000000119
163579  19.347  -41.542  -13.730 0.8999999762
163645  13.988  -50.550  -22.747 0.6999999881
163805  19.516  -39.720  -14.002 0.8000000119
164814  20.052  -31.397  -24.832 0.6999999881
164831  18.117  -31.569  -25.411 0.8000000119
164841  14.813  -48.682  -24.786 0.4000000060
164893  17.979  -28.092  -26.722 0.6999999881
164921  18.263  -23.322  -33.633 0.4000000060
165029  14.789  -54.754  -10.138 0.5000000000
165081  16.455  -36.904  -17.099 0.4000000060
165115  20.310  -29.597  -18.540 0.4000000060
165436  12.952  -43.186  -23.577 0.8999999762
165447  24.642  -29.546  -23.937 0.4000000060
165459  23.062  -40.476  -26.315 0.6000000238
165465  15.691  -33.115  -27.389 0.8000000119
165617  17.288  -30.811  -25.550 0.8999999762
165618  19.069  -30.824  -25.106 0.6999999881
165940  19.876  -23.563  -32.181 0.4000000060
166262  19.457  -33.743  -16.523 0.4000000060
166279  12.473  -47.008  -16.001 0.4000000060
166355  18.404  -43.262  -25.739 0.6000000238
166377  16.516  -27.488  -29.464 0.6000000238
166668  22.795  -38.261  -26.220 0.6000000238
166921  20.837  -37.706  -23.775 0.8999999762
166967  11.702  -49.684  -24.080 0.5000000000
167046  11.578  -50.506  -23.753 0.5000000000
167078  18.784  -35.054  -25.098 0.8999999762
167149  14.541  -35.673  -26.030 0.8999999762
167202  21.198  -41.482  -26.091 0.6000000238
167504  15.974  -31.818  -25.783 0.8999999762
168040  21.880  -38.607  -15.552 0.6999999881
168642  11.850  -50.449  -23.323 0.6000000238
168772  24.861  -32.195  -21.823 0.6999999881
168904  17.247  -23.086  -32.985 0.4000000060
168922  22.245  -36.573  -15.814 0.6999999881
168990  22.215  -35.135  -27.467 0.6000000238
169202  20.075  -30.105  -27.570 0.6000000238
169253  22.229  -38.411  -17.416 0.6999999881
169355  16.551  -23.777  -31.179 0.4000000060
169413  14.313  -45.115  -24.557 0.6999999881
169463  24.919  -32.173  -21.168 0.6000000238
169547  16.728  -49.634  -21.188 0.8000000119
169743  16.077  -48.086  -24.912 0.3000000119
169801  23.399  -33.179  -17.181 0.5000000000
169872  14.715  -42.195  -23.573 0.8999999762
170078  17.686  -53.694  -13.042 0.6000000238
170807  19.460  -36.096  -28.267 0.6999999881
171106  17.425  -32.816  -25.553 0.8999999762
171201  16.312  -35.898  -17.587 0.4000000060
171236  16.503  -55.467  -10.950 0.6000000238
171469  17.896  -42.821  -25.682 0.6999999881
171631  21.142  -40.440  -14.635 0.8999999762
171708  14.017  -48.372  -24.636 0.4000000060
171993  20.664  -42.249  -14.800 0.8999999762
172065  15.650  -52.506  -18.990 0.6000000238
172459  16.115  -30.848  -27.449 0.8000000119
172748  12.408  -49.908  -24.551 0.5000000000
173291  22.740  -41.127  -26.365 0.6000000238
173714  21.031  -38.246  -26.558 0.6999999881
174005  15.622  -47.478  -24.762 0.4000000060
174105  13.546  -38.284  -25.106 0.8999999762
174125  11.665  -53.540  -10.543 0.5000000000
174273  20.746  -28.707  -26.148 0.5000000000
174622  9.736  -49.061  -13.863 0.3000000119
174857  15.158  -58.647  -10.423 0.4000000060
174901  18.777  -50.629  -14.895 0.8000000119
174945  18.131  -35.052  -25.162 0.8999999762
175174  14.728  -56.050  -9.790 0.5000000000
175605  16.782  -43.641  -13.681 0.6999999881
175677  23.712  -29.753  -28.777 0.5000000000
175713  23.103  -33.770  -23.402 0.6999999881
175720  17.675  -45.836  -24.967 0.5000000000
175835  15.190  -47.480  -13.584 0.8999999762
176059  20.843  -33.015  -27.410 0.8000000119
176515  14.894  -32.249  -26.506 0.8999999762
177120  18.309  -36.311  -15.945 0.4000000060
177495  16.642  -44.438  -13.489 0.8999999762
177532  13.011  -42.205  -24.315 0.8999999762
177595  22.278  -28.069  -27.091 0.4000000060
177844  11.858  -54.342  -10.340 0.5000000000
177880  17.628  -50.332  -19.488 0.8000000119
177894  19.174  -48.897  -14.196 0.8999999762
178073  10.916  -54.304  -10.451 0.4000000060
178395  21.603  -31.144  -27.440 0.6000000238
178710  14.920  -52.119  -11.137 0.6000000238
178711  12.955  -43.974  -24.329 0.8999999762
178712  13.506  -45.790  -22.765 0.8999999762
178878  13.224  -25.733  -27.981 0.6999999881
179014  20.657  -35.450  -28.314 0.6999999881
179034  18.217  -25.721  -19.896 0.3000000119
179386  11.295  -56.831  -9.757 0.4000000060
179395  20.349  -24.459  -31.640 0.4000000060
179563  14.894  -40.252  -25.691 0.8999999762
179587  21.504  -28.921  -29.920 0.5000000000
179650  15.929  -28.293  -26.549 0.8000000119
179732  19.776  -43.160  -13.811 1.0000000000
180231  17.619  -27.155  -30.411 0.6000000238
180269  14.681  -36.485  -24.947 1.0000000000
180274  18.032  -28.186  -18.728 0.3000000119
180301  18.795  -39.497  -24.576 1.0000000000
180361  15.926  -49.385  -12.354 0.6999999881
180463  23.468  -38.573  -26.337 0.6000000238
180507  23.020  -41.509  -26.648 0.6000000238
180992  18.957  -28.276  -18.797 0.3000000119
181193  14.434  -45.915  -15.386 0.6999999881
181453  15.259  -49.121  -24.816 0.3000000119
181531  19.314  -37.099  -28.000 0.6999999881
181622  24.845  -40.140  -28.161 0.6000000238
181688  14.886  -58.435  -9.832 0.4000000060
