#!ascii label  , from subject sub-v2s1x29916_ses-1 vox2ras=TkReg
771
14872  -48.292  -58.578  -10.679 0.0000000000
26354  -50.903  -47.151  -19.574 0.0000000000
153796  -42.103  -56.177  -17.572 0.0000000000
18485  -47.902  -55.149  -17.888 0.0000000000
25340  -45.640  -48.616  -19.195 0.0000000000
17458  -46.052  -54.629  -11.979 0.0000000000
19400  -38.950  -53.835  -14.728 0.0000000000
25240  -41.128  -48.687  -12.578 0.0000000000
154306  -40.972  -51.365  -18.638 0.0000000000
148681  -44.068  -52.184  -19.040 0.0000000000
26343  -42.720  -47.487  -19.096 0.0000000000
18415  -43.485  -53.942  -14.156 0.0000000000
20298  -42.340  -51.108  -14.324 0.0000000000
28083  -41.015  -45.852  -9.054 0.0000000000
26242  -37.600  -47.201  -11.253 0.0000000000
12508  -46.796  -60.501  -11.347 0.0000000000
22228  -50.624  -51.327  -18.255 0.0000000000
163159  -48.602  -55.641  -19.176 0.0000000000
143785  -48.726  -51.299  -19.645 0.0000000000
14093  -43.991  -58.825  -14.760 0.0000000000
14110  -46.969  -58.637  -15.418 0.0000000000
21239  -46.908  -51.960  -18.369 0.0000000000
25324  -48.975  -48.068  -18.583 0.0000000000
15736  -42.136  -57.590  -13.508 0.0000000000
151672  -39.867  -55.221  -16.431 0.0000000000
22211  -39.097  -50.986  -17.058 0.0000000000
22144  -41.402  -50.499  -12.848 0.0000000000
144899  -38.747  -51.269  -13.079 0.0000000000
24202  -37.758  -49.047  -14.855 0.0000000000
28156  -39.384  -45.783  -15.532 0.0000000000
14123  -47.795  -59.197  -16.319 0.0000000000
32911  -50.024  -39.847  -22.523 0.0000000000
29169  -51.722  -44.330  -22.748 0.0000000000
27351  -51.221  -46.212  -25.709 0.0000000000
152701  -40.854  -48.705  -18.562 0.0000000000
24261  -41.911  -49.423  -19.245 0.0000000000
13266  -47.934  -59.608  -11.663 0.0000000000
144264  -51.067  -49.631  -18.911 0.0000000000
154582  -50.806  -51.186  -19.154 0.0000000000
23266  -49.749  -49.644  -19.828 0.0000000000
24276  -47.966  -49.285  -20.516 0.0000000000
25354  -48.792  -47.117  -20.866 0.0000000000
15764  -42.674  -57.343  -16.918 0.0000000000
16666  -43.352  -55.704  -18.150 0.0000000000
23254  -44.776  -49.882  -19.333 0.0000000000
156046  -45.594  -51.795  -18.663 0.0000000000
23236  -46.189  -50.390  -18.880 0.0000000000
153447  -47.882  -49.626  -18.588 0.0000000000
149707  -47.369  -47.712  -18.720 0.0000000000
15715  -44.539  -57.085  -11.956 0.0000000000
16589  -44.734  -55.439  -13.011 0.0000000000
18429  -40.296  -54.244  -13.862 0.0000000000
16597  -40.809  -56.033  -14.033 0.0000000000
18452  -39.152  -54.369  -15.470 0.0000000000
19429  -39.492  -53.136  -17.199 0.0000000000
161164  -38.638  -52.395  -16.416 0.0000000000
155723  -41.563  -49.682  -13.274 0.0000000000
22161  -40.025  -50.755  -13.080 0.0000000000
24180  -38.941  -49.857  -12.440 0.0000000000
28113  -37.449  -46.070  -11.848 0.0000000000
26262  -37.427  -47.447  -12.608 0.0000000000
27216  -37.864  -46.327  -13.461 0.0000000000
26297  -38.509  -47.691  -15.374 0.0000000000
15785  -46.873  -56.922  -17.230 0.0000000000
14112  -47.880  -59.014  -15.432 0.0000000000
15787  -47.942  -57.284  -17.428 0.0000000000
14970  -47.103  -58.146  -18.477 0.0000000000
33953  -48.772  -39.670  -23.387 0.0000000000
31056  -51.378  -42.396  -23.595 0.0000000000
28260  -52.005  -44.032  -25.364 0.0000000000
19441  -41.552  -53.503  -18.412 0.0000000000
19443  -42.820  -53.782  -18.621 0.0000000000
21249  -42.437  -51.415  -19.239 0.0000000000
23252  -43.059  -50.029  -19.468 0.0000000000
24265  -44.428  -48.604  -19.310 0.0000000000
18417  -44.851  -53.747  -13.722 0.0000000000
163550  -42.383  -52.908  -14.330 0.0000000000
19386  -40.003  -53.378  -13.812 0.0000000000
26232  -39.991  -47.421  -10.633 0.0000000000
25230  -38.478  -47.772  -10.966 0.0000000000
27169  -38.730  -46.198  -9.449 0.0000000000
28079  -37.615  -44.980  -9.775 0.0000000000
29928  -37.696  -43.530  -10.091 0.0000000000
20324  -48.922  -53.186  -17.849 0.0000000000
17551  -48.865  -55.211  -18.064 0.0000000000
19453  -50.212  -53.306  -18.780 0.0000000000
19462  -48.733  -53.700  -19.744 0.0000000000
146666  -47.135  -53.398  -20.001 0.0000000000
161496  -46.910  -51.136  -20.149 0.0000000000
23274  -46.955  -49.759  -21.018 0.0000000000
24306  -47.947  -48.866  -23.191 0.0000000000
14062  -45.370  -58.980  -13.065 0.0000000000
14063  -47.185  -58.958  -13.035 0.0000000000
15767  -45.334  -57.525  -17.021 0.0000000000
17565  -46.354  -55.240  -18.209 0.0000000000
19444  -44.128  -53.698  -18.599 0.0000000000
163827  -45.415  -54.021  -18.437 0.0000000000
19446  -47.619  -53.020  -18.228 0.0000000000
21240  -48.345  -51.903  -18.216 0.0000000000
155767  -49.996  -49.467  -18.409 0.0000000000
26336  -50.687  -47.442  -18.849 0.0000000000
14881  -44.928  -58.306  -11.889 0.0000000000
14905  -42.974  -58.409  -13.403 0.0000000000
15763  -41.645  -57.406  -16.212 0.0000000000
16587  -42.383  -55.984  -13.216 0.0000000000
15750  -40.949  -56.948  -14.931 0.0000000000
16646  -40.942  -56.061  -16.968 0.0000000000
19431  -40.405  -53.650  -17.740 0.0000000000
22226  -40.000  -50.962  -17.938 0.0000000000
25314  -39.998  -48.358  -17.748 0.0000000000
22151  -41.663  -50.590  -13.737 0.0000000000
20286  -39.659  -51.986  -13.385 0.0000000000
20294  -38.379  -52.320  -13.996 0.0000000000
24179  -37.828  -48.801  -12.374 0.0000000000
22172  -37.521  -50.286  -13.761 0.0000000000
21207  -37.807  -51.390  -15.253 0.0000000000
163790  -38.382  -50.123  -16.212 0.0000000000
26305  -39.321  -47.760  -16.668 0.0000000000
13299  -48.292  -59.402  -13.362 0.0000000000
12564  -47.655  -59.937  -13.808 0.0000000000
14971  -47.720  -57.823  -18.017 0.0000000000
13334  -46.825  -59.840  -16.635 0.0000000000
28188  -47.704  -45.675  -18.673 0.0000000000
169893  -49.829  -45.802  -19.182 0.0000000000
28207  -51.430  -45.615  -20.293 0.0000000000
30079  -50.858  -44.234  -22.333 0.0000000000
27319  -51.567  -45.633  -20.884 0.0000000000
27332  -50.131  -45.821  -22.585 0.0000000000
26394  -49.561  -47.002  -24.034 0.0000000000
164340  -40.811  -47.658  -18.328 0.0000000000
25321  -41.138  -48.129  -18.646 0.0000000000
13250  -48.157  -59.342  -10.282 0.0000000000
13268  -48.060  -58.989  -11.234 0.0000000000
143369  -50.911  -48.411  -19.088 0.0000000000
24278  -50.660  -49.367  -19.367 0.0000000000
161548  -50.045  -48.038  -20.030 0.0000000000
25346  -48.900  -48.025  -20.471 0.0000000000
149066  -49.615  -47.266  -20.329 0.0000000000
161818  -42.556  -56.756  -17.380 0.0000000000
15781  -43.209  -56.910  -17.445 0.0000000000
16648  -42.907  -56.261  -17.749 0.0000000000
24266  -45.069  -49.059  -19.291 0.0000000000
23255  -45.630  -49.789  -19.192 0.0000000000
24267  -45.838  -49.161  -19.188 0.0000000000
161254  -47.044  -49.361  -18.845 0.0000000000
149998  -46.710  -47.896  -18.866 0.0000000000
17451  -45.129  -55.210  -10.771 0.0000000000
17459  -46.694  -54.767  -12.255 0.0000000000
17465  -46.416  -54.709  -12.771 0.0000000000
17480  -46.065  -54.356  -12.976 0.0000000000
18428  -39.458  -54.201  -14.169 0.0000000000
18440  -39.346  -54.690  -14.719 0.0000000000
19410  -38.820  -53.669  -15.680 0.0000000000
20309  -38.523  -53.049  -15.882 0.0000000000
149896  -41.652  -48.360  -12.584 0.0000000000
25241  -42.069  -48.284  -12.746 0.0000000000
25251  -41.737  -48.908  -12.932 0.0000000000
23166  -41.817  -49.157  -13.114 0.0000000000
24182  -41.677  -49.096  -13.075 0.0000000000
24181  -40.638  -49.689  -12.928 0.0000000000
24173  -40.249  -49.033  -12.257 0.0000000000
28114  -37.729  -45.474  -12.318 0.0000000000
27204  -37.642  -46.054  -12.685 0.0000000000
28134  -38.282  -45.743  -13.882 0.0000000000
29028  -38.262  -44.390  -12.634 0.0000000000
16653  -47.390  -56.347  -17.531 0.0000000000
15786  -47.675  -57.011  -17.207 0.0000000000
145505  -48.153  -55.913  -17.733 0.0000000000
31976  -52.182  -41.317  -24.245 0.0000000000
140723  -52.355  -43.456  -24.692 0.0000000000
139709  -52.355  -43.091  -25.593 0.0000000000
21237  -41.287  -52.009  -18.714 0.0000000000
166345  -42.280  -52.671  -18.867 0.0000000000
22242  -41.613  -51.386  -19.016 0.0000000000
24262  -42.221  -48.737  -19.307 0.0000000000
152920  -42.629  -49.374  -19.416 0.0000000000
24263  -42.972  -48.716  -19.400 0.0000000000
24264  -43.736  -48.646  -19.366 0.0000000000
19387  -41.263  -53.084  -13.993 0.0000000000
20297  -41.183  -52.035  -13.949 0.0000000000
168286  -41.363  -46.925  -10.601 0.0000000000
27187  -40.455  -46.877  -10.192 0.0000000000
27186  -39.284  -46.824  -9.955 0.0000000000
27170  -39.832  -46.328  -9.493 0.0000000000
28995  -37.508  -44.246  -9.880 0.0000000000
11768  -46.387  -60.683  -11.993 0.0000000000
20325  -50.012  -52.440  -17.908 0.0000000000
19434  -49.800  -53.509  -17.927 0.0000000000
20326  -50.515  -52.370  -18.177 0.0000000000
22263  -49.985  -51.412  -19.479 0.0000000000
21253  -49.955  -52.182  -19.413 0.0000000000
20362  -48.722  -52.838  -19.630 0.0000000000
20361  -47.652  -52.655  -19.829 0.0000000000
151467  -47.217  -51.830  -19.928 0.0000000000
156926  -48.094  -48.670  -20.794 0.0000000000
24285  -47.421  -49.228  -21.050 0.0000000000
24286  -47.741  -48.582  -21.477 0.0000000000
24293  -47.268  -49.085  -21.844 0.0000000000
25372  -48.082  -48.180  -22.728 0.0000000000
142135  -44.865  -59.006  -13.735 0.0000000000
15784  -45.814  -56.967  -17.356 0.0000000000
17564  -45.413  -55.219  -18.319 0.0000000000
168465  -43.474  -53.539  -18.676 0.0000000000
18499  -43.484  -54.277  -18.532 0.0000000000
20337  -43.912  -52.944  -18.796 0.0000000000
167507  -45.766  -52.797  -18.457 0.0000000000
153640  -46.185  -53.079  -18.387 0.0000000000
146659  -46.039  -53.835  -18.388 0.0000000000
20340  -46.885  -52.690  -18.343 0.0000000000
24248  -48.416  -48.772  -18.617 0.0000000000
23238  -48.959  -49.547  -18.447 0.0000000000
24249  -49.497  -48.789  -18.494 0.0000000000
24250  -50.560  -48.770  -18.610 0.0000000000
147945  -49.533  -47.368  -18.643 0.0000000000
15727  -43.393  -57.366  -12.620 0.0000000000
15714  -43.844  -57.665  -12.308 0.0000000000
14893  -42.767  -57.665  -13.085 0.0000000000
151460  -42.332  -58.106  -15.194 0.0000000000
14903  -41.848  -57.709  -14.042 0.0000000000
18416  -44.382  -53.440  -14.323 0.0000000000
17477  -43.958  -54.538  -13.674 0.0000000000
17476  -42.333  -55.172  -13.461 0.0000000000
16607  -40.182  -55.934  -15.021 0.0000000000
16608  -40.564  -56.359  -14.613 0.0000000000
16618  -40.547  -56.422  -15.374 0.0000000000
15762  -41.004  -56.926  -15.781 0.0000000000
17534  -40.372  -55.637  -16.726 0.0000000000
18483  -40.858  -54.459  -17.698 0.0000000000
17544  -40.216  -54.937  -17.070 0.0000000000
21226  -39.213  -51.840  -17.140 0.0000000000
21227  -39.852  -51.700  -17.736 0.0000000000
23224  -39.593  -50.422  -17.546 0.0000000000
23225  -39.962  -49.732  -17.847 0.0000000000
145616  -39.501  -49.702  -17.392 0.0000000000
22150  -41.618  -50.176  -13.604 0.0000000000
22149  -38.961  -50.603  -12.831 0.0000000000
21188  -39.778  -51.311  -13.180 0.0000000000
20285  -38.722  -51.990  -13.357 0.0000000000
21195  -38.116  -51.574  -13.634 0.0000000000
26243  -37.905  -47.628  -11.168 0.0000000000
25238  -38.231  -48.166  -11.443 0.0000000000
25237  -37.677  -47.837  -11.560 0.0000000000
25268  -37.534  -48.322  -13.755 0.0000000000
24197  -37.515  -48.932  -13.455 0.0000000000
23197  -37.477  -49.693  -14.326 0.0000000000
22184  -37.485  -50.452  -14.498 0.0000000000
23198  -37.710  -49.813  -15.058 0.0000000000
22196  -38.125  -50.829  -15.850 0.0000000000
24209  -38.090  -49.245  -15.515 0.0000000000
27238  -38.850  -46.213  -15.112 0.0000000000
26298  -39.028  -47.323  -15.892 0.0000000000
27246  -39.179  -46.535  -15.748 0.0000000000
27252  -39.480  -46.869  -16.450 0.0000000000
14076  -46.991  -58.898  -14.197 0.0000000000
14064  -48.076  -59.203  -13.426 0.0000000000
14077  -47.935  -59.046  -14.178 0.0000000000
13324  -48.005  -59.332  -15.258 0.0000000000
13301  -48.079  -59.546  -14.214 0.0000000000
12578  -47.301  -60.199  -14.496 0.0000000000
12563  -46.797  -60.516  -14.042 0.0000000000
12594  -47.272  -60.062  -15.230 0.0000000000
17567  -49.033  -55.175  -18.510 0.0000000000
16670  -48.387  -56.304  -18.236 0.0000000000
15806  -48.043  -56.852  -18.659 0.0000000000
13368  -46.303  -59.300  -18.002 0.0000000000
14138  -47.074  -59.031  -17.511 0.0000000000
142854  -47.238  -46.213  -18.550 0.0000000000
28194  -47.438  -45.234  -18.848 0.0000000000
29131  -49.613  -44.961  -20.102 0.0000000000
28206  -50.749  -45.489  -19.844 0.0000000000
29144  -49.743  -44.631  -20.885 0.0000000000
30094  -51.865  -43.802  -23.100 0.0000000000
30093  -50.963  -43.699  -22.836 0.0000000000
30080  -51.229  -44.232  -22.360 0.0000000000
29146  -51.677  -45.099  -21.048 0.0000000000
28237  -51.773  -44.860  -22.066 0.0000000000
28223  -51.402  -45.447  -21.742 0.0000000000
156070  -51.783  -45.159  -22.568 0.0000000000
27350  -51.248  -45.697  -25.330 0.0000000000
27349  -50.758  -45.984  -24.594 0.0000000000
141187  -50.650  -46.605  -25.028 0.0000000000
22257  -41.026  -50.022  -18.759 0.0000000000
23250  -41.622  -50.069  -19.111 0.0000000000
169093  -41.366  -49.529  -18.996 0.0000000000
25335  -41.901  -47.969  -19.034 0.0000000000
26327  -42.027  -47.150  -18.764 0.0000000000
28082  -40.228  -45.849  -9.040 0.0000000000
28973  -39.814  -44.990  -8.119 0.0000000000
160562  -47.369  -59.980  -11.211 0.0000000000
23240  -50.734  -49.996  -18.521 0.0000000000
21243  -51.007  -51.083  -18.885 0.0000000000
22264  -51.086  -50.589  -18.943 0.0000000000
22277  -50.617  -50.397  -19.381 0.0000000000
22276  -49.311  -50.516  -19.692 0.0000000000
22275  -48.124  -50.526  -20.005 0.0000000000
24277  -48.778  -49.011  -20.303 0.0000000000
26360  -48.346  -47.211  -21.555 0.0000000000
14917  -43.304  -58.585  -15.131 0.0000000000
15765  -43.538  -57.502  -17.038 0.0000000000
16667  -44.137  -55.790  -18.197 0.0000000000
143656  -44.226  -51.440  -19.196 0.0000000000
21251  -44.829  -51.980  -18.903 0.0000000000
21252  -45.094  -51.278  -19.050 0.0000000000
22243  -45.874  -51.096  -18.742 0.0000000000
22244  -46.624  -50.931  -18.536 0.0000000000
22245  -47.392  -50.945  -18.408 0.0000000000
144175  -47.046  -50.199  -18.628 0.0000000000
24247  -47.411  -48.582  -18.840 0.0000000000
25323  -48.056  -47.943  -18.651 0.0000000000
16576  -45.464  -55.629  -12.526 0.0000000000
143937  -43.344  -56.493  -12.725 0.0000000000
17493  -41.974  -54.589  -13.771 0.0000000000
164563  -41.344  -55.509  -13.605 0.0000000000
17492  -40.701  -55.130  -13.853 0.0000000000
17505  -39.780  -55.366  -14.916 0.0000000000
18453  -39.411  -54.829  -16.014 0.0000000000
18470  -39.656  -54.540  -16.677 0.0000000000
18469  -39.156  -54.133  -16.247 0.0000000000
162015  -39.165  -52.626  -16.964 0.0000000000
21217  -38.743  -51.552  -16.620 0.0000000000
23160  -41.854  -49.339  -13.012 0.0000000000
23165  -41.628  -49.982  -13.367 0.0000000000
23179  -40.926  -50.243  -13.465 0.0000000000
156998  -40.805  -50.174  -13.197 0.0000000000
27197  -37.422  -46.674  -11.452 0.0000000000
26252  -37.448  -47.358  -11.805 0.0000000000
27203  -37.413  -46.740  -12.172 0.0000000000
26263  -37.562  -47.008  -13.298 0.0000000000
25269  -37.739  -47.714  -14.122 0.0000000000
167112  -38.178  -47.939  -15.014 0.0000000000
169071  -38.187  -46.306  -14.120 0.0000000000
28149  -38.511  -45.908  -14.528 0.0000000000
28150  -39.033  -45.487  -14.898 0.0000000000
14943  -46.936  -57.861  -16.392 0.0000000000
14111  -47.662  -58.860  -15.499 0.0000000000
14944  -47.652  -57.785  -16.565 0.0000000000
14945  -47.929  -58.263  -16.559 0.0000000000
160173  -47.985  -58.448  -16.691 0.0000000000
16680  -47.729  -56.408  -19.473 0.0000000000
33955  -50.587  -39.824  -23.810 0.0000000000
33949  -50.756  -39.767  -23.248 0.0000000000
154957  -50.462  -40.833  -23.073 0.0000000000
31975  -51.661  -41.297  -23.879 0.0000000000
31062  -52.252  -42.154  -23.964 0.0000000000
30095  -52.128  -43.796  -23.392 0.0000000000
28245  -51.692  -44.655  -23.107 0.0000000000
28252  -51.613  -44.993  -24.996 0.0000000000
168047  -51.920  -44.931  -25.485 0.0000000000
18484  -41.639  -54.689  -18.071 0.0000000000
17560  -42.312  -54.890  -18.276 0.0000000000
19442  -42.077  -54.114  -18.434 0.0000000000
20336  -42.980  -52.985  -18.822 0.0000000000
21250  -43.331  -51.664  -19.225 0.0000000000
22258  -41.964  -50.712  -19.201 0.0000000000
166297  -42.977  -51.136  -19.334 0.0000000000
22260  -43.516  -50.800  -19.387 0.0000000000
23253  -43.902  -49.986  -19.437 0.0000000000
150852  -44.212  -49.246  -19.396 0.0000000000
25339  -45.035  -48.147  -19.194 0.0000000000
18403  -45.952  -54.279  -12.993 0.0000000000
18432  -44.051  -52.979  -14.560 0.0000000000
19389  -44.051  -52.400  -14.527 0.0000000000
18431  -42.950  -53.428  -14.346 0.0000000000
18430  -41.526  -53.957  -13.911 0.0000000000
19385  -39.121  -53.389  -14.075 0.0000000000
26233  -41.131  -47.389  -11.137 0.0000000000
26245  -40.815  -48.052  -11.653 0.0000000000
151422  -40.127  -48.428  -11.754 0.0000000000
26244  -39.496  -47.915  -11.047 0.0000000000
26231  -38.785  -47.318  -10.454 0.0000000000
27185  -38.124  -46.514  -10.143 0.0000000000
28081  -39.293  -45.788  -9.021 0.0000000000
28098  -37.984  -45.700  -9.636 0.0000000000
26229  -37.568  -46.557  -10.810 0.0000000000
28103  -37.409  -45.989  -11.092 0.0000000000
29017  -37.626  -44.609  -11.241 0.0000000000
169347  -37.888  -43.900  -11.221 0.0000000000
18486  -48.360  -54.537  -17.844 0.0000000000
17550  -48.638  -55.275  -17.789 0.0000000000
18487  -49.061  -54.493  -17.889 0.0000000000
18505  -49.289  -54.563  -18.335 0.0000000000
18510  -49.394  -54.394  -19.102 0.0000000000
17583  -48.822  -54.674  -19.550 0.0000000000
18521  -47.813  -54.749  -20.125 0.0000000000
22274  -47.148  -50.552  -20.274 0.0000000000
22273  -46.420  -50.737  -20.484 0.0000000000
22286  -46.053  -50.444  -21.015 0.0000000000
23280  -46.344  -49.922  -21.871 0.0000000000
143491  -46.868  -49.576  -22.225 0.0000000000
14040  -47.417  -58.807  -11.678 0.0000000000
153067  -47.972  -58.969  -11.464 0.0000000000
144151  -46.217  -58.939  -12.749 0.0000000000
142818  -46.507  -58.950  -13.483 0.0000000000
14095  -46.384  -58.783  -14.824 0.0000000000
14925  -45.437  -58.419  -15.858 0.0000000000
14926  -46.515  -58.273  -15.913 0.0000000000
15768  -46.394  -57.403  -16.846 0.0000000000
16652  -46.312  -56.394  -17.625 0.0000000000
17549  -47.292  -55.597  -17.874 0.0000000000
17561  -43.043  -55.003  -18.343 0.0000000000
17562  -43.826  -55.063  -18.370 0.0000000000
148561  -44.699  -53.153  -18.612 0.0000000000
146289  -44.838  -53.855  -18.500 0.0000000000
146605  -45.792  -54.557  -18.377 0.0000000000
18502  -46.581  -54.446  -18.309 0.0000000000
18503  -47.433  -54.413  -18.168 0.0000000000
163635  -48.257  -53.283  -18.035 0.0000000000
20343  -49.171  -52.382  -17.932 0.0000000000
22227  -49.979  -51.385  -18.047 0.0000000000
160656  -48.321  -51.089  -18.279 0.0000000000
22246  -49.323  -50.881  -18.196 0.0000000000
22247  -50.001  -50.654  -18.193 0.0000000000
157752  -50.804  -49.471  -18.636 0.0000000000
24251  -50.989  -48.764  -18.940 0.0000000000
26346  -50.857  -47.200  -19.329 0.0000000000
14039  -46.158  -58.489  -11.450 0.0000000000
14050  -45.544  -58.742  -12.088 0.0000000000
14061  -44.363  -58.876  -13.123 0.0000000000
14868  -44.924  -57.566  -11.594 0.0000000000
14895  -43.961  -58.459  -12.601 0.0000000000
14073  -43.209  -58.703  -14.144 0.0000000000
14922  -42.744  -58.165  -15.646 0.0000000000
14938  -42.333  -57.774  -16.293 0.0000000000
15780  -41.941  -56.930  -16.979 0.0000000000
17478  -45.117  -54.516  -13.486 0.0000000000
16588  -44.106  -55.299  -13.181 0.0000000000
15726  -42.476  -56.844  -13.131 0.0000000000
16598  -41.509  -56.168  -13.598 0.0000000000
15735  -41.732  -57.019  -13.706 0.0000000000
15744  -41.349  -57.453  -14.435 0.0000000000
15751  -41.406  -57.504  -15.277 0.0000000000
142433  -41.212  -56.716  -16.590 0.0000000000
16647  -41.419  -55.768  -17.487 0.0000000000
167303  -41.329  -55.134  -17.714 0.0000000000
19440  -40.974  -53.648  -18.120 0.0000000000
20334  -40.927  -52.527  -18.409 0.0000000000
151561  -40.056  -53.018  -17.682 0.0000000000
20333  -40.285  -52.317  -18.073 0.0000000000
22240  -40.573  -50.672  -18.451 0.0000000000
23235  -40.454  -49.846  -18.361 0.0000000000
24243  -40.312  -49.030  -18.190 0.0000000000
22162  -41.178  -50.344  -13.621 0.0000000000
21189  -41.083  -51.057  -13.797 0.0000000000
21197  -41.709  -50.959  -14.034 0.0000000000
20296  -39.766  -52.650  -13.636 0.0000000000
20295  -38.857  -52.661  -13.783 0.0000000000
19384  -38.564  -53.062  -14.341 0.0000000000
24172  -38.885  -49.013  -11.928 0.0000000000
162312  -38.310  -49.098  -12.173 0.0000000000
23178  -38.170  -50.029  -12.803 0.0000000000
25257  -37.532  -48.381  -12.920 0.0000000000
156913  -37.756  -49.316  -12.985 0.0000000000
22160  -38.002  -50.753  -13.216 0.0000000000
22173  -37.683  -50.996  -13.911 0.0000000000
21201  -37.952  -51.818  -14.451 0.0000000000
160469  -38.064  -52.011  -15.180 0.0000000000
21216  -38.272  -51.665  -15.934 0.0000000000
22210  -38.568  -50.869  -16.475 0.0000000000
147446  -39.012  -50.095  -16.903 0.0000000000
24210  -38.539  -48.876  -15.991 0.0000000000
154103  -39.026  -48.634  -16.554 0.0000000000
24233  -39.233  -49.219  -17.033 0.0000000000
25300  -39.459  -48.463  -17.197 0.0000000000
26306  -39.851  -47.182  -17.141 0.0000000000
164869  -48.164  -59.270  -11.972 0.0000000000
146758  -48.239  -59.435  -12.292 0.0000000000
12527  -47.454  -60.058  -12.478 0.0000000000
14097  -47.924  -59.007  -15.076 0.0000000000
12551  -47.736  -59.868  -13.143 0.0000000000
12526  -47.034  -60.324  -12.620 0.0000000000
11786  -46.162  -60.736  -12.677 0.0000000000
16654  -48.470  -55.982  -17.883 0.0000000000
14972  -47.965  -57.658  -17.475 0.0000000000
14956  -47.910  -58.124  -17.252 0.0000000000
167718  -47.918  -57.313  -18.269 0.0000000000
14157  -47.459  -58.401  -17.697 0.0000000000
12611  -46.912  -60.047  -15.961 0.0000000000
156466  -42.209  -46.488  -18.461 0.0000000000
26345  -44.229  -47.234  -19.003 0.0000000000
150786  -44.723  -47.484  -19.060 0.0000000000
26331  -45.401  -47.359  -18.900 0.0000000000
26332  -46.183  -47.238  -18.736 0.0000000000
26333  -46.955  -47.101  -18.625 0.0000000000
26334  -47.833  -47.039  -18.578 0.0000000000
27285  -48.813  -46.643  -18.634 0.0000000000
29129  -47.585  -44.723  -19.856 0.0000000000
28189  -48.461  -45.879  -18.760 0.0000000000
27292  -49.405  -46.089  -18.878 0.0000000000
27293  -50.329  -46.272  -19.126 0.0000000000
27294  -50.938  -46.457  -19.455 0.0000000000
27302  -51.075  -46.506  -19.759 0.0000000000
31968  -50.023  -41.687  -22.977 0.0000000000
30092  -50.142  -43.503  -22.645 0.0000000000
29156  -49.680  -44.316  -21.740 0.0000000000
29145  -50.813  -44.785  -20.957 0.0000000000
28213  -51.659  -45.525  -20.758 0.0000000000
27301  -51.066  -46.529  -19.946 0.0000000000
27306  -50.844  -46.168  -20.619 0.0000000000
26361  -49.150  -46.490  -21.301 0.0000000000
27331  -49.280  -46.312  -22.311 0.0000000000
26385  -50.067  -46.107  -23.583 0.0000000000
26384  -49.007  -46.992  -23.163 0.0000000000
25383  -48.965  -47.715  -23.799 0.0000000000
12509  -47.549  -59.874  -11.849 0.0000000000
12550  -46.998  -60.388  -13.306 0.0000000000
12577  -46.618  -60.545  -14.808 0.0000000000
13267  -48.277  -59.418  -12.440 0.0000000000
13284  -48.289  -59.413  -12.918 0.0000000000
13285  -48.318  -59.410  -12.870 0.0000000000
13298  -48.229  -59.494  -13.564 0.0000000000
13302  -48.198  -59.356  -13.879 0.0000000000
13311  -47.923  -59.584  -14.909 0.0000000000
13312  -48.030  -59.329  -14.687 0.0000000000
13323  -47.750  -59.601  -15.538 0.0000000000
13335  -47.569  -59.508  -16.176 0.0000000000
13336  -47.868  -59.162  -15.769 0.0000000000
13355  -47.321  -59.306  -16.844 0.0000000000
14041  -48.527  -58.515  -10.321 0.0000000000
14049  -44.681  -58.690  -12.407 0.0000000000
14051  -46.679  -58.861  -12.206 0.0000000000
14052  -47.722  -58.938  -12.600 0.0000000000
14060  -43.590  -58.679  -13.296 0.0000000000
14074  -44.110  -58.915  -13.923 0.0000000000
14096  -47.398  -58.897  -14.854 0.0000000000
14124  -47.932  -58.713  -16.105 0.0000000000
14139  -47.761  -58.694  -17.016 0.0000000000
14156  -46.728  -58.742  -18.212 0.0000000000
14869  -45.424  -58.125  -11.485 0.0000000000
14870  -46.734  -58.097  -10.893 0.0000000000
14880  -44.409  -58.015  -12.091 0.0000000000
14894  -43.387  -58.091  -12.885 0.0000000000
14904  -42.430  -58.149  -13.927 0.0000000000
14915  -41.944  -57.947  -14.734 0.0000000000
14916  -42.638  -58.332  -14.803 0.0000000000
14921  -42.029  -57.865  -15.574 0.0000000000
14927  -47.421  -58.327  -15.947 0.0000000000
14928  -47.908  -58.544  -16.018 0.0000000000
14939  -43.097  -57.920  -16.448 0.0000000000
14942  -45.907  -57.921  -16.459 0.0000000000
14957  -47.974  -57.933  -17.028 0.0000000000
15716  -45.340  -56.592  -11.621 0.0000000000
15734  -41.064  -56.760  -14.202 0.0000000000
15769  -47.408  -57.446  -16.795 0.0000000000
15770  -47.930  -57.670  -16.903 0.0000000000
15782  -44.007  -57.008  -17.488 0.0000000000
15793  -48.097  -57.138  -17.920 0.0000000000
15805  -47.463  -57.460  -18.763 0.0000000000
16575  -44.005  -56.655  -12.274 0.0000000000
16596  -40.165  -55.746  -14.349 0.0000000000
16617  -40.180  -55.922  -15.666 0.0000000000
16635  -40.103  -55.735  -16.184 0.0000000000
16649  -43.665  -56.366  -17.829 0.0000000000
16655  -48.765  -55.715  -18.228 0.0000000000
16669  -45.827  -55.862  -18.070 0.0000000000
16671  -48.782  -55.723  -18.669 0.0000000000
16681  -48.382  -56.164  -18.949 0.0000000000
16682  -49.002  -55.117  -19.093 0.0000000000
17479  -45.782  -54.634  -13.144 0.0000000000
17491  -39.823  -55.000  -14.231 0.0000000000
17504  -39.426  -54.973  -15.355 0.0000000000
17519  -39.802  -55.399  -15.715 0.0000000000
17545  -40.831  -55.356  -17.317 0.0000000000
17546  -41.899  -55.381  -17.880 0.0000000000
17547  -42.592  -55.589  -18.039 0.0000000000
17548  -46.626  -55.894  -17.891 0.0000000000
17566  -47.090  -54.975  -18.155 0.0000000000
18404  -46.222  -54.439  -12.811 0.0000000000
18418  -45.686  -54.255  -13.122 0.0000000000
18482  -40.065  -54.169  -17.276 0.0000000000
18488  -49.680  -54.039  -18.070 0.0000000000
18497  -41.402  -54.094  -18.191 0.0000000000
18498  -42.736  -54.421  -18.462 0.0000000000
18500  -44.327  -54.425  -18.474 0.0000000000
18504  -47.866  -53.776  -18.123 0.0000000000
18506  -49.816  -54.073  -18.631 0.0000000000
19388  -43.457  -52.315  -14.649 0.0000000000
19399  -38.479  -53.171  -15.082 0.0000000000
19421  -38.954  -53.290  -16.510 0.0000000000
19422  -39.508  -53.812  -16.901 0.0000000000
19430  -39.901  -53.552  -17.378 0.0000000000
19432  -48.681  -53.865  -17.820 0.0000000000
19433  -49.449  -53.797  -17.706 0.0000000000
19445  -46.922  -53.597  -18.313 0.0000000000
19447  -50.033  -53.466  -18.375 0.0000000000
19448  -50.433  -52.833  -18.517 0.0000000000
19463  -49.580  -53.269  -19.423 0.0000000000
20302  -38.254  -52.531  -14.696 0.0000000000
20308  -38.300  -52.499  -15.546 0.0000000000
20322  -39.678  -52.434  -17.478 0.0000000000
20323  -40.586  -53.053  -18.133 0.0000000000
20327  -50.605  -51.940  -18.253 0.0000000000
20335  -42.207  -53.306  -18.654 0.0000000000
20338  -45.299  -52.549  -18.601 0.0000000000
20339  -46.134  -52.334  -18.454 0.0000000000
20341  -47.596  -52.275  -18.281 0.0000000000
20342  -48.299  -52.653  -18.132 0.0000000000
20344  -50.764  -52.219  -18.645 0.0000000000
20347  -41.966  -52.075  -18.967 0.0000000000
20348  -42.720  -52.209  -19.059 0.0000000000
20349  -43.411  -52.412  -19.020 0.0000000000
20350  -50.168  -52.605  -19.244 0.0000000000
20360  -46.692  -52.476  -20.010 0.0000000000
20363  -49.578  -52.641  -19.481 0.0000000000
21182  -41.993  -50.725  -13.798 0.0000000000
21196  -40.634  -51.733  -13.608 0.0000000000
21228  -50.178  -51.981  -17.953 0.0000000000
21235  -40.373  -51.497  -18.260 0.0000000000
21236  -40.762  -51.942  -18.430 0.0000000000
21241  -49.160  -51.573  -18.086 0.0000000000
21242  -50.833  -51.511  -18.628 0.0000000000
21254  -50.554  -51.950  -19.238 0.0000000000
21255  -50.848  -51.569  -19.036 0.0000000000
21265  -48.181  -51.993  -19.685 0.0000000000
21266  -49.225  -52.099  -19.551 0.0000000000
22185  -37.724  -50.579  -15.280 0.0000000000
22225  -39.534  -51.177  -17.508 0.0000000000
22241  -41.268  -50.704  -18.912 0.0000000000
22248  -50.931  -50.883  -18.690 0.0000000000
22259  -42.690  -50.683  -19.363 0.0000000000
22261  -44.485  -50.665  -19.305 0.0000000000
22262  -45.373  -50.545  -19.138 0.0000000000
22265  -51.055  -50.758  -18.883 0.0000000000
22272  -45.749  -50.975  -20.662 0.0000000000
23177  -37.745  -50.019  -13.266 0.0000000000
23188  -37.518  -49.574  -13.608 0.0000000000
23204  -38.046  -49.922  -15.668 0.0000000000
23237  -46.394  -49.615  -19.028 0.0000000000
23239  -49.582  -50.192  -18.296 0.0000000000
23241  -51.121  -50.368  -18.912 0.0000000000
23251  -42.292  -50.042  -19.347 0.0000000000
23256  -51.069  -49.910  -18.963 0.0000000000
23263  -46.683  -50.159  -20.725 0.0000000000
23264  -47.450  -49.830  -20.470 0.0000000000
23265  -48.550  -49.803  -20.167 0.0000000000
23273  -46.432  -50.002  -21.290 0.0000000000
23281  -46.858  -49.571  -21.522 0.0000000000
24183  -41.885  -48.568  -12.804 0.0000000000
24191  -38.157  -49.431  -12.502 0.0000000000
24201  -37.517  -48.968  -14.096 0.0000000000
24219  -38.341  -49.497  -16.006 0.0000000000
24220  -38.747  -49.397  -16.472 0.0000000000
24234  -39.742  -49.080  -17.573 0.0000000000
24244  -40.908  -49.325  -18.646 0.0000000000
24245  -41.445  -48.822  -18.985 0.0000000000
24246  -46.435  -48.741  -19.063 0.0000000000
24268  -50.967  -49.064  -19.010 0.0000000000
24279  -50.708  -48.439  -19.430 0.0000000000
24294  -47.696  -48.655  -22.308 0.0000000000
24305  -47.374  -49.220  -22.724 0.0000000000
24307  -48.448  -48.321  -23.540 0.0000000000
25239  -39.097  -48.381  -11.454 0.0000000000
25249  -37.581  -48.065  -12.126 0.0000000000
25250  -37.986  -48.502  -11.861 0.0000000000
25281  -37.801  -48.245  -14.587 0.0000000000
25290  -38.221  -48.434  -15.346 0.0000000000
25291  -38.819  -48.122  -15.947 0.0000000000
25301  -39.758  -47.847  -17.335 0.0000000000
25320  -40.528  -48.228  -18.262 0.0000000000
25322  -45.908  -47.999  -19.022 0.0000000000
25325  -50.102  -48.072  -18.608 0.0000000000
25326  -50.871  -48.178  -18.826 0.0000000000
25336  -42.607  -48.186  -19.274 0.0000000000
25337  -43.285  -48.053  -19.291 0.0000000000
25338  -44.138  -47.933  -19.232 0.0000000000
25341  -50.897  -48.008  -19.049 0.0000000000
25347  -50.649  -47.651  -19.711 0.0000000000
25348  -50.832  -47.820  -19.298 0.0000000000
25353  -48.215  -47.878  -21.130 0.0000000000
25373  -48.467  -47.596  -23.015 0.0000000000
26230  -37.975  -47.171  -10.757 0.0000000000
26246  -41.860  -47.882  -12.202 0.0000000000
26277  -37.499  -47.647  -13.451 0.0000000000
26278  -37.885  -46.988  -14.005 0.0000000000
26289  -38.155  -47.436  -14.733 0.0000000000
26290  -38.676  -46.961  -15.260 0.0000000000
26326  -41.360  -47.433  -18.576 0.0000000000
26330  -44.824  -46.722  -18.681 0.0000000000
26335  -48.593  -47.409  -18.590 0.0000000000
26353  -49.730  -46.606  -20.512 0.0000000000
26370  -48.646  -46.977  -22.280 0.0000000000
26395  -50.248  -46.595  -24.530 0.0000000000
27171  -40.977  -46.362  -9.755 0.0000000000
27215  -37.518  -46.698  -12.864 0.0000000000
27228  -38.356  -46.617  -14.653 0.0000000000
27284  -47.996  -46.259  -18.594 0.0000000000
27286  -50.015  -46.720  -18.795 0.0000000000
27307  -51.424  -45.907  -20.269 0.0000000000
27318  -50.319  -45.916  -21.573 0.0000000000
27333  -50.995  -45.365  -22.865 0.0000000000
27341  -50.566  -45.827  -23.939 0.0000000000
28097  -37.537  -45.722  -10.346 0.0000000000
28104  -37.508  -45.387  -11.567 0.0000000000
28135  -38.660  -45.238  -14.279 0.0000000000
28187  -47.060  -45.403  -18.663 0.0000000000
28195  -48.019  -45.376  -18.975 0.0000000000
28196  -48.933  -45.527  -19.162 0.0000000000
28197  -50.637  -45.885  -19.428 0.0000000000
28198  -51.223  -46.012  -19.852 0.0000000000
28205  -49.802  -45.426  -19.505 0.0000000000
28224  -51.713  -45.210  -21.361 0.0000000000
28236  -51.766  -45.101  -21.948 0.0000000000
29008  -37.464  -44.849  -10.405 0.0000000000
29009  -37.568  -44.107  -10.566 0.0000000000
29016  -37.404  -45.333  -10.892 0.0000000000
29119  -47.514  -44.977  -19.181 0.0000000000
29120  -48.210  -45.071  -19.454 0.0000000000
29132  -50.776  -45.095  -20.366 0.0000000000
29133  -51.503  -45.248  -20.597 0.0000000000
29157  -50.860  -44.524  -21.659 0.0000000000
29158  -51.814  -44.820  -21.750 0.0000000000
29168  -51.755  -44.653  -22.286 0.0000000000
29176  -52.106  -44.196  -23.423 0.0000000000
31055  -50.537  -42.690  -23.080 0.0000000000
31057  -52.072  -43.153  -23.570 0.0000000000
31969  -50.837  -41.538  -23.403 0.0000000000
31977  -52.539  -42.055  -24.252 0.0000000000
32919  -50.451  -40.080  -22.950 0.0000000000
32920  -51.059  -40.433  -23.456 0.0000000000
33948  -50.352  -39.573  -22.869 0.0000000000
33954  -49.738  -39.578  -23.668 0.0000000000
34968  -50.598  -39.483  -23.327 0.0000000000
34974  -50.216  -39.337  -23.390 0.0000000000
139713  -52.303  -42.399  -25.454 0.0000000000
142613  -49.183  -54.028  -19.479 0.0000000000
142730  -48.092  -59.195  -11.170 0.0000000000
142989  -49.942  -48.771  -19.966 0.0000000000
143119  -47.108  -54.288  -20.159 0.0000000000
145738  -40.541  -56.274  -16.222 0.0000000000
146938  -49.651  -53.104  -17.755 0.0000000000
147546  -49.345  -54.653  -18.740 0.0000000000
147634  -48.194  -59.277  -12.238 0.0000000000
147683  -41.608  -52.741  -18.635 0.0000000000
150018  -48.220  -39.539  -22.911 0.0000000000
150735  -50.631  -47.064  -19.996 0.0000000000
151347  -37.916  -44.799  -12.114 0.0000000000
151463  -51.127  -45.438  -24.724 0.0000000000
151631  -41.113  -53.098  -18.362 0.0000000000
152069  -40.873  -47.061  -18.128 0.0000000000
152117  -50.080  -44.093  -22.233 0.0000000000
152384  -37.629  -51.154  -14.580 0.0000000000
152406  -39.986  -55.657  -15.333 0.0000000000
152805  -43.411  -49.327  -19.458 0.0000000000
152983  -49.981  -53.050  -17.975 0.0000000000
153470  -47.847  -50.456  -18.423 0.0000000000
154367  -46.943  -51.391  -18.391 0.0000000000
154438  -45.450  -53.318  -18.470 0.0000000000
156200  -51.311  -43.233  -23.270 0.0000000000
156560  -47.104  -60.223  -12.077 0.0000000000
157155  -48.640  -50.323  -18.316 0.0000000000
158844  -46.181  -58.596  -15.440 0.0000000000
161107  -50.739  -46.809  -19.110 0.0000000000
161977  -40.099  -50.323  -18.057 0.0000000000
162042  -41.496  -56.371  -17.177 0.0000000000
162100  -51.648  -45.612  -25.526 0.0000000000
162236  -50.946  -46.103  -25.048 0.0000000000
163070  -49.800  -51.918  -17.930 0.0000000000
163156  -44.573  -52.561  -18.776 0.0000000000
163260  -48.070  -56.600  -17.602 0.0000000000
163339  -42.169  -50.823  -14.008 0.0000000000
163342  -47.457  -58.973  -13.695 0.0000000000
163412  -50.947  -51.037  -19.145 0.0000000000
164302  -38.062  -50.356  -15.780 0.0000000000
164694  -37.805  -51.431  -14.082 0.0000000000
165157  -50.267  -49.953  -18.351 0.0000000000
166123  -47.459  -56.937  -19.331 0.0000000000
167655  -42.131  -57.387  -16.615 0.0000000000
167794  -43.125  -55.877  -13.045 0.0000000000
168997  -50.496  -50.751  -18.244 0.0000000000
169128  -49.492  -46.359  -23.172 0.0000000000
169328  -48.176  -59.292  -12.054 0.0000000000
169472  -48.170  -56.676  -17.783 0.0000000000
