#!ascii label  , from subject sub-v2s1x29916_ses-1 vox2ras=TkReg
995
62006  24.446  -20.673  36.583 0.0000000000
79192  39.848  -7.849  23.369 0.0000000000
72170  29.515  -13.400  29.358 0.0000000000
144843  8.177  -22.757  46.114 0.0000000000
61939  20.274  -21.086  40.825 0.0000000000
75632  31.288  -9.772  28.795 0.0000000000
60764  14.505  -21.854  42.657 0.0000000000
58553  12.689  -23.447  45.381 0.0000000000
58630  17.526  -23.572  41.198 0.0000000000
78056  43.900  -8.598  23.646 0.0000000000
159302  25.671  -17.556  36.997 0.0000000000
67924  26.400  -16.360  34.003 0.0000000000
64474  28.920  -19.355  36.068 0.0000000000
82153  43.531  -4.579  22.620 0.0000000000
81278  47.999  -6.163  20.644 0.0000000000
79155  36.477  -7.443  25.640 0.0000000000
140847  38.671  -11.195  26.561 0.0000000000
74554  34.564  -10.843  26.183 0.0000000000
146369  33.974  -14.227  28.986 0.0000000000
58640  24.584  -23.699  39.806 0.0000000000
56137  6.443  -25.395  48.217 0.0000000000
156542  2.074  -26.089  49.643 0.0000000000
54783  -0.885  -26.304  53.313 0.0000000000
61979  21.764  -21.154  38.625 0.0000000000
57504  20.969  -24.662  39.980 0.0000000000
155890  25.278  -12.049  32.334 0.0000000000
71047  29.367  -14.136  33.726 0.0000000000
84076  52.623  -3.178  20.110 0.0000000000
78080  42.022  -8.327  23.124 0.0000000000
76854  40.862  -9.482  24.590 0.0000000000
65631  25.227  -18.734  36.461 0.0000000000
65644  26.535  -18.392  35.339 0.0000000000
63276  27.110  -20.524  36.136 0.0000000000
81244  39.809  -5.634  24.646 0.0000000000
82142  42.429  -4.508  24.504 0.0000000000
81252  41.738  -5.919  22.682 0.0000000000
80236  43.634  -6.760  21.872 0.0000000000
49186  -0.090  -30.861  52.898 0.0000000000
76833  34.940  -9.273  25.851 0.0000000000
153976  33.728  -8.376  27.474 0.0000000000
73309  30.374  -11.591  28.519 0.0000000000
73307  31.702  -12.315  27.845 0.0000000000
71129  31.549  -14.452  29.264 0.0000000000
70028  31.718  -14.954  31.251 0.0000000000
154446  10.541  -23.116  45.233 0.0000000000
58520  11.505  -24.206  46.872 0.0000000000
57400  9.343  -24.270  46.653 0.0000000000
141895  8.787  -24.904  48.439 0.0000000000
58523  7.552  -24.317  46.964 0.0000000000
58497  3.087  -23.676  49.064 0.0000000000
56094  0.652  -25.865  50.937 0.0000000000
61966  20.941  -21.493  39.380 0.0000000000
58668  21.710  -23.495  38.568 0.0000000000
59710  19.732  -22.938  39.609 0.0000000000
57457  16.937  -24.522  42.998 0.0000000000
56220  19.047  -25.238  42.568 0.0000000000
67910  29.120  -16.421  34.946 0.0000000000
69972  28.640  -14.972  34.170 0.0000000000
77961  32.877  -8.609  29.322 0.0000000000
76720  30.046  -9.607  30.342 0.0000000000
157568  28.413  -11.087  29.942 0.0000000000
58566  15.180  -23.794  44.049 0.0000000000
58552  13.943  -23.573  45.233 0.0000000000
59645  13.133  -22.514  43.764 0.0000000000
60740  11.570  -21.983  44.369 0.0000000000
61867  9.515  -21.396  45.585 0.0000000000
60802  18.602  -22.253  40.330 0.0000000000
61922  16.851  -21.547  41.190 0.0000000000
59674  15.472  -22.632  42.078 0.0000000000
69931  24.675  -14.848  36.913 0.0000000000
69973  24.628  -14.962  34.577 0.0000000000
67902  25.482  -16.986  35.379 0.0000000000
65655  28.459  -17.934  34.899 0.0000000000
165432  47.648  -3.891  21.546 0.0000000000
82171  45.222  -5.394  21.340 0.0000000000
165771  45.683  -7.072  21.796 0.0000000000
79172  37.695  -7.481  24.579 0.0000000000
75705  38.891  -9.842  24.874 0.0000000000
76830  36.994  -9.612  24.964 0.0000000000
74565  36.632  -10.981  25.926 0.0000000000
73316  36.170  -12.498  27.404 0.0000000000
74539  32.527  -10.918  27.217 0.0000000000
72194  33.846  -12.725  27.495 0.0000000000
60822  24.898  -22.400  37.915 0.0000000000
162300  27.038  -21.435  38.384 0.0000000000
81242  38.325  -6.032  25.932 0.0000000000
60698  6.280  -21.775  47.618 0.0000000000
58506  5.241  -23.838  47.768 0.0000000000
56124  4.542  -25.648  48.430 0.0000000000
54885  3.676  -26.885  49.722 0.0000000000
53617  1.901  -27.658  50.613 0.0000000000
52440  -0.056  -28.349  51.835 0.0000000000
51207  -1.600  -28.941  53.354 0.0000000000
51192  -3.282  -28.631  54.566 0.0000000000
154751  23.256  -20.907  37.321 0.0000000000
59720  22.810  -22.944  38.112 0.0000000000
57502  22.710  -24.701  40.151 0.0000000000
58628  19.083  -24.104  40.534 0.0000000000
72160  27.559  -13.088  30.333 0.0000000000
71071  25.500  -14.145  32.736 0.0000000000
71089  27.178  -14.011  31.848 0.0000000000
71103  28.917  -14.306  31.101 0.0000000000
63250  28.696  -20.547  38.592 0.0000000000
83092  54.242  -4.215  19.019 0.0000000000
83088  50.180  -4.451  20.402 0.0000000000
158245  52.783  -5.598  19.830 0.0000000000
79191  40.556  -8.081  23.190 0.0000000000
164109  41.799  -9.012  24.063 0.0000000000
76875  40.469  -9.048  24.061 0.0000000000
63279  24.978  -20.158  36.263 0.0000000000
154566  25.477  -19.649  35.930 0.0000000000
62004  25.883  -20.852  36.322 0.0000000000
80198  39.647  -6.812  23.458 0.0000000000
81247  40.716  -5.673  23.623 0.0000000000
79216  40.329  -7.309  23.064 0.0000000000
79214  41.745  -7.754  22.740 0.0000000000
49181  -1.263  -31.249  53.334 0.0000000000
77975  34.216  -8.024  27.679 0.0000000000
77976  33.738  -8.277  28.317 0.0000000000
73297  29.963  -12.313  28.904 0.0000000000
72184  30.999  -13.267  28.607 0.0000000000
71130  30.807  -14.031  29.169 0.0000000000
70050  31.655  -14.914  30.429 0.0000000000
70051  30.420  -14.625  30.272 0.0000000000
59623  9.248  -22.663  45.524 0.0000000000
58540  9.654  -23.918  46.052 0.0000000000
144486  8.853  -23.794  46.215 0.0000000000
58541  8.151  -24.041  46.614 0.0000000000
58542  7.561  -23.635  46.623 0.0000000000
61952  20.290  -21.363  40.151 0.0000000000
60813  20.209  -22.112  39.488 0.0000000000
60800  19.868  -21.790  39.859 0.0000000000
57435  16.699  -24.681  43.853 0.0000000000
73210  24.924  -12.673  36.055 0.0000000000
68971  29.433  -15.540  35.298 0.0000000000
75624  29.249  -10.052  30.248 0.0000000000
76709  28.608  -9.548  31.112 0.0000000000
59643  14.261  -22.838  43.355 0.0000000000
161400  14.400  -23.321  44.129 0.0000000000
59644  13.709  -22.439  43.369 0.0000000000
61878  11.868  -21.372  44.245 0.0000000000
61865  10.910  -20.866  44.847 0.0000000000
60729  10.411  -21.982  44.902 0.0000000000
61921  17.425  -20.977  41.284 0.0000000000
61924  14.908  -21.252  42.337 0.0000000000
61923  15.613  -21.303  41.862 0.0000000000
60781  15.127  -21.950  42.144 0.0000000000
59656  15.449  -23.229  42.598 0.0000000000
67891  24.797  -16.200  36.149 0.0000000000
67890  25.220  -16.879  36.136 0.0000000000
64487  27.445  -19.451  35.348 0.0000000000
65657  27.065  -18.125  34.949 0.0000000000
64485  28.952  -18.840  35.685 0.0000000000
65641  29.032  -18.176  35.376 0.0000000000
64472  29.954  -18.512  36.628 0.0000000000
82148  42.587  -4.637  23.661 0.0000000000
83073  46.167  -3.984  22.004 0.0000000000
82163  44.719  -4.794  21.832 0.0000000000
79211  43.946  -7.926  22.516 0.0000000000
79234  44.375  -7.311  22.025 0.0000000000
79210  44.782  -7.926  22.471 0.0000000000
79154  37.023  -7.416  25.051 0.0000000000
78038  37.245  -8.195  24.639 0.0000000000
78039  36.533  -8.032  25.080 0.0000000000
75675  34.668  -10.027  25.965 0.0000000000
75695  36.046  -10.461  25.685 0.0000000000
74553  35.210  -11.240  26.285 0.0000000000
73332  35.994  -11.956  26.870 0.0000000000
73333  35.300  -11.802  26.715 0.0000000000
76733  31.815  -9.180  29.123 0.0000000000
76777  32.388  -9.525  27.649 0.0000000000
75644  31.619  -10.237  28.185 0.0000000000
71141  32.971  -13.772  28.389 0.0000000000
72195  33.029  -12.575  27.496 0.0000000000
71140  33.732  -13.846  28.451 0.0000000000
71125  35.420  -13.680  28.642 0.0000000000
59695  24.960  -23.179  39.231 0.0000000000
59707  25.684  -22.772  39.461 0.0000000000
80173  37.218  -6.589  26.733 0.0000000000
80172  37.737  -6.329  26.231 0.0000000000
80183  37.838  -6.439  25.482 0.0000000000
150364  13.385  -23.553  45.542 0.0000000000
58536  13.196  -23.742  46.182 0.0000000000
57364  7.859  -25.146  48.322 0.0000000000
57346  8.357  -25.056  49.151 0.0000000000
56121  7.630  -25.372  49.153 0.0000000000
56123  5.939  -25.711  48.775 0.0000000000
60699  5.588  -21.990  47.923 0.0000000000
59598  6.001  -23.150  47.305 0.0000000000
59585  4.759  -23.098  48.088 0.0000000000
57348  2.464  -24.976  49.183 0.0000000000
57369  3.776  -24.709  48.371 0.0000000000
54912  3.218  -26.003  48.938 0.0000000000
54911  3.904  -26.375  49.201 0.0000000000
161730  3.250  -26.538  49.333 0.0000000000
53632  2.436  -27.249  50.196 0.0000000000
54887  2.227  -26.683  49.860 0.0000000000
56081  -0.279  -26.097  51.965 0.0000000000
53619  0.446  -27.189  51.115 0.0000000000
53575  -0.749  -27.312  52.364 0.0000000000
52423  -0.496  -28.824  52.255 0.0000000000
53555  -1.476  -27.517  53.447 0.0000000000
63239  22.625  -20.074  38.744 0.0000000000
64450  23.180  -19.655  38.426 0.0000000000
150638  22.709  -21.028  37.763 0.0000000000
59731  23.185  -22.390  37.735 0.0000000000
60823  22.550  -22.290  37.995 0.0000000000
58655  21.271  -23.980  38.977 0.0000000000
58654  21.968  -24.039  38.883 0.0000000000
57503  21.805  -24.756  40.198 0.0000000000
59683  18.083  -23.117  40.696 0.0000000000
58644  18.743  -23.379  40.340 0.0000000000
58629  18.342  -23.857  40.889 0.0000000000
56219  19.848  -25.597  42.918 0.0000000000
75692  38.897  -10.309  25.348 0.0000000000
75691  40.072  -10.252  25.658 0.0000000000
74549  39.388  -10.915  26.469 0.0000000000
74488  25.959  -11.107  31.602 0.0000000000
74496  26.912  -11.092  30.670 0.0000000000
73277  26.346  -12.413  30.930 0.0000000000
68999  25.017  -15.478  34.077 0.0000000000
69984  24.787  -14.680  33.886 0.0000000000
157595  26.220  -15.291  33.153 0.0000000000
69982  28.976  -14.470  33.981 0.0000000000
69997  28.127  -14.556  33.017 0.0000000000
71068  28.481  -14.349  32.628 0.0000000000
71087  28.611  -14.281  31.846 0.0000000000
71086  29.640  -14.326  32.508 0.0000000000
69996  30.524  -14.390  32.546 0.0000000000
61964  27.589  -21.263  38.715 0.0000000000
83093  53.635  -3.846  19.336 0.0000000000
82168  47.550  -4.957  20.834 0.0000000000
163758  49.138  -3.915  21.005 0.0000000000
82177  49.172  -5.527  20.311 0.0000000000
80266  51.078  -6.370  20.552 0.0000000000
80264  52.728  -6.554  20.518 0.0000000000
61902  14.235  -21.161  42.871 0.0000000000
61891  13.539  -21.313  43.318 0.0000000000
78079  42.786  -8.364  23.113 0.0000000000
159792  43.529  -8.827  24.083 0.0000000000
146488  42.364  -8.774  23.718 0.0000000000
65617  25.770  -18.127  36.910 0.0000000000
65645  25.992  -18.347  35.772 0.0000000000
64489  25.981  -19.101  35.628 0.0000000000
63292  26.906  -19.982  35.619 0.0000000000
63291  27.729  -20.073  35.802 0.0000000000
82137  41.636  -4.837  25.633 0.0000000000
82150  41.184  -5.110  24.155 0.0000000000
82149  41.901  -4.890  23.919 0.0000000000
81251  42.481  -5.623  22.436 0.0000000000
82165  43.188  -5.291  22.168 0.0000000000
81263  42.260  -6.526  22.207 0.0000000000
79213  42.470  -7.917  22.678 0.0000000000
50198  1.147  -30.183  52.533 0.0000000000
79130  35.991  -7.257  26.969 0.0000000000
145345  35.823  -8.041  25.618 0.0000000000
79132  34.683  -8.172  26.524 0.0000000000
76800  34.364  -8.794  26.318 0.0000000000
146716  34.025  -9.522  26.290 0.0000000000
74513  30.626  -10.625  28.693 0.0000000000
74525  31.444  -11.245  27.924 0.0000000000
73308  31.020  -11.919  28.155 0.0000000000
144523  31.712  -13.180  28.308 0.0000000000
71127  33.190  -14.291  28.952 0.0000000000
70065  32.846  -14.720  29.705 0.0000000000
145783  32.444  -14.937  31.283 0.0000000000
58627  24.417  -24.111  40.958 0.0000000000
59621  11.222  -23.158  45.071 0.0000000000
58554  11.740  -23.593  45.548 0.0000000000
58555  10.828  -23.605  45.518 0.0000000000
58521  10.778  -24.301  46.642 0.0000000000
57384  9.688  -24.569  47.296 0.0000000000
57386  7.650  -24.838  47.507 0.0000000000
57387  6.973  -24.595  47.295 0.0000000000
59574  3.873  -22.538  48.953 0.0000000000
58492  2.344  -23.826  50.038 0.0000000000
57331  1.582  -24.923  50.205 0.0000000000
54859  1.133  -26.121  50.440 0.0000000000
57313  0.736  -25.092  51.242 0.0000000000
57295  0.379  -24.806  51.967 0.0000000000
56069  -0.525  -25.823  52.800 0.0000000000
61965  21.445  -21.002  39.496 0.0000000000
60824  21.893  -22.280  38.265 0.0000000000
60812  20.748  -22.098  39.106 0.0000000000
167805  20.599  -23.290  39.001 0.0000000000
58642  20.231  -24.071  39.608 0.0000000000
58600  17.130  -24.337  42.281 0.0000000000
57474  17.756  -24.581  42.089 0.0000000000
57433  17.926  -25.063  43.235 0.0000000000
74536  38.318  -11.712  27.173 0.0000000000
74481  24.901  -11.952  33.515 0.0000000000
67911  28.408  -16.572  34.481 0.0000000000
68995  27.947  -15.404  33.772 0.0000000000
68983  28.570  -15.763  34.413 0.0000000000
69957  29.289  -14.824  34.929 0.0000000000
84068  51.732  -2.816  20.779 0.0000000000
49171  -3.594  -30.894  54.305 0.0000000000
148876  32.596  -8.679  30.305 0.0000000000
154677  31.361  -9.152  30.232 0.0000000000
75633  30.776  -9.856  29.193 0.0000000000
75634  30.203  -10.335  29.269 0.0000000000
74515  29.448  -11.263  29.310 0.0000000000
159471  28.553  -12.211  29.581 0.0000000000
57423  16.299  -24.611  44.622 0.0000000000
57410  15.987  -24.583  45.395 0.0000000000
151975  14.702  -23.762  44.942 0.0000000000
58567  13.795  -23.257  44.548 0.0000000000
59619  12.685  -23.082  44.699 0.0000000000
60754  12.748  -22.096  43.766 0.0000000000
59632  12.332  -22.567  44.205 0.0000000000
59633  11.463  -22.686  44.636 0.0000000000
59634  10.901  -22.788  44.915 0.0000000000
60730  9.826  -22.132  45.261 0.0000000000
61868  8.965  -21.567  45.852 0.0000000000
61953  18.702  -21.711  40.552 0.0000000000
61940  18.824  -21.118  40.993 0.0000000000
60791  17.497  -22.118  40.844 0.0000000000
60792  16.873  -22.421  41.062 0.0000000000
151854  16.239  -21.134  41.564 0.0000000000
60779  16.329  -22.174  41.404 0.0000000000
59672  16.456  -22.880  41.513 0.0000000000
58616  16.063  -23.764  42.486 0.0000000000
58581  16.269  -24.254  43.122 0.0000000000
70982  24.838  -13.999  37.303 0.0000000000
152047  24.634  -13.535  35.835 0.0000000000
69944  24.573  -14.955  36.079 0.0000000000
68986  24.782  -15.784  34.923 0.0000000000
67925  25.790  -16.485  34.310 0.0000000000
66780  26.090  -17.661  35.404 0.0000000000
66790  27.267  -17.487  34.650 0.0000000000
140546  27.902  -17.039  34.365 0.0000000000
66778  29.102  -17.410  35.171 0.0000000000
153823  30.024  -17.242  36.024 0.0000000000
83059  46.808  -3.569  22.269 0.0000000000
83082  46.734  -4.136  21.604 0.0000000000
81266  46.525  -5.826  21.030 0.0000000000
81260  44.469  -5.625  21.502 0.0000000000
80255  45.680  -6.587  21.513 0.0000000000
163570  38.827  -8.148  23.926 0.0000000000
78035  39.714  -8.967  24.077 0.0000000000
78037  38.131  -8.376  24.255 0.0000000000
155109  37.748  -9.651  24.820 0.0000000000
75707  37.576  -10.230  25.149 0.0000000000
163571  36.354  -9.190  25.092 0.0000000000
75694  36.811  -10.370  25.395 0.0000000000
74564  37.514  -10.876  25.810 0.0000000000
74537  37.614  -11.820  26.839 0.0000000000
73306  36.895  -12.667  27.821 0.0000000000
77977  33.014  -8.595  28.586 0.0000000000
76776  32.900  -9.262  27.306 0.0000000000
75677  33.196  -10.569  26.709 0.0000000000
73321  32.071  -11.598  27.496 0.0000000000
73319  33.471  -12.077  27.094 0.0000000000
149762  34.214  -12.163  27.054 0.0000000000
72192  35.575  -12.885  27.695 0.0000000000
60834  25.200  -21.825  37.423 0.0000000000
60833  25.988  -21.638  37.553 0.0000000000
60821  25.652  -22.129  38.126 0.0000000000
60810  26.525  -22.059  39.135 0.0000000000
81245  39.127  -5.868  24.874 0.0000000000
80189  38.636  -6.352  24.349 0.0000000000
61857  7.870  -21.379  46.770 0.0000000000
61845  6.927  -21.441  47.425 0.0000000000
60721  7.306  -22.394  46.669 0.0000000000
59597  6.497  -23.046  47.076 0.0000000000
153406  6.309  -23.621  47.187 0.0000000000
57366  5.766  -24.577  47.608 0.0000000000
59586  4.128  -23.186  48.370 0.0000000000
57367  5.086  -24.609  47.933 0.0000000000
56138  5.605  -25.261  48.066 0.0000000000
161424  5.465  -25.936  49.174 0.0000000000
54884  4.573  -26.600  49.926 0.0000000000
52438  1.592  -28.717  51.394 0.0000000000
53618  1.166  -27.326  50.723 0.0000000000
52454  0.763  -27.807  51.095 0.0000000000
51230  1.152  -29.190  51.821 0.0000000000
51218  -0.087  -29.623  52.290 0.0000000000
50193  -1.277  -29.830  53.112 0.0000000000
51208  -1.992  -29.450  53.587 0.0000000000
53542  -2.305  -27.581  54.362 0.0000000000
51200  -2.591  -29.001  53.948 0.0000000000
50185  -3.258  -30.096  54.300 0.0000000000
64462  23.834  -19.549  37.250 0.0000000000
64463  23.404  -19.794  37.781 0.0000000000
61993  23.924  -21.271  37.037 0.0000000000
60836  23.601  -21.909  37.382 0.0000000000
145741  23.997  -22.916  38.016 0.0000000000
58651  24.230  -23.584  39.008 0.0000000000
59721  22.141  -22.919  38.283 0.0000000000
58653  22.729  -24.019  38.854 0.0000000000
150115  23.878  -24.084  39.600 0.0000000000
59696  19.100  -22.711  39.970 0.0000000000
58643  19.527  -23.597  39.904 0.0000000000
57489  20.370  -24.768  40.656 0.0000000000
57472  19.261  -24.933  41.693 0.0000000000
57471  20.027  -25.023  41.472 0.0000000000
56245  20.710  -25.146  41.388 0.0000000000
76855  40.058  -9.505  24.559 0.0000000000
75615  27.383  -10.330  31.003 0.0000000000
74505  28.001  -11.783  29.945 0.0000000000
72159  28.319  -13.450  30.096 0.0000000000
72124  24.543  -13.294  34.348 0.0000000000
72132  24.692  -13.164  33.532 0.0000000000
72139  25.371  -13.449  32.475 0.0000000000
69999  26.494  -14.811  32.831 0.0000000000
71070  26.734  -14.261  32.318 0.0000000000
150888  25.843  -13.132  31.822 0.0000000000
72150  27.185  -13.380  30.877 0.0000000000
72149  27.834  -13.738  30.609 0.0000000000
70052  29.310  -14.304  30.454 0.0000000000
70030  30.308  -14.714  31.010 0.0000000000
61989  27.140  -20.944  36.975 0.0000000000
61988  27.938  -20.790  37.375 0.0000000000
63262  29.012  -19.999  37.293 0.0000000000
64448  29.584  -19.696  38.286 0.0000000000
64460  29.628  -19.439  37.500 0.0000000000
84101  55.582  -3.284  18.333 0.0000000000
83077  50.510  -3.706  20.578 0.0000000000
164182  51.507  -3.821  20.290 0.0000000000
167790  50.269  -5.727  20.265 0.0000000000
82175  51.304  -5.191  20.063 0.0000000000
83086  52.583  -4.066  19.858 0.0000000000
82183  53.697  -4.633  19.362 0.0000000000
82181  55.112  -5.540  19.121 0.0000000000
78059  40.865  -8.623  23.599 0.0000000000
78060  40.142  -8.511  23.644 0.0000000000
62005  25.147  -20.799  36.375 0.0000000000
49182  -2.066  -30.945  53.625 0.0000000000
141280  29.551  -12.830  29.203 0.0000000000
72169  30.170  -13.221  28.970 0.0000000000
71131  29.964  -13.875  29.465 0.0000000000
70068  30.403  -14.349  29.684 0.0000000000
59609  8.706  -23.068  45.854 0.0000000000
149743  8.147  -23.409  46.232 0.0000000000
141849  19.495  -21.400  40.407 0.0000000000
57422  16.861  -24.883  44.578 0.0000000000
148337  17.257  -25.069  44.885 0.0000000000
59658  14.186  -22.337  42.977 0.0000000000
60752  13.859  -21.856  43.052 0.0000000000
59657  14.786  -22.622  42.665 0.0000000000
66769  25.733  -17.645  35.939 0.0000000000
64486  28.280  -19.382  35.561 0.0000000000
64473  29.415  -18.940  36.304 0.0000000000
82147  43.256  -4.318  23.378 0.0000000000
83055  43.801  -4.072  23.959 0.0000000000
83063  43.961  -4.103  23.175 0.0000000000
82152  44.266  -4.302  22.452 0.0000000000
83075  45.015  -4.086  22.360 0.0000000000
78078  43.549  -8.328  23.073 0.0000000000
78077  44.333  -8.300  23.068 0.0000000000
78076  45.158  -8.294  23.105 0.0000000000
51229  1.917  -29.248  51.855 0.0000000000
75674  35.296  -10.606  25.924 0.0000000000
73334  34.542  -11.573  26.611 0.0000000000
167437  31.627  -9.626  28.596 0.0000000000
59694  25.303  -23.208  40.179 0.0000000000
80174  36.544  -7.006  26.426 0.0000000000
80184  37.132  -6.815  25.759 0.0000000000
152611  7.093  -25.142  47.859 0.0000000000
158320  7.174  -25.399  48.537 0.0000000000
56122  6.795  -25.659  49.182 0.0000000000
60700  4.836  -22.212  48.210 0.0000000000
163063  2.937  -25.393  48.872 0.0000000000
56126  2.514  -25.743  49.188 0.0000000000
54913  2.650  -26.371  49.356 0.0000000000
54802  -0.674  -26.582  52.512 0.0000000000
54830  -0.221  -27.021  51.739 0.0000000000
53576  -1.114  -27.623  52.827 0.0000000000
54803  -1.164  -26.983  52.983 0.0000000000
63240  22.067  -20.532  39.104 0.0000000000
63227  22.491  -19.937  39.617 0.0000000000
63252  22.323  -20.733  38.294 0.0000000000
61978  22.231  -21.544  38.059 0.0000000000
57525  20.806  -24.367  39.399 0.0000000000
57524  21.481  -24.467  39.399 0.0000000000
57488  21.134  -24.914  40.786 0.0000000000
75673  38.845  -10.800  25.927 0.0000000000
141355  39.498  -10.475  25.812 0.0000000000
74480  25.246  -11.487  32.822 0.0000000000
75608  25.682  -10.923  32.340 0.0000000000
74489  25.561  -11.595  31.968 0.0000000000
73278  25.971  -11.872  31.217 0.0000000000
73268  25.611  -12.313  31.799 0.0000000000
68998  25.677  -15.988  33.951 0.0000000000
143184  25.641  -15.425  33.505 0.0000000000
68997  26.347  -15.761  33.566 0.0000000000
71048  28.793  -14.344  33.368 0.0000000000
71067  29.200  -14.235  33.044 0.0000000000
161838  29.025  -14.326  32.412 0.0000000000
71066  29.852  -14.048  33.247 0.0000000000
84075  53.170  -2.888  19.853 0.0000000000
84085  53.539  -3.220  19.471 0.0000000000
84086  53.072  -3.553  19.656 0.0000000000
81279  47.881  -5.570  20.530 0.0000000000
82167  48.207  -4.959  20.625 0.0000000000
82178  48.482  -5.647  20.438 0.0000000000
63185  14.432  -20.430  43.012 0.0000000000
63165  13.834  -20.631  43.348 0.0000000000
143180  13.462  -20.217  43.829 0.0000000000
76873  41.597  -9.350  24.546 0.0000000000
65630  25.671  -18.413  36.153 0.0000000000
64475  25.477  -18.983  35.922 0.0000000000
63277  26.348  -20.434  35.935 0.0000000000
63293  26.112  -19.794  35.688 0.0000000000
82145  40.305  -5.193  25.209 0.0000000000
82144  41.029  -5.005  24.995 0.0000000000
81243  40.467  -5.326  24.391 0.0000000000
81253  41.020  -6.142  22.944 0.0000000000
81246  41.412  -5.414  23.361 0.0000000000
82155  42.131  -5.176  23.125 0.0000000000
50199  0.418  -30.343  52.580 0.0000000000
79106  35.378  -7.493  27.468 0.0000000000
79131  35.314  -7.741  26.469 0.0000000000
77991  34.132  -8.275  26.920 0.0000000000
76801  33.565  -8.868  26.858 0.0000000000
74526  30.928  -11.198  28.300 0.0000000000
71142  31.604  -13.921  28.766 0.0000000000
161641  32.294  -13.787  28.494 0.0000000000
71128  32.303  -14.380  29.038 0.0000000000
70066  31.984  -14.760  29.779 0.0000000000
70049  32.434  -14.952  30.548 0.0000000000
70011  32.165  -14.856  31.809 0.0000000000
79105  35.994  -7.055  27.892 0.0000000000
58539  10.401  -23.981  46.025 0.0000000000
57399  10.040  -24.315  46.610 0.0000000000
57383  10.505  -24.516  47.253 0.0000000000
167280  9.160  -24.466  47.063 0.0000000000
58522  8.203  -24.555  47.153 0.0000000000
57311  1.885  -24.035  50.583 0.0000000000
57330  2.104  -24.544  49.801 0.0000000000
57312  1.271  -24.608  50.915 0.0000000000
56068  -0.180  -25.290  52.281 0.0000000000
61937  21.444  -20.823  40.583 0.0000000000
61980  21.234  -21.587  38.845 0.0000000000
59709  20.275  -22.709  39.255 0.0000000000
58656  20.671  -23.842  39.119 0.0000000000
58657  20.143  -23.453  39.356 0.0000000000
57456  17.540  -24.753  42.772 0.0000000000
73250  24.699  -12.535  33.955 0.0000000000
69956  29.692  -14.745  35.534 0.0000000000
76718  31.938  -8.902  30.062 0.0000000000
76719  30.802  -9.464  29.962 0.0000000000
75623  30.305  -9.835  29.670 0.0000000000
74504  29.101  -10.718  29.725 0.0000000000
73298  29.260  -12.113  29.265 0.0000000000
73299  28.732  -11.516  29.523 0.0000000000
58565  15.568  -24.193  44.760 0.0000000000
59630  13.722  -22.900  43.872 0.0000000000
59631  13.146  -22.957  44.301 0.0000000000
166313  13.292  -20.818  43.603 0.0000000000
60753  13.281  -21.960  43.450 0.0000000000
61892  12.842  -21.386  43.650 0.0000000000
61893  12.239  -21.795  43.974 0.0000000000
60741  10.917  -22.299  44.722 0.0000000000
61866  10.229  -21.281  45.125 0.0000000000
60731  9.216  -21.989  45.587 0.0000000000
146435  18.770  -20.671  41.571 0.0000000000
61941  17.901  -21.459  40.937 0.0000000000
60780  15.767  -22.047  41.750 0.0000000000
150207  15.964  -22.616  41.699 0.0000000000
59673  15.981  -23.170  41.982 0.0000000000
143623  15.604  -23.812  43.225 0.0000000000
58582  15.940  -24.238  43.934 0.0000000000
70995  24.659  -14.156  36.399 0.0000000000
67903  24.920  -16.342  35.528 0.0000000000
68972  24.652  -15.684  35.733 0.0000000000
67915  25.108  -16.416  35.006 0.0000000000
68985  25.216  -16.180  34.494 0.0000000000
67914  25.587  -16.734  34.759 0.0000000000
65656  27.745  -18.269  34.844 0.0000000000
159220  27.972  -17.634  34.617 0.0000000000
66789  28.509  -17.192  34.718 0.0000000000
66768  30.067  -17.849  36.306 0.0000000000
66777  29.607  -17.679  35.707 0.0000000000
82136  42.350  -4.580  25.376 0.0000000000
84065  47.582  -3.316  22.563 0.0000000000
82162  45.530  -4.522  21.706 0.0000000000
82161  46.206  -4.571  21.458 0.0000000000
82169  46.770  -4.975  21.093 0.0000000000
82170  45.978  -5.202  21.241 0.0000000000
81262  42.977  -6.149  21.962 0.0000000000
81261  43.719  -5.861  21.744 0.0000000000
145826  44.373  -6.473  21.592 0.0000000000
80235  45.293  -7.454  22.075 0.0000000000
163435  45.083  -6.869  21.709 0.0000000000
80254  46.331  -6.472  21.287 0.0000000000
79194  38.460  -7.362  24.093 0.0000000000
140266  37.537  -9.025  24.615 0.0000000000
75706  38.280  -10.015  24.981 0.0000000000
78005  35.076  -8.447  25.973 0.0000000000
78022  35.667  -9.007  25.443 0.0000000000
74551  37.168  -11.424  26.418 0.0000000000
73331  36.860  -12.040  27.015 0.0000000000
77960  33.513  -8.417  29.229 0.0000000000
75656  32.665  -10.000  27.137 0.0000000000
72196  32.359  -12.299  27.532 0.0000000000
73335  33.845  -11.667  26.778 0.0000000000
73318  34.854  -12.123  27.005 0.0000000000
72193  34.752  -12.741  27.483 0.0000000000
60835  24.371  -22.073  37.329 0.0000000000
59706  26.313  -22.393  39.602 0.0000000000
60811  26.009  -22.323  38.899 0.0000000000
81232  39.601  -5.537  26.292 0.0000000000
81241  39.001  -5.778  25.714 0.0000000000
80190  38.058  -6.727  24.771 0.0000000000
80199  39.028  -6.812  23.889 0.0000000000
57411  15.229  -24.180  45.629 0.0000000000
58551  14.423  -23.888  45.935 0.0000000000
58537  11.979  -23.933  46.419 0.0000000000
61856  8.488  -21.349  46.384 0.0000000000
60709  7.353  -21.759  46.896 0.0000000000
60710  6.743  -22.236  47.062 0.0000000000
58543  7.082  -23.026  46.779 0.0000000000
59584  5.416  -22.916  47.640 0.0000000000
58525  5.829  -23.751  47.416 0.0000000000
57388  6.344  -24.244  47.288 0.0000000000
58496  3.563  -23.318  48.704 0.0000000000
56140  4.171  -25.297  48.314 0.0000000000
57368  4.431  -24.662  48.167 0.0000000000
56139  4.827  -25.234  48.186 0.0000000000
54909  5.170  -25.681  48.532 0.0000000000
53616  2.802  -27.851  50.721 0.0000000000
52452  2.100  -28.277  51.028 0.0000000000
163422  1.298  -26.719  50.453 0.0000000000
54860  0.787  -26.605  50.794 0.0000000000
53600  0.201  -27.800  51.452 0.0000000000
52439  0.760  -28.466  51.463 0.0000000000
51231  0.341  -29.064  51.929 0.0000000000
52424  -1.217  -28.334  52.972 0.0000000000
51219  -0.903  -29.318  52.717 0.0000000000
53541  -1.796  -27.245  54.083 0.0000000000
51191  -2.892  -28.561  54.319 0.0000000000
51201  -3.031  -29.271  54.285 0.0000000000
50178  -3.681  -29.431  54.617 0.0000000000
64461  24.543  -19.062  36.844 0.0000000000
63251  22.922  -20.312  37.891 0.0000000000
63265  23.408  -20.181  37.396 0.0000000000
165159  23.415  -21.449  37.273 0.0000000000
59730  23.828  -22.518  37.657 0.0000000000
59719  23.462  -22.963  38.013 0.0000000000
58665  23.816  -23.354  38.399 0.0000000000
59722  21.501  -22.890  38.482 0.0000000000
57523  22.294  -24.490  39.418 0.0000000000
57522  23.116  -24.364  39.476 0.0000000000
57501  23.499  -24.478  40.239 0.0000000000
60801  19.219  -22.000  40.093 0.0000000000
57506  19.842  -24.329  40.229 0.0000000000
57490  19.530  -24.630  40.939 0.0000000000
57455  18.188  -24.983  42.621 0.0000000000
57473  18.464  -24.786  41.900 0.0000000000
142862  20.464  -25.609  42.502 0.0000000000
56233  19.848  -25.308  42.179 0.0000000000
164197  20.424  -25.349  41.919 0.0000000000
76856  39.262  -9.424  24.527 0.0000000000
76710  27.872  -9.676  31.327 0.0000000000
75606  27.175  -9.842  31.689 0.0000000000
73288  26.623  -11.905  30.589 0.0000000000
74506  27.250  -11.609  30.262 0.0000000000
73287  27.340  -12.311  30.221 0.0000000000
73286  28.078  -12.672  29.913 0.0000000000
161655  24.473  -14.471  34.980 0.0000000000
71029  24.477  -13.797  35.060 0.0000000000
150036  24.530  -14.190  34.416 0.0000000000
71049  25.039  -14.422  33.239 0.0000000000
71050  24.678  -13.924  33.705 0.0000000000
71072  24.959  -13.706  33.047 0.0000000000
72140  24.948  -12.978  32.915 0.0000000000
68996  27.052  -15.211  33.362 0.0000000000
148553  27.791  -14.876  33.314 0.0000000000
71069  27.641  -14.320  32.448 0.0000000000
71090  26.488  -13.711  31.756 0.0000000000
72151  26.493  -13.096  31.200 0.0000000000
71105  26.946  -13.658  31.362 0.0000000000
71104  28.188  -14.077  31.151 0.0000000000
71118  28.585  -13.993  30.480 0.0000000000
165125  29.886  -14.550  30.528 0.0000000000
70031  29.615  -14.557  31.096 0.0000000000
157447  31.141  -14.198  32.968 0.0000000000
61990  26.297  -21.187  36.936 0.0000000000
61977  26.719  -21.342  37.703 0.0000000000
61975  28.098  -20.912  38.223 0.0000000000
146696  28.547  -20.474  37.764 0.0000000000
63263  28.378  -20.359  37.043 0.0000000000
63249  29.096  -20.124  38.109 0.0000000000
64459  30.124  -18.770  37.372 0.0000000000
84102  54.821  -3.746  18.599 0.0000000000
85102  54.866  -2.886  18.674 0.0000000000
83111  54.866  -4.621  18.737 0.0000000000
83071  48.011  -3.515  21.839 0.0000000000
83089  49.358  -4.599  20.495 0.0000000000
83078  49.798  -3.657  20.893 0.0000000000
149759  51.016  -4.274  20.281 0.0000000000
81273  52.279  -6.048  20.170 0.0000000000
81274  51.561  -5.927  20.209 0.0000000000
82174  52.035  -5.389  19.933 0.0000000000
83087  51.855  -4.422  20.068 0.0000000000
167477  52.479  -4.899  19.837 0.0000000000
82184  53.068  -4.850  19.619 0.0000000000
78081  41.278  -8.211  23.141 0.0000000000
78058  41.583  -8.690  23.609 0.0000000000
76874  41.194  -9.049  24.069 0.0000000000
64476  24.952  -19.415  36.287 0.0000000000
63278  25.634  -20.310  36.032 0.0000000000
62003  26.556  -20.832  36.400 0.0000000000
81249  39.313  -6.118  24.094 0.0000000000
81248  40.005  -5.919  23.849 0.0000000000
80197  40.342  -6.399  23.185 0.0000000000
80213  40.799  -6.864  22.862 0.0000000000
80212  41.480  -6.884  22.534 0.0000000000
79215  41.023  -7.561  22.896 0.0000000000
50192  -0.881  -30.689  53.046 0.0000000000
79084  34.831  -7.742  27.976 0.0000000000
159600  34.359  -7.938  28.381 0.0000000000
72185  30.589  -12.489  28.489 0.0000000000
70067  31.106  -14.671  29.860 0.0000000000
70029  31.009  -14.867  30.740 0.0000000000
151807  9.902  -22.945  45.351 0.0000000000
58556  10.083  -23.537  45.569 0.0000000000
58557  9.383  -23.382  45.666 0.0000000000
154215  8.755  -24.325  46.833 0.0000000000
58482  1.556  -23.902  51.366 0.0000000000
61951  20.926  -21.247  39.969 0.0000000000
61967  20.489  -21.661  39.622 0.0000000000
60814  19.702  -22.336  39.674 0.0000000000
57434  17.402  -24.904  43.519 0.0000000000
57421  17.325  -25.045  44.263 0.0000000000
73229  24.940  -12.140  35.281 0.0000000000
167269  29.682  -16.198  35.534 0.0000000000
68970  29.928  -15.558  35.832 0.0000000000
76708  29.315  -9.542  30.830 0.0000000000
75614  28.762  -9.920  30.621 0.0000000000
75625  28.544  -10.464  30.238 0.0000000000
58583  14.910  -23.302  43.319 0.0000000000
63167  12.298  -21.026  44.087 0.0000000000
143617  11.881  -20.860  44.413 0.0000000000
61879  11.428  -21.178  44.516 0.0000000000
61880  10.857  -21.591  44.652 0.0000000000
63202  16.781  -20.638  41.640 0.0000000000
63204  15.253  -20.657  42.176 0.0000000000
68963  24.687  -15.627  36.520 0.0000000000
65643  27.219  -18.780  35.074 0.0000000000
144180  27.811  -18.953  35.094 0.0000000000
65642  28.374  -18.624  35.185 0.0000000000
65629  29.538  -18.349  35.968 0.0000000000
83060  46.226  -3.457  22.811 0.0000000000
83074  45.644  -3.866  22.335 0.0000000000
79235  43.480  -7.471  22.194 0.0000000000
143805  45.611  -7.955  22.497 0.0000000000
76858  36.800  -8.793  24.869 0.0000000000
76832  35.461  -9.883  25.647 0.0000000000
74566  35.886  -11.052  26.104 0.0000000000
150855  36.391  -11.496  26.470 0.0000000000
74552  35.761  -11.505  26.492 0.0000000000
73317  35.445  -12.332  27.187 0.0000000000
76717  32.414  -8.718  29.661 0.0000000000
76732  32.362  -8.819  28.834 0.0000000000
76753  32.000  -9.445  28.277 0.0000000000
75657  32.120  -10.118  27.656 0.0000000000
72183  32.471  -13.074  27.945 0.0000000000
72182  33.388  -13.265  27.943 0.0000000000
72181  34.236  -13.361  27.976 0.0000000000
72180  35.066  -13.342  28.086 0.0000000000
71139  34.598  -13.883  28.639 0.0000000000
58664  24.512  -22.998  38.376 0.0000000000
59718  25.303  -22.646  38.661 0.0000000000
80161  37.493  -6.483  27.554 0.0000000000
80160  37.860  -6.268  26.994 0.0000000000
80191  37.492  -6.914  25.096 0.0000000000
140411  13.769  -23.724  45.901 0.0000000000
141533  6.096  -25.975  49.604 0.0000000000
61828  5.997  -21.400  48.371 0.0000000000
60711  6.025  -22.470  47.336 0.0000000000
58498  2.562  -24.134  49.367 0.0000000000
58509  3.477  -24.058  48.563 0.0000000000
57347  3.090  -24.633  48.788 0.0000000000
56141  3.507  -25.377  48.543 0.0000000000
56125  3.980  -25.851  48.622 0.0000000000
53631  3.279  -27.319  50.226 0.0000000000
54886  2.904  -26.874  49.740 0.0000000000
53633  1.739  -27.039  50.259 0.0000000000
54829  0.208  -26.393  51.293 0.0000000000
53601  -0.326  -27.720  51.902 0.0000000000
153284  -0.703  -28.033  52.328 0.0000000000
51193  -3.897  -28.814  54.768 0.0000000000
61994  22.974  -21.660  37.573 0.0000000000
142132  22.386  -24.902  40.769 0.0000000000
59698  18.025  -22.488  40.599 0.0000000000
59697  18.496  -22.755  40.352 0.0000000000
57491  18.729  -24.489  41.179 0.0000000000
56199  19.254  -25.577  43.426 0.0000000000
76829  39.588  -10.009  25.098 0.0000000000
159357  25.996  -10.317  32.646 0.0000000000
75607  26.105  -10.558  32.016 0.0000000000
75616  26.566  -10.573  31.402 0.0000000000
74497  26.346  -11.305  31.032 0.0000000000
73276  26.845  -12.706  30.580 0.0000000000
160204  25.184  -14.982  33.518 0.0000000000
70000  25.692  -14.827  33.020 0.0000000000
69983  28.418  -14.724  33.599 0.0000000000
71088  27.899  -14.163  31.899 0.0000000000
70014  29.294  -14.458  31.801 0.0000000000
70013  30.039  -14.608  31.780 0.0000000000
60809  27.039  -21.684  39.114 0.0000000000
61963  28.220  -20.970  39.077 0.0000000000
63238  28.834  -20.562  39.433 0.0000000000
84084  54.154  -3.268  19.076 0.0000000000
83080  47.994  -4.200  21.175 0.0000000000
83070  48.620  -3.705  21.355 0.0000000000
83079  48.678  -4.389  20.829 0.0000000000
82166  48.768  -5.035  20.460 0.0000000000
156116  49.865  -5.279  20.219 0.0000000000
80265  51.848  -6.456  20.559 0.0000000000
144296  53.249  -6.103  19.994 0.0000000000
63184  15.010  -20.245  42.692 0.0000000000
166494  14.754  -20.763  42.585 0.0000000000
78057  43.175  -8.664  23.631 0.0000000000
163091  42.938  -8.986  24.200 0.0000000000
78034  42.264  -9.164  24.374 0.0000000000
156912  25.901  -18.020  36.340 0.0000000000
64488  26.667  -19.257  35.392 0.0000000000
63275  28.525  -19.948  36.351 0.0000000000
82143  41.758  -4.798  24.772 0.0000000000
82154  42.832  -4.902  22.867 0.0000000000
80237  42.905  -7.018  22.095 0.0000000000
79237  42.266  -7.332  22.342 0.0000000000
79212  43.176  -7.968  22.602 0.0000000000
51216  1.515  -29.725  52.283 0.0000000000
159064  35.987  -7.461  26.160 0.0000000000
79107  34.719  -7.856  27.131 0.0000000000
165254  34.495  -9.419  26.052 0.0000000000
75676  33.923  -10.322  26.322 0.0000000000
165008  30.987  -10.169  28.742 0.0000000000
75645  31.164  -10.526  28.416 0.0000000000
149828  31.187  -12.634  28.239 0.0000000000
165366  32.694  -14.096  28.700 0.0000000000
70048  33.352  -14.880  30.408 0.0000000000
166757  33.348  -14.924  31.476 0.0000000000
149734  24.768  -23.733  40.616 0.0000000000
58626  24.818  -23.880  41.293 0.0000000000
80162  36.715  -6.838  27.441 0.0000000000
59620  11.989  -23.096  44.846 0.0000000000
58538  11.187  -23.959  46.129 0.0000000000
57385  8.915  -24.674  47.502 0.0000000000
156340  8.275  -24.905  47.731 0.0000000000
57365  6.420  -24.904  47.598 0.0000000000
59575  3.333  -22.924  49.402 0.0000000000
56108  2.018  -25.341  49.652 0.0000000000
56109  1.565  -25.714  50.075 0.0000000000
56093  1.095  -25.383  50.576 0.0000000000
57294  0.935  -24.321  51.668 0.0000000000
56080  0.211  -25.573  51.579 0.0000000000
63228  21.992  -20.423  40.066 0.0000000000
155960  21.642  -21.738  38.403 0.0000000000
60825  21.288  -22.238  38.562 0.0000000000
59708  20.907  -22.799  38.807 0.0000000000
154756  21.097  -23.422  38.769 0.0000000000
57505  20.442  -24.490  39.916 0.0000000000
58614  17.421  -24.094  41.762 0.0000000000
56200  18.527  -25.305  43.301 0.0000000000
73260  24.998  -12.270  32.866 0.0000000000
68984  27.915  -16.316  34.047 0.0000000000
67923  27.159  -15.959  33.804 0.0000000000
68982  29.088  -15.540  34.828 0.0000000000
151007  28.929  -15.135  34.580 0.0000000000
69971  29.057  -14.683  34.446 0.0000000000
71028  29.426  -14.200  34.488 0.0000000000
84067  52.289  -2.705  20.640 0.0000000000
80252  47.894  -6.603  20.994 0.0000000000
80269  48.433  -6.515  20.855 0.0000000000
49170  -2.801  -30.834  53.991 0.0000000000
154185  33.234  -8.553  30.087 0.0000000000
76734  31.325  -9.334  29.552 0.0000000000
74514  30.047  -11.011  29.022 0.0000000000
144515  29.768  -10.190  29.785 0.0000000000
75635  29.723  -10.690  29.416 0.0000000000
155556  29.822  -11.651  29.004 0.0000000000
165706  14.214  -23.481  44.728 0.0000000000
58568  13.284  -23.318  44.955 0.0000000000
59622  10.403  -22.577  45.033 0.0000000000
60719  8.618  -22.210  45.867 0.0000000000
166262  18.149  -22.009  40.669 0.0000000000
61920  18.123  -20.822  41.309 0.0000000000
59684  17.438  -22.782  40.883 0.0000000000
59685  16.975  -23.060  41.246 0.0000000000
151102  16.139  -21.610  41.488 0.0000000000
58615  16.736  -23.657  41.832 0.0000000000
164494  16.602  -24.140  42.505 0.0000000000
72071  24.827  -13.367  36.650 0.0000000000
71010  24.534  -14.327  35.603 0.0000000000
69958  24.533  -15.055  35.296 0.0000000000
66791  25.938  -17.247  34.937 0.0000000000
66779  26.542  -17.626  34.984 0.0000000000
67913  26.340  -16.992  34.495 0.0000000000
67912  27.176  -16.702  34.219 0.0000000000
67901  29.648  -16.923  35.561 0.0000000000
83072  47.336  -3.743  21.861 0.0000000000
83081  47.317  -4.305  21.310 0.0000000000
81265  47.289  -5.722  20.744 0.0000000000
82164  43.954  -5.034  22.007 0.0000000000
80256  45.074  -6.170  21.385 0.0000000000
81267  45.796  -5.950  21.285 0.0000000000
80253  47.175  -6.427  21.001 0.0000000000
79193  39.203  -7.599  23.687 0.0000000000
78061  39.453  -8.355  23.775 0.0000000000
78036  38.961  -8.797  24.160 0.0000000000
76857  38.398  -9.323  24.563 0.0000000000
75693  38.232  -10.565  25.525 0.0000000000
78021  36.203  -8.582  25.185 0.0000000000
76831  36.203  -9.792  25.304 0.0000000000
74550  38.250  -10.989  26.051 0.0000000000
148310  37.939  -11.338  26.471 0.0000000000
73315  37.610  -12.170  27.460 0.0000000000
77992  33.194  -8.669  27.728 0.0000000000
76752  32.567  -8.979  28.032 0.0000000000
76775  33.300  -9.710  26.689 0.0000000000
74555  33.863  -11.074  26.518 0.0000000000
74540  31.923  -10.836  27.669 0.0000000000
73320  32.739  -11.827  27.208 0.0000000000
74538  33.220  -11.375  26.832 0.0000000000
72179  35.785  -13.253  28.237 0.0000000000
72191  36.183  -12.919  27.900 0.0000000000
61992  24.738  -21.337  36.873 0.0000000000
61991  25.530  -21.293  36.883 0.0000000000
60820  26.437  -21.821  38.407 0.0000000000
81240  39.678  -5.532  25.476 0.0000000000
80182  38.449  -6.101  25.154 0.0000000000
162078  12.478  -23.717  46.054 0.0000000000
60720  7.878  -22.094  46.388 0.0000000000
59610  7.661  -22.910  46.431 0.0000000000
58524  6.894  -23.811  47.002 0.0000000000
165144  6.045  -25.088  47.819 0.0000000000
163948  4.268  -22.427  48.410 0.0000000000
58507  4.627  -23.916  48.104 0.0000000000
58508  3.991  -23.983  48.325 0.0000000000
54910  4.715  -26.046  49.087 0.0000000000
54883  5.403  -26.263  49.817 0.0000000000
52437  2.301  -28.747  51.492 0.0000000000
54888  1.659  -26.416  50.090 0.0000000000
52453  1.358  -28.076  51.007 0.0000000000
51217  0.756  -29.696  52.228 0.0000000000
50200  -0.481  -30.165  52.684 0.0000000000
50194  -1.692  -30.349  53.408 0.0000000000
54784  -1.370  -26.784  53.687 0.0000000000
52404  -1.883  -28.090  53.785 0.0000000000
52405  -2.499  -28.275  54.141 0.0000000000
148804  -2.176  -28.721  53.752 0.0000000000
50184  -2.504  -29.967  53.867 0.0000000000
69916  24.866  -14.804  37.746 0.0000000000
63280  24.342  -19.873  36.596 0.0000000000
153349  23.816  -20.411  36.951 0.0000000000
59729  24.332  -22.652  37.766 0.0000000000
58667  22.394  -23.525  38.428 0.0000000000
58666  23.122  -23.507  38.377 0.0000000000
58652  23.499  -23.891  38.893 0.0000000000
58641  24.186  -24.111  40.368 0.0000000000
58613  17.994  -24.286  41.450 0.0000000000
56244  21.304  -25.137  41.453 0.0000000000
76828  40.456  -9.962  25.121 0.0000000000
74534  39.866  -10.933  26.992 0.0000000000
76695  28.354  -9.168  31.700 0.0000000000
144043  28.145  -10.112  30.754 0.0000000000
75626  27.766  -10.909  30.339 0.0000000000
72171  28.889  -12.973  29.562 0.0000000000
72107  24.661  -12.982  35.208 0.0000000000
166689  24.768  -12.562  33.351 0.0000000000
73259  25.273  -12.704  32.334 0.0000000000
69998  27.334  -14.674  32.856 0.0000000000
143783  26.036  -14.457  32.534 0.0000000000
71091  25.953  -13.917  32.193 0.0000000000
72152  25.983  -12.549  31.315 0.0000000000
147596  27.505  -13.866  31.265 0.0000000000
71117  29.183  -13.787  29.879 0.0000000000
71116  29.844  -14.281  29.996 0.0000000000
70012  30.856  -14.783  31.621 0.0000000000
156852  31.498  -14.728  32.265 0.0000000000
61976  27.430  -21.137  37.895 0.0000000000
63264  27.819  -20.485  36.558 0.0000000000
63237  29.272  -20.094  38.892 0.0000000000
166147  29.361  -19.833  37.802 0.0000000000
63274  29.247  -19.485  36.702 0.0000000000
162916  29.737  -19.061  36.871 0.0000000000
84069  50.511  -3.116  21.115 0.0000000000
84078  51.186  -3.316  20.583 0.0000000000
84077  51.962  -3.439  20.306 0.0000000000
81277  48.918  -6.191  20.553 0.0000000000
81276  49.708  -5.958  20.379 0.0000000000
81275  50.852  -5.815  20.248 0.0000000000
82176  50.573  -5.153  20.173 0.0000000000
83094  53.202  -4.194  19.556 0.0000000000
81284  53.637  -5.473  19.558 0.0000000000
82182  54.337  -5.041  19.205 0.0000000000
70027  33.046  -14.943  31.086 0.0000000000
79236  42.857  -7.571  22.341 0.0000000000
142848  26.767  -22.048  39.622 0.0000000000
167384  52.749  -6.117  20.095 0.0000000000
