#!ascii label  , from subject sub-v2s1x29874_ses-1 vox2ras=TkReg
601
85244  -23.793  10.874  -30.441 0.0000000000
81125  -19.927  6.822  -29.585 0.0000000000
81162  -27.951  6.323  -33.412 0.0000000000
76175  -24.490  2.736  -29.595 0.0000000000
96193  -23.832  20.904  -29.028 0.0000000000
92607  -25.817  17.414  -28.694 0.0000000000
88015  -16.512  13.966  -30.524 0.0000000000
72179  -23.404  -1.660  -27.634 0.0000000000
78090  -22.374  4.394  -29.603 0.0000000000
76162  -20.807  2.172  -28.327 0.0000000000
94417  -25.226  19.407  -28.914 0.0000000000
91697  -18.605  16.891  -30.300 0.0000000000
85243  -18.641  10.561  -29.448 0.0000000000
86203  -15.887  10.993  -28.180 0.0000000000
87179  -20.260  12.375  -31.101 0.0000000000
88955  -23.009  13.990  -29.801 0.0000000000
150195  -27.209  12.536  -30.171 0.0000000000
86269  -28.247  10.733  -33.259 0.0000000000
141684  -18.871  8.416  -28.535 0.0000000000
83203  -21.157  8.893  -31.025 0.0000000000
161126  -26.837  8.868  -31.009 0.0000000000
81145  -25.046  6.448  -30.639 0.0000000000
137108  -25.803  4.323  -31.525 0.0000000000
76192  -27.018  2.066  -31.297 0.0000000000
90733  -14.307  15.627  -27.756 0.0000000000
90787  -21.590  15.619  -30.000 0.0000000000
90800  -27.852  16.093  -30.442 0.0000000000
74170  -21.206  0.581  -26.732 0.0000000000
75174  -23.470  0.835  -28.679 0.0000000000
77106  -19.919  3.239  -28.092 0.0000000000
76146  -19.961  2.272  -27.419 0.0000000000
92601  -17.572  17.453  -29.535 0.0000000000
162018  -14.190  17.096  -28.340 0.0000000000
151054  -20.831  10.919  -31.036 0.0000000000
86234  -18.481  11.699  -29.547 0.0000000000
147873  -21.901  11.677  -31.129 0.0000000000
148260  -23.958  12.438  -30.127 0.0000000000
148364  -25.118  11.745  -29.911 0.0000000000
161418  -28.059  11.675  -30.861 0.0000000000
85247  -27.016  10.767  -30.705 0.0000000000
81114  -19.427  7.399  -29.339 0.0000000000
83192  -19.196  8.771  -29.379 0.0000000000
82209  -20.584  7.389  -30.616 0.0000000000
82220  -23.237  7.763  -30.526 0.0000000000
81142  -22.146  6.951  -30.483 0.0000000000
78079  -22.897  3.874  -29.480 0.0000000000
160550  -24.444  4.853  -30.056 0.0000000000
78093  -24.823  3.778  -30.203 0.0000000000
78104  -26.774  3.088  -32.091 0.0000000000
76184  -25.856  2.420  -30.757 0.0000000000
95317  -20.526  20.110  -29.571 0.0000000000
96192  -20.332  20.956  -29.749 0.0000000000
141775  -23.354  21.637  -28.919 0.0000000000
98745  -26.113  23.895  -30.034 0.0000000000
97078  -26.455  21.921  -30.222 0.0000000000
162475  -26.199  18.778  -28.984 0.0000000000
87135  -15.801  12.617  -29.146 0.0000000000
88888  -14.875  13.635  -26.528 0.0000000000
139757  -15.522  14.632  -29.132 0.0000000000
89849  -17.310  14.915  -29.894 0.0000000000
137277  -18.095  14.349  -30.472 0.0000000000
89875  -26.959  14.108  -29.623 0.0000000000
89853  -25.753  14.855  -29.210 0.0000000000
148434  -28.132  15.389  -31.607 0.0000000000
146684  -27.279  7.700  -32.043 0.0000000000
146516  -28.025  8.672  -33.921 0.0000000000
72169  -22.023  -1.516  -26.348 0.0000000000
72178  -22.549  -0.575  -27.145 0.0000000000
74200  -22.283  0.587  -27.890 0.0000000000
73204  -23.387  -0.507  -28.322 0.0000000000
79033  -19.960  5.613  -28.490 0.0000000000
151259  -20.975  5.646  -29.698 0.0000000000
78076  -20.416  4.340  -28.642 0.0000000000
77122  -21.714  3.338  -28.920 0.0000000000
147598  -22.042  2.767  -28.667 0.0000000000
94413  -20.462  19.126  -29.394 0.0000000000
95318  -23.833  20.051  -29.080 0.0000000000
150040  -20.765  18.408  -29.497 0.0000000000
154300  -21.795  17.712  -29.301 0.0000000000
143941  -22.960  17.121  -29.103 0.0000000000
85216  -17.749  10.035  -28.204 0.0000000000
86219  -17.514  11.110  -28.853 0.0000000000
86232  -16.945  11.959  -30.806 0.0000000000
88050  -18.778  13.206  -30.573 0.0000000000
88967  -20.327  14.056  -31.002 0.0000000000
88068  -21.245  12.990  -30.950 0.0000000000
88031  -24.993  13.510  -29.343 0.0000000000
88971  -28.291  13.548  -31.347 0.0000000000
88083  -28.562  13.004  -32.972 0.0000000000
71197  -24.166  -2.623  -27.731 0.0000000000
72193  -24.415  -1.601  -28.707 0.0000000000
84223  -18.774  9.288  -28.936 0.0000000000
84238  -19.700  9.610  -30.229 0.0000000000
84242  -22.914  9.678  -30.945 0.0000000000
84230  -25.985  9.648  -30.369 0.0000000000
83205  -23.973  8.859  -30.411 0.0000000000
82223  -26.184  7.616  -30.839 0.0000000000
81155  -26.926  6.255  -32.036 0.0000000000
80020  -23.286  5.657  -29.787 0.0000000000
80032  -25.273  5.677  -31.007 0.0000000000
80040  -27.168  5.422  -32.544 0.0000000000
78111  -27.115  3.492  -32.878 0.0000000000
77152  -28.510  2.735  -32.209 0.0000000000
95331  -26.650  20.621  -30.105 0.0000000000
90751  -15.949  15.880  -28.768 0.0000000000
91698  -19.335  16.441  -30.548 0.0000000000
150883  -24.235  16.354  -28.890 0.0000000000
89872  -21.909  14.905  -30.002 0.0000000000
90768  -24.517  15.647  -29.030 0.0000000000
91684  -27.247  16.976  -29.393 0.0000000000
84256  -27.695  9.352  -32.328 0.0000000000
85294  -28.414  9.983  -34.697 0.0000000000
75141  -19.957  1.222  -26.576 0.0000000000
75160  -20.835  1.458  -27.590 0.0000000000
76164  -22.399  1.643  -28.563 0.0000000000
75186  -23.870  1.357  -29.143 0.0000000000
73206  -24.717  -1.009  -29.165 0.0000000000
157370  -24.731  0.201  -29.511 0.0000000000
75187  -25.029  1.187  -30.137 0.0000000000
92560  -14.014  17.423  -27.956 0.0000000000
86252  -22.123  11.003  -31.134 0.0000000000
86253  -22.946  10.876  -30.870 0.0000000000
86235  -23.869  11.679  -30.283 0.0000000000
86236  -24.578  11.353  -30.126 0.0000000000
86237  -25.478  11.184  -30.102 0.0000000000
85245  -24.733  10.626  -30.210 0.0000000000
80006  -19.657  6.522  -28.855 0.0000000000
81113  -19.307  7.258  -28.803 0.0000000000
81124  -19.580  7.633  -29.822 0.0000000000
137557  -20.019  7.312  -30.180 0.0000000000
81141  -21.274  6.826  -30.432 0.0000000000
81126  -20.544  6.760  -30.090 0.0000000000
77123  -23.645  3.321  -29.416 0.0000000000
77131  -24.324  3.585  -29.773 0.0000000000
77132  -24.819  3.180  -30.063 0.0000000000
151955  -25.303  3.226  -30.466 0.0000000000
76183  -25.076  2.503  -30.326 0.0000000000
161265  -21.573  20.015  -29.169 0.0000000000
137835  -22.088  20.849  -29.205 0.0000000000
97066  -24.217  21.760  -28.938 0.0000000000
97927  -25.485  22.545  -29.421 0.0000000000
157183  -26.576  22.432  -30.413 0.0000000000
96194  -24.748  21.121  -29.156 0.0000000000
140189  -26.042  18.178  -28.720 0.0000000000
154436  -27.056  18.742  -29.684 0.0000000000
93517  -27.215  18.118  -29.679 0.0000000000
92622  -27.471  18.086  -30.500 0.0000000000
88014  -15.857  13.595  -29.838 0.0000000000
88916  -15.050  13.443  -28.324 0.0000000000
88931  -15.082  13.836  -28.720 0.0000000000
89833  -15.017  14.355  -28.788 0.0000000000
88918  -16.285  14.298  -29.323 0.0000000000
159025  -17.487  14.194  -30.494 0.0000000000
88932  -16.947  14.073  -30.881 0.0000000000
138732  -28.310  14.234  -31.651 0.0000000000
89886  -27.920  14.756  -30.336 0.0000000000
82240  -27.626  7.065  -32.816 0.0000000000
82241  -28.055  7.129  -33.733 0.0000000000
82248  -28.402  7.019  -34.840 0.0000000000
71190  -23.129  -2.168  -27.189 0.0000000000
71189  -22.518  -2.147  -26.605 0.0000000000
72170  -22.729  -1.337  -26.951 0.0000000000
73171  -21.992  -0.743  -26.613 0.0000000000
74186  -22.735  -0.145  -27.722 0.0000000000
73186  -23.118  -0.880  -27.605 0.0000000000
79020  -19.981  4.773  -28.317 0.0000000000
79034  -20.383  5.088  -28.830 0.0000000000
77105  -19.910  3.976  -28.251 0.0000000000
77107  -20.570  2.881  -28.468 0.0000000000
77121  -21.008  3.440  -28.721 0.0000000000
77108  -21.372  2.809  -28.521 0.0000000000
93510  -19.176  18.631  -29.489 0.0000000000
93511  -20.145  18.500  -29.549 0.0000000000
93530  -19.671  18.205  -29.702 0.0000000000
92617  -17.923  17.247  -30.097 0.0000000000
137574  -19.721  17.568  -30.214 0.0000000000
92621  -20.450  17.316  -30.283 0.0000000000
160967  -21.530  17.231  -29.518 0.0000000000
91677  -21.067  16.993  -30.025 0.0000000000
151384  -18.276  10.409  -28.751 0.0000000000
86220  -17.930  10.780  -28.653 0.0000000000
86248  -19.575  11.802  -30.592 0.0000000000
87164  -18.100  12.116  -29.528 0.0000000000
87165  -18.596  12.464  -29.991 0.0000000000
144519  -17.852  12.983  -30.045 0.0000000000
88067  -20.518  13.202  -31.187 0.0000000000
149708  -25.249  12.324  -29.652 0.0000000000
88054  -24.654  12.895  -29.692 0.0000000000
88056  -26.489  12.835  -29.784 0.0000000000
88959  -27.252  13.336  -29.930 0.0000000000
88057  -27.737  12.855  -30.381 0.0000000000
88077  -28.329  12.905  -31.919 0.0000000000
88071  -28.087  12.832  -31.005 0.0000000000
86255  -28.055  11.248  -31.405 0.0000000000
145466  -28.261  11.600  -32.134 0.0000000000
86285  -28.529  10.684  -35.096 0.0000000000
70182  -24.022  -3.177  -27.519 0.0000000000
71198  -24.857  -2.655  -27.575 0.0000000000
83175  -18.212  9.157  -27.981 0.0000000000
84211  -18.470  9.383  -28.512 0.0000000000
83176  -18.684  9.005  -28.576 0.0000000000
83202  -20.384  8.590  -30.697 0.0000000000
83193  -19.677  8.743  -30.123 0.0000000000
84240  -21.461  9.642  -31.143 0.0000000000
140391  -21.828  9.179  -31.132 0.0000000000
84243  -23.631  9.561  -30.643 0.0000000000
143841  -23.233  9.017  -30.829 0.0000000000
148001  -24.645  7.269  -30.355 0.0000000000
82221  -24.365  8.127  -30.314 0.0000000000
149917  -25.546  7.046  -30.625 0.0000000000
82224  -26.774  7.055  -31.502 0.0000000000
162086  -26.148  6.859  -31.033 0.0000000000
79047  -21.969  4.986  -29.697 0.0000000000
80019  -22.375  5.608  -29.901 0.0000000000
79048  -22.861  4.882  -29.756 0.0000000000
79050  -25.199  4.472  -31.158 0.0000000000
79049  -24.945  5.127  -30.526 0.0000000000
144812  -25.416  4.894  -31.380 0.0000000000
80034  -26.531  5.530  -31.985 0.0000000000
79067  -26.721  4.579  -32.518 0.0000000000
78110  -26.435  3.961  -32.025 0.0000000000
77151  -27.457  2.727  -32.457 0.0000000000
159099  -27.891  2.373  -31.849 0.0000000000
77142  -28.536  2.443  -31.339 0.0000000000
94416  -23.793  19.246  -29.016 0.0000000000
95330  -26.087  20.606  -29.560 0.0000000000
95319  -25.754  19.972  -29.190 0.0000000000
85204  -16.153  10.479  -27.523 0.0000000000
135252  -12.797  16.024  -25.609 0.0000000000
91620  -13.401  16.413  -26.083 0.0000000000
91631  -13.896  16.864  -27.512 0.0000000000
90735  -15.104  15.886  -28.801 0.0000000000
90799  -19.293  15.655  -30.818 0.0000000000
142429  -18.472  15.891  -30.459 0.0000000000
90786  -20.937  15.911  -30.535 0.0000000000
91678  -21.296  16.320  -30.041 0.0000000000
90766  -22.946  15.942  -29.260 0.0000000000
88954  -22.200  14.152  -30.055 0.0000000000
88953  -21.416  14.336  -30.377 0.0000000000
89874  -23.545  14.552  -29.440 0.0000000000
89855  -27.147  15.447  -29.497 0.0000000000
90769  -25.391  15.525  -29.048 0.0000000000
144072  -25.946  16.155  -29.019 0.0000000000
91712  -27.732  16.732  -31.038 0.0000000000
91720  -27.776  16.629  -31.881 0.0000000000
138774  -26.259  8.956  -30.580 0.0000000000
84246  -26.733  9.463  -30.765 0.0000000000
84247  -27.382  9.207  -31.399 0.0000000000
84272  -28.208  9.392  -34.259 0.0000000000
74169  -20.315  0.446  -26.314 0.0000000000
75142  -20.760  1.104  -26.910 0.0000000000
149248  -20.309  1.639  -27.229 0.0000000000
74185  -21.550  1.068  -27.316 0.0000000000
74201  -23.032  0.291  -28.308 0.0000000000
75172  -21.958  1.362  -28.059 0.0000000000
75173  -22.669  1.029  -28.440 0.0000000000
75185  -23.138  1.583  -28.770 0.0000000000
146494  -24.555  0.907  -29.571 0.0000000000
157953  -19.305  3.550  -28.000 0.0000000000
77091  -19.125  3.079  -27.789 0.0000000000
77092  -19.735  2.805  -27.635 0.0000000000
76161  -20.240  2.508  -28.073 0.0000000000
92602  -18.127  17.825  -29.876 0.0000000000
134640  -16.467  16.979  -28.488 0.0000000000
91675  -16.920  16.970  -28.997 0.0000000000
91676  -17.410  16.751  -29.599 0.0000000000
85255  -19.518  10.350  -30.197 0.0000000000
147323  -19.237  11.066  -30.143 0.0000000000
152576  -20.036  10.988  -30.728 0.0000000000
86249  -20.491  11.589  -31.061 0.0000000000
148046  -21.382  11.866  -31.195 0.0000000000
87181  -21.602  12.291  -31.036 0.0000000000
87166  -23.154  12.039  -30.399 0.0000000000
87167  -24.563  12.094  -30.014 0.0000000000
87168  -25.741  11.873  -29.920 0.0000000000
87170  -27.322  11.883  -30.295 0.0000000000
86239  -26.856  11.402  -30.331 0.0000000000
86254  -27.702  11.367  -30.638 0.0000000000
85270  -27.946  10.577  -31.803 0.0000000000
82188  -19.091  7.791  -28.588 0.0000000000
82198  -19.212  8.041  -29.075 0.0000000000
83186  -19.015  8.850  -29.015 0.0000000000
82199  -19.342  7.952  -29.481 0.0000000000
82208  -19.979  7.974  -30.336 0.0000000000
82217  -20.856  8.118  -30.881 0.0000000000
149257  -22.816  8.415  -30.836 0.0000000000
82219  -22.437  7.711  -30.745 0.0000000000
81143  -22.978  7.074  -30.410 0.0000000000
163614  -23.016  4.305  -29.719 0.0000000000
78092  -24.156  4.230  -29.974 0.0000000000
143574  -24.877  4.420  -30.358 0.0000000000
78102  -25.692  3.933  -31.099 0.0000000000
78103  -26.205  3.583  -31.417 0.0000000000
77139  -25.812  3.325  -30.924 0.0000000000
77140  -26.524  2.721  -31.264 0.0000000000
76185  -26.599  2.020  -30.970 0.0000000000
154389  -19.485  19.943  -29.580 0.0000000000
154268  -22.538  21.520  -29.099 0.0000000000
152154  -25.156  23.249  -29.094 0.0000000000
97955  -26.592  22.623  -31.682 0.0000000000
93515  -24.567  18.745  -28.734 0.0000000000
94418  -26.046  19.349  -29.050 0.0000000000
94419  -26.648  19.092  -29.411 0.0000000000
88887  -14.494  13.632  -25.969 0.0000000000
143534  -14.229  14.350  -26.064 0.0000000000
89809  -14.193  14.908  -26.502 0.0000000000
143727  -14.527  15.199  -28.147 0.0000000000
89834  -15.614  15.186  -29.056 0.0000000000
89824  -14.921  15.135  -28.826 0.0000000000
89869  -18.681  15.025  -30.760 0.0000000000
89870  -20.513  15.350  -30.771 0.0000000000
88934  -24.885  14.126  -29.283 0.0000000000
88933  -24.269  14.389  -29.379 0.0000000000
88936  -26.088  14.242  -29.371 0.0000000000
89854  -26.627  14.789  -29.437 0.0000000000
90806  -27.973  15.942  -32.170 0.0000000000
82225  -27.148  8.409  -31.428 0.0000000000
83217  -27.453  8.592  -32.192 0.0000000000
83226  -27.655  8.011  -33.143 0.0000000000
83236  -28.356  8.248  -34.803 0.0000000000
74171  -21.953  0.114  -27.074 0.0000000000
74202  -23.696  -0.041  -28.822 0.0000000000
80007  -20.197  5.927  -29.096 0.0000000000
80017  -20.543  6.126  -29.615 0.0000000000
79045  -20.642  5.353  -29.373 0.0000000000
79046  -21.228  5.066  -29.530 0.0000000000
79036  -21.632  4.496  -29.326 0.0000000000
77120  -20.428  3.629  -28.528 0.0000000000
163706  -20.809  3.998  -28.812 0.0000000000
78078  -22.083  3.868  -29.276 0.0000000000
158312  -22.686  3.138  -29.048 0.0000000000
146222  -23.641  2.363  -29.088 0.0000000000
134669  -17.659  19.330  -28.314 0.0000000000
94412  -19.342  19.338  -29.452 0.0000000000
160123  -21.007  19.564  -29.290 0.0000000000
153563  -22.556  20.251  -29.126 0.0000000000
154769  -23.262  20.390  -29.098 0.0000000000
136554  -22.353  19.491  -29.103 0.0000000000
136584  -22.358  18.840  -29.081 0.0000000000
93529  -18.965  17.940  -29.852 0.0000000000
93512  -21.420  18.224  -29.314 0.0000000000
93514  -22.865  18.315  -29.051 0.0000000000
92605  -22.555  17.696  -29.084 0.0000000000
92606  -24.261  17.827  -28.717 0.0000000000
154230  -23.962  17.058  -28.909 0.0000000000
85231  -16.778  10.809  -28.760 0.0000000000
86233  -18.154  11.281  -29.066 0.0000000000
87148  -17.348  11.446  -29.955 0.0000000000
87146  -16.165  11.588  -29.432 0.0000000000
87147  -16.283  12.542  -30.221 0.0000000000
88029  -16.812  12.932  -31.431 0.0000000000
140943  -17.767  13.656  -30.512 0.0000000000
88952  -18.128  13.997  -30.505 0.0000000000
145698  -19.851  13.672  -30.951 0.0000000000
88969  -21.658  13.553  -30.424 0.0000000000
88051  -22.464  13.402  -30.158 0.0000000000
88070  -22.753  12.704  -30.306 0.0000000000
88052  -23.236  13.291  -29.959 0.0000000000
88957  -24.413  13.675  -29.504 0.0000000000
88958  -26.336  13.563  -29.508 0.0000000000
145407  -28.062  14.142  -30.834 0.0000000000
88978  -28.496  13.663  -32.196 0.0000000000
87185  -28.172  12.086  -31.435 0.0000000000
80048  -28.236  5.523  -33.942 0.0000000000
70181  -23.580  -2.783  -27.410 0.0000000000
71196  -23.668  -2.245  -27.611 0.0000000000
73187  -23.731  -1.282  -28.279 0.0000000000
85217  -18.226  9.957  -28.504 0.0000000000
85232  -18.647  9.805  -29.100 0.0000000000
84228  -19.164  9.325  -29.536 0.0000000000
142660  -19.118  9.865  -29.699 0.0000000000
85256  -20.348  10.245  -30.714 0.0000000000
85258  -21.812  10.323  -31.212 0.0000000000
85260  -23.327  10.245  -30.815 0.0000000000
85261  -24.107  10.091  -30.342 0.0000000000
84244  -24.443  9.364  -30.283 0.0000000000
150991  -23.558  8.348  -30.530 0.0000000000
83206  -24.871  8.630  -30.335 0.0000000000
83208  -26.565  8.335  -30.904 0.0000000000
158392  -26.891  7.816  -31.285 0.0000000000
82233  -27.269  6.879  -32.170 0.0000000000
81161  -27.424  6.232  -32.692 0.0000000000
81127  -21.859  6.235  -30.164 0.0000000000
81128  -22.709  6.323  -30.143 0.0000000000
81129  -23.568  6.397  -30.193 0.0000000000
145828  -23.732  4.918  -29.835 0.0000000000
80022  -24.803  5.899  -30.438 0.0000000000
81147  -26.354  6.285  -31.474 0.0000000000
80047  -27.640  5.445  -33.286 0.0000000000
158315  -28.103  4.904  -33.573 0.0000000000
79074  -28.453  4.318  -33.547 0.0000000000
78112  -27.985  3.005  -32.914 0.0000000000
156946  -25.294  20.561  -29.267 0.0000000000
96207  -26.719  21.320  -30.418 0.0000000000
95339  -27.161  20.172  -31.401 0.0000000000
92546  -13.400  17.081  -27.031 0.0000000000
91644  -15.255  16.350  -28.692 0.0000000000
91696  -17.852  16.465  -30.154 0.0000000000
89848  -16.629  15.418  -29.206 0.0000000000
90764  -17.320  15.920  -29.650 0.0000000000
91700  -20.690  16.657  -30.528 0.0000000000
91679  -22.563  16.581  -29.254 0.0000000000
91681  -24.837  17.069  -28.707 0.0000000000
88966  -19.556  14.273  -30.944 0.0000000000
89884  -20.066  14.784  -30.925 0.0000000000
89871  -21.179  15.144  -30.435 0.0000000000
89851  -24.077  15.103  -29.190 0.0000000000
89850  -23.253  15.241  -29.243 0.0000000000
90788  -22.405  15.400  -29.569 0.0000000000
90767  -23.804  15.805  -29.082 0.0000000000
91682  -25.602  16.727  -28.843 0.0000000000
162872  -27.211  17.555  -29.474 0.0000000000
139812  -27.575  17.427  -30.771 0.0000000000
85262  -26.517  10.184  -30.506 0.0000000000
85263  -27.211  10.023  -31.007 0.0000000000
84257  -28.006  10.133  -32.593 0.0000000000
84265  -27.917  9.401  -33.291 0.0000000000
85286  -28.154  10.044  -33.660 0.0000000000
75159  -20.529  1.847  -27.976 0.0000000000
144340  -21.225  1.624  -27.967 0.0000000000
76163  -21.815  2.159  -28.303 0.0000000000
76173  -22.587  2.229  -28.791 0.0000000000
73205  -23.987  -0.962  -29.017 0.0000000000
74203  -24.347  -0.381  -29.313 0.0000000000
74213  -24.097  0.535  -29.156 0.0000000000
76174  -24.368  1.770  -29.635 0.0000000000
152081  -24.841  1.977  -30.095 0.0000000000
75198  -25.426  1.661  -30.559 0.0000000000
70183  -24.532  -3.209  -27.575 0.0000000000
77141  -27.173  2.410  -31.780 0.0000000000
78077  -21.331  3.961  -29.042 0.0000000000
78080  -23.563  3.990  -29.772 0.0000000000
78091  -23.445  4.392  -29.831 0.0000000000
78094  -25.346  3.901  -30.624 0.0000000000
79035  -20.880  4.591  -29.127 0.0000000000
79059  -26.165  4.832  -31.826 0.0000000000
79068  -27.482  4.463  -33.247 0.0000000000
80018  -21.537  5.565  -29.908 0.0000000000
80021  -24.246  5.637  -29.969 0.0000000000
80033  -25.912  5.603  -31.467 0.0000000000
81130  -24.393  6.469  -30.247 0.0000000000
81144  -23.792  7.124  -30.330 0.0000000000
81146  -25.729  6.313  -31.016 0.0000000000
82206  -19.211  8.411  -29.282 0.0000000000
82207  -19.412  8.193  -29.745 0.0000000000
82218  -21.508  7.561  -30.801 0.0000000000
82222  -25.269  7.844  -30.422 0.0000000000
83204  -21.882  8.431  -31.009 0.0000000000
83207  -25.797  8.403  -30.516 0.0000000000
84229  -25.039  9.878  -30.286 0.0000000000
84239  -20.546  9.401  -30.792 0.0000000000
84241  -22.179  9.724  -31.093 0.0000000000
84245  -25.408  9.137  -30.376 0.0000000000
84264  -27.645  8.828  -33.015 0.0000000000
85246  -25.683  10.396  -30.269 0.0000000000
85257  -21.135  10.251  -31.078 0.0000000000
85259  -22.547  10.321  -31.010 0.0000000000
85269  -27.716  9.967  -31.656 0.0000000000
86218  -16.193  10.832  -28.854 0.0000000000
86230  -16.735  10.989  -29.394 0.0000000000
86231  -17.036  11.363  -30.252 0.0000000000
86238  -26.190  11.476  -30.108 0.0000000000
86250  -21.174  11.460  -31.206 0.0000000000
86251  -21.614  11.387  -31.295 0.0000000000
86262  -28.158  10.950  -32.343 0.0000000000
87161  -16.613  11.574  -30.109 0.0000000000
87162  -16.743  12.108  -30.884 0.0000000000
87163  -17.188  12.153  -30.982 0.0000000000
87169  -26.538  12.064  -30.034 0.0000000000
87178  -19.454  12.579  -30.705 0.0000000000
87180  -20.990  12.441  -31.152 0.0000000000
87182  -22.299  12.128  -30.729 0.0000000000
87183  -22.597  11.490  -30.830 0.0000000000
87184  -27.924  12.126  -30.529 0.0000000000
87998  -16.398  14.022  -28.753 0.0000000000
88012  -15.293  12.937  -28.342 0.0000000000
88013  -16.176  13.554  -28.543 0.0000000000
88030  -16.875  13.629  -31.563 0.0000000000
88048  -16.938  12.514  -31.317 0.0000000000
88049  -16.864  13.140  -31.474 0.0000000000
88053  -23.939  13.151  -29.863 0.0000000000
88055  -25.582  13.045  -29.449 0.0000000000
88065  -18.934  13.757  -30.835 0.0000000000
88066  -19.698  13.120  -30.910 0.0000000000
88069  -21.964  12.806  -30.589 0.0000000000
88886  -13.860  14.030  -25.747 0.0000000000
88897  -14.767  14.018  -27.186 0.0000000000
88906  -14.886  13.668  -27.774 0.0000000000
88917  -15.391  14.028  -29.040 0.0000000000
88935  -25.522  13.811  -29.301 0.0000000000
88951  -17.062  13.808  -31.240 0.0000000000
88956  -23.756  13.843  -29.631 0.0000000000
88965  -18.789  14.417  -30.909 0.0000000000
88968  -20.957  13.791  -30.925 0.0000000000
88970  -27.928  13.455  -30.527 0.0000000000
89810  -14.569  14.230  -26.539 0.0000000000
89823  -14.722  14.474  -28.087 0.0000000000
89832  -14.913  13.970  -28.337 0.0000000000
89835  -16.517  14.610  -29.639 0.0000000000
89852  -24.895  14.861  -29.147 0.0000000000
89868  -17.963  14.996  -30.323 0.0000000000
89873  -22.733  14.704  -29.639 0.0000000000
89876  -27.439  14.749  -29.722 0.0000000000
89883  -19.330  14.937  -30.970 0.0000000000
89885  -20.754  14.601  -30.809 0.0000000000
89887  -28.154  14.800  -31.174 0.0000000000
89893  -28.173  15.257  -32.412 0.0000000000
90714  -13.949  15.755  -26.365 0.0000000000
90724  -14.175  16.213  -27.311 0.0000000000
90734  -14.690  15.829  -28.356 0.0000000000
90763  -16.736  16.261  -29.066 0.0000000000
90765  -22.044  16.058  -29.534 0.0000000000
90770  -26.294  15.477  -29.235 0.0000000000
90784  -17.758  15.647  -30.112 0.0000000000
90785  -20.143  16.095  -30.765 0.0000000000
90789  -27.485  16.139  -29.701 0.0000000000
90801  -27.981  16.039  -31.291 0.0000000000
91621  -13.825  16.462  -26.796 0.0000000000
91642  -14.156  16.919  -28.231 0.0000000000
91643  -14.672  16.640  -28.390 0.0000000000
91662  -16.193  16.505  -28.495 0.0000000000
91680  -23.421  16.555  -29.081 0.0000000000
91683  -26.451  16.858  -28.961 0.0000000000
91699  -20.013  16.929  -30.588 0.0000000000
91701  -27.589  16.821  -30.195 0.0000000000
92559  -13.577  17.528  -27.333 0.0000000000
92591  -17.240  17.473  -29.081 0.0000000000
92603  -20.981  17.666  -29.715 0.0000000000
92604  -22.190  17.162  -29.240 0.0000000000
92608  -26.731  17.653  -29.048 0.0000000000
92618  -18.468  17.493  -30.095 0.0000000000
92619  -19.040  17.414  -30.179 0.0000000000
92620  -20.265  17.930  -29.903 0.0000000000
92633  -27.604  18.051  -31.279 0.0000000000
93509  -18.534  18.420  -29.501 0.0000000000
93513  -22.088  18.298  -29.145 0.0000000000
93516  -26.668  18.437  -29.209 0.0000000000
93531  -27.287  18.688  -30.264 0.0000000000
94411  -18.787  19.136  -29.351 0.0000000000
94414  -21.476  19.008  -29.133 0.0000000000
94415  -23.045  19.001  -29.088 0.0000000000
94430  -27.049  19.265  -29.999 0.0000000000
95320  -26.572  19.865  -29.594 0.0000000000
96195  -25.568  21.233  -29.499 0.0000000000
96206  -26.278  21.279  -29.936 0.0000000000
97068  -25.845  21.905  -29.734 0.0000000000
97079  -26.756  21.943  -30.659 0.0000000000
97926  -24.666  22.533  -28.976 0.0000000000
97945  -26.689  22.565  -30.882 0.0000000000
98739  -25.558  23.890  -29.420 0.0000000000
99579  -26.156  24.581  -30.355 0.0000000000
134639  -15.293  16.718  -28.447 0.0000000000
135950  -19.754  18.878  -29.476 0.0000000000
136436  -25.530  18.761  -28.759 0.0000000000
136553  -24.488  19.614  -28.965 0.0000000000
136583  -23.143  19.746  -29.138 0.0000000000
136618  -23.654  18.452  -28.953 0.0000000000
136974  -13.917  13.393  -25.590 0.0000000000
136993  -18.993  19.861  -29.401 0.0000000000
137601  -19.878  19.653  -29.597 0.0000000000
137852  -22.944  20.936  -29.078 0.0000000000
137854  -25.179  17.995  -28.566 0.0000000000
137855  -23.413  17.647  -29.014 0.0000000000
138238  -13.298  13.581  -25.495 0.0000000000
138341  -27.742  15.417  -29.974 0.0000000000
138605  -22.487  9.093  -31.019 0.0000000000
139115  -26.859  16.179  -29.248 0.0000000000
140519  -25.916  12.441  -29.757 0.0000000000
140919  -14.179  15.469  -27.052 0.0000000000
141194  -28.361  12.205  -32.522 0.0000000000
141430  -26.965  20.704  -30.772 0.0000000000
141769  -21.714  21.522  -29.296 0.0000000000
144172  -27.656  14.078  -30.079 0.0000000000
144215  -27.419  17.499  -29.960 0.0000000000
144579  -21.490  10.917  -31.301 0.0000000000
145436  -25.075  16.236  -28.943 0.0000000000
146203  -27.657  10.644  -31.156 0.0000000000
146977  -19.045  8.622  -28.961 0.0000000000
147085  -19.863  15.392  -30.930 0.0000000000
147240  -21.122  6.204  -29.966 0.0000000000
147785  -28.278  10.557  -34.133 0.0000000000
148461  -20.898  11.958  -31.165 0.0000000000
148630  -28.175  7.831  -34.254 0.0000000000
148794  -15.680  12.622  -28.472 0.0000000000
148964  -25.397  14.372  -29.222 0.0000000000
150711  -14.381  14.834  -27.374 0.0000000000
152597  -26.301  10.893  -30.302 0.0000000000
152598  -28.533  13.796  -32.930 0.0000000000
154642  -16.400  13.408  -30.810 0.0000000000
155343  -19.373  17.088  -30.397 0.0000000000
155542  -24.528  20.379  -29.080 0.0000000000
155701  -18.493  9.722  -28.750 0.0000000000
156306  -15.199  13.537  -28.723 0.0000000000
156482  -21.747  16.703  -29.511 0.0000000000
158362  -23.428  12.713  -30.133 0.0000000000
158632  -28.060  15.424  -30.758 0.0000000000
158948  -23.903  7.741  -30.353 0.0000000000
160692  -23.480  17.092  -29.047 0.0000000000
160915  -25.054  19.975  -29.073 0.0000000000
161704  -14.427  16.267  -28.029 0.0000000000
162836  -23.260  11.366  -30.583 0.0000000000
