#!ascii label  , from subject sub-v2s1x29870_ses-1 vox2ras=TkReg
1741
12926  -36.794  -60.240  -39.989 0.5000000000
11979  -35.741  -61.111  -40.114 0.6000000238
15958  -42.606  -56.586  -35.432 0.3000000119
11002  -34.555  -61.525  -40.312 0.5000000000
14919  -41.582  -58.146  -37.880 0.4000000060
14902  -42.807  -57.896  -37.391 0.4000000060
16011  -44.052  -57.403  -37.126 0.4000000060
15984  -43.061  -56.784  -36.195 0.3000000119
14921  -43.163  -58.616  -37.993 0.4000000060
176596  -37.271  -63.355  -42.232 0.5000000000
11018  -37.836  -62.704  -41.241 0.5000000000
11981  -37.208  -60.891  -40.227 0.5000000000
10130  -35.960  -62.996  -43.493 0.6000000238
11031  -36.304  -61.926  -42.376 0.5000000000
11992  -36.177  -61.368  -40.360 0.6000000238
172122  -43.910  -56.168  -34.113 0.3000000119
11030  -35.620  -61.468  -41.209 0.5000000000
13868  -41.534  -59.616  -38.541 0.5000000000
13853  -41.055  -58.582  -38.402 0.5000000000
17124  -44.070  -56.080  -35.388 0.3000000119
11029  -34.995  -61.444  -41.505 0.6000000238
11014  -34.120  -61.853  -40.585 0.5000000000
177389  -43.150  -59.332  -38.476 0.5000000000
13854  -41.869  -58.938  -38.166 0.4000000060
14904  -44.420  -57.812  -37.745 0.4000000060
15986  -44.356  -56.859  -36.690 0.3000000119
17139  -43.837  -56.495  -36.091 0.3000000119
13870  -43.555  -60.039  -38.689 0.4000000060
14922  -44.036  -58.385  -38.261 0.4000000060
14923  -44.847  -58.211  -38.460 0.4000000060
13857  -44.548  -58.946  -38.799 0.4000000060
12028  -40.180  -60.906  -43.802 0.6999999881
11046  -39.795  -61.722  -42.992 0.6999999881
10141  -39.424  -62.579  -41.972 0.6999999881
12927  -37.612  -60.230  -40.005 0.5000000000
12953  -39.190  -60.069  -44.242 0.6999999881
12017  -38.908  -60.694  -44.260 0.6999999881
10149  -38.218  -62.459  -43.789 0.8000000119
10139  -37.831  -63.198  -43.208 0.5000000000
10146  -36.120  -62.893  -44.388 0.6999999881
12928  -38.516  -60.242  -39.993 0.5000000000
12016  -37.913  -60.966  -43.605 0.6999999881
12930  -39.959  -60.494  -39.629 0.4000000060
13867  -40.651  -59.375  -38.929 0.5000000000
17110  -45.104  -55.716  -34.114 0.3000000119
12014  -35.867  -61.366  -43.434 0.6000000238
12914  -41.299  -60.558  -39.044 0.5000000000
12915  -42.262  -60.511  -38.783 0.5000000000
18337  -45.195  -55.564  -34.705 0.3000000119
11043  -35.631  -62.093  -43.795 0.5000000000
12916  -43.241  -61.025  -38.640 0.5000000000
12931  -44.821  -60.302  -39.831 0.4000000060
12917  -43.913  -60.687  -38.900 0.4000000060
14924  -45.666  -58.121  -38.583 0.4000000060
16033  -46.008  -57.483  -38.190 0.4000000060
16012  -44.785  -57.258  -37.301 0.4000000060
12919  -45.339  -59.849  -39.375 0.3000000119
13872  -45.059  -59.655  -39.083 0.4000000060
175293  -39.272  -57.414  -44.285 0.5000000000
16097  -39.428  -58.228  -43.934 0.6000000238
14984  -40.050  -59.493  -44.715 0.6000000238
13908  -40.615  -59.894  -44.432 0.6000000238
178777  -39.881  -60.383  -44.513 0.6000000238
18429  -39.043  -55.330  -44.331 0.5000000000
17238  -39.225  -56.224  -43.749 0.5000000000
165133  -39.240  -57.010  -43.312 0.6000000238
14976  -39.283  -58.545  -43.478 0.6000000238
13907  -39.514  -59.418  -44.038 0.6999999881
10124  -38.556  -62.939  -41.020 0.6000000238
13793  -47.475  -58.759  -34.120 0.3000000119
186499  -38.257  -54.511  -41.735 0.6999999881
18425  -39.070  -55.408  -42.346 0.6000000238
17227  -38.958  -56.212  -42.077 0.6000000238
16091  -39.115  -57.569  -42.931 0.6000000238
169139  -38.857  -58.029  -42.580 0.6999999881
12952  -38.505  -60.038  -43.017 0.6999999881
11020  -39.539  -62.154  -40.343 0.6000000238
11019  -39.181  -62.151  -40.547 0.6000000238
11983  -39.302  -60.800  -40.020 0.5000000000
164973  -38.213  -54.004  -42.349 0.6999999881
173768  -38.168  -55.023  -41.309 0.6000000238
18413  -38.160  -55.778  -41.235 0.6000000238
16082  -38.764  -57.122  -42.039 0.6000000238
168984  -38.073  -58.477  -42.121 0.6999999881
13902  -37.197  -59.544  -42.651 0.6999999881
11965  -40.705  -61.156  -39.427 0.5000000000
15909  -44.947  -56.813  -33.448 0.3000000119
19642  -37.378  -53.500  -42.202 0.6999999881
19634  -37.082  -53.827  -41.328 0.6000000238
183673  -37.428  -54.716  -41.010 0.6999999881
16081  -37.950  -57.109  -41.506 0.6000000238
14963  -37.515  -58.061  -41.833 0.6000000238
12015  -36.899  -61.289  -43.454 0.6999999881
11005  -40.708  -62.435  -39.511 0.5000000000
187539  -42.007  -62.103  -39.219 0.5000000000
18412  -37.643  -55.561  -41.019 0.6000000238
16079  -36.241  -57.159  -41.743 0.6000000238
164875  -36.463  -59.417  -42.965 0.6000000238
12949  -35.892  -60.099  -43.645 0.6000000238
12024  -35.372  -60.361  -44.019 0.6000000238
11022  -41.723  -61.928  -40.296 0.5000000000
17125  -44.824  -55.802  -35.391 0.3000000119
19632  -35.875  -54.436  -40.932 0.6999999881
18410  -36.089  -55.132  -40.767 0.6000000238
16063  -36.737  -56.660  -41.306 0.6000000238
14961  -35.646  -57.509  -42.458 0.6000000238
14974  -35.649  -58.136  -43.080 0.5000000000
14983  -35.392  -58.186  -43.956 0.5000000000
12967  -34.842  -59.822  -45.048 0.5000000000
12023  -34.671  -60.527  -43.808 0.5000000000
11987  -43.542  -61.295  -39.471 0.5000000000
157013  -46.707  -58.364  -41.285 0.3000000119
13881  -46.728  -59.217  -40.273 0.3000000119
13873  -46.572  -59.216  -39.386 0.3000000119
14926  -47.260  -57.985  -38.840 0.4000000060
14925  -46.475  -58.072  -38.704 0.4000000060
12958  -34.392  -60.236  -44.456 0.5000000000
13885  -45.500  -58.943  -41.631 0.3000000119
12940  -45.772  -59.487  -40.753 0.3000000119
14937  -46.162  -58.750  -38.974 0.4000000060
18440  -39.147  -55.882  -46.032 0.5000000000
17242  -39.083  -56.487  -45.677 0.5000000000
17250  -38.635  -57.688  -46.587 0.5000000000
16107  -38.424  -59.156  -46.431 0.5000000000
19659  -38.233  -54.029  -45.433 0.5000000000
165039  -38.384  -54.416  -45.089 0.5000000000
18431  -38.914  -55.377  -45.045 0.5000000000
16101  -39.251  -57.600  -45.328 0.5000000000
16098  -39.630  -58.931  -44.929 0.5000000000
159394  -40.805  -59.612  -44.341 0.6000000238
13909  -41.249  -59.822  -43.894 0.6000000238
19652  -38.098  -53.830  -44.746 0.5000000000
12029  -41.011  -60.293  -44.142 0.6000000238
11047  -40.536  -61.361  -42.537 0.8000000119
14874  -49.582  -59.031  -35.449 0.3000000119
20913  -37.267  -52.744  -43.798 0.6000000238
20914  -37.543  -53.342  -43.318 0.6000000238
19653  -38.652  -54.518  -44.072 0.6000000238
179164  -41.579  -60.160  -43.119 0.4000000060
14859  -49.144  -58.460  -34.958 0.3000000119
165479  -36.673  -52.895  -43.275 0.6999999881
11036  -41.227  -61.676  -40.910 0.5000000000
157128  -40.087  -62.071  -41.938 0.6000000238
15910  -46.328  -57.498  -33.417 0.3000000119
15911  -46.697  -56.788  -33.566 0.3000000119
20911  -35.267  -52.660  -42.965 0.6999999881
12008  -41.614  -59.876  -41.364 0.4000000060
179290  -45.659  -55.723  -34.012 0.3000000119
20904  -35.576  -53.318  -42.003 0.6000000238
20896  -36.253  -53.789  -41.257 0.6999999881
11996  -42.318  -61.292  -40.673 0.4000000060
163420  -45.461  -56.054  -36.098 0.3000000119
160915  -34.677  -53.166  -42.424 0.6000000238
20894  -34.890  -53.788  -41.671 0.6999999881
17224  -35.484  -56.195  -41.524 0.6000000238
16078  -34.988  -56.423  -43.134 0.5000000000
16090  -35.174  -57.185  -43.516 0.5000000000
12975  -35.073  -59.188  -45.403 0.6000000238
12937  -42.632  -60.296  -41.402 0.4000000060
11997  -43.118  -60.838  -40.417 0.4000000060
16068  -45.852  -57.392  -42.352 0.3000000119
14954  -45.902  -57.485  -42.448 0.3000000119
16070  -47.179  -57.117  -41.448 0.3000000119
14956  -47.347  -57.873  -41.286 0.3000000119
14939  -47.728  -58.494  -39.369 0.4000000060
17151  -45.939  -56.581  -36.889 0.3000000119
182744  -34.928  -55.793  -41.526 0.6000000238
16089  -34.482  -56.031  -43.447 0.5000000000
16096  -34.595  -56.415  -43.930 0.5000000000
14982  -34.778  -57.493  -44.317 0.5000000000
13917  -34.926  -58.667  -45.874 0.5000000000
12973  -33.903  -59.410  -46.083 0.6000000238
12965  -33.184  -59.792  -45.335 0.5000000000
13884  -44.691  -59.086  -41.862 0.3000000119
13897  -45.036  -58.324  -42.637 0.3000000119
16077  -34.760  -56.167  -42.271 0.5000000000
16100  -34.270  -57.000  -44.483 0.5000000000
15006  -33.550  -58.220  -46.391 0.5000000000
14988  -32.140  -58.031  -45.545 0.5000000000
20932  -39.367  -53.322  -45.839 0.5000000000
19668  -39.003  -53.948  -45.600 0.5000000000
17247  -39.265  -56.524  -46.387 0.5000000000
172093  -40.480  -57.213  -47.055 0.5000000000
15010  -39.452  -58.930  -47.019 0.5000000000
13926  -39.507  -59.791  -46.576 0.5000000000
20919  -37.726  -52.682  -44.220 0.5000000000
18436  -39.413  -54.717  -45.609 0.5000000000
14994  -40.750  -58.856  -44.821 0.4000000060
20920  -37.836  -53.233  -44.112 0.5000000000
14986  -40.831  -58.497  -44.025 0.4000000060
13825  -50.123  -59.617  -35.948 0.3000000119
14875  -50.471  -58.617  -35.611 0.3000000119
22251  -37.197  -52.329  -43.899 0.6000000238
165949  -40.911  -58.765  -43.347 0.4000000060
13904  -41.005  -59.031  -42.515 0.4000000060
22249  -36.026  -52.212  -43.402 0.6000000238
22241  -36.089  -52.470  -43.369 0.6000000238
14839  -48.717  -57.919  -34.364 0.3000000119
15912  -48.136  -57.375  -33.789 0.3000000119
157902  -34.890  -52.489  -42.927 0.6000000238
13893  -41.778  -58.994  -41.340 0.4000000060
22239  -34.084  -52.552  -42.756 0.6000000238
13894  -42.397  -58.637  -41.202 0.4000000060
12936  -42.208  -59.216  -40.981 0.4000000060
18320  -45.694  -55.477  -34.337 0.3000000119
20910  -34.309  -52.843  -42.715 0.6999999881
13896  -44.239  -58.546  -42.652 0.3000000119
14969  -44.768  -58.156  -42.616 0.3000000119
18441  -39.689  -55.342  -46.241 0.5000000000
17252  -40.652  -56.515  -46.993 0.5000000000
16112  -41.126  -57.777  -46.950 0.4000000060
20926  -38.477  -53.488  -45.425 0.5000000000
13928  -41.174  -59.139  -46.732 0.4000000060
15001  -40.902  -59.194  -45.354 0.4000000060
22260  -38.551  -52.680  -44.910 0.6000000238
16099  -40.938  -57.628  -44.344 0.4000000060
14977  -41.191  -57.940  -43.145 0.4000000060
14860  -50.334  -57.798  -35.092 0.3000000119
171045  -49.798  -58.302  -35.136 0.3000000119
23595  -34.853  -52.032  -42.829 0.6000000238
14966  -41.297  -58.291  -42.542 0.4000000060
13892  -41.394  -58.713  -41.938 0.4000000060
178529  -42.488  -57.671  -41.961 0.4000000060
16084  -43.501  -57.753  -41.566 0.4000000060
14968  -44.015  -58.313  -42.428 0.3000000119
16066  -43.745  -57.492  -41.290 0.3000000119
20909  -33.405  -53.098  -42.806 0.6000000238
19669  -40.060  -54.020  -45.813 0.5000000000
18442  -40.501  -54.956  -46.568 0.5000000000
18446  -42.434  -55.859  -47.027 0.4000000060
17253  -41.787  -56.457  -47.017 0.4000000060
22265  -39.350  -52.759  -45.510 0.5000000000
20942  -40.508  -53.371  -46.010 0.5000000000
15003  -42.399  -57.921  -45.929 0.4000000060
22252  -37.768  -52.353  -44.203 0.6000000238
22253  -38.801  -52.288  -44.369 0.6000000238
176750  -40.031  -52.331  -44.952 0.6000000238
16105  -41.981  -58.270  -45.461 0.4000000060
23606  -37.075  -52.033  -43.645 0.6000000238
23608  -38.187  -52.133  -44.029 0.6000000238
17241  -41.092  -56.599  -44.538 0.4000000060
173792  -41.400  -56.701  -43.221 0.4000000060
23597  -36.276  -51.830  -43.080 0.6000000238
16093  -41.581  -57.200  -42.891 0.4000000060
17236  -41.531  -56.492  -42.620 0.4000000060
16083  -42.809  -57.349  -41.680 0.4000000060
17230  -42.334  -56.572  -41.540 0.4000000060
17094  -48.167  -56.416  -33.712 0.3000000119
15914  -49.625  -56.772  -34.100 0.3000000119
23585  -35.290  -51.420  -42.214 0.6000000238
16065  -43.002  -57.026  -41.214 0.4000000060
18322  -47.354  -54.885  -34.546 0.3000000119
166659  -47.522  -55.781  -33.790 0.3000000119
23594  -33.893  -51.960  -42.530 0.6000000238
22238  -33.235  -52.618  -42.681 0.6000000238
24937  -33.664  -50.311  -41.287 0.6999999881
23562  -34.526  -50.714  -40.734 0.6999999881
22228  -33.141  -51.804  -42.193 0.6000000238
24922  -33.911  -50.282  -40.755 0.6999999881
163983  -34.155  -50.791  -40.178 0.6999999881
23572  -32.717  -50.392  -41.408 0.6000000238
183513  -35.312  -51.934  -39.844 0.6999999881
22193  -35.652  -52.371  -39.305 0.6000000238
24921  -33.118  -50.167  -40.833 0.6999999881
185775  -34.315  -51.674  -39.680 0.6999999881
19673  -40.995  -54.071  -46.463 0.5000000000
18443  -41.721  -54.998  -46.700 0.5000000000
22266  -40.378  -52.552  -45.530 0.5000000000
20934  -41.840  -53.029  -45.905 0.5000000000
165952  -41.463  -53.469  -46.173 0.5000000000
19677  -43.116  -55.386  -46.941 0.5000000000
18447  -43.013  -56.044  -46.891 0.4000000060
16109  -42.701  -57.111  -46.315 0.4000000060
182476  -38.970  -52.307  -43.474 0.6000000238
22255  -40.536  -52.427  -44.341 0.6000000238
22262  -40.976  -52.256  -45.033 0.6000000238
22268  -42.139  -52.710  -45.536 0.6000000238
182255  -42.052  -56.519  -45.622 0.4000000060
23588  -37.546  -51.822  -43.117 0.6000000238
22243  -40.612  -52.667  -43.354 0.6000000238
156734  -41.294  -52.456  -44.080 0.6000000238
17243  -41.346  -56.933  -45.365 0.4000000060
23587  -36.654  -51.486  -42.402 0.6000000238
22229  -38.126  -52.059  -42.283 0.6000000238
22230  -38.918  -52.579  -41.836 0.6000000238
22232  -40.272  -52.855  -42.379 0.6000000238
184101  -41.035  -52.755  -42.441 0.6000000238
17235  -41.029  -55.888  -43.053 0.4000000060
19636  -41.852  -54.915  -40.922 0.4000000060
23576  -37.083  -51.590  -41.585 0.6000000238
23577  -37.785  -51.901  -41.450 0.6000000238
22223  -40.911  -52.899  -41.485 0.6000000238
22224  -41.699  -52.610  -40.967 0.6000000238
163842  -41.663  -55.955  -41.531 0.4000000060
17193  -42.150  -55.796  -40.249 0.4000000060
23574  -35.464  -51.243  -41.717 0.6000000238
161528  -36.804  -51.674  -40.859 0.5000000000
180520  -38.174  -52.395  -40.557 0.6000000238
22211  -39.099  -52.825  -40.768 0.6000000238
187512  -40.511  -53.106  -40.929 0.6000000238
23578  -42.330  -52.170  -40.543 0.6999999881
23584  -34.525  -51.358  -41.964 0.6999999881
181814  -35.598  -51.278  -41.300 0.6000000238
22210  -37.137  -52.020  -40.134 0.6000000238
173766  -38.805  -52.910  -39.978 0.6000000238
22213  -41.014  -53.000  -40.401 0.6000000238
23566  -42.257  -52.064  -39.836 0.6000000238
24923  -43.235  -50.823  -39.931 0.6000000238
22197  -39.075  -53.194  -39.233 0.6000000238
160589  -40.527  -53.219  -39.624 0.6000000238
22200  -41.891  -52.311  -39.303 0.6000000238
161096  -42.370  -51.666  -39.270 0.6000000238
22194  -36.668  -52.269  -39.499 0.6000000238
22195  -37.429  -52.473  -39.460 0.6000000238
22198  -39.963  -53.255  -38.987 0.5000000000
161621  -40.765  -53.011  -38.781 0.6000000238
23553  -41.949  -51.805  -38.762 0.6000000238
164823  -37.808  -52.878  -38.788 0.5000000000
23561  -33.441  -50.486  -40.217 0.6999999881
22177  -35.366  -52.810  -38.645 0.6999999881
173600  -36.203  -52.674  -38.795 0.5000000000
181322  -37.411  -53.082  -38.162 0.6000000238
22157  -38.759  -53.332  -38.129 0.5000000000
22181  -40.205  -53.096  -38.207 0.5000000000
20836  -38.472  -53.398  -37.602 0.6000000238
161077  -29.768  -50.751  -31.364 0.6000000238
159170  -31.029  -50.947  -32.588 0.6000000238
24829  -30.493  -50.895  -33.084 0.6000000238
168759  -42.191  -54.212  -46.613 0.5000000000
22273  -42.878  -52.845  -46.212 0.5000000000
161148  -43.221  -54.431  -46.500 0.5000000000
18439  -43.631  -55.973  -46.094 0.5000000000
166195  -43.302  -56.588  -45.819 0.4000000060
23609  -42.117  -52.388  -43.720 0.5000000000
22257  -42.511  -52.532  -45.004 0.5000000000
23616  -43.853  -52.202  -44.863 0.5000000000
19660  -42.025  -54.652  -44.342 0.4000000060
19656  -42.450  -54.204  -43.702 0.4000000060
23610  -42.689  -52.316  -44.236 0.5000000000
23611  -43.474  -51.911  -44.012 0.5000000000
18430  -40.993  -55.275  -43.425 0.4000000060
19650  -41.701  -54.462  -42.987 0.4000000060
19646  -42.133  -54.415  -41.263 0.4000000060
180985  -42.424  -52.125  -42.113 0.5000000000
23600  -42.844  -51.852  -42.576 0.5000000000
163942  -42.800  -51.988  -43.417 0.5000000000
19644  -41.227  -54.853  -42.472 0.4000000060
23589  -42.349  -52.196  -41.399 0.6000000238
166372  -43.308  -51.551  -42.271 0.6000000238
23579  -42.874  -51.723  -40.985 0.6000000238
24939  -43.477  -51.367  -41.530 0.5000000000
26220  -43.176  -50.367  -39.426 0.4000000060
26222  -44.326  -49.752  -40.194 0.4000000060
27478  -44.987  -49.438  -40.419 0.4000000060
24909  -42.460  -50.522  -38.597 0.6000000238
26215  -42.841  -50.132  -38.898 0.6000000238
26216  -43.395  -49.785  -39.227 0.5000000000
27473  -43.969  -49.408  -39.591 0.4000000060
27475  -45.288  -48.795  -40.087 0.4000000060
28664  -44.987  -48.357  -39.510 0.4000000060
23560  -32.539  -50.288  -40.256 0.6999999881
22182  -40.789  -52.626  -38.048 0.6000000238
27467  -43.064  -49.460  -38.622 0.5000000000
28659  -44.711  -47.851  -38.912 0.4000000060
20853  -35.042  -53.303  -37.960 0.6000000238
22158  -39.098  -53.289  -37.697 0.5000000000
22160  -40.669  -52.396  -37.391 0.5000000000
26212  -42.549  -49.934  -38.270 0.5000000000
27464  -43.463  -48.700  -38.245 0.5000000000
28658  -44.111  -48.269  -38.540 0.4000000060
29836  -45.073  -46.922  -38.642 0.4000000060
184725  -37.018  -53.339  -37.644 0.6000000238
23512  -41.059  -51.831  -37.008 0.5000000000
24770  -30.102  -50.880  -29.634 0.6999999881
177838  -31.177  -51.252  -30.843 0.6000000238
24771  -31.115  -51.353  -30.150 0.6999999881
24790  -31.728  -51.296  -31.421 0.6000000238
172684  -32.541  -51.665  -30.315 0.6000000238
158775  -31.680  -50.655  -33.490 0.6000000238
24791  -32.580  -51.350  -31.544 0.6000000238
23424  -33.925  -51.312  -30.806 0.6000000238
23404  -33.837  -51.654  -29.801 0.6000000238
186750  -35.486  -51.412  -30.028 0.6000000238
24842  -31.026  -50.734  -33.815 0.5000000000
24831  -32.817  -50.512  -33.148 0.6000000238
24815  -33.755  -50.710  -32.355 0.6000000238
24793  -34.228  -50.797  -31.662 0.6000000238
23425  -34.755  -51.106  -31.091 0.6000000238
19670  -43.738  -55.059  -46.035 0.5000000000
164802  -31.988  -50.246  -34.784 0.5000000000
24843  -32.368  -50.185  -34.166 0.5000000000
23446  -34.809  -51.031  -31.808 0.5000000000
167695  -35.398  -51.319  -31.380 0.5000000000
176564  -42.878  -52.598  -45.685 0.4000000060
22270  -44.137  -52.608  -45.958 0.5000000000
19661  -44.021  -54.139  -44.954 0.5000000000
164691  -43.188  -54.467  -44.929 0.4000000060
24858  -32.785  -50.404  -34.237 0.5000000000
24845  -33.418  -50.577  -33.707 0.5000000000
23465  -35.209  -51.829  -32.739 0.5000000000
23448  -35.957  -51.889  -31.621 0.5000000000
23621  -44.052  -52.385  -45.544 0.5000000000
19657  -43.337  -53.946  -44.110 0.4000000060
20915  -43.222  -53.863  -43.181 0.4000000060
20907  -43.685  -53.437  -41.826 0.4000000060
24857  -32.215  -50.258  -34.740 0.5000000000
163542  -33.413  -51.101  -34.351 0.5000000000
23464  -34.544  -51.348  -33.040 0.6000000238
22079  -35.608  -52.662  -33.081 0.6000000238
19651  -42.404  -54.104  -42.706 0.4000000060
22118  -32.891  -52.621  -35.185 0.6000000238
22104  -33.988  -52.825  -34.461 0.6000000238
22078  -34.981  -52.166  -33.404 0.6999999881
23602  -44.050  -51.431  -43.448 0.4000000060
24946  -43.872  -51.185  -42.415 0.5000000000
178540  -30.681  -49.938  -37.887 0.6000000238
24940  -44.464  -50.777  -41.997 0.5000000000
26229  -44.952  -50.312  -41.547 0.4000000060
23540  -30.953  -50.946  -38.221 0.6000000238
24933  -44.332  -50.576  -41.248 0.4000000060
23559  -31.812  -50.919  -39.455 0.6000000238
23542  -32.374  -51.966  -38.729 0.6000000238
28669  -45.972  -48.574  -40.424 0.4000000060
20852  -34.239  -53.397  -37.847 0.6000000238
22191  -34.059  -52.343  -39.120 0.6999999881
20835  -37.695  -53.439  -37.456 0.6000000238
20814  -37.689  -53.783  -36.644 0.6000000238
20837  -38.810  -53.381  -37.032 0.5000000000
166557  -40.102  -52.776  -37.210 0.5000000000
23401  -31.167  -51.410  -29.335 0.6999999881
23384  -32.063  -51.686  -29.202 0.6999999881
23373  -32.387  -51.566  -28.516 0.6000000238
23385  -33.008  -51.723  -29.280 0.6000000238
23375  -34.069  -51.497  -28.499 0.6000000238
175846  -34.403  -51.587  -29.232 0.6000000238
24753  -36.456  -51.079  -28.888 0.6999999881
23387  -36.878  -51.401  -29.486 0.6000000238
23407  -36.045  -51.526  -30.297 0.6000000238
20946  -44.905  -53.573  -45.858 0.5000000000
20935  -44.337  -54.153  -46.202 0.5000000000
19675  -44.008  -54.652  -46.157 0.5000000000
19662  -44.458  -54.160  -46.005 0.5000000000
159523  -36.722  -51.957  -30.560 0.6000000238
23408  -37.231  -51.719  -30.053 0.5000000000
20928  -45.195  -53.803  -45.897 0.5000000000
20916  -43.865  -53.538  -42.693 0.4000000060
20718  -37.080  -53.278  -32.381 0.6000000238
22054  -35.810  -52.290  -32.306 0.6000000238
23427  -37.549  -52.115  -30.612 0.5000000000
23617  -44.581  -52.056  -45.168 0.5000000000
185386  -30.809  -50.873  -37.537 0.6000000238
22135  -31.451  -51.979  -36.369 0.4000000060
22117  -31.912  -52.002  -35.697 0.6000000238
20754  -35.018  -53.374  -34.091 0.6000000238
20739  -36.040  -53.323  -33.291 0.6000000238
22056  -37.484  -52.923  -31.745 0.6000000238
24954  -44.841  -51.433  -43.780 0.4000000060
24960  -46.176  -51.535  -44.995 0.4000000060
22155  -31.602  -52.285  -37.021 0.5000000000
22136  -32.091  -52.691  -36.364 0.5000000000
20791  -33.182  -53.388  -35.672 0.6000000238
20769  -34.445  -53.546  -34.617 0.6999999881
20770  -35.245  -53.889  -34.440 0.6000000238
20756  -36.321  -53.893  -33.670 0.6000000238
20741  -37.480  -53.696  -32.942 0.6000000238
24948  -45.328  -50.920  -43.221 0.5000000000
23529  -31.199  -51.723  -37.642 0.6000000238
20792  -34.081  -53.876  -35.525 0.6000000238
19529  -34.926  -54.169  -35.040 0.6000000238
19516  -36.618  -54.295  -34.192 0.6000000238
159763  -37.865  -54.025  -33.567 0.6000000238
20721  -38.953  -53.249  -32.634 0.6000000238
24941  -45.125  -50.608  -42.352 0.4000000060
22173  -31.958  -52.367  -37.857 0.5000000000
20830  -33.160  -53.413  -37.095 0.6000000238
19566  -34.969  -54.204  -35.842 0.6000000238
19532  -36.910  -54.410  -34.862 0.6000000238
20758  -39.131  -53.676  -34.092 0.6000000238
23541  -31.486  -51.602  -38.489 0.6000000238
22174  -32.924  -52.852  -38.007 0.6000000238
20831  -33.910  -53.645  -37.119 0.6000000238
19567  -35.799  -54.218  -36.120 0.6000000238
19549  -36.461  -54.350  -35.600 0.6000000238
20813  -36.071  -53.807  -36.831 0.6000000238
20833  -35.564  -53.541  -37.369 0.6000000238
20815  -39.229  -53.307  -36.436 0.5000000000
164620  -40.876  -52.181  -36.283 0.5000000000
24729  -29.694  -50.703  -28.393 0.6999999881
23372  -31.412  -51.375  -28.595 0.6999999881
23346  -29.442  -51.371  -26.138 0.6999999881
24704  -29.861  -50.421  -26.931 0.6999999881
24730  -30.658  -50.763  -28.009 0.6999999881
24731  -31.842  -51.152  -27.981 0.6999999881
24733  -33.704  -51.149  -27.854 0.6000000238
165531  -35.155  -50.853  -28.026 0.6000000238
24735  -36.041  -50.758  -28.248 0.5000000000
24752  -35.626  -51.172  -28.751 0.6999999881
24736  -36.857  -50.692  -28.364 0.5000000000
24754  -37.246  -51.027  -28.988 0.5000000000
23389  -38.326  -51.193  -29.769 0.5000000000
159547  -45.483  -54.040  -45.955 0.4000000060
157831  -45.665  -53.546  -44.866 0.5000000000
20923  -45.444  -53.581  -43.922 0.5000000000
157998  -44.958  -53.658  -43.515 0.5000000000
20917  -44.677  -53.477  -42.951 0.4000000060
23623  -45.913  -51.830  -45.435 0.4000000060
19663  -46.317  -54.203  -45.718 0.4000000060
22039  -37.924  -52.553  -31.188 0.6000000238
20719  -37.874  -53.370  -32.302 0.6000000238
23449  -39.419  -52.202  -31.517 0.6000000238
20742  -39.199  -53.413  -33.286 0.6000000238
22059  -39.849  -52.432  -32.190 0.6000000238
20772  -38.437  -54.069  -35.359 0.6000000238
20774  -39.696  -53.478  -34.560 0.6000000238
22081  -40.284  -52.552  -32.934 0.6000000238
19550  -37.090  -54.160  -36.178 0.6000000238
20759  -39.785  -53.298  -33.850 0.5000000000
20795  -39.092  -53.617  -35.674 0.6000000238
188843  -39.582  -53.529  -35.202 0.5000000000
158197  -40.425  -52.711  -35.875 0.5000000000
23332  -29.140  -51.530  -25.410 0.6999999881
26063  -29.601  -50.153  -26.356 0.6999999881
24705  -30.330  -50.200  -27.020 0.6999999881
24715  -31.394  -50.647  -27.456 0.6999999881
26076  -31.887  -50.185  -27.023 0.6000000238
24716  -32.305  -50.754  -27.476 0.6999999881
24718  -34.394  -50.681  -27.631 0.4000000060
23331  -28.699  -51.636  -24.901 0.6999999881
24694  -29.003  -50.111  -25.242 0.6999999881
26053  -29.759  -49.499  -26.027 0.6000000238
26065  -30.998  -49.256  -26.374 0.6000000238
24719  -35.719  -50.405  -27.722 0.5000000000
23329  -27.167  -51.801  -24.696 0.6999999881
182804  -27.565  -51.186  -24.619 0.6999999881
26080  -36.792  -49.664  -27.547 0.5000000000
24693  -26.254  -50.959  -25.141 0.6999999881
26092  -37.244  -50.175  -27.947 0.5000000000
24692  -25.597  -50.989  -25.544 0.6000000238
24703  -25.368  -50.337  -25.886 0.6000000238
27302  -24.818  -49.322  -26.827 0.6000000238
28514  -24.646  -48.307  -28.528 0.5000000000
29694  -24.921  -47.651  -28.757 0.5000000000
20929  -46.694  -54.656  -44.894 0.4000000060
20918  -45.419  -53.496  -43.203 0.4000000060
22095  -40.822  -52.325  -33.490 0.6000000238
26066  -32.338  -49.472  -26.651 0.5000000000
171813  -33.447  -50.098  -27.130 0.5000000000
157861  -28.360  -50.239  -24.728 0.6000000238
26045  -29.270  -49.490  -25.394 0.6000000238
27297  -30.161  -48.840  -25.802 0.6000000238
27305  -31.642  -48.957  -26.290 0.6000000238
27319  -33.662  -49.415  -26.853 0.5000000000
26078  -34.213  -49.945  -27.218 0.5000000000
159333  -35.886  -49.705  -27.401 0.5000000000
24681  -26.923  -51.022  -24.760 0.6999999881
26043  -27.868  -49.563  -24.414 0.6000000238
27286  -29.005  -48.918  -24.872 0.6000000238
28470  -29.910  -48.329  -25.395 0.6000000238
29615  -30.627  -47.448  -25.625 0.6000000238
184375  -37.656  -48.950  -27.329 0.5000000000
180064  -26.320  -49.729  -25.025 0.6999999881
27283  -26.962  -49.498  -24.516 0.6000000238
28468  -27.268  -47.633  -24.968 0.6000000238
29612  -28.521  -46.899  -24.922 0.6000000238
30763  -29.811  -46.401  -25.563 0.6000000238
26051  -25.783  -49.534  -25.672 0.6000000238
170938  -26.607  -48.134  -25.129 0.6000000238
29610  -26.830  -47.311  -25.507 0.6000000238
30761  -28.096  -46.282  -25.412 0.6000000238
28478  -25.601  -48.242  -26.473 0.6000000238
29629  -25.820  -47.498  -26.691 0.6000000238
29630  -26.410  -47.001  -26.241 0.6000000238
30780  -27.833  -45.851  -25.968 0.6000000238
28494  -25.362  -48.014  -27.261 0.5000000000
28515  -25.130  -47.831  -28.018 0.5000000000
29660  -25.602  -47.318  -27.491 0.5000000000
181908  -26.275  -46.219  -27.261 0.6000000238
31950  -27.487  -45.001  -27.167 0.6000000238
22246  -46.849  -52.972  -43.324 0.4000000060
28563  -23.970  -48.038  -30.099 0.5000000000
29713  -25.111  -46.885  -28.929 0.5000000000
30830  -26.165  -45.789  -27.855 0.6000000238
159282  -26.801  -45.202  -27.783 0.6000000238
29727  -23.935  -47.432  -31.160 0.5000000000
176603  -24.770  -46.209  -30.434 0.5000000000
30841  -24.825  -46.683  -29.754 0.4000000060
30842  -25.379  -46.063  -29.138 0.5000000000
160758  -26.388  -45.107  -28.887 0.6000000238
27306  -33.046  -48.976  -26.666 0.6000000238
158688  -35.031  -48.624  -26.810 0.5000000000
27321  -35.697  -48.932  -26.986 0.5000000000
28482  -32.395  -48.450  -26.404 0.6000000238
28496  -34.350  -48.108  -26.715 0.5000000000
28499  -37.088  -48.524  -27.043 0.5000000000
29632  -30.553  -46.704  -25.826 0.6999999881
29662  -32.704  -47.045  -26.867 0.6999999881
30762  -28.992  -46.256  -25.362 0.6000000238
30782  -30.248  -46.039  -26.189 0.6999999881
31927  -28.978  -45.231  -26.447 0.6000000238
31928  -29.837  -45.485  -26.662 0.6999999881
31951  -28.453  -44.820  -27.087 0.6000000238
31952  -29.346  -45.016  -27.233 0.6999999881
33115  -28.026  -44.649  -27.803 0.6000000238
33116  -28.840  -44.724  -27.845 0.6999999881
176025  -23.914  -47.183  -33.320 0.5000000000
30870  -24.562  -46.191  -31.986 0.5000000000
30850  -25.283  -45.681  -29.968 0.4000000060
157038  -26.079  -45.130  -30.022 0.6000000238
33135  -27.658  -44.679  -28.545 0.6000000238
180651  -24.399  -46.693  -33.209 0.5000000000
163794  -25.056  -45.598  -31.610 0.4000000060
32015  -26.527  -45.029  -30.824 0.5000000000
28485  -36.653  -47.825  -26.729 0.5000000000
29666  -35.083  -47.905  -26.727 0.5000000000
29635  -32.938  -47.565  -26.663 0.6000000238
30812  -34.362  -46.831  -26.794 0.5000000000
30784  -34.932  -46.482  -26.586 0.5000000000
30809  -32.593  -46.496  -27.678 0.6999999881
30808  -31.615  -46.291  -27.359 0.6999999881
31954  -31.117  -45.895  -27.956 0.6000000238
33160  -29.010  -44.930  -29.284 0.6999999881
31973  -30.525  -45.550  -28.523 0.6000000238
33176  -27.800  -44.812  -30.086 0.6000000238
32017  -28.913  -45.169  -30.296 0.6000000238
157110  -24.973  -46.474  -33.529 0.5000000000
32061  -25.934  -45.437  -32.163 0.4000000060
33192  -27.495  -44.947  -30.784 0.6000000238
30902  -26.581  -46.229  -33.770 0.4000000060
32080  -26.786  -45.767  -32.970 0.4000000060
32062  -27.071  -45.438  -32.216 0.5000000000
32041  -27.309  -45.153  -31.519 0.5000000000
30811  -33.513  -46.612  -27.125 0.6000000238
31957  -34.340  -46.148  -26.665 0.5000000000
30810  -32.882  -46.243  -27.909 0.6000000238
31956  -33.692  -45.895  -27.007 0.5000000000
30832  -32.573  -46.204  -28.775 0.6000000238
30843  -32.177  -46.012  -29.251 0.6000000238
31997  -32.605  -45.682  -29.081 0.5000000000
171119  -31.882  -45.675  -29.590 0.6000000238
31993  -29.596  -45.318  -29.873 0.6999999881
32021  -31.610  -45.400  -30.219 0.5000000000
32016  -28.271  -45.092  -30.768 0.6000000238
32042  -28.257  -45.353  -31.462 0.5000000000
32098  -27.707  -46.135  -33.696 0.4000000060
32063  -28.190  -45.629  -32.222 0.5000000000
36494  -25.585  -42.083  -33.354 0.4000000060
36478  -25.810  -41.581  -33.121 0.3000000119
36495  -26.310  -41.725  -33.662 0.4000000060
34169  -34.108  -44.480  -26.056 0.5000000000
34294  -26.186  -43.407  -34.818 0.3000000119
35371  -26.443  -42.794  -34.659 0.4000000060
161438  -32.191  -45.050  -29.295 0.5000000000
33099  -33.310  -44.560  -26.605 0.5000000000
157928  -26.949  -44.430  -36.665 0.3000000119
35384  -26.884  -43.271  -35.545 0.4000000060
180514  -31.860  -44.420  -29.355 0.5000000000
33274  -26.438  -45.233  -37.350 0.3000000119
33194  -31.137  -45.122  -31.122 0.6000000238
32044  -29.912  -45.668  -31.880 0.6999999881
34236  -30.925  -44.623  -31.172 0.6000000238
32082  -29.135  -45.966  -32.879 0.5000000000
186109  -29.744  -45.695  -32.281 0.5000000000
32083  -29.417  -45.829  -32.609 0.4000000060
34234  -29.435  -43.741  -31.705 0.4000000060
38948  -25.123  -39.481  -31.218 0.3000000119
37711  -25.372  -40.672  -32.108 0.3000000119
37723  -26.489  -40.765  -32.941 0.3000000119
37734  -26.788  -41.104  -33.548 0.3000000119
36496  -27.061  -41.503  -34.150 0.4000000060
34204  -32.554  -44.270  -27.599 0.5000000000
34309  -27.854  -43.842  -36.563 0.4000000060
36507  -27.440  -41.877  -34.837 0.4000000060
34203  -32.136  -43.946  -28.100 0.5000000000
159946  -28.130  -44.428  -37.630 0.4000000060
35398  -29.054  -43.474  -36.980 0.4000000060
34213  -31.467  -44.042  -29.645 0.5000000000
35296  -31.643  -43.643  -28.728 0.5000000000
33276  -29.136  -44.875  -38.691 0.4000000060
35309  -30.858  -43.532  -29.886 0.5000000000
34235  -30.386  -44.256  -31.451 0.5000000000
35308  -30.210  -43.126  -30.077 0.5000000000
32099  -28.417  -46.217  -34.472 0.3000000119
178230  -29.038  -45.156  -33.762 0.4000000060
35333  -28.637  -43.203  -31.874 0.4000000060
35307  -29.615  -43.239  -30.756 0.4000000060
40186  -24.656  -38.959  -30.586 0.3000000119
38961  -25.622  -39.949  -31.803 0.3000000119
37724  -27.250  -40.559  -33.274 0.4000000060
38991  -28.035  -40.367  -33.863 0.4000000060
34170  -35.816  -43.108  -25.779 0.4000000060
188831  -28.217  -41.145  -34.847 0.4000000060
34149  -34.432  -42.913  -25.618 0.4000000060
35385  -27.931  -42.928  -36.181 0.4000000060
37750  -28.795  -41.328  -35.511 0.4000000060
34167  -32.989  -43.307  -26.242 0.4000000060
36534  -29.759  -42.506  -36.798 0.4000000060
35295  -31.034  -43.090  -29.063 0.5000000000
34319  -29.151  -44.295  -37.790 0.4000000060
34310  -29.713  -44.818  -37.160 0.3000000119
36428  -30.657  -42.166  -28.606 0.5000000000
34276  -28.490  -43.621  -34.053 0.3000000119
162863  -25.253  -38.719  -30.779 0.3000000119
40200  -26.606  -38.949  -31.776 0.3000000119
40212  -27.087  -39.456  -32.286 0.3000000119
40213  -27.661  -39.164  -32.467 0.4000000060
40214  -28.427  -39.763  -33.492 0.4000000060
40215  -29.124  -39.328  -33.657 0.3000000119
38992  -28.872  -39.990  -34.223 0.4000000060
35278  -36.621  -42.545  -27.200 0.4000000060
171733  -37.949  -41.992  -28.399 0.4000000060
39005  -29.499  -40.251  -35.040 0.4000000060
36376  -34.193  -42.304  -25.638 0.4000000060
35277  -31.954  -42.625  -27.078 0.4000000060
187389  -30.094  -42.746  -37.094 0.3000000119
178187  -31.554  -42.418  -27.554 0.4000000060
34320  -29.479  -44.258  -37.267 0.3000000119
35400  -30.007  -42.898  -36.820 0.3000000119
35373  -28.699  -43.642  -35.025 0.3000000119
35321  -28.778  -42.956  -31.205 0.4000000060
184069  -26.114  -37.903  -29.650 0.3000000119
40201  -27.260  -38.760  -31.993 0.4000000060
41439  -28.602  -38.367  -32.490 0.4000000060
41440  -29.036  -38.796  -32.986 0.4000000060
36430  -39.226  -42.151  -29.004 0.4000000060
187115  -37.638  -41.634  -27.934 0.4000000060
40224  -29.690  -39.661  -34.534 0.4000000060
189098  -35.581  -41.569  -26.582 0.4000000060
37761  -30.442  -41.255  -36.506 0.4000000060
36390  -33.621  -41.961  -25.796 0.4000000060
36391  -34.332  -41.695  -25.848 0.4000000060
37770  -30.605  -41.905  -36.897 0.3000000119
36389  -32.902  -41.459  -26.088 0.4000000060
35375  -30.801  -42.471  -35.927 0.3000000119
179343  -31.240  -41.863  -27.582 0.5000000000
34296  -29.271  -43.699  -35.863 0.3000000119
36509  -29.933  -42.447  -35.065 0.3000000119
180887  -30.375  -41.433  -28.282 0.5000000000
169970  -28.303  -41.993  -32.589 0.3000000119
36440  -29.132  -41.810  -29.984 0.4000000060
34262  -28.648  -43.954  -33.375 0.4000000060
42651  -27.129  -37.420  -30.308 0.3000000119
165565  -30.145  -37.726  -32.938 0.3000000119
41446  -30.279  -38.324  -33.603 0.3000000119
36417  -38.762  -41.756  -28.470 0.4000000060
39006  -30.217  -39.957  -35.239 0.3000000119
37652  -36.489  -41.439  -27.272 0.4000000060
37668  -38.274  -41.349  -27.979 0.3000000119
39018  -31.046  -40.127  -35.577 0.3000000119
37634  -33.728  -41.178  -25.968 0.4000000060
37637  -35.927  -41.256  -26.860 0.4000000060
37738  -31.163  -41.143  -34.870 0.3000000119
36498  -30.536  -41.777  -34.766 0.3000000119
37651  -31.670  -40.497  -26.976 0.4000000060
36497  -29.278  -41.874  -33.961 0.3000000119
37713  -28.765  -40.641  -31.764 0.3000000119
37700  -28.388  -41.173  -31.542 0.3000000119
38929  -29.528  -40.409  -29.672 0.3000000119
41455  -30.815  -38.775  -34.550 0.3000000119
42693  -31.564  -37.235  -34.191 0.3000000119
40237  -31.676  -39.034  -35.183 0.3000000119
37654  -37.687  -40.969  -27.488 0.3000000119
179142  -35.785  -40.659  -26.658 0.4000000060
38886  -37.273  -40.388  -26.941 0.4000000060
38993  -31.153  -40.434  -33.893 0.3000000119
175585  -33.210  -40.752  -26.150 0.4000000060
173191  -35.218  -40.225  -26.475 0.4000000060
37737  -30.185  -41.301  -34.012 0.3000000119
36481  -28.738  -41.407  -33.066 0.3000000119
38916  -30.892  -40.095  -27.973 0.3000000119
38949  -29.407  -40.209  -30.415 0.3000000119
40216  -32.839  -39.274  -33.674 0.3000000119
38981  -31.294  -40.028  -33.112 0.3000000119
38883  -34.424  -39.999  -26.351 0.3000000119
40111  -35.554  -39.441  -26.462 0.3000000119
169671  -30.731  -39.919  -32.320 0.3000000119
38881  -32.093  -39.736  -26.896 0.3000000119
38963  -29.393  -40.147  -31.251 0.3000000119
38931  -30.739  -39.681  -28.598 0.3000000119
40217  -33.416  -38.963  -33.052 0.3000000119
41435  -34.669  -38.193  -32.291 0.3000000119
38966  -31.602  -39.653  -32.406 0.3000000119
40110  -33.436  -39.240  -26.606 0.3000000119
40204  -33.427  -38.903  -32.316 0.3000000119
41421  -34.145  -38.537  -32.048 0.3000000119
35320  -28.394  -42.466  -31.378 0.4000000060
35357  -28.634  -42.805  -34.238 0.3000000119
36480  -28.458  -42.132  -33.333 0.3000000119
10133  -38.775  -63.124  -41.511 0.6000000238
11995  -38.465  -61.921  -40.744 0.5000000000
11994  -37.687  -61.480  -40.785 0.5000000000
11016  -36.485  -61.530  -41.313 0.5000000000
11982  -37.981  -60.923  -40.310 0.5000000000
13866  -39.967  -58.816  -39.068 0.5000000000
11056  -38.559  -61.634  -44.218 0.6999999881
12018  -41.391  -60.605  -43.224 0.6999999881
12025  -36.912  -62.026  -44.621 0.6999999881
12912  -39.913  -59.576  -39.313 0.4000000060
12950  -36.482  -60.437  -43.137 0.6999999881
11966  -41.305  -61.735  -39.059 0.5000000000
18338  -45.793  -55.355  -34.957 0.3000000119
11968  -42.953  -61.512  -39.053 0.5000000000
173395  -44.333  -59.866  -40.932 0.3000000119
14985  -40.568  -59.306  -44.757 0.6000000238
14993  -40.185  -59.519  -45.243 0.5000000000
18427  -39.144  -55.341  -43.303 0.6000000238
13903  -38.942  -59.330  -42.974 0.6999999881
14837  -47.324  -57.720  -33.641 0.3000000119
17226  -38.389  -56.347  -41.551 0.6000000238
14964  -38.321  -57.882  -41.982 0.6000000238
13891  -37.630  -58.885  -42.247 0.6999999881
11021  -41.027  -62.320  -40.130 0.5000000000
11985  -40.581  -62.012  -39.370 0.6000000238
174038  -39.229  -61.720  -40.329 0.5000000000
13890  -36.883  -58.737  -42.257 0.6000000238
162443  -35.477  -56.735  -42.047 0.5000000000
13906  -35.503  -58.955  -44.447 0.5000000000
17127  -46.022  -55.516  -35.640 0.3000000119
19631  -35.180  -54.424  -41.194 0.6000000238
14991  -34.618  -57.912  -45.130 0.5000000000
13887  -47.456  -58.697  -40.577 0.3000000119
159487  -41.369  -60.090  -41.596 0.5000000000
17142  -47.016  -55.815  -36.767 0.3000000119
14990  -34.151  -57.755  -45.255 0.5000000000
16102  -41.092  -57.919  -44.927 0.4000000060
15935  -50.126  -57.167  -34.662 0.3000000119
158609  -38.694  -52.318  -42.696 0.6000000238
23573  -34.934  -50.907  -41.244 0.6999999881
23564  -36.096  -51.623  -40.788 0.6000000238
22178  -37.037  -52.686  -38.767 0.6000000238
22242  -39.824  -52.633  -43.135 0.6000000238
23620  -43.346  -52.454  -45.317 0.5000000000
19654  -41.239  -54.857  -43.882 0.4000000060
22233  -41.759  -52.525  -42.024 0.6000000238
183005  -42.275  -52.274  -42.816 0.5000000000
22212  -40.131  -53.160  -40.478 0.6000000238
156829  -44.108  -50.400  -40.565 0.4000000060
23549  -32.849  -51.219  -39.559 0.6000000238
22175  -33.759  -52.944  -38.385 0.6999999881
24830  -32.122  -50.838  -32.774 0.6000000238
20944  -43.467  -53.671  -46.377 0.4000000060
23613  -45.146  -51.720  -44.717 0.4000000060
156769  -45.436  -49.694  -41.102 0.4000000060
23531  -41.581  -51.295  -37.566 0.4000000060
24914  -31.041  -50.338  -39.803 0.6000000238
23422  -32.023  -51.531  -30.739 0.6000000238
24832  -33.903  -50.780  -33.029 0.6000000238
20927  -44.572  -53.828  -44.984 0.5000000000
22102  -33.003  -51.625  -34.807 0.5000000000
22038  -37.123  -52.470  -31.140 0.6000000238
23492  -32.410  -51.709  -35.159 0.4000000060
20832  -34.720  -53.652  -37.231 0.5000000000
24955  -45.731  -51.413  -44.033 0.5000000000
19531  -36.171  -54.346  -34.816 0.6000000238
20811  -34.371  -53.943  -36.449 0.5000000000
24691  -24.833  -51.018  -25.845 0.6000000238
29720  -24.429  -47.578  -29.972 0.5000000000
28480  -31.024  -47.904  -25.781 0.5000000000
28457  -27.961  -48.353  -24.468 0.6000000238
29599  -28.943  -47.587  -24.747 0.6000000238
29634  -32.249  -47.549  -26.400 0.6000000238
28479  -26.091  -47.738  -25.866 0.6000000238
29736  -23.733  -47.429  -31.918 0.5000000000
29665  -34.601  -47.458  -26.713 0.5000000000
31994  -29.864  -45.306  -29.122 0.6000000238
32060  -25.117  -45.738  -32.334 0.5000000000
169788  -30.359  -45.622  -31.447 0.6000000238
35370  -25.807  -43.153  -34.167 0.3000000119
31955  -33.236  -45.628  -27.543 0.5000000000
32100  -28.882  -46.009  -33.703 0.3000000119
34150  -34.735  -43.651  -25.652 0.4000000060
34168  -33.855  -43.523  -25.828 0.4000000060
33217  -29.234  -45.932  -33.226 0.4000000060
157934  -28.674  -44.450  -34.827 0.3000000119
36427  -30.300  -42.531  -29.358 0.5000000000
36393  -36.074  -41.976  -26.877 0.4000000060
170007  -25.741  -38.069  -30.688 0.3000000119
36523  -30.990  -42.192  -36.447 0.3000000119
36388  -32.080  -41.176  -26.602 0.4000000060
36439  -28.739  -41.409  -30.323 0.3000000119
37739  -31.359  -40.740  -35.432 0.3000000119
37666  -30.158  -40.822  -28.525 0.4000000060
42640  -27.678  -37.549  -29.779 0.3000000119
165233  -31.558  -40.342  -34.702 0.3000000119
177920  -32.259  -40.425  -26.600 0.4000000060
40203  -32.571  -39.307  -32.555 0.3000000119
12942  -30.881  -59.851  -42.396 0.5000000000
13899  -31.010  -59.274  -43.038 0.5000000000
163763  -31.106  -58.865  -43.740 0.5000000000
13912  -31.338  -58.310  -45.238 0.4000000060
12934  -31.187  -60.107  -41.094 0.5000000000
164044  -31.188  -59.857  -41.710 0.5000000000
13900  -31.805  -58.656  -43.045 0.5000000000
14980  -32.371  -57.966  -44.568 0.5000000000
14989  -33.175  -57.790  -44.932 0.4000000060
173760  -31.602  -59.751  -40.630 0.4000000060
12935  -31.639  -59.544  -41.250 0.5000000000
167398  -32.322  -57.957  -42.873 0.5000000000
167029  -33.263  -57.079  -44.109 0.4000000060
14950  -32.253  -58.371  -41.175 0.5000000000
14959  -32.134  -58.408  -42.070 0.5000000000
14951  -32.576  -57.702  -40.944 0.5000000000
14960  -32.514  -57.519  -42.361 0.5000000000
182367  -32.667  -57.175  -41.663 0.5000000000
16087  -32.891  -56.603  -42.641 0.5000000000
16088  -33.668  -56.101  -43.162 0.4000000060
167318  -32.390  -58.206  -40.488 0.5000000000
16076  -32.921  -56.441  -41.717 0.5000000000
17232  -33.291  -56.076  -42.325 0.5000000000
17233  -34.032  -55.886  -42.584 0.5000000000
18385  -31.564  -55.292  -38.757 0.5000000000
14944  -32.711  -57.595  -40.009 0.5000000000
16051  -32.886  -56.883  -39.816 0.5000000000
16062  -32.840  -56.898  -40.753 0.5000000000
18398  -32.753  -55.434  -40.390 0.5000000000
17207  -32.914  -56.012  -41.036 0.5000000000
17222  -33.604  -55.606  -41.996 0.5000000000
17223  -34.309  -55.637  -41.930 0.5000000000
18397  -32.345  -54.986  -39.540 0.5000000000
19621  -31.872  -54.162  -40.070 0.5000000000
20884  -30.789  -53.182  -40.346 0.5000000000
19622  -32.374  -54.617  -40.747 0.5000000000
20885  -31.547  -53.371  -40.530 0.5000000000
20891  -31.201  -52.608  -41.091 0.5000000000
163706  -32.753  -55.090  -41.383 0.5000000000
19630  -32.348  -54.295  -41.795 0.5000000000
19629  -31.988  -53.814  -41.118 0.5000000000
184506  -32.712  -54.608  -41.975 0.5000000000
19639  -32.505  -54.051  -42.453 0.5000000000
18420  -33.148  -55.134  -41.907 0.5000000000
18421  -33.869  -55.003  -41.745 0.5000000000
18422  -34.769  -55.091  -41.281 0.5000000000
23558  -29.974  -50.317  -40.307 0.5000000000
24927  -30.563  -50.617  -40.748 0.6000000238
22219  -30.850  -51.721  -41.313 0.5000000000
20892  -31.813  -52.919  -41.408 0.5000000000
156902  -31.402  -51.106  -41.521 0.5000000000
20900  -32.160  -52.677  -42.204 0.5000000000
22227  -32.624  -52.482  -42.434 0.5000000000
19640  -33.316  -54.428  -42.199 0.5000000000
20902  -33.022  -53.709  -42.650 0.5000000000
19641  -34.355  -54.396  -41.658 0.5000000000
161369  -29.890  -49.553  -38.645 0.5000000000
187872  -30.751  -50.213  -39.341 0.5000000000
162754  -32.199  -50.205  -40.969 0.6000000238
22025  -28.738  -51.579  -30.279 0.5000000000
158385  -28.671  -50.614  -31.301 0.6000000238
188628  -29.292  -52.140  -29.851 0.5000000000
23400  -28.668  -51.261  -30.035 0.5000000000
24788  -29.176  -50.797  -30.726 0.6000000238
23383  -29.023  -51.214  -29.251 0.6000000238
22016  -29.516  -52.322  -29.298 0.5000000000
22005  -29.463  -51.844  -28.253 0.6000000238
20661  -29.813  -53.364  -27.153 0.5000000000
169462  -29.382  -50.879  -29.173 0.6000000238
23363  -29.389  -51.243  -27.973 0.6000000238
20651  -29.540  -53.701  -26.384 0.5000000000
167679  -29.601  -51.961  -26.494 0.6000000238
24714  -29.625  -50.866  -27.420 0.6000000238
20612  -29.088  -53.628  -25.295 0.5000000000
166539  -29.435  -52.277  -25.743 0.5000000000
173986  -26.846  -53.313  -24.618 0.5000000000
21953  -26.329  -52.921  -24.764 0.6000000238
23342  -24.239  -51.764  -25.714 0.6000000238
168162  -24.755  -52.494  -25.293 0.5000000000
171120  -27.743  -52.468  -24.601 0.6000000238
21956  -29.004  -53.012  -25.024 0.5000000000
21952  -25.637  -52.458  -25.035 0.5000000000
26060  -23.976  -50.251  -26.659 0.6000000238
24702  -24.678  -50.391  -26.310 0.6000000238
27316  -24.556  -49.027  -27.436 0.6000000238
16014  -47.257  -56.332  -37.576 0.3000000119
179228  -49.645  -55.404  -38.394 0.3000000119
168262  -47.599  -57.394  -38.522 0.3000000119
169125  -51.525  -55.111  -39.448 0.3000000119
16044  -48.859  -57.680  -39.358 0.3000000119
16034  -46.794  -57.392  -38.397 0.3000000119
16013  -46.469  -56.885  -37.681 0.3000000119
16095  -34.081  -56.323  -44.036 0.4000000060
20893  -32.121  -53.584  -42.198 0.5000000000
23582  -32.316  -51.476  -41.849 0.5000000000
184865  -29.183  -50.587  -31.685 0.5000000000
14972  -32.391  -57.898  -43.663 0.4000000060
14973  -32.767  -57.076  -43.272 0.5000000000
17177  -32.388  -55.748  -38.915 0.5000000000
163591  -32.769  -55.725  -39.554 0.5000000000
19610  -31.413  -54.560  -39.231 0.5000000000
19620  -31.127  -53.850  -39.750 0.5000000000
22220  -31.631  -51.998  -41.648 0.5000000000
17168  -47.869  -56.752  -38.237 0.3000000119
16045  -49.552  -57.293  -39.645 0.3000000119
17169  -49.768  -56.412  -38.886 0.3000000119
167683  -48.829  -56.547  -38.533 0.3000000119
16036  -49.293  -57.067  -39.089 0.3000000119
17185  -51.038  -55.955  -39.567 0.3000000119
38885  -36.785  -39.879  -26.625 0.3000000119
9289  -37.210  -63.397  -42.864 0.5000000000
9293  -36.659  -63.397  -43.318 0.6000000238
9294  -36.844  -63.248  -43.781 0.6999999881
10125  -39.208  -62.680  -40.910 0.6000000238
10131  -36.601  -63.358  -42.951 0.6000000238
10132  -38.021  -63.315  -42.016 0.5000000000
10138  -36.176  -63.186  -43.786 0.6999999881
10140  -38.615  -62.926  -42.598 0.5000000000
10147  -36.721  -62.669  -44.418 0.6999999881
10148  -37.462  -62.732  -43.974 0.6999999881
10991  -41.109  -62.196  -39.150 0.6000000238
10992  -41.726  -62.124  -39.006 0.5000000000
10993  -42.313  -61.862  -39.021 0.5000000000
11001  -33.657  -61.740  -40.335 0.5000000000
11003  -35.522  -61.488  -40.374 0.6000000238
11004  -39.876  -61.793  -40.008 0.6000000238
11006  -41.555  -62.318  -39.441 0.5000000000
11007  -42.323  -61.971  -39.558 0.5000000000
11015  -34.913  -61.631  -40.687 0.5000000000
11017  -37.175  -61.753  -41.409 0.5000000000
11032  -36.912  -63.082  -42.143 0.5000000000
11033  -37.736  -63.217  -41.641 0.5000000000
11034  -39.889  -62.451  -41.068 0.6000000238
11035  -40.590  -62.087  -41.196 0.6000000238
11044  -35.714  -62.246  -44.595 0.6000000238
11045  -39.065  -62.160  -43.375 0.8000000119
11053  -35.843  -62.712  -44.355 0.6999999881
11054  -36.187  -62.450  -44.715 0.6999999881
11055  -37.350  -62.061  -44.496 0.6999999881
11057  -39.392  -61.473  -44.003 0.6999999881
11967  -41.964  -61.473  -38.938 0.5000000000
11969  -43.543  -61.142  -38.941 0.5000000000
11970  -44.060  -60.791  -39.261 0.4000000060
11980  -36.453  -60.964  -40.141 0.5000000000
11984  -39.996  -61.433  -39.832 0.5000000000
11986  -42.945  -61.547  -39.779 0.5000000000
11993  -36.904  -61.352  -40.517 0.6000000238
11998  -43.962  -60.651  -40.134 0.3000000119
12006  -41.275  -61.196  -41.934 0.5000000000
12007  -41.677  -61.116  -41.270 0.5000000000
12026  -38.228  -61.498  -44.262 0.6999999881
12027  -39.172  -60.892  -44.376 0.6999999881
12913  -40.496  -60.201  -39.282 0.5000000000
12918  -44.613  -60.339  -39.104 0.4000000060
12920  -46.093  -59.592  -39.654 0.3000000119
12929  -39.274  -59.858  -39.703 0.4000000060
12932  -45.598  -59.788  -40.043 0.3000000119
12933  -46.132  -59.522  -40.303 0.3000000119
12938  -43.470  -60.053  -41.147 0.4000000060
12939  -45.192  -59.687  -40.829 0.3000000119
12943  -37.901  -59.540  -42.593 0.6999999881
12944  -38.283  -59.088  -42.520 0.6999999881
12945  -41.217  -59.302  -41.631 0.4000000060
12946  -43.849  -59.244  -41.870 0.3000000119
12951  -37.625  -60.344  -42.856 0.6999999881
12959  -34.991  -60.227  -44.449 0.6000000238
12960  -39.965  -60.171  -44.579 0.6000000238
12966  -34.158  -59.888  -45.264 0.5000000000
12968  -35.313  -59.624  -44.717 0.6000000238
12974  -34.652  -59.302  -45.792 0.6000000238
12979  -39.055  -59.694  -46.860 0.5000000000
12980  -39.854  -59.763  -46.795 0.5000000000
13812  -48.885  -59.337  -35.190 0.3000000119
13824  -49.329  -59.936  -35.567 0.3000000119
13855  -42.565  -59.138  -38.227 0.4000000060
13856  -43.766  -59.129  -38.607 0.4000000060
13858  -45.386  -58.857  -38.909 0.4000000060
13869  -42.180  -59.626  -38.431 0.5000000000
13871  -44.321  -59.995  -38.887 0.4000000060
13874  -47.291  -58.915  -39.800 0.4000000060
13875  -47.943  -58.489  -40.103 0.3000000119
13880  -38.694  -59.363  -39.730 0.4000000060
13882  -31.941  -58.950  -41.422 0.5000000000
13883  -43.196  -59.579  -41.621 0.4000000060
13886  -46.168  -58.981  -41.096 0.3000000119
13888  -47.947  -58.239  -40.681 0.3000000119
13889  -31.532  -59.252  -42.110 0.5000000000
13895  -43.492  -58.781  -41.730 0.4000000060
13898  -45.960  -58.016  -42.364 0.3000000119
13901  -35.859  -59.057  -43.492 0.5000000000
13905  -31.636  -58.403  -44.125 0.5000000000
13913  -35.251  -58.786  -45.288 0.6000000238
13916  -34.315  -58.682  -46.412 0.5000000000
13918  -39.428  -59.783  -45.906 0.5000000000
13919  -40.592  -59.606  -46.078 0.5000000000
13920  -41.171  -59.161  -46.299 0.4000000060
13925  -34.019  -58.277  -46.397 0.5000000000
13927  -40.499  -59.659  -46.636 0.5000000000
13929  -40.205  -59.501  -46.915 0.5000000000
14836  -46.808  -58.468  -33.582 0.3000000119
14838  -48.062  -58.292  -34.207 0.3000000119
14858  -48.547  -58.645  -34.804 0.3000000119
14903  -43.625  -57.934  -37.546 0.4000000060
14905  -45.197  -57.616  -38.000 0.4000000060
14920  -42.334  -58.445  -37.787 0.4000000060
14927  -48.052  -57.874  -39.021 0.3000000119
14938  -46.953  -58.663  -39.101 0.4000000060
14940  -48.421  -58.141  -39.699 0.3000000119
14952  -44.371  -58.007  -42.318 0.3000000119
14953  -45.300  -57.766  -42.598 0.3000000119
14955  -46.604  -57.480  -42.252 0.3000000119
14962  -36.548  -57.919  -41.974 0.6000000238
14965  -38.572  -58.551  -42.474 0.6999999881
14967  -42.972  -58.096  -41.556 0.4000000060
14970  -45.394  -57.851  -42.602 0.3000000119
14975  -36.177  -58.482  -42.605 0.6000000238
14978  -41.871  -57.691  -42.459 0.4000000060
14981  -33.888  -57.220  -44.595 0.5000000000
14992  -35.233  -58.281  -44.956 0.5000000000
14997  -33.075  -57.978  -45.947 0.5000000000
14998  -33.939  -57.993  -46.026 0.5000000000
14999  -34.528  -58.194  -46.011 0.5000000000
15000  -35.028  -58.375  -45.619 0.5000000000
15002  -41.548  -58.801  -45.880 0.4000000060
15007  -38.325  -59.213  -46.860 0.5000000000
15008  -38.355  -59.535  -46.683 0.5000000000
15009  -41.838  -58.608  -46.312 0.4000000060
15011  -40.721  -58.691  -46.962 0.5000000000
15012  -41.706  -58.359  -46.782 0.4000000060
15913  -48.875  -57.056  -33.934 0.3000000119
15934  -49.490  -57.613  -34.634 0.3000000119
15985  -43.723  -56.975  -36.619 0.3000000119
15987  -45.117  -56.683  -36.792 0.3000000119
16010  -43.281  -57.357  -36.942 0.4000000060
16035  -48.407  -57.262  -38.771 0.3000000119
16046  -50.258  -56.625  -39.891 0.3000000119
16064  -37.387  -56.696  -41.272 0.6000000238
16080  -37.098  -57.287  -41.539 0.6000000238
16092  -41.149  -57.422  -43.585 0.4000000060
16094  -33.318  -56.481  -43.533 0.5000000000
16103  -38.690  -58.021  -46.307 0.5000000000
16104  -39.181  -58.849  -45.625 0.5000000000
16106  -38.282  -58.701  -46.782 0.5000000000
16108  -42.225  -57.939  -46.347 0.4000000060
16110  -38.631  -58.254  -46.966 0.5000000000
16111  -39.952  -57.950  -47.053 0.5000000000
16113  -42.058  -57.326  -46.827 0.4000000060
17090  -44.504  -56.211  -33.832 0.3000000119
17091  -45.302  -56.168  -33.788 0.3000000119
17092  -46.081  -56.202  -33.755 0.3000000119
17093  -46.822  -55.973  -33.792 0.3000000119
17108  -43.625  -56.179  -34.675 0.3000000119
17109  -44.424  -55.867  -34.550 0.3000000119
17123  -43.322  -56.350  -35.432 0.3000000119
17126  -45.429  -55.574  -35.358 0.3000000119
17140  -44.596  -56.290  -36.096 0.3000000119
17141  -46.300  -55.937  -36.410 0.3000000119
17170  -50.743  -55.828  -39.085 0.3000000119
17184  -50.157  -56.600  -39.363 0.3000000119
17192  -32.893  -56.233  -40.102 0.5000000000
17194  -42.698  -56.092  -39.890 0.4000000060
17208  -36.269  -55.989  -41.031 0.6000000238
17209  -37.816  -56.272  -41.188 0.6000000238
17210  -41.948  -55.930  -40.946 0.4000000060
17211  -42.530  -56.300  -40.730 0.4000000060
17225  -36.045  -56.594  -41.499 0.5000000000
17228  -41.200  -55.601  -42.115 0.4000000060
17229  -41.777  -56.393  -42.028 0.4000000060
17234  -39.209  -56.133  -42.829 0.6000000238
17239  -41.102  -55.957  -43.716 0.4000000060
17240  -39.083  -56.381  -44.797 0.5000000000
17244  -42.616  -57.491  -45.780 0.4000000060
17245  -43.105  -56.840  -45.983 0.4000000060
17246  -39.000  -56.961  -46.215 0.5000000000
17248  -40.036  -55.983  -46.694 0.5000000000
17249  -43.199  -56.415  -46.482 0.4000000060
17251  -39.432  -57.087  -46.951 0.5000000000
17254  -42.643  -56.424  -46.858 0.4000000060
18304  -46.289  -55.509  -34.090 0.3000000119
18321  -46.168  -55.286  -34.577 0.3000000119
18339  -46.389  -55.120  -35.111 0.3000000119
18354  -46.852  -55.326  -35.876 0.3000000119
18376  -51.486  -54.621  -39.142 0.3000000119
18409  -35.493  -54.933  -40.922 0.6999999881
18411  -36.889  -55.357  -40.823 0.6000000238
18414  -41.931  -55.471  -40.719 0.4000000060
18423  -35.500  -55.540  -41.070 0.6000000238
18424  -38.631  -55.597  -41.654 0.6000000238
18426  -41.646  -55.456  -41.288 0.4000000060
18428  -41.014  -55.254  -42.824 0.4000000060
18432  -41.221  -55.596  -44.184 0.4000000060
18433  -41.779  -55.261  -44.691 0.4000000060
18434  -42.664  -55.066  -45.337 0.4000000060
18435  -38.917  -54.602  -45.312 0.5000000000
18437  -41.465  -56.044  -45.103 0.4000000060
18438  -42.217  -55.722  -45.581 0.4000000060
18444  -43.435  -55.914  -46.465 0.4000000060
18445  -41.174  -55.751  -46.925 0.4000000060
19368  -28.875  -54.170  -25.340 0.5000000000
19517  -37.399  -54.297  -34.223 0.6000000238
19518  -38.330  -54.089  -34.381 0.6000000238
19530  -35.558  -54.230  -34.760 0.6000000238
19533  -37.676  -54.332  -35.011 0.6000000238
19548  -35.628  -54.322  -35.353 0.6000000238
19568  -36.472  -54.097  -36.353 0.6000000238
19633  -36.618  -54.504  -40.872 0.6999999881
19635  -37.832  -54.182  -41.561 0.6000000238
19643  -38.641  -54.816  -41.945 0.6000000238
19645  -41.595  -54.834  -41.694 0.4000000060
19647  -38.175  -53.880  -43.620 0.5000000000
19648  -38.772  -54.613  -42.852 0.6999999881
19649  -41.079  -54.767  -43.232 0.4000000060
19655  -41.569  -54.545  -43.637 0.4000000060
19658  -38.167  -53.842  -45.248 0.5000000000
19664  -47.031  -54.569  -45.045 0.4000000060
19674  -43.657  -55.423  -46.402 0.5000000000
20611  -28.614  -53.743  -24.959 0.5000000000
20634  -29.243  -53.936  -25.761 0.5000000000
20688  -30.021  -52.966  -29.934 0.5000000000
20720  -38.513  -53.246  -32.316 0.6000000238
20740  -36.717  -53.601  -33.059 0.6000000238
20743  -39.863  -53.037  -33.267 0.6000000238
20755  -35.629  -53.561  -33.826 0.6000000238
20757  -37.057  -54.076  -33.563 0.6000000238
20768  -33.592  -53.253  -34.971 0.6999999881
20771  -35.905  -54.132  -34.248 0.6000000238
20773  -39.083  -53.814  -34.869 0.6000000238
20793  -37.773  -54.155  -35.851 0.6000000238
20794  -38.464  -53.693  -36.299 0.6000000238
20809  -32.777  -53.296  -36.349 0.5000000000
20810  -33.537  -53.691  -36.351 0.6000000238
20812  -35.248  -53.921  -36.649 0.5000000000
20816  -39.730  -53.218  -35.824 0.5000000000
20834  -36.364  -53.429  -37.501 0.6000000238
20851  -33.588  -53.331  -37.690 0.6000000238
20854  -35.875  -53.140  -38.052 0.6000000238
20855  -36.662  -53.026  -38.128 0.6000000238
20856  -38.142  -53.235  -38.153 0.5000000000
20895  -35.579  -53.913  -41.281 0.6999999881
20901  -32.600  -53.242  -42.701 0.6000000238
20903  -33.940  -53.627  -42.310 0.6000000238
20905  -36.514  -53.306  -42.077 0.6999999881
20906  -43.009  -53.723  -42.267 0.4000000060
20912  -35.916  -52.864  -43.023 0.6999999881
20921  -44.216  -53.797  -43.772 0.5000000000
20922  -44.997  -53.666  -44.427 0.5000000000
20924  -46.167  -53.412  -44.011 0.4000000060
20925  -38.143  -53.212  -44.707 0.5000000000
20933  -40.840  -52.937  -45.765 0.5000000000
20936  -44.654  -54.073  -46.002 0.5000000000
20943  -42.485  -53.342  -46.494 0.5000000000
20945  -44.378  -53.358  -46.096 0.5000000000
21954  -26.988  -52.628  -24.655 0.5000000000
21977  -29.415  -53.172  -25.661 0.5000000000
21996  -29.679  -52.138  -27.310 0.6000000238
22006  -29.748  -52.616  -28.686 0.5000000000
22015  -29.246  -51.654  -28.937 0.6000000238
22040  -38.717  -52.486  -31.301 0.6000000238
22055  -36.598  -52.643  -31.819 0.6000000238
22057  -38.283  -52.937  -31.799 0.6000000238
22058  -39.068  -52.826  -32.046 0.6000000238
22080  -36.312  -52.980  -32.658 0.6000000238
22082  -40.776  -52.056  -32.980 0.6000000238
22092  -34.582  -52.676  -33.990 0.6999999881
22093  -35.253  -52.927  -33.655 0.6999999881
22094  -40.347  -52.830  -33.654 0.5000000000
22103  -33.494  -52.246  -34.664 0.6000000238
22119  -40.113  -53.181  -35.112 0.5000000000
22134  -30.912  -51.255  -36.834 0.6000000238
22137  -39.464  -53.103  -37.137 0.5000000000
22138  -39.889  -52.891  -36.594 0.5000000000
22139  -40.502  -52.456  -36.761 0.5000000000
22156  -32.415  -52.925  -37.117 0.5000000000
22159  -39.763  -53.078  -37.708 0.5000000000
22176  -34.547  -52.923  -38.560 0.6999999881
22179  -38.570  -53.181  -38.719 0.5000000000
22180  -39.364  -53.269  -38.386 0.5000000000
22190  -33.260  -52.254  -38.965 0.6000000238
22192  -34.855  -52.283  -39.337 0.6999999881
22196  -38.211  -52.772  -39.545 0.6000000238
22199  -41.298  -52.877  -39.435 0.6000000238
22209  -36.573  -51.884  -40.219 0.6000000238
22214  -41.769  -52.580  -40.071 0.6000000238
22221  -38.388  -52.362  -41.365 0.6000000238
22222  -39.879  -52.955  -41.461 0.6000000238
22231  -39.436  -52.650  -42.485 0.6000000238
22234  -45.181  -52.940  -42.469 0.4000000060
22240  -35.542  -52.343  -43.182 0.6000000238
22244  -41.536  -52.564  -43.066 0.6000000238
22245  -46.034  -53.153  -42.923 0.4000000060
22250  -36.535  -52.195  -43.619 0.6000000238
22254  -39.736  -52.418  -44.076 0.6000000238
22256  -41.854  -52.418  -44.626 0.6000000238
22259  -38.091  -52.603  -44.460 0.5000000000
22261  -39.295  -52.414  -44.842 0.6000000238
22263  -41.634  -52.443  -45.145 0.6000000238
22267  -41.219  -52.597  -45.440 0.6000000238
22269  -43.531  -52.550  -45.971 0.4000000060
22274  -43.788  -53.031  -46.290 0.5000000000
23328  -26.420  -52.141  -24.908 0.6000000238
23330  -28.029  -51.736  -24.622 0.6000000238
23343  -25.174  -51.715  -25.486 0.6000000238
23344  -25.932  -51.622  -25.234 0.5000000000
23345  -26.518  -51.504  -24.966 0.6999999881
23355  -29.469  -51.285  -27.029 0.6000000238
23371  -29.204  -51.304  -28.648 0.6000000238
23374  -33.283  -51.563  -28.460 0.6000000238
23376  -34.822  -51.365  -28.610 0.6999999881
23386  -33.725  -51.671  -29.046 0.6000000238
23388  -37.613  -51.356  -29.590 0.5000000000
23402  -31.916  -51.662  -29.909 0.6999999881
23403  -33.154  -51.671  -30.170 0.6000000238
23405  -34.730  -51.424  -30.164 0.6000000238
23406  -35.411  -51.328  -30.670 0.6000000238
23421  -28.251  -51.317  -30.830 0.5000000000
23423  -32.970  -51.506  -30.892 0.6000000238
23426  -36.010  -51.665  -30.956 0.6000000238
23428  -38.329  -52.059  -30.720 0.5000000000
23447  -35.347  -51.545  -32.055 0.5000000000
23473  -33.971  -51.208  -33.678 0.6000000238
23474  -34.436  -51.854  -33.671 0.6999999881
23475  -41.139  -51.724  -33.369 0.6000000238
23481  -32.652  -50.787  -34.734 0.5000000000
23482  -34.013  -51.969  -34.167 0.5000000000
23491  -31.909  -50.568  -35.224 0.4000000060
23530  -41.139  -51.937  -37.803 0.5000000000
23543  -41.432  -52.398  -38.581 0.6000000238
23544  -41.728  -51.541  -38.204 0.6000000238
23548  -31.063  -50.728  -39.009 0.5000000000
23550  -33.698  -51.432  -39.642 0.6999999881
23551  -34.752  -51.500  -40.080 0.6999999881
23552  -35.981  -51.979  -39.928 0.6000000238
23554  -42.748  -50.880  -39.227 0.6000000238
23563  -35.307  -51.465  -40.617 0.6999999881
23565  -37.467  -51.896  -40.780 0.5000000000
23567  -42.799  -51.550  -40.033 0.6000000238
23575  -36.265  -51.390  -41.640 0.6000000238
23583  -33.798  -51.120  -41.832 0.6000000238
23586  -35.983  -51.374  -42.404 0.6000000238
23590  -42.873  -51.789  -41.806 0.6000000238
23596  -35.696  -51.896  -42.962 0.6000000238
23598  -36.883  -51.759  -43.136 0.6000000238
23599  -38.173  -51.984  -43.285 0.6000000238
23601  -43.390  -51.595  -43.038 0.5000000000
23607  -37.590  -52.056  -43.804 0.6000000238
23612  -44.327  -51.813  -44.377 0.4000000060
23614  -38.224  -52.420  -44.408 0.6000000238
23615  -43.195  -52.331  -44.670 0.5000000000
23618  -45.318  -51.925  -45.335 0.4000000060
23622  -44.753  -52.328  -45.571 0.5000000000
24682  -28.198  -51.006  -24.693 0.6999999881
24683  -28.808  -50.861  -25.082 0.6999999881
24695  -29.259  -50.643  -25.810 0.6999999881
24717  -33.138  -50.724  -27.452 0.6999999881
24728  -29.343  -51.049  -28.638 0.6000000238
24732  -32.780  -51.254  -27.908 0.6000000238
24734  -34.429  -51.148  -28.086 0.6000000238
24751  -30.243  -50.912  -28.799 0.6999999881
24755  -37.992  -50.910  -29.143 0.5000000000
24769  -29.257  -50.855  -30.005 0.6000000238
24787  -28.616  -51.067  -30.570 0.6000000238
24789  -30.155  -50.913  -30.562 0.6000000238
24792  -33.491  -50.998  -31.633 0.6000000238
24812  -29.833  -50.767  -32.168 0.5000000000
24813  -31.428  -51.087  -32.007 0.6000000238
24814  -32.951  -50.823  -32.383 0.6000000238
24816  -34.346  -50.807  -32.336 0.5000000000
24828  -29.294  -50.705  -32.739 0.6000000238
24844  -32.870  -50.402  -33.700 0.5000000000
24907  -30.446  -49.972  -38.756 0.5000000000
24908  -42.024  -50.668  -38.070 0.5000000000
24915  -42.222  -51.150  -38.647 0.6000000238
24919  -30.798  -50.302  -40.426 0.6000000238
24920  -31.594  -50.239  -40.427 0.6999999881
24924  -43.650  -50.719  -40.397 0.4000000060
24928  -31.331  -50.525  -41.018 0.6000000238
24929  -34.331  -50.480  -41.182 0.6999999881
24930  -34.824  -50.887  -41.531 0.6999999881
24931  -43.357  -51.217  -40.628 0.6000000238
24932  -43.810  -50.872  -41.007 0.4000000060
24938  -34.308  -50.571  -41.468 0.6999999881
24947  -44.575  -51.005  -42.878 0.5000000000
26042  -26.633  -50.316  -24.836 0.6999999881
26044  -28.664  -49.533  -24.801 0.6000000238
26052  -29.364  -49.958  -25.819 0.6000000238
26061  -24.560  -49.875  -26.668 0.6000000238
26062  -25.131  -49.758  -26.332 0.6000000238
26064  -30.087  -49.880  -26.575 0.6999999881
26074  -24.188  -49.616  -27.100 0.6000000238
26075  -31.042  -50.130  -27.025 0.6000000238
26077  -32.719  -50.177  -27.076 0.5000000000
26079  -35.034  -50.121  -27.435 0.5000000000
26081  -37.654  -49.555  -27.606 0.5000000000
26082  -38.299  -49.547  -27.899 0.5000000000
26091  -36.431  -50.277  -27.828 0.5000000000
26093  -38.003  -50.055  -28.116 0.5000000000
26221  -43.676  -50.175  -39.915 0.4000000060
26225  -44.683  -50.027  -40.831 0.4000000060
26230  -45.637  -50.093  -41.925 0.4000000060
27284  -27.537  -48.863  -24.451 0.6000000238
27285  -28.283  -48.907  -24.514 0.6000000238
27294  -25.896  -48.559  -25.674 0.6000000238
27295  -26.369  -49.014  -25.032 0.6000000238
27296  -29.592  -48.930  -25.422 0.6000000238
27303  -25.403  -49.021  -26.352 0.6000000238
27304  -30.401  -49.300  -26.281 0.6000000238
27317  -25.085  -48.666  -27.009 0.5000000000
27318  -33.064  -49.655  -26.836 0.5000000000
27320  -34.408  -49.100  -26.882 0.5000000000
27322  -36.444  -49.069  -27.193 0.5000000000
27323  -37.114  -49.152  -27.347 0.5000000000
27339  -24.365  -48.795  -28.145 0.5000000000
27463  -42.909  -49.155  -38.019 0.5000000000
27468  -43.695  -49.064  -38.921 0.5000000000
27469  -44.348  -48.697  -39.224 0.4000000060
27474  -44.631  -49.077  -39.845 0.4000000060
27479  -45.514  -49.136  -40.600 0.4000000060
28455  -26.915  -48.737  -24.665 0.6000000238
28456  -27.369  -48.208  -24.673 0.6000000238
28458  -28.618  -48.272  -24.587 0.6000000238
28469  -29.335  -48.308  -24.969 0.6000000238
28471  -30.465  -48.183  -25.659 0.5000000000
28481  -31.636  -48.106  -26.037 0.5000000000
28483  -33.057  -48.204  -26.610 0.6000000238
28484  -35.810  -47.794  -26.673 0.5000000000
28493  -24.857  -48.459  -27.752 0.6000000238
28495  -33.693  -48.596  -26.698 0.6000000238
28497  -35.548  -48.340  -26.775 0.5000000000
28498  -36.192  -48.430  -26.845 0.5000000000
29598  -28.044  -47.663  -24.650 0.6000000238
29611  -27.629  -47.000  -25.146 0.6000000238
29613  -29.364  -46.946  -25.075 0.6000000238
29614  -30.061  -47.131  -25.390 0.6000000238
29631  -27.220  -46.481  -25.896 0.6000000238
29633  -31.344  -47.194  -26.025 0.6000000238
29636  -33.574  -47.776  -26.703 0.6000000238
29637  -35.236  -47.147  -26.635 0.5000000000
29661  -26.074  -46.810  -26.996 0.6000000238
29663  -33.266  -46.981  -27.097 0.6999999881
29664  -33.976  -47.294  -26.775 0.5000000000
29695  -25.367  -47.121  -28.222 0.5000000000
29712  -24.742  -47.429  -29.371 0.5000000000
29719  -24.084  -47.682  -30.520 0.5000000000
29728  -24.376  -47.007  -30.569 0.5000000000
29747  -23.320  -47.673  -33.518 0.5000000000
29748  -23.562  -47.506  -32.658 0.5000000000
30779  -26.648  -46.303  -26.661 0.6000000238
30781  -29.444  -45.751  -25.920 0.6000000238
30783  -31.978  -46.756  -26.709 0.6999999881
30785  -35.655  -46.437  -26.424 0.5000000000
30806  -25.818  -46.571  -27.684 0.5000000000
30807  -30.701  -45.827  -26.952 0.6999999881
30829  -25.607  -46.333  -28.395 0.5000000000
30831  -32.062  -46.249  -28.501 0.6000000238
30833  -32.774  -46.007  -28.711 0.6000000238
30834  -33.166  -46.080  -27.727 0.6000000238
30844  -32.416  -45.969  -29.258 0.6000000238
30858  -24.084  -46.769  -31.620 0.5000000000
30859  -24.522  -46.271  -31.140 0.5000000000
30869  -24.067  -46.804  -32.486 0.5000000000
30884  -24.774  -46.255  -32.776 0.5000000000
30885  -25.661  -45.973  -33.088 0.4000000060
30901  -25.669  -46.478  -33.996 0.4000000060
31012  -45.131  -46.072  -38.818 0.4000000060
31905  -28.583  -45.684  -25.832 0.6000000238
31925  -27.309  -45.735  -26.519 0.6000000238
31926  -28.089  -45.299  -26.437 0.6000000238
31949  -26.743  -45.651  -27.171 0.6000000238
31953  -30.194  -45.424  -27.524 0.6999999881
31969  -25.896  -45.602  -28.619 0.6000000238
31970  -26.397  -45.298  -28.300 0.6000000238
31971  -26.920  -44.917  -28.444 0.6000000238
31972  -29.650  -45.079  -28.110 0.6999999881
31974  -31.507  -45.969  -28.997 0.6000000238
31975  -32.944  -45.647  -28.337 0.5000000000
31991  -25.853  -45.382  -29.329 0.5000000000
31992  -26.453  -45.007  -29.507 0.6000000238
31995  -30.934  -45.641  -29.482 0.6000000238
31996  -32.001  -45.567  -29.553 0.6000000238
32013  -25.092  -45.618  -30.810 0.4000000060
32014  -25.709  -45.300  -30.546 0.4000000060
32018  -29.973  -45.511  -30.656 0.6000000238
32019  -30.793  -45.502  -30.907 0.6000000238
32020  -31.213  -45.317  -30.817 0.6000000238
32040  -25.762  -45.289  -31.242 0.5000000000
32043  -29.068  -45.537  -31.309 0.6999999881
32045  -30.777  -45.404  -31.391 0.6000000238
32064  -29.294  -45.805  -32.230 0.5000000000
32065  -30.175  -45.548  -32.052 0.6999999881
32081  -27.995  -45.885  -32.945 0.5000000000
32151  -26.760  -45.802  -38.478 0.3000000119
32167  -28.821  -45.518  -38.894 0.4000000060
33117  -32.987  -44.934  -27.470 0.5000000000
33118  -33.543  -45.208  -26.781 0.5000000000
33136  -28.457  -44.690  -28.544 0.6999999881
33137  -29.147  -44.885  -28.558 0.6999999881
33138  -32.601  -44.905  -28.501 0.5000000000
33158  -27.159  -44.791  -29.267 0.6000000238
33159  -28.149  -44.737  -29.334 0.6000000238
33175  -26.912  -44.874  -30.079 0.6000000238
33177  -31.500  -45.143  -30.667 0.5000000000
33178  -31.810  -44.972  -30.042 0.5000000000
33193  -30.721  -45.179  -31.715 0.6000000238
33205  -29.786  -45.511  -32.419 0.5000000000
33206  -30.123  -44.865  -32.099 0.5000000000
33225  -29.031  -45.790  -34.257 0.4000000060
33275  -27.731  -45.243  -38.426 0.3000000119
34190  -32.271  -43.477  -27.102 0.4000000060
34222  -30.619  -43.864  -30.671 0.5000000000
34223  -31.263  -44.521  -30.516 0.6000000238
34249  -28.643  -43.598  -32.689 0.4000000060
34250  -29.327  -44.365  -32.453 0.4000000060
34263  -29.358  -45.219  -33.007 0.4000000060
34293  -25.604  -43.799  -34.592 0.3000000119
34295  -29.014  -44.231  -35.921 0.3000000119
34311  -29.548  -43.513  -36.886 0.3000000119
35241  -35.219  -43.002  -25.632 0.4000000060
35261  -32.294  -42.054  -26.503 0.4000000060
35262  -32.438  -42.776  -26.552 0.4000000060
35263  -33.656  -42.738  -25.765 0.4000000060
35264  -34.912  -42.274  -25.793 0.4000000060
35265  -35.575  -42.583  -25.957 0.4000000060
35266  -36.170  -42.756  -26.310 0.4000000060
35286  -31.219  -42.589  -28.190 0.5000000000
35287  -31.789  -43.093  -27.819 0.5000000000
35300  -39.747  -42.420  -29.523 0.4000000060
35332  -28.324  -42.628  -32.157 0.4000000060
35341  -24.954  -42.367  -33.019 0.4000000060
35342  -28.347  -42.859  -33.153 0.3000000119
35355  -25.365  -42.781  -33.551 0.3000000119
35356  -26.044  -42.446  -33.935 0.3000000119
35372  -27.189  -42.506  -35.209 0.4000000060
35374  -29.481  -43.182  -35.545 0.3000000119
35386  -30.264  -42.846  -36.640 0.3000000119
35387  -30.783  -42.481  -36.762 0.3000000119
35399  -29.861  -42.979  -37.046 0.3000000119
35401  -30.575  -42.573  -36.914 0.3000000119
36392  -35.509  -42.020  -26.281 0.4000000060
36404  -31.400  -41.219  -27.169 0.4000000060
36405  -31.715  -41.898  -27.060 0.4000000060
36406  -36.750  -42.029  -27.551 0.4000000060
36407  -37.089  -41.576  -27.645 0.4000000060
36414  -30.060  -41.603  -28.791 0.4000000060
36415  -30.815  -41.711  -27.998 0.5000000000
36416  -37.324  -42.184  -28.135 0.4000000060
36426  -29.592  -41.742  -29.400 0.4000000060
36441  -29.544  -42.471  -29.951 0.4000000060
36450  -28.398  -41.667  -31.035 0.3000000119
36451  -28.746  -42.338  -30.572 0.4000000060
36465  -28.264  -41.864  -31.788 0.3000000119
36479  -26.229  -41.258  -33.181 0.3000000119
36506  -26.699  -42.099  -34.433 0.4000000060
36508  -28.128  -41.641  -35.218 0.4000000060
36510  -30.998  -41.978  -35.670 0.3000000119
36520  -28.037  -42.262  -35.677 0.4000000060
36521  -28.849  -42.006  -36.139 0.4000000060
36522  -29.780  -41.751  -36.480 0.4000000060
36524  -31.028  -41.780  -36.491 0.3000000119
36535  -30.458  -42.370  -37.041 0.3000000119
36536  -30.870  -42.257  -36.900 0.3000000119
36537  -30.872  -41.682  -36.671 0.3000000119
37633  -32.683  -40.765  -26.359 0.4000000060
37635  -34.547  -40.881  -26.219 0.4000000060
37636  -35.347  -41.039  -26.495 0.4000000060
37638  -36.459  -40.683  -26.875 0.4000000060
37650  -31.125  -40.627  -27.496 0.4000000060
37653  -36.968  -41.028  -27.280 0.4000000060
37655  -38.574  -40.670  -27.505 0.3000000119
37667  -30.632  -40.860  -27.977 0.3000000119
37669  -39.109  -41.125  -27.977 0.3000000119
37680  -29.261  -41.137  -29.760 0.3000000119
37681  -29.702  -40.913  -29.113 0.4000000060
37701  -28.745  -40.763  -30.914 0.3000000119
37712  -28.423  -41.266  -32.198 0.3000000119
37722  -25.746  -41.085  -32.694 0.3000000119
37725  -29.704  -40.855  -33.180 0.3000000119
37726  -30.595  -40.816  -33.777 0.3000000119
37735  -27.468  -40.948  -33.949 0.4000000060
37736  -27.989  -40.867  -34.382 0.4000000060
37749  -27.692  -41.307  -34.545 0.4000000060
37751  -29.541  -40.937  -35.675 0.4000000060
37752  -31.273  -41.593  -35.922 0.3000000119
37762  -30.916  -41.069  -36.280 0.3000000119
38882  -33.798  -40.419  -26.218 0.4000000060
38884  -36.024  -40.032  -26.567 0.3000000119
38898  -31.415  -39.918  -27.473 0.3000000119
38915  -30.456  -40.266  -28.381 0.3000000119
38930  -30.145  -40.120  -29.051 0.3000000119
38939  -30.049  -39.823  -29.927 0.3000000119
38950  -30.035  -39.751  -30.754 0.3000000119
38960  -24.892  -40.241  -31.612 0.3000000119
38962  -26.363  -39.689  -32.034 0.3000000119
38976  -26.071  -40.389  -32.376 0.3000000119
38977  -26.830  -40.123  -32.648 0.3000000119
38978  -27.686  -39.830  -32.957 0.4000000060
38980  -30.505  -40.340  -33.077 0.3000000119
38982  -32.081  -39.727  -33.242 0.3000000119
38994  -31.746  -40.034  -33.913 0.3000000119
38995  -31.968  -39.703  -34.699 0.3000000119
39004  -28.665  -40.680  -34.759 0.4000000060
39017  -30.353  -40.555  -35.803 0.4000000060
40112  -36.301  -39.318  -26.481 0.3000000119
40172  -24.049  -38.530  -30.029 0.3000000119
40187  -25.858  -39.058  -31.380 0.3000000119
40188  -26.286  -38.418  -31.279 0.3000000119
40202  -31.826  -39.290  -31.675 0.3000000119
40225  -29.981  -39.036  -34.126 0.3000000119
40236  -30.543  -39.438  -34.953 0.3000000119
40247  -31.455  -39.564  -35.439 0.3000000119
41408  -25.576  -37.866  -29.981 0.3000000119
41434  -33.974  -38.611  -32.650 0.3000000119
41438  -27.920  -38.584  -32.210 0.4000000060
41445  -29.567  -38.758  -33.407 0.3000000119
41447  -31.158  -38.069  -34.257 0.3000000119
41456  -31.505  -38.534  -34.945 0.3000000119
42649  -26.082  -37.605  -30.528 0.3000000119
42650  -26.371  -37.589  -30.165 0.3000000119
42663  -26.670  -37.466  -30.708 0.3000000119
156861  -34.861  -51.241  -32.404 0.5000000000
157043  -35.366  -60.992  -43.037 0.5000000000
157753  -28.831  -50.521  -31.969 0.5000000000
157804  -31.078  -46.418  -26.464 0.6999999881
157940  -32.466  -50.413  -33.538 0.5000000000
158335  -39.557  -52.958  -32.704 0.6000000238
159401  -28.971  -45.949  -34.854 0.3000000119
159644  -28.930  -42.677  -36.604 0.4000000060
159673  -39.600  -53.216  -39.826 0.6000000238
159908  -30.446  -50.047  -39.733 0.5000000000
159923  -27.494  -50.395  -24.537 0.6999999881
160230  -32.093  -44.368  -28.820 0.5000000000
160242  -29.712  -52.792  -26.414 0.6000000238
160421  -30.678  -49.710  -26.676 0.6000000238
160485  -45.829  -59.406  -39.171 0.4000000060
160778  -45.945  -49.143  -40.968 0.4000000060
161643  -36.915  -53.708  -36.948 0.6000000238
161922  -30.433  -45.540  -30.091 0.6999999881
162286  -30.809  -51.036  -31.335 0.6000000238
162395  -29.791  -45.452  -37.160 0.3000000119
162521  -29.547  -50.749  -26.609 0.6999999881
163013  -31.951  -50.616  -41.421 0.6000000238
163211  -28.958  -51.545  -29.566 0.5000000000
163687  -32.849  -44.100  -26.818 0.5000000000
164110  -37.373  -51.704  -42.321 0.6000000238
164403  -33.328  -50.493  -33.081 0.6000000238
164661  -29.665  -47.682  -25.098 0.6000000238
165331  -33.087  -55.748  -41.681 0.5000000000
165427  -30.926  -48.661  -25.981 0.5000000000
165485  -29.686  -45.585  -31.167 0.6000000238
165507  -37.684  -52.279  -40.089 0.6000000238
165628  -31.216  -41.054  -36.020 0.3000000119
166161  -43.424  -56.235  -46.103 0.4000000060
166294  -33.713  -57.811  -45.323 0.5000000000
166312  -35.625  -59.688  -44.081 0.6000000238
167052  -32.950  -42.389  -26.042 0.4000000060
167160  -27.350  -44.814  -27.927 0.6000000238
167389  -31.273  -39.227  -35.193 0.3000000119
168128  -28.356  -39.142  -32.874 0.4000000060
168373  -47.446  -56.654  -33.611 0.3000000119
169126  -42.638  -61.428  -38.839 0.5000000000
169207  -35.546  -60.775  -43.643 0.6000000238
169404  -35.199  -51.421  -29.376 0.6000000238
170249  -25.981  -50.306  -25.347 0.6000000238
170402  -42.074  -58.163  -41.799 0.4000000060
170758  -32.547  -51.738  -29.785 0.6000000238
171305  -45.586  -57.096  -37.471 0.4000000060
171338  -35.131  -61.317  -40.182 0.6000000238
171694  -46.696  -55.107  -34.549 0.3000000119
171755  -27.471  -53.222  -24.615 0.5000000000
171898  -39.122  -56.772  -42.562 0.6000000238
172045  -41.186  -56.653  -43.774 0.4000000060
172555  -31.674  -50.510  -34.189 0.5000000000
172790  -34.255  -39.145  -26.477 0.3000000119
173034  -33.128  -50.872  -41.727 0.6999999881
173112  -34.985  -60.827  -43.180 0.5000000000
173614  -32.396  -56.318  -38.486 0.5000000000
173687  -40.248  -62.414  -40.268 0.6000000238
173968  -29.652  -44.855  -38.458 0.3000000119
174087  -39.999  -52.983  -45.913 0.5000000000
174431  -30.170  -47.774  -25.399 0.6000000238
174788  -32.247  -39.636  -33.998 0.3000000119
175005  -33.790  -50.558  -27.432 0.4000000060
175110  -38.083  -48.355  -27.230 0.5000000000
175287  -32.989  -40.041  -26.461 0.4000000060
175450  -28.540  -52.374  -24.766 0.5000000000
176021  -32.190  -51.156  -32.030 0.6000000238
176404  -37.155  -56.106  -41.041 0.6000000238
176781  -41.278  -57.038  -47.009 0.4000000060
176807  -29.117  -40.757  -30.198 0.3000000119
176997  -36.051  -51.335  -29.547 0.6999999881
177005  -36.605  -51.609  -29.974 0.6000000238
177053  -42.831  -59.935  -38.586 0.5000000000
177107  -29.100  -52.274  -25.121 0.5000000000
177297  -44.661  -52.844  -45.843 0.5000000000
177461  -42.256  -54.192  -41.902 0.4000000060
177791  -46.580  -56.331  -37.073 0.3000000119
177837  -35.129  -49.358  -27.092 0.5000000000
178099  -32.496  -52.881  -35.760 0.6000000238
178118  -29.944  -50.587  -27.627 0.6999999881
178209  -38.221  -53.539  -37.011 0.5000000000
178600  -45.719  -56.827  -33.531 0.3000000119
178737  -28.985  -40.834  -32.494 0.3000000119
178790  -35.042  -41.558  -26.180 0.4000000060
178824  -40.349  -58.476  -38.773 0.5000000000
179030  -34.901  -39.538  -26.424 0.3000000119
179215  -36.510  -52.174  -31.183 0.6000000238
179218  -33.383  -43.998  -26.248 0.5000000000
179447  -30.489  -59.731  -43.141 0.5000000000
179457  -38.585  -53.770  -33.648 0.6000000238
179987  -38.360  -53.570  -32.938 0.6000000238
180162  -30.986  -41.255  -27.604 0.4000000060
180412  -31.379  -45.506  -30.216 0.5000000000
180546  -37.180  -54.347  -35.496 0.6000000238
180562  -30.422  -45.543  -31.785 0.6999999881
180582  -40.333  -52.796  -37.662 0.5000000000
180586  -44.087  -54.541  -46.133 0.5000000000
180632  -36.710  -52.464  -43.638 0.6000000238
180983  -39.072  -55.246  -45.384 0.5000000000
181045  -41.799  -54.487  -42.306 0.4000000060
181113  -48.126  -55.650  -33.821 0.3000000119
181317  -26.502  -45.174  -31.600 0.4000000060
181331  -29.573  -50.862  -28.100 0.6000000238
181581  -33.785  -39.769  -26.415 0.3000000119
181594  -28.911  -51.094  -29.767 0.6000000238
181674  -42.142  -57.086  -42.205 0.4000000060
182116  -35.636  -53.128  -33.465 0.6000000238
182507  -31.445  -49.662  -26.618 0.6000000238
182642  -43.975  -50.940  -41.643 0.5000000000
182644  -31.726  -45.725  -29.576 0.6000000238
183371  -33.758  -46.353  -27.002 0.6000000238
183961  -31.064  -41.437  -36.479 0.3000000119
184007  -30.593  -50.396  -27.432 0.6999999881
184367  -40.928  -61.953  -39.159 0.6000000238
184635  -34.702  -49.634  -27.140 0.5000000000
184800  -29.373  -41.316  -33.549 0.3000000119
184961  -32.374  -52.406  -35.434 0.6000000238
185095  -44.284  -54.346  -46.397 0.5000000000
185097  -35.059  -61.532  -40.314 0.5000000000
185284  -36.142  -52.347  -39.367 0.6000000238
185363  -24.184  -46.853  -31.114 0.5000000000
185531  -35.987  -61.487  -40.690 0.6000000238
185711  -39.891  -53.265  -45.991 0.5000000000
185786  -41.472  -60.508  -42.659 0.4000000060
186058  -35.859  -60.666  -43.543 0.6999999881
186081  -38.836  -62.271  -40.674 0.5000000000
186655  -26.889  -43.846  -35.983 0.4000000060
186874  -30.575  -50.937  -31.882 0.6000000238
187134  -38.736  -61.099  -40.362 0.5000000000
187218  -46.206  -56.825  -33.563 0.3000000119
187353  -29.268  -52.697  -25.349 0.5000000000
187594  -47.178  -56.938  -38.092 0.3000000119
187606  -45.313  -52.076  -45.521 0.4000000060
187964  -32.663  -47.922  -26.500 0.6000000238
188114  -32.440  -57.858  -41.635 0.5000000000
188122  -35.810  -42.324  -26.380 0.4000000060
188557  -39.010  -58.774  -42.990 0.6000000238
188753  -39.409  -60.379  -44.557 0.6000000238
