#!ascii label  , from subject sub-v2s1x29870_ses-1 vox2ras=TkReg
525
96742  -34.691  4.658  -32.030 0.0000000000
101226  -32.422  8.533  -34.754 0.0000000000
114438  -26.590  19.757  -35.742 0.0000000000
111182  -31.238  16.972  -33.890 0.0000000000
106753  -35.047  13.677  -30.584 0.0000000000
103454  -38.679  10.064  -32.212 0.0000000000
116420  -24.936  20.740  -38.777 0.0000000000
108960  -33.320  15.631  -33.122 0.0000000000
106827  -32.096  12.911  -34.205 0.0000000000
98927  -33.073  6.596  -32.927 0.0000000000
102331  -34.612  9.417  -30.814 0.0000000000
100003  -36.060  7.503  -30.238 0.0000000000
91349  -30.756  0.506  -31.919 0.0000000000
95685  -32.673  3.653  -34.636 0.0000000000
123624  -23.654  27.454  -37.896 0.0000000000
121590  -25.888  26.110  -37.300 0.0000000000
120582  -26.947  24.618  -34.963 0.0000000000
186811  -27.941  22.601  -34.510 0.0000000000
116375  -29.549  20.825  -32.811 0.0000000000
113294  -29.216  18.258  -35.420 0.0000000000
114416  -31.700  18.984  -32.411 0.0000000000
112207  -34.013  17.556  -31.241 0.0000000000
184731  -36.376  16.003  -30.081 0.0000000000
107859  -38.913  13.970  -32.203 0.0000000000
104543  -33.408  11.252  -31.826 0.0000000000
105623  -37.729  11.974  -30.257 0.0000000000
107912  -31.060  13.838  -35.513 0.0000000000
175476  -30.608  12.588  -35.677 0.0000000000
97812  -33.846  5.874  -31.900 0.0000000000
179827  -34.059  7.210  -31.106 0.0000000000
97797  -34.874  5.946  -30.734 0.0000000000
87021  -30.489  -3.176  -29.409 0.0000000000
88154  -30.844  -2.032  -29.428 0.0000000000
178873  -30.738  -0.553  -29.836 0.0000000000
96787  -31.803  4.682  -34.953 0.0000000000
94611  -30.652  3.822  -34.347 0.0000000000
179082  -26.213  25.132  -36.284 0.0000000000
115449  -25.401  20.271  -37.886 0.0000000000
117422  -26.376  21.687  -35.555 0.0000000000
116405  -26.800  21.063  -35.426 0.0000000000
117402  -28.591  21.926  -33.537 0.0000000000
115431  -27.661  20.423  -34.734 0.0000000000
112242  -30.409  17.866  -35.044 0.0000000000
113271  -30.411  18.627  -34.266 0.0000000000
112222  -31.334  17.900  -33.070 0.0000000000
113258  -32.847  18.397  -31.717 0.0000000000
112224  -32.754  16.822  -32.838 0.0000000000
159620  -33.999  14.493  -31.210 0.0000000000
110032  -34.533  15.600  -31.033 0.0000000000
108937  -35.869  14.699  -30.312 0.0000000000
108950  -38.108  14.512  -30.803 0.0000000000
162937  -37.443  13.553  -30.130 0.0000000000
102394  -31.510  9.501  -35.684 0.0000000000
165379  -32.704  10.932  -34.463 0.0000000000
102361  -33.034  9.773  -33.387 0.0000000000
173011  -37.561  9.833  -30.234 0.0000000000
103414  -36.858  10.515  -30.142 0.0000000000
104544  -38.547  11.078  -31.826 0.0000000000
184356  -38.953  11.604  -33.268 0.0000000000
103475  -38.803  10.758  -34.173 0.0000000000
92426  -31.360  0.926  -31.422 0.0000000000
92457  -30.933  1.410  -32.732 0.0000000000
93494  -32.360  1.872  -31.516 0.0000000000
93525  -32.737  2.481  -32.882 0.0000000000
110108  -31.003  15.572  -35.638 0.0000000000
110080  -32.197  15.897  -33.433 0.0000000000
108996  -31.623  14.621  -34.234 0.0000000000
107884  -32.651  14.196  -33.267 0.0000000000
106801  -33.432  13.058  -32.488 0.0000000000
179159  -32.977  7.813  -33.394 0.0000000000
157606  -32.984  8.919  -33.041 0.0000000000
101210  -33.536  8.034  -31.822 0.0000000000
101169  -35.544  8.158  -30.202 0.0000000000
101200  -38.176  9.002  -30.846 0.0000000000
188331  -31.027  0.466  -30.175 0.0000000000
98974  -31.533  7.488  -35.147 0.0000000000
98953  -32.657  6.503  -34.373 0.0000000000
96753  -33.195  5.057  -33.919 0.0000000000
176606  -33.837  4.501  -32.984 0.0000000000
182077  -24.388  29.436  -37.183 0.0000000000
176520  -23.182  25.717  -36.915 0.0000000000
122628  -24.873  26.631  -37.690 0.0000000000
123615  -27.703  27.264  -35.702 0.0000000000
122621  -27.955  26.674  -35.204 0.0000000000
184417  -28.585  25.694  -34.664 0.0000000000
117430  -25.043  22.459  -36.208 0.0000000000
173593  -26.981  23.373  -34.841 0.0000000000
120564  -29.218  24.740  -34.117 0.0000000000
182026  -29.383  23.589  -33.045 0.0000000000
117387  -29.684  22.425  -32.210 0.0000000000
173750  -30.862  21.593  -31.874 0.0000000000
113292  -27.620  18.575  -35.559 0.0000000000
115433  -29.003  19.859  -34.302 0.0000000000
168913  -30.224  20.393  -32.542 0.0000000000
168787  -32.249  20.691  -31.643 0.0000000000
115404  -33.312  20.258  -31.361 0.0000000000
157011  -35.349  18.365  -30.509 0.0000000000
111154  -33.244  16.488  -32.183 0.0000000000
111144  -35.256  16.696  -30.502 0.0000000000
104605  -31.543  11.437  -35.211 0.0000000000
105667  -33.230  12.069  -33.778 0.0000000000
106768  -33.768  12.569  -31.270 0.0000000000
103428  -34.496  10.313  -30.916 0.0000000000
105622  -35.046  11.677  -30.660 0.0000000000
106755  -36.425  12.558  -30.106 0.0000000000
106786  -38.520  13.054  -31.489 0.0000000000
106816  -38.605  12.668  -34.329 0.0000000000
94602  -32.098  2.852  -34.112 0.0000000000
94589  -33.988  3.257  -33.000 0.0000000000
95649  -34.775  4.033  -32.085 0.0000000000
97813  -34.305  5.279  -31.731 0.0000000000
97796  -34.281  5.880  -31.245 0.0000000000
97779  -35.591  6.041  -30.448 0.0000000000
96726  -34.897  5.140  -31.296 0.0000000000
87022  -31.124  -2.811  -29.106 0.0000000000
88153  -30.516  -2.599  -29.550 0.0000000000
115450  -25.670  20.121  -36.399 0.0000000000
116404  -25.922  20.946  -35.807 0.0000000000
115440  -26.452  20.428  -35.601 0.0000000000
116396  -27.392  21.035  -34.926 0.0000000000
115441  -27.171  20.267  -35.291 0.0000000000
111197  -30.549  17.080  -35.147 0.0000000000
111196  -29.985  17.433  -35.530 0.0000000000
112243  -30.871  17.484  -34.570 0.0000000000
113280  -30.687  18.180  -34.493 0.0000000000
112232  -31.014  17.710  -33.848 0.0000000000
112223  -32.175  17.456  -32.754 0.0000000000
112233  -31.611  17.161  -33.130 0.0000000000
107845  -34.516  14.120  -30.919 0.0000000000
108936  -35.145  14.404  -30.593 0.0000000000
107830  -35.778  13.932  -30.316 0.0000000000
107832  -37.229  14.298  -30.042 0.0000000000
107831  -36.628  13.487  -30.081 0.0000000000
101248  -31.922  9.034  -35.130 0.0000000000
102369  -33.001  9.538  -34.170 0.0000000000
183925  -32.973  9.070  -33.783 0.0000000000
179181  -38.273  10.079  -30.963 0.0000000000
103430  -38.202  10.484  -30.621 0.0000000000
103468  -38.920  10.534  -32.821 0.0000000000
104582  -38.957  10.999  -33.381 0.0000000000
103476  -39.001  10.269  -33.577 0.0000000000
103485  -38.647  10.472  -35.101 0.0000000000
103486  -38.939  10.001  -34.462 0.0000000000
92442  -31.773  1.428  -31.803 0.0000000000
109006  -30.704  15.248  -36.434 0.0000000000
108995  -31.266  15.097  -34.933 0.0000000000
109007  -31.039  14.718  -35.852 0.0000000000
106840  -31.605  13.169  -34.630 0.0000000000
107898  -31.698  13.730  -34.296 0.0000000000
106813  -32.307  13.500  -33.691 0.0000000000
107885  -33.031  13.821  -32.971 0.0000000000
106814  -32.815  12.820  -33.775 0.0000000000
100041  -33.060  7.398  -32.902 0.0000000000
185968  -33.243  8.081  -32.269 0.0000000000
100042  -33.321  7.588  -32.262 0.0000000000
100024  -35.225  7.462  -30.255 0.0000000000
169744  -34.760  8.040  -30.461 0.0000000000
101170  -36.472  8.274  -30.165 0.0000000000
102309  -37.006  9.021  -30.194 0.0000000000
101171  -37.415  8.295  -30.305 0.0000000000
166100  -38.000  8.510  -30.554 0.0000000000
181049  -37.948  7.994  -30.531 0.0000000000
85890  -30.005  -3.470  -29.558 0.0000000000
85873  -29.778  -4.093  -29.198 0.0000000000
90294  -30.545  -0.059  -30.460 0.0000000000
91319  -31.381  0.767  -29.655 0.0000000000
98952  -32.116  6.994  -34.801 0.0000000000
174581  -32.617  4.361  -34.707 0.0000000000
166501  -32.831  5.077  -34.497 0.0000000000
180030  -33.175  4.494  -34.358 0.0000000000
96754  -33.428  5.086  -33.095 0.0000000000
95671  -33.249  3.827  -34.426 0.0000000000
124591  -23.364  28.276  -37.450 0.0000000000
125576  -23.546  29.202  -36.944 0.0000000000
124592  -24.285  28.585  -37.886 0.0000000000
169843  -25.086  29.267  -37.683 0.0000000000
120596  -24.747  25.063  -37.755 0.0000000000
121589  -24.955  25.814  -37.649 0.0000000000
122629  -26.204  26.869  -37.315 0.0000000000
123626  -26.640  27.736  -37.243 0.0000000000
123627  -27.571  27.985  -36.525 0.0000000000
121591  -26.536  26.381  -36.732 0.0000000000
120581  -26.347  24.601  -35.607 0.0000000000
121575  -26.827  25.331  -35.614 0.0000000000
121568  -27.416  25.166  -34.999 0.0000000000
170336  -28.303  26.072  -34.851 0.0000000000
162890  -24.902  21.398  -36.462 0.0000000000
118478  -27.210  22.586  -34.879 0.0000000000
170277  -26.559  22.288  -35.251 0.0000000000
118464  -27.759  23.240  -34.639 0.0000000000
119509  -28.229  23.881  -34.546 0.0000000000
119510  -28.967  23.926  -34.115 0.0000000000
119491  -29.474  24.257  -33.491 0.0000000000
168426  -28.999  23.294  -33.568 0.0000000000
116390  -28.865  21.254  -33.282 0.0000000000
187141  -29.317  22.277  -32.646 0.0000000000
117386  -29.382  21.728  -32.621 0.0000000000
117370  -30.469  22.251  -31.904 0.0000000000
116352  -30.080  21.443  -32.170 0.0000000000
112258  -28.615  17.707  -35.798 0.0000000000
112257  -27.826  17.792  -35.822 0.0000000000
113293  -28.408  18.358  -35.418 0.0000000000
114440  -28.131  19.039  -35.102 0.0000000000
113277  -28.935  18.825  -35.020 0.0000000000
114424  -30.508  18.755  -33.419 0.0000000000
114414  -30.245  19.469  -33.022 0.0000000000
115419  -30.927  19.952  -32.381 0.0000000000
115402  -31.576  20.386  -31.923 0.0000000000
177202  -32.030  20.053  -31.792 0.0000000000
115403  -32.564  20.123  -31.513 0.0000000000
114403  -32.172  19.482  -31.909 0.0000000000
167956  -33.471  18.044  -31.355 0.0000000000
162070  -33.321  18.863  -31.242 0.0000000000
113248  -34.192  18.218  -31.053 0.0000000000
182683  -35.281  18.892  -30.689 0.0000000000
112208  -34.681  17.925  -30.781 0.0000000000
110081  -33.201  15.831  -33.328 0.0000000000
110064  -33.419  16.309  -33.327 0.0000000000
110047  -33.400  16.130  -32.951 0.0000000000
110033  -35.251  15.923  -30.617 0.0000000000
111143  -34.556  16.389  -31.028 0.0000000000
167543  -35.913  16.262  -30.198 0.0000000000
112205  -36.452  17.419  -30.136 0.0000000000
111136  -36.741  16.522  -30.028 0.0000000000
174201  -38.509  14.259  -31.524 0.0000000000
107886  -38.518  13.540  -34.410 0.0000000000
104604  -30.912  11.333  -35.649 0.0000000000
104564  -33.312  10.780  -33.325 0.0000000000
104579  -33.139  11.220  -33.877 0.0000000000
104580  -33.493  11.537  -33.464 0.0000000000
105653  -33.484  12.213  -32.344 0.0000000000
105620  -33.509  12.041  -31.436 0.0000000000
102352  -33.509  9.271  -31.707 0.0000000000
102351  -33.082  9.499  -32.440 0.0000000000
160491  -33.879  9.805  -31.228 0.0000000000
104510  -37.396  11.277  -30.169 0.0000000000
104509  -36.541  11.326  -30.187 0.0000000000
105608  -36.265  11.899  -30.219 0.0000000000
105607  -35.646  12.181  -30.355 0.0000000000
172740  -37.900  12.562  -30.409 0.0000000000
161033  -38.442  12.437  -31.325 0.0000000000
105669  -38.638  11.948  -34.295 0.0000000000
105670  -38.882  12.227  -33.609 0.0000000000
105683  -38.376  12.123  -34.914 0.0000000000
93510  -33.509  2.772  -31.771 0.0000000000
93526  -33.490  2.784  -32.643 0.0000000000
94578  -34.178  3.005  -32.393 0.0000000000
95659  -34.443  3.617  -32.638 0.0000000000
94579  -34.623  3.449  -32.079 0.0000000000
107925  -30.733  14.112  -36.339 0.0000000000
106853  -30.599  13.290  -35.884 0.0000000000
106839  -31.200  12.940  -35.172 0.0000000000
182587  -33.485  6.552  -32.209 0.0000000000
98919  -33.550  7.071  -32.030 0.0000000000
97795  -33.844  6.652  -31.496 0.0000000000
98909  -34.393  6.621  -30.864 0.0000000000
184967  -35.598  7.117  -30.281 0.0000000000
98892  -36.787  7.072  -30.306 0.0000000000
98891  -35.946  6.779  -30.311 0.0000000000
97780  -36.607  6.149  -30.348 0.0000000000
90278  -30.174  -0.768  -30.416 0.0000000000
89242  -30.561  -1.298  -29.842 0.0000000000
185578  -30.909  -0.919  -29.516 0.0000000000
97864  -31.559  5.406  -35.225 0.0000000000
96786  -30.827  4.982  -34.884 0.0000000000
95683  -31.166  4.212  -34.674 0.0000000000
95684  -31.994  3.914  -34.741 0.0000000000
123614  -22.968  26.896  -35.883 0.0000000000
120598  -25.590  25.308  -37.125 0.0000000000
121574  -26.388  25.748  -36.563 0.0000000000
120597  -24.925  24.449  -37.730 0.0000000000
120580  -25.658  24.622  -36.595 0.0000000000
119528  -25.867  23.943  -35.791 0.0000000000
117431  -25.599  21.611  -36.056 0.0000000000
116412  -25.183  20.730  -36.829 0.0000000000
117423  -27.098  21.760  -35.198 0.0000000000
117413  -27.741  21.791  -34.562 0.0000000000
117414  -28.290  22.254  -34.068 0.0000000000
116397  -27.891  20.900  -34.341 0.0000000000
115425  -28.535  20.637  -33.936 0.0000000000
112241  -29.891  18.130  -35.337 0.0000000000
113278  -29.667  18.655  -34.987 0.0000000000
113279  -30.247  18.461  -34.849 0.0000000000
113272  -30.785  18.309  -33.748 0.0000000000
113264  -31.135  18.551  -32.964 0.0000000000
114417  -32.335  18.774  -32.136 0.0000000000
113265  -31.878  18.301  -32.592 0.0000000000
113266  -32.462  17.855  -32.304 0.0000000000
112214  -32.906  17.471  -32.028 0.0000000000
184883  -33.199  14.833  -32.501 0.0000000000
161242  -33.357  15.439  -32.142 0.0000000000
108946  -33.835  15.162  -31.363 0.0000000000
108948  -35.244  15.156  -30.666 0.0000000000
110025  -36.017  15.518  -30.243 0.0000000000
108939  -37.378  15.170  -30.060 0.0000000000
108949  -37.770  14.686  -30.292 0.0000000000
107858  -38.607  13.645  -31.665 0.0000000000
103483  -32.023  10.674  -35.046 0.0000000000
103484  -32.660  10.092  -34.598 0.0000000000
103474  -33.046  10.378  -33.985 0.0000000000
163408  -36.655  9.684  -30.178 0.0000000000
103413  -35.843  10.042  -30.321 0.0000000000
180111  -37.797  10.595  -30.255 0.0000000000
104527  -38.309  11.183  -31.059 0.0000000000
105634  -38.521  11.775  -31.698 0.0000000000
104566  -38.858  11.321  -32.553 0.0000000000
104581  -38.816  11.468  -33.909 0.0000000000
104594  -38.518  11.302  -34.773 0.0000000000
104625  -37.232  10.795  -36.432 0.0000000000
104606  -37.992  10.806  -35.688 0.0000000000
92440  -30.503  0.741  -32.577 0.0000000000
92441  -31.164  1.076  -32.150 0.0000000000
92458  -31.497  1.572  -32.387 0.0000000000
93508  -32.123  1.970  -32.380 0.0000000000
172442  -32.063  2.265  -33.122 0.0000000000
93509  -32.910  2.300  -32.091 0.0000000000
110107  -30.422  15.941  -36.034 0.0000000000
110093  -30.802  16.321  -35.362 0.0000000000
111183  -31.971  16.518  -33.292 0.0000000000
110094  -31.195  15.917  -34.816 0.0000000000
110095  -31.575  15.461  -34.093 0.0000000000
108984  -32.247  15.026  -33.479 0.0000000000
107897  -31.332  14.277  -34.978 0.0000000000
107883  -32.050  14.193  -33.739 0.0000000000
108976  -33.027  14.611  -32.939 0.0000000000
107872  -33.251  13.917  -32.537 0.0000000000
168882  -34.433  13.454  -30.931 0.0000000000
179512  -32.782  8.078  -34.453 0.0000000000
101220  -32.992  8.425  -33.619 0.0000000000
101209  -33.235  8.636  -32.218 0.0000000000
102330  -33.988  8.940  -31.159 0.0000000000
100036  -33.724  7.421  -31.620 0.0000000000
101197  -34.051  8.012  -31.093 0.0000000000
101199  -35.067  8.775  -30.399 0.0000000000
102308  -35.965  9.044  -30.211 0.0000000000
102310  -37.805  9.063  -30.399 0.0000000000
102334  -38.345  9.631  -31.447 0.0000000000
102362  -39.012  9.808  -32.930 0.0000000000
102353  -38.862  9.234  -32.284 0.0000000000
100025  -37.513  7.534  -30.374 0.0000000000
91334  -30.319  0.004  -31.517 0.0000000000
91335  -30.881  0.481  -30.977 0.0000000000
91336  -31.334  0.982  -30.434 0.0000000000
100060  -32.266  7.801  -34.803 0.0000000000
166603  -32.728  7.424  -34.406 0.0000000000
100048  -32.919  7.159  -33.694 0.0000000000
98935  -32.906  6.366  -33.693 0.0000000000
97865  -32.557  5.698  -34.591 0.0000000000
97841  -32.937  5.749  -34.146 0.0000000000
97826  -33.063  5.773  -33.319 0.0000000000
97827  -33.393  5.826  -32.585 0.0000000000
96741  -33.954  5.071  -32.409 0.0000000000
125563  -23.233  29.571  -35.702 0.0000000000
122619  -23.018  26.195  -35.789 0.0000000000
174290  -23.017  26.769  -37.371 0.0000000000
122627  -23.654  26.045  -37.762 0.0000000000
186793  -23.688  26.637  -37.875 0.0000000000
123625  -25.303  27.581  -37.601 0.0000000000
124594  -26.967  28.593  -37.276 0.0000000000
162291  -27.011  26.147  -36.090 0.0000000000
122620  -27.470  26.590  -35.728 0.0000000000
123605  -28.348  27.361  -35.171 0.0000000000
122614  -28.657  26.713  -34.798 0.0000000000
122615  -29.174  26.773  -34.303 0.0000000000
176115  -29.391  26.288  -34.010 0.0000000000
118476  -25.437  23.282  -36.009 0.0000000000
117421  -25.835  22.390  -35.616 0.0000000000
118477  -26.281  23.112  -35.186 0.0000000000
119529  -26.567  23.946  -35.038 0.0000000000
120562  -27.817  24.578  -34.755 0.0000000000
120563  -28.614  24.603  -34.511 0.0000000000
121562  -29.412  25.575  -33.956 0.0000000000
120552  -29.614  24.972  -33.606 0.0000000000
119481  -29.848  24.100  -32.689 0.0000000000
118443  -28.769  22.586  -33.562 0.0000000000
119480  -29.718  23.327  -32.353 0.0000000000
113308  -26.170  18.471  -36.326 0.0000000000
114455  -26.824  18.961  -35.859 0.0000000000
115442  -27.828  19.766  -34.882 0.0000000000
115432  -28.227  20.166  -34.434 0.0000000000
115426  -29.266  20.206  -33.613 0.0000000000
114423  -30.052  19.026  -33.883 0.0000000000
115427  -29.725  19.537  -33.519 0.0000000000
115418  -29.770  20.026  -33.059 0.0000000000
116353  -30.895  20.820  -32.052 0.0000000000
167299  -31.678  21.297  -31.762 0.0000000000
114404  -32.821  19.368  -31.460 0.0000000000
114405  -33.692  19.641  -31.165 0.0000000000
114407  -35.245  19.640  -31.224 0.0000000000
114390  -35.616  19.295  -30.888 0.0000000000
111168  -32.753  16.690  -33.021 0.0000000000
185948  -32.952  16.793  -32.423 0.0000000000
112215  -33.314  17.154  -31.737 0.0000000000
163704  -33.711  16.076  -31.627 0.0000000000
111142  -33.867  16.829  -31.419 0.0000000000
161997  -34.617  17.167  -30.893 0.0000000000
112204  -35.471  17.535  -30.368 0.0000000000
110034  -38.001  15.448  -30.598 0.0000000000
105693  -31.035  12.073  -35.399 0.0000000000
105694  -31.644  12.155  -34.926 0.0000000000
104592  -32.161  11.527  -34.753 0.0000000000
104593  -32.733  11.725  -34.290 0.0000000000
105682  -32.629  12.354  -34.129 0.0000000000
174060  -33.545  12.675  -33.033 0.0000000000
106785  -33.462  12.773  -31.652 0.0000000000
183748  -34.901  13.086  -30.685 0.0000000000
103451  -33.100  10.200  -32.676 0.0000000000
103427  -33.793  10.698  -31.278 0.0000000000
104525  -35.200  10.785  -30.554 0.0000000000
104524  -34.448  11.156  -30.973 0.0000000000
104523  -33.791  11.429  -31.275 0.0000000000
105621  -34.304  12.021  -31.054 0.0000000000
106770  -34.982  12.468  -30.663 0.0000000000
106754  -35.618  13.054  -30.340 0.0000000000
106771  -37.894  13.224  -30.372 0.0000000000
106787  -38.891  13.252  -32.191 0.0000000000
105635  -38.768  12.464  -32.085 0.0000000000
166454  -38.960  12.776  -32.890 0.0000000000
106817  -38.834  13.140  -33.664 0.0000000000
94612  -31.346  3.505  -34.474 0.0000000000
94613  -32.108  3.266  -34.496 0.0000000000
93539  -32.457  2.661  -33.622 0.0000000000
94603  -32.919  3.181  -34.244 0.0000000000
95672  -33.644  3.480  -33.822 0.0000000000
95658  -33.987  3.810  -33.147 0.0000000000
96755  -34.362  4.249  -32.578 0.0000000000
94588  -33.286  2.964  -33.439 0.0000000000
94590  -34.346  3.299  -32.567 0.0000000000
96769  -33.564  4.274  -33.747 0.0000000000
98890  -35.085  6.728  -30.327 0.0000000000
98928  -33.273  7.066  -32.450 0.0000000000
100023  -34.575  7.345  -30.669 0.0000000000
100026  -38.154  7.408  -30.813 0.0000000000
100061  -33.009  7.949  -34.079 0.0000000000
101198  -34.493  8.631  -30.807 0.0000000000
101227  -32.947  8.685  -34.268 0.0000000000
102332  -35.290  9.451  -30.439 0.0000000000
102333  -38.166  9.764  -30.589 0.0000000000
102376  -32.075  9.795  -35.169 0.0000000000
102377  -32.547  9.287  -34.664 0.0000000000
103429  -35.071  10.007  -30.599 0.0000000000
103431  -38.383  10.453  -31.508 0.0000000000
103452  -33.363  10.210  -31.891 0.0000000000
103453  -38.721  10.688  -32.210 0.0000000000
103498  -31.540  10.171  -35.656 0.0000000000
104508  -35.743  11.448  -30.373 0.0000000000
104526  -38.021  11.248  -30.444 0.0000000000
104542  -33.214  10.772  -32.467 0.0000000000
104565  -33.490  11.474  -32.906 0.0000000000
104623  -30.343  11.107  -36.283 0.0000000000
105609  -37.006  11.970  -30.090 0.0000000000
105624  -38.186  12.008  -30.748 0.0000000000
105654  -38.923  12.036  -32.800 0.0000000000
105668  -33.612  12.135  -33.267 0.0000000000
105681  -32.191  12.239  -34.522 0.0000000000
106756  -37.352  12.761  -30.114 0.0000000000
106769  -34.404  12.794  -30.992 0.0000000000
106772  -38.190  12.824  -30.823 0.0000000000
106802  -38.984  13.591  -32.932 0.0000000000
106815  -33.287  13.208  -32.986 0.0000000000
107844  -33.898  13.884  -31.253 0.0000000000
107846  -37.844  13.985  -30.347 0.0000000000
107857  -33.523  13.556  -31.824 0.0000000000
107913  -31.378  13.600  -34.912 0.0000000000
108938  -36.642  14.938  -30.027 0.0000000000
108947  -34.546  14.824  -30.965 0.0000000000
108985  -32.989  15.131  -33.173 0.0000000000
110026  -36.802  15.689  -29.966 0.0000000000
110079  -31.446  16.228  -33.936 0.0000000000
111135  -35.960  16.893  -30.178 0.0000000000
111137  -37.495  16.635  -30.241 0.0000000000
111153  -33.256  16.487  -33.262 0.0000000000
111169  -33.360  16.471  -33.306 0.0000000000
111184  -33.200  16.393  -33.336 0.0000000000
111198  -31.053  16.697  -34.663 0.0000000000
111213  -30.145  16.650  -35.721 0.0000000000
113249  -34.737  18.618  -30.830 0.0000000000
113250  -35.928  18.857  -30.472 0.0000000000
114389  -34.902  19.209  -30.959 0.0000000000
114415  -31.000  19.192  -32.719 0.0000000000
114422  -29.566  19.392  -34.130 0.0000000000
114429  -28.637  19.493  -34.725 0.0000000000
114430  -29.377  19.186  -34.635 0.0000000000
114431  -29.955  18.887  -34.522 0.0000000000
114439  -27.388  19.400  -35.420 0.0000000000
114453  -25.593  19.785  -37.699 0.0000000000
114454  -25.891  19.338  -36.354 0.0000000000
115420  -31.573  19.651  -32.175 0.0000000000
115462  -25.274  20.329  -38.554 0.0000000000
116389  -28.290  21.446  -33.922 0.0000000000
116411  -24.712  20.801  -37.477 0.0000000000
117403  -29.006  22.109  -33.071 0.0000000000
118422  -29.244  22.816  -32.881 0.0000000000
118465  -28.465  23.110  -34.205 0.0000000000
119508  -27.363  23.942  -34.741 0.0000000000
119527  -25.062  24.119  -36.876 0.0000000000
120545  -30.249  24.695  -32.279 0.0000000000
121563  -29.963  25.505  -33.295 0.0000000000
121569  -28.139  25.346  -34.733 0.0000000000
121570  -28.953  26.046  -34.486 0.0000000000
121576  -27.585  25.905  -35.292 0.0000000000
122618  -23.050  25.703  -35.955 0.0000000000
122630  -27.099  26.967  -36.519 0.0000000000
124582  -22.911  27.631  -36.938 0.0000000000
160021  -33.063  8.125  -32.807 0.0000000000
163423  -32.231  5.175  -34.896 0.0000000000
164339  -33.819  13.174  -31.267 0.0000000000
164865  -24.873  30.076  -37.124 0.0000000000
166690  -33.639  8.567  -31.557 0.0000000000
168473  -36.006  10.824  -30.310 0.0000000000
168939  -32.948  13.337  -33.303 0.0000000000
172523  -31.735  12.686  -34.667 0.0000000000
172739  -38.242  13.646  -30.944 0.0000000000
172778  -22.919  26.235  -36.807 0.0000000000
173860  -28.873  25.314  -34.469 0.0000000000
175805  -36.432  14.267  -30.110 0.0000000000
183043  -25.473  29.615  -37.497 0.0000000000
183180  -38.389  8.881  -31.557 0.0000000000
184176  -33.405  12.716  -33.426 0.0000000000
184979  -36.861  7.727  -30.217 0.0000000000
185844  -24.486  20.865  -38.662 0.0000000000
186299  -38.014  10.177  -30.397 0.0000000000
186715  -33.535  14.472  -31.802 0.0000000000
188183  -38.807  11.888  -32.291 0.0000000000
188581  -29.198  23.759  -33.574 0.0000000000
