#!ascii label  , from subject sub-v2s1x29899_ses-1 vox2ras=TkReg
1712
61653  -36.231  -15.487  41.016 0.0000000000
47175  -30.254  -28.323  45.780 0.0000000000
144203  -40.549  -18.861  25.932 0.0000000000
60770  -33.585  -16.228  30.104 0.0000000000
140551  -42.598  -21.281  35.701 0.0000000000
54504  -35.418  -22.447  43.232 0.0000000000
51414  -23.859  -24.625  35.667 0.0000000000
57608  -28.330  -19.376  32.898 0.0000000000
52347  -22.060  -24.120  47.496 0.0000000000
67085  -45.697  -11.831  26.656 0.0000000000
48269  -18.671  -27.546  36.537 0.0000000000
133442  -35.173  -16.557  36.115 0.0000000000
58628  -37.276  -18.101  32.751 0.0000000000
59580  -39.135  -18.405  39.421 0.0000000000
59535  -34.631  -17.951  44.123 0.0000000000
55628  -31.680  -21.212  39.298 0.0000000000
130897  -32.542  -17.104  38.171 0.0000000000
59718  -30.632  -16.990  31.499 0.0000000000
68968  -47.345  -9.354  22.653 0.0000000000
50176  -26.108  -26.245  46.986 0.0000000000
143502  -20.832  -24.805  41.834 0.0000000000
48199  -24.142  -27.978  41.500 0.0000000000
57634  -42.892  -20.144  31.059 0.0000000000
49170  -35.232  -27.174  43.520 0.0000000000
140256  -27.555  -26.773  40.913 0.0000000000
51371  -31.667  -24.713  39.565 0.0000000000
53602  -26.744  -22.972  33.797 0.0000000000
126392  -18.107  -22.960  47.742 0.0000000000
61736  -38.088  -16.077  34.904 0.0000000000
61779  -37.112  -16.052  29.246 0.0000000000
125172  -41.353  -13.136  29.342 0.0000000000
64971  -37.737  -13.402  24.366 0.0000000000
67180  -39.527  -11.553  20.554 0.0000000000
53499  -17.031  -23.399  42.081 0.0000000000
48280  -21.557  -27.279  35.965 0.0000000000
61689  -35.562  -15.822  38.703 0.0000000000
60661  -37.016  -17.076  37.502 0.0000000000
132200  -38.100  -16.034  39.442 0.0000000000
60578  -35.300  -16.412  42.782 0.0000000000
59549  -33.587  -17.604  41.697 0.0000000000
60616  -34.341  -16.353  40.150 0.0000000000
60658  -33.582  -16.349  37.439 0.0000000000
58726  -44.174  -18.866  25.849 0.0000000000
58760  -40.228  -18.453  23.567 0.0000000000
48124  -27.815  -27.577  46.405 0.0000000000
49165  -25.225  -27.279  44.006 0.0000000000
47211  -26.804  -28.346  43.408 0.0000000000
60809  -34.642  -16.737  27.439 0.0000000000
57605  -38.767  -19.349  34.398 0.0000000000
57630  -38.687  -19.109  30.642 0.0000000000
146061  -41.191  -20.442  32.336 0.0000000000
55695  -42.460  -22.587  30.438 0.0000000000
125320  -43.055  -20.609  33.482 0.0000000000
51337  -36.014  -24.440  42.544 0.0000000000
50257  -32.669  -25.831  41.174 0.0000000000
52461  -33.939  -23.931  40.938 0.0000000000
56625  -30.043  -20.333  36.639 0.0000000000
54578  -29.959  -21.889  36.880 0.0000000000
55673  -27.859  -21.527  33.219 0.0000000000
60755  -31.958  -16.295  30.468 0.0000000000
60730  -37.513  -16.428  32.324 0.0000000000
64935  -39.682  -13.082  26.314 0.0000000000
66074  -41.215  -12.388  24.620 0.0000000000
65004  -38.674  -12.677  22.282 0.0000000000
67138  -42.872  -11.456  23.700 0.0000000000
69853  -43.851  -8.522  20.086 0.0000000000
141951  -20.151  -23.405  47.255 0.0000000000
127875  -18.135  -22.959  45.083 0.0000000000
52392  -19.572  -23.313  44.875 0.0000000000
50301  -20.176  -25.450  39.256 0.0000000000
50299  -18.206  -25.253  38.989 0.0000000000
47280  -17.666  -28.409  37.420 0.0000000000
50324  -26.314  -25.311  38.518 0.0000000000
48254  -24.451  -27.351  38.556 0.0000000000
50344  -23.284  -25.761  36.465 0.0000000000
60728  -34.429  -16.562  32.967 0.0000000000
59705  -35.508  -16.929  31.422 0.0000000000
59658  -36.448  -17.530  34.621 0.0000000000
58592  -37.682  -18.489  36.111 0.0000000000
124764  -41.142  -21.103  38.355 0.0000000000
56552  -34.472  -20.120  44.298 0.0000000000
55612  -33.292  -21.629  41.492 0.0000000000
56575  -33.154  -19.897  42.292 0.0000000000
58544  -31.980  -18.626  39.379 0.0000000000
58599  -30.248  -18.423  35.386 0.0000000000
58633  -29.005  -18.256  32.015 0.0000000000
59656  -31.531  -17.141  34.957 0.0000000000
60710  -33.212  -16.608  33.963 0.0000000000
67131  -47.188  -10.814  25.051 0.0000000000
68941  -51.095  -9.183  24.964 0.0000000000
50161  -24.126  -25.351  46.937 0.0000000000
51317  -21.493  -24.674  44.053 0.0000000000
50205  -23.313  -25.677  44.199 0.0000000000
50254  -22.640  -26.053  42.081 0.0000000000
129642  -21.240  -26.463  38.723 0.0000000000
58660  -36.771  -17.983  29.482 0.0000000000
55722  -42.455  -21.788  28.395 0.0000000000
57650  -41.664  -19.193  28.102 0.0000000000
47218  -32.625  -28.224  44.257 0.0000000000
148326  -28.750  -28.044  42.725 0.0000000000
48207  -30.995  -27.080  42.177 0.0000000000
50287  -29.070  -25.614  40.079 0.0000000000
51400  -27.401  -24.620  37.566 0.0000000000
54544  -31.780  -22.586  39.208 0.0000000000
52504  -29.208  -23.790  36.522 0.0000000000
52519  -25.354  -23.272  34.767 0.0000000000
63686  -38.709  -14.120  42.172 0.0000000000
47164  -32.641  -28.414  47.038 0.0000000000
133051  -37.951  -26.109  45.086 0.0000000000
54473  -36.962  -22.675  45.604 0.0000000000
146345  -41.018  -16.183  41.875 0.0000000000
59571  -42.032  -18.471  41.120 0.0000000000
125190  -40.255  -18.064  38.680 0.0000000000
62675  -39.326  -15.172  37.084 0.0000000000
59644  -39.156  -17.825  35.467 0.0000000000
59694  -39.091  -17.988  32.987 0.0000000000
58653  -39.204  -18.111  30.113 0.0000000000
59765  -38.233  -17.621  27.524 0.0000000000
125391  -38.441  -13.674  28.217 0.0000000000
62755  -36.740  -14.740  27.313 0.0000000000
59804  -37.688  -17.293  25.058 0.0000000000
60895  -36.762  -16.259  21.559 0.0000000000
68097  -43.864  -10.183  22.073 0.0000000000
53429  -15.807  -22.904  45.516 0.0000000000
49214  -15.789  -26.076  41.056 0.0000000000
149598  -19.144  -23.906  42.243 0.0000000000
51366  -16.748  -25.041  40.127 0.0000000000
47260  -26.044  -28.243  41.366 0.0000000000
126544  -22.776  -27.731  38.091 0.0000000000
48270  -19.497  -27.441  36.249 0.0000000000
46343  -19.045  -29.272  34.057 0.0000000000
61670  -36.189  -15.603  40.171 0.0000000000
138485  -37.180  -15.830  39.248 0.0000000000
62643  -36.854  -15.086  40.460 0.0000000000
61620  -35.733  -15.824  42.429 0.0000000000
60602  -35.062  -16.164  41.202 0.0000000000
61652  -35.589  -15.824  40.732 0.0000000000
145514  -35.414  -15.819  39.326 0.0000000000
58706  -42.025  -19.092  26.522 0.0000000000
58724  -42.025  -18.826  25.742 0.0000000000
58741  -42.448  -18.624  25.027 0.0000000000
58740  -40.473  -18.738  24.733 0.0000000000
47160  -28.862  -28.149  46.052 0.0000000000
48150  -27.137  -28.065  44.817 0.0000000000
47190  -28.406  -28.399  44.504 0.0000000000
60807  -33.243  -16.125  27.609 0.0000000000
60793  -33.880  -16.349  28.606 0.0000000000
125179  -39.942  -20.088  35.027 0.0000000000
125330  -39.541  -19.705  33.322 0.0000000000
125418  -41.735  -20.850  34.443 0.0000000000
125189  -41.721  -20.706  33.293 0.0000000000
142408  -42.843  -20.665  34.827 0.0000000000
52431  -35.936  -23.815  42.736 0.0000000000
140302  -35.175  -24.243  41.599 0.0000000000
53508  -34.738  -23.144  41.988 0.0000000000
56646  -28.730  -19.702  34.218 0.0000000000
55660  -29.171  -20.902  35.460 0.0000000000
55677  -27.719  -20.854  32.772 0.0000000000
55687  -26.385  -21.214  31.172 0.0000000000
60769  -32.814  -16.125  30.268 0.0000000000
60790  -31.281  -16.092  28.447 0.0000000000
60791  -31.977  -15.931  28.461 0.0000000000
66039  -42.936  -12.508  26.455 0.0000000000
66061  -43.452  -12.048  25.615 0.0000000000
66089  -42.478  -11.849  24.195 0.0000000000
125653  -44.769  -11.516  25.527 0.0000000000
52346  -21.287  -23.783  47.655 0.0000000000
53413  -19.853  -23.341  46.065 0.0000000000
137868  -21.160  -23.990  46.164 0.0000000000
49275  -18.842  -26.596  37.401 0.0000000000
49260  -18.486  -26.059  37.976 0.0000000000
47281  -18.093  -27.906  36.915 0.0000000000
46334  -17.613  -29.335  37.262 0.0000000000
46336  -17.878  -29.348  36.553 0.0000000000
51397  -25.236  -24.811  37.123 0.0000000000
50336  -24.859  -25.472  37.657 0.0000000000
51405  -23.513  -25.165  36.126 0.0000000000
60698  -34.704  -16.660  34.506 0.0000000000
60713  -35.193  -16.783  33.997 0.0000000000
60688  -35.539  -16.808  35.640 0.0000000000
59592  -37.733  -17.675  37.982 0.0000000000
59627  -37.223  -17.991  36.513 0.0000000000
59614  -38.208  -18.523  37.731 0.0000000000
58593  -38.366  -19.053  36.553 0.0000000000
58565  -39.233  -19.471  38.344 0.0000000000
57514  -34.294  -19.466  44.026 0.0000000000
56565  -33.728  -20.287  42.926 0.0000000000
58519  -33.734  -18.643  42.960 0.0000000000
59570  -32.760  -17.511  39.772 0.0000000000
132221  -32.656  -18.157  40.330 0.0000000000
58556  -32.046  -17.996  38.887 0.0000000000
58563  -31.242  -18.699  37.870 0.0000000000
59609  -31.362  -17.838  36.908 0.0000000000
59638  -31.094  -17.578  35.378 0.0000000000
59625  -31.799  -17.366  36.527 0.0000000000
60659  -34.390  -16.167  37.101 0.0000000000
60686  -33.676  -16.507  36.001 0.0000000000
149334  -34.208  -16.485  35.535 0.0000000000
60711  -33.855  -16.547  33.437 0.0000000000
50174  -24.709  -25.746  46.354 0.0000000000
50173  -24.026  -25.546  46.007 0.0000000000
50190  -24.557  -25.912  45.545 0.0000000000
48178  -24.239  -27.618  42.357 0.0000000000
49180  -23.874  -26.932  42.672 0.0000000000
49196  -23.080  -26.775  41.688 0.0000000000
49232  -21.949  -26.486  39.948 0.0000000000
130093  -22.619  -27.170  40.191 0.0000000000
137404  -36.602  -17.556  32.435 0.0000000000
59731  -36.395  -17.542  30.410 0.0000000000
59732  -36.858  -17.787  30.843 0.0000000000
57640  -39.442  -19.567  29.656 0.0000000000
141935  -38.287  -19.049  29.161 0.0000000000
57649  -39.130  -19.610  28.259 0.0000000000
56662  -42.934  -21.162  31.088 0.0000000000
54629  -42.304  -22.581  29.637 0.0000000000
57644  -43.031  -20.394  29.868 0.0000000000
57651  -42.679  -19.650  28.580 0.0000000000
57642  -41.457  -19.149  29.516 0.0000000000
48165  -33.659  -27.810  43.718 0.0000000000
48185  -31.608  -27.661  42.952 0.0000000000
48186  -33.072  -27.473  43.059 0.0000000000
50290  -32.045  -25.185  40.164 0.0000000000
147641  -31.135  -25.655  40.622 0.0000000000
50309  -30.242  -25.163  39.409 0.0000000000
51379  -29.040  -24.899  38.947 0.0000000000
51390  -29.487  -24.621  38.268 0.0000000000
55611  -32.778  -21.205  41.030 0.0000000000
54535  -32.657  -22.384  40.237 0.0000000000
135141  -31.628  -21.917  39.110 0.0000000000
53595  -28.278  -22.771  34.559 0.0000000000
53581  -29.420  -23.084  36.329 0.0000000000
131051  -27.884  -23.691  35.143 0.0000000000
52512  -27.380  -23.882  35.714 0.0000000000
59702  -29.449  -17.730  31.642 0.0000000000
52400  -37.768  -24.695  45.413 0.0000000000
57496  -35.306  -19.527  46.456 0.0000000000
62612  -40.073  -14.861  41.798 0.0000000000
61655  -42.868  -17.874  41.508 0.0000000000
62646  -42.102  -15.933  40.357 0.0000000000
125093  -41.171  -19.345  39.815 0.0000000000
61692  -40.652  -16.445  39.235 0.0000000000
62685  -38.639  -15.517  36.007 0.0000000000
131636  -38.917  -16.283  36.818 0.0000000000
60689  -38.312  -16.663  35.336 0.0000000000
124783  -39.501  -18.355  34.221 0.0000000000
59660  -38.382  -17.305  34.244 0.0000000000
60759  -37.327  -16.223  30.742 0.0000000000
59722  -38.283  -17.333  31.243 0.0000000000
132038  -38.006  -17.238  29.852 0.0000000000
59744  -38.749  -17.784  28.920 0.0000000000
59753  -37.613  -17.021  28.710 0.0000000000
124883  -40.108  -13.249  28.643 0.0000000000
135854  -38.665  -13.149  25.405 0.0000000000
63839  -37.943  -13.590  26.932 0.0000000000
63854  -37.258  -13.824  25.653 0.0000000000
61795  -36.546  -15.485  26.044 0.0000000000
62777  -36.437  -14.807  24.660 0.0000000000
60875  -36.924  -16.609  23.744 0.0000000000
62785  -36.369  -14.784  23.148 0.0000000000
66115  -39.243  -12.202  21.785 0.0000000000
65011  -37.547  -13.486  20.690 0.0000000000
65014  -38.265  -13.051  19.634 0.0000000000
141700  -46.995  -10.318  23.897 0.0000000000
139823  -45.236  -10.446  23.263 0.0000000000
68966  -45.758  -9.870  22.582 0.0000000000
53469  -17.870  -23.090  43.737 0.0000000000
53467  -16.255  -22.994  43.964 0.0000000000
53487  -16.431  -23.328  42.636 0.0000000000
51340  -15.509  -24.838  41.749 0.0000000000
51352  -15.960  -24.681  41.208 0.0000000000
51327  -21.233  -24.736  42.808 0.0000000000
51316  -20.821  -24.259  43.753 0.0000000000
51341  -20.144  -24.515  41.644 0.0000000000
50298  -17.521  -25.474  39.167 0.0000000000
44416  -17.441  -30.724  39.424 0.0000000000
48204  -28.148  -27.565  41.924 0.0000000000
48203  -27.416  -27.855  41.828 0.0000000000
48220  -27.143  -27.409  41.251 0.0000000000
49278  -23.101  -27.098  37.124 0.0000000000
48253  -23.768  -27.869  38.431 0.0000000000
128647  -22.183  -27.457  37.089 0.0000000000
48265  -21.967  -27.448  37.730 0.0000000000
48272  -21.265  -27.368  36.376 0.0000000000
45363  -18.638  -30.397  34.535 0.0000000000
60643  -35.668  -15.983  38.004 0.0000000000
60673  -35.797  -16.658  36.489 0.0000000000
60644  -36.466  -16.346  37.841 0.0000000000
60629  -37.690  -16.496  38.895 0.0000000000
60630  -38.737  -17.054  39.401 0.0000000000
60577  -34.824  -16.982  43.117 0.0000000000
143812  -34.011  -17.921  42.905 0.0000000000
59550  -34.120  -17.058  42.040 0.0000000000
127189  -33.721  -16.802  40.508 0.0000000000
137499  -33.512  -16.526  39.142 0.0000000000
126962  -32.964  -16.690  37.880 0.0000000000
61687  -34.193  -16.043  38.690 0.0000000000
61701  -34.940  -15.909  38.306 0.0000000000
58797  -40.937  -18.145  22.547 0.0000000000
49115  -26.597  -26.763  46.437 0.0000000000
49134  -25.688  -26.740  45.370 0.0000000000
48136  -26.033  -27.426  45.012 0.0000000000
48161  -25.612  -27.808  43.617 0.0000000000
48201  -25.144  -28.195  42.421 0.0000000000
58629  -37.968  -18.627  33.032 0.0000000000
148039  -38.151  -18.646  31.661 0.0000000000
57616  -38.492  -19.093  32.345 0.0000000000
57624  -39.535  -19.527  31.097 0.0000000000
57632  -39.882  -19.899  30.350 0.0000000000
56675  -40.689  -20.801  29.371 0.0000000000
56661  -41.883  -21.032  31.946 0.0000000000
143782  -42.839  -21.097  32.884 0.0000000000
57617  -42.912  -20.341  33.026 0.0000000000
49186  -35.287  -26.368  42.908 0.0000000000
49205  -34.015  -26.415  42.396 0.0000000000
50260  -34.715  -25.348  41.853 0.0000000000
51363  -33.670  -24.659  40.761 0.0000000000
51372  -32.363  -24.405  39.792 0.0000000000
56604  -31.065  -20.238  38.145 0.0000000000
55644  -30.589  -21.275  37.639 0.0000000000
55653  -29.873  -21.258  36.611 0.0000000000
54594  -28.891  -21.612  35.086 0.0000000000
54597  -27.095  -22.631  33.171 0.0000000000
54604  -26.049  -22.654  32.432 0.0000000000
54612  -26.361  -22.232  32.004 0.0000000000
60754  -31.287  -16.629  31.022 0.0000000000
60777  -30.225  -16.666  29.221 0.0000000000
62709  -37.747  -15.576  33.454 0.0000000000
146119  -37.552  -16.206  33.518 0.0000000000
61758  -37.396  -15.874  32.210 0.0000000000
61765  -37.323  -15.681  31.085 0.0000000000
61773  -37.251  -15.536  30.448 0.0000000000
125444  -42.006  -13.092  29.171 0.0000000000
124884  -40.802  -13.164  28.256 0.0000000000
64936  -41.883  -13.018  26.951 0.0000000000
64957  -40.848  -12.883  25.922 0.0000000000
64973  -39.250  -13.004  24.815 0.0000000000
64986  -37.633  -13.363  23.571 0.0000000000
66086  -40.216  -12.399  23.588 0.0000000000
66105  -40.822  -11.990  23.118 0.0000000000
67168  -41.135  -11.282  22.040 0.0000000000
69840  -46.992  -8.201  21.624 0.0000000000
69825  -45.665  -9.187  21.638 0.0000000000
70770  -45.651  -8.119  20.743 0.0000000000
53380  -19.305  -23.076  47.936 0.0000000000
126351  -18.214  -22.962  47.004 0.0000000000
144931  -18.933  -23.000  46.157 0.0000000000
129000  -18.876  -23.037  44.970 0.0000000000
53470  -18.629  -23.235  43.667 0.0000000000
50282  -20.192  -25.112  39.970 0.0000000000
51369  -19.481  -24.757  40.173 0.0000000000
50300  -18.958  -25.248  38.945 0.0000000000
49259  -17.823  -26.409  38.115 0.0000000000
46331  -17.414  -28.959  38.099 0.0000000000
129278  -17.415  -30.288  38.830 0.0000000000
45352  -17.435  -29.818  38.080 0.0000000000
50284  -26.918  -25.977  39.806 0.0000000000
49234  -26.533  -26.679  40.149 0.0000000000
50303  -25.049  -26.320  38.663 0.0000000000
50334  -23.455  -26.209  36.958 0.0000000000
49285  -21.728  -26.711  35.567 0.0000000000
127737  -33.937  -16.458  31.467 0.0000000000
60771  -34.383  -16.497  29.926 0.0000000000
60744  -35.142  -16.733  32.108 0.0000000000
59691  -36.116  -17.225  32.997 0.0000000000
59692  -36.784  -17.718  33.287 0.0000000000
59626  -36.696  -17.543  36.162 0.0000000000
59659  -37.018  -18.013  34.952 0.0000000000
58610  -37.471  -18.429  34.467 0.0000000000
58611  -38.070  -18.918  34.842 0.0000000000
145983  -39.764  -20.009  35.826 0.0000000000
124768  -41.868  -21.444  37.009 0.0000000000
55581  -35.053  -21.423  43.846 0.0000000000
54503  -34.732  -22.163  42.880 0.0000000000
55596  -33.905  -21.066  42.810 0.0000000000
55604  -33.078  -20.734  41.715 0.0000000000
56582  -32.560  -20.421  41.065 0.0000000000
58525  -33.136  -18.429  41.737 0.0000000000
58545  -32.376  -18.967  40.433 0.0000000000
56597  -31.755  -20.213  39.436 0.0000000000
57551  -31.124  -19.456  38.040 0.0000000000
57574  -30.070  -19.423  36.258 0.0000000000
57604  -28.972  -19.069  33.967 0.0000000000
58625  -28.628  -18.741  32.520 0.0000000000
58620  -29.898  -18.097  33.890 0.0000000000
59672  -30.300  -17.638  33.484 0.0000000000
59689  -30.845  -17.274  33.060 0.0000000000
60684  -32.298  -16.910  36.124 0.0000000000
132209  -32.021  -16.862  34.574 0.0000000000
60724  -31.453  -16.856  32.600 0.0000000000
60741  -32.152  -16.627  32.079 0.0000000000
60742  -33.250  -16.419  31.543 0.0000000000
67108  -46.336  -11.363  26.029 0.0000000000
146186  -48.890  -10.998  26.471 0.0000000000
68053  -48.563  -10.356  24.713 0.0000000000
68955  -48.370  -9.652  23.458 0.0000000000
134150  -48.614  -8.547  22.876 0.0000000000
70762  -48.256  -7.671  22.178 0.0000000000
126515  -23.349  -24.841  47.292 0.0000000000
51285  -21.556  -24.419  45.562 0.0000000000
51287  -22.876  -24.994  45.764 0.0000000000
51306  -22.672  -25.203  44.387 0.0000000000
50222  -22.681  -25.502  43.579 0.0000000000
49148  -24.069  -26.224  44.069 0.0000000000
50239  -22.997  -25.985  42.875 0.0000000000
50253  -22.040  -25.540  42.097 0.0000000000
50283  -21.349  -25.775  40.171 0.0000000000
50302  -20.758  -25.848  38.962 0.0000000000
49276  -19.737  -26.694  37.342 0.0000000000
60772  -35.105  -16.886  29.618 0.0000000000
59751  -35.731  -17.403  28.506 0.0000000000
135687  -37.604  -18.412  30.272 0.0000000000
57660  -42.863  -19.608  27.782 0.0000000000
58689  -40.841  -18.942  27.430 0.0000000000
127148  -30.818  -28.432  45.097 0.0000000000
148059  -29.809  -28.387  44.146 0.0000000000
47215  -30.411  -28.244  43.633 0.0000000000
48183  -29.930  -27.599  42.584 0.0000000000
49199  -29.405  -26.704  41.583 0.0000000000
49202  -32.057  -26.283  41.517 0.0000000000
49222  -30.545  -26.193  41.221 0.0000000000
50268  -28.677  -26.029  40.614 0.0000000000
125623  -28.075  -25.446  39.596 0.0000000000
51387  -26.854  -24.858  38.098 0.0000000000
51408  -25.766  -24.287  36.613 0.0000000000
53507  -34.058  -22.796  41.709 0.0000000000
53532  -32.833  -23.173  40.127 0.0000000000
52482  -31.515  -23.720  38.989 0.0000000000
53572  -30.733  -22.571  38.029 0.0000000000
53558  -30.644  -23.381  37.973 0.0000000000
52487  -30.445  -24.065  38.074 0.0000000000
52494  -28.833  -24.273  36.883 0.0000000000
52501  -26.592  -24.036  36.207 0.0000000000
58638  -27.773  -18.702  30.903 0.0000000000
62610  -36.895  -14.817  42.210 0.0000000000
62611  -37.485  -14.466  41.668 0.0000000000
53366  -20.328  -23.230  48.787 0.0000000000
51248  -22.770  -24.387  48.089 0.0000000000
147192  -24.032  -25.035  47.734 0.0000000000
50147  -25.141  -25.374  48.191 0.0000000000
48110  -28.076  -27.229  47.331 0.0000000000
127740  -28.457  -27.596  46.977 0.0000000000
47148  -30.082  -27.944  47.451 0.0000000000
47176  -31.115  -28.334  45.975 0.0000000000
47177  -32.469  -28.419  45.836 0.0000000000
47196  -33.951  -28.385  45.295 0.0000000000
48151  -35.193  -27.843  44.285 0.0000000000
48154  -37.255  -27.245  45.415 0.0000000000
49172  -36.848  -26.853  44.056 0.0000000000
50233  -36.796  -25.541  43.639 0.0000000000
52416  -37.168  -24.052  44.597 0.0000000000
53456  -36.332  -22.480  44.572 0.0000000000
55582  -35.615  -21.514  44.508 0.0000000000
56539  -34.976  -20.178  45.152 0.0000000000
57508  -34.653  -19.445  44.769 0.0000000000
61621  -36.383  -15.308  42.945 0.0000000000
62629  -38.629  -15.070  40.649 0.0000000000
62645  -39.198  -15.806  40.385 0.0000000000
60631  -39.680  -17.629  40.230 0.0000000000
61639  -42.423  -16.809  42.043 0.0000000000
59559  -42.038  -18.597  41.674 0.0000000000
124765  -40.270  -19.385  40.166 0.0000000000
127194  -41.113  -20.247  39.874 0.0000000000
124762  -41.819  -20.959  38.912 0.0000000000
124761  -41.921  -20.467  37.595 0.0000000000
61704  -39.611  -16.050  38.014 0.0000000000
125472  -39.454  -17.626  37.145 0.0000000000
125129  -41.585  -20.001  36.003 0.0000000000
143233  -41.187  -19.500  34.346 0.0000000000
125416  -40.806  -19.064  32.823 0.0000000000
58635  -40.986  -19.022  32.183 0.0000000000
59693  -38.491  -17.488  32.653 0.0000000000
58643  -39.465  -18.290  31.711 0.0000000000
142150  -40.301  -18.635  30.770 0.0000000000
58664  -39.958  -18.544  29.089 0.0000000000
58687  -39.454  -18.374  27.845 0.0000000000
58703  -39.152  -18.283  26.574 0.0000000000
63802  -37.840  -14.005  29.208 0.0000000000
62753  -37.218  -14.433  28.631 0.0000000000
64920  -38.633  -13.403  27.531 0.0000000000
148811  -37.523  -13.967  27.759 0.0000000000
145968  -36.783  -15.631  28.240 0.0000000000
60812  -37.120  -16.733  27.600 0.0000000000
137383  -38.077  -17.583  26.231 0.0000000000
58720  -38.831  -18.039  25.488 0.0000000000
59822  -38.501  -17.817  24.335 0.0000000000
59839  -38.338  -17.601  22.775 0.0000000000
59870  -38.600  -17.294  21.153 0.0000000000
63877  -36.695  -14.306  21.949 0.0000000000
61820  -37.215  -15.777  20.578 0.0000000000
59886  -39.692  -17.109  20.355 0.0000000000
67141  -45.115  -11.058  24.300 0.0000000000
67170  -42.672  -10.953  22.549 0.0000000000
67183  -41.621  -10.801  21.650 0.0000000000
68997  -43.829  -9.465  21.057 0.0000000000
68125  -41.918  -9.995  20.639 0.0000000000
68123  -40.383  -10.550  19.587 0.0000000000
53430  -16.586  -22.884  45.358 0.0000000000
52394  -20.864  -24.152  44.487 0.0000000000
52409  -19.301  -23.573  43.596 0.0000000000
52435  -17.613  -23.704  41.597 0.0000000000
51355  -18.746  -24.415  40.370 0.0000000000
52464  -17.568  -24.355  40.369 0.0000000000
140855  -16.779  -24.185  40.925 0.0000000000
49215  -16.179  -26.417  40.588 0.0000000000
132691  -28.141  -28.319  43.097 0.0000000000
151517  -26.206  -28.332  42.473 0.0000000000
47258  -24.492  -28.334  40.776 0.0000000000
48244  -25.246  -27.504  39.510 0.0000000000
48230  -24.252  -28.307  39.535 0.0000000000
48229  -23.071  -27.874  39.609 0.0000000000
48252  -22.262  -27.504  38.574 0.0000000000
49277  -20.596  -26.931  37.353 0.0000000000
49290  -21.359  -26.483  35.044 0.0000000000
48279  -21.178  -27.088  35.366 0.0000000000
47291  -19.422  -28.118  34.661 0.0000000000
47289  -19.149  -28.078  35.277 0.0000000000
47288  -18.616  -28.477  35.616 0.0000000000
46337  -18.213  -28.953  36.094 0.0000000000
61637  -36.305  -15.406  41.925 0.0000000000
61636  -35.657  -15.789  41.566 0.0000000000
58707  -43.204  -19.093  26.394 0.0000000000
148427  -41.198  -18.938  26.015 0.0000000000
58723  -40.881  -18.838  25.410 0.0000000000
47174  -29.407  -28.313  45.527 0.0000000000
47173  -28.607  -28.272  45.249 0.0000000000
60792  -33.178  -16.050  28.794 0.0000000000
142825  -33.378  -16.127  28.213 0.0000000000
60781  -33.748  -16.261  29.337 0.0000000000
124777  -41.880  -21.146  35.378 0.0000000000
133143  -40.552  -20.302  34.500 0.0000000000
125305  -42.654  -21.091  35.117 0.0000000000
125083  -42.710  -21.042  35.428 0.0000000000
53497  -35.695  -23.134  42.993 0.0000000000
53509  -35.386  -23.446  42.277 0.0000000000
53496  -35.040  -22.804  42.610 0.0000000000
57603  -28.536  -19.557  33.592 0.0000000000
56645  -28.449  -20.282  33.921 0.0000000000
60780  -32.993  -16.015  29.518 0.0000000000
126274  -32.452  -15.909  28.945 0.0000000000
126273  -32.660  -15.956  28.161 0.0000000000
66042  -45.051  -12.328  27.329 0.0000000000
66041  -44.361  -12.285  26.913 0.0000000000
66063  -44.952  -11.879  26.300 0.0000000000
67107  -44.132  -11.661  25.309 0.0000000000
126078  -21.556  -24.021  46.857 0.0000000000
52360  -20.739  -23.672  46.910 0.0000000000
48261  -18.416  -27.218  37.125 0.0000000000
47284  -17.919  -28.677  36.736 0.0000000000
51407  -24.885  -24.583  36.476 0.0000000000
51406  -24.163  -24.864  36.305 0.0000000000
60687  -34.831  -16.606  35.396 0.0000000000
60699  -35.346  -16.842  34.819 0.0000000000
59593  -38.654  -18.534  38.621 0.0000000000
58558  -40.007  -19.821  39.455 0.0000000000
58512  -34.438  -18.797  44.091 0.0000000000
57513  -33.997  -19.089  43.532 0.0000000000
58511  -34.190  -18.322  43.512 0.0000000000
60627  -32.857  -17.078  39.214 0.0000000000
59579  -32.495  -17.596  39.226 0.0000000000
59591  -32.454  -17.345  38.701 0.0000000000
58579  -31.503  -18.019  37.636 0.0000000000
59611  -32.056  -17.615  38.087 0.0000000000
59610  -31.918  -17.501  37.281 0.0000000000
60657  -32.421  -17.083  37.595 0.0000000000
125788  -35.140  -16.321  36.801 0.0000000000
60672  -34.471  -16.414  36.257 0.0000000000
139788  -34.288  -16.541  34.952 0.0000000000
50175  -25.426  -25.960  46.633 0.0000000000
50191  -25.233  -26.179  45.822 0.0000000000
49197  -23.674  -27.228  41.987 0.0000000000
48198  -23.461  -27.514  41.207 0.0000000000
49217  -22.870  -26.999  40.952 0.0000000000
48216  -23.244  -27.742  40.417 0.0000000000
59720  -36.424  -17.447  31.421 0.0000000000
59707  -37.144  -17.926  31.945 0.0000000000
137542  -38.967  -19.370  29.039 0.0000000000
57635  -43.117  -20.668  30.743 0.0000000000
56668  -42.997  -21.209  30.339 0.0000000000
139032  -42.856  -20.052  30.235 0.0000000000
57643  -42.569  -19.664  29.460 0.0000000000
140726  -42.222  -19.486  30.266 0.0000000000
48188  -34.439  -27.557  43.653 0.0000000000
48187  -33.848  -27.378  43.166 0.0000000000
50289  -31.316  -25.216  39.917 0.0000000000
51370  -30.968  -24.971  39.428 0.0000000000
51380  -29.834  -24.866  38.880 0.0000000000
51381  -30.583  -24.767  38.852 0.0000000000
55619  -32.042  -20.999  39.992 0.0000000000
55620  -32.485  -21.575  40.394 0.0000000000
141890  -27.874  -23.014  34.173 0.0000000000
53586  -28.465  -23.245  35.200 0.0000000000
53585  -27.899  -23.363  34.628 0.0000000000
52520  -27.160  -23.517  34.938 0.0000000000
53593  -26.728  -23.217  34.445 0.0000000000
59703  -30.085  -17.445  31.954 0.0000000000
59717  -29.964  -17.332  31.179 0.0000000000
61693  -41.292  -16.119  39.812 0.0000000000
62693  -38.399  -15.304  35.155 0.0000000000
61731  -38.338  -16.067  35.646 0.0000000000
60701  -38.121  -16.668  34.601 0.0000000000
60773  -37.247  -16.137  29.978 0.0000000000
60774  -37.649  -16.764  30.257 0.0000000000
60784  -37.523  -16.753  29.448 0.0000000000
59743  -38.098  -17.368  29.200 0.0000000000
145273  -37.249  -16.535  28.863 0.0000000000
127010  -41.651  -12.953  29.903 0.0000000000
125106  -40.777  -13.180  29.468 0.0000000000
148282  -40.410  -13.230  29.565 0.0000000000
64954  -37.869  -13.414  25.169 0.0000000000
63868  -37.157  -13.819  24.813 0.0000000000
63853  -36.652  -14.308  25.258 0.0000000000
63867  -36.601  -14.239  24.364 0.0000000000
62783  -36.372  -14.740  23.923 0.0000000000
63871  -37.073  -13.788  23.986 0.0000000000
66121  -39.745  -11.745  21.387 0.0000000000
66123  -38.533  -12.470  20.341 0.0000000000
66124  -39.017  -12.001  20.081 0.0000000000
66127  -39.065  -12.096  19.326 0.0000000000
68086  -47.134  -9.953  23.258 0.0000000000
68085  -46.395  -10.236  23.470 0.0000000000
68967  -46.449  -9.764  22.790 0.0000000000
53488  -17.281  -23.116  42.971 0.0000000000
52421  -16.337  -23.742  41.897 0.0000000000
52434  -15.844  -24.234  41.778 0.0000000000
52448  -16.314  -24.154  41.276 0.0000000000
150866  -21.173  -24.852  42.239 0.0000000000
127859  -20.626  -24.518  42.342 0.0000000000
45350  -17.313  -30.011  39.638 0.0000000000
48221  -27.873  -27.179  41.467 0.0000000000
49218  -26.842  -27.039  40.708 0.0000000000
48274  -22.511  -27.274  36.777 0.0000000000
48266  -22.680  -27.537  37.398 0.0000000000
48273  -21.905  -27.344  36.574 0.0000000000
127306  -20.877  -27.351  35.770 0.0000000000
60660  -35.770  -16.318  37.290 0.0000000000
61702  -36.148  -15.926  38.458 0.0000000000
60586  -34.723  -16.751  42.385 0.0000000000
60601  -34.430  -16.482  40.876 0.0000000000
146075  -33.789  -16.538  39.830 0.0000000000
60628  -34.237  -16.163  39.446 0.0000000000
61688  -34.866  -15.905  39.036 0.0000000000
61714  -35.047  -16.034  37.549 0.0000000000
57681  -43.939  -19.200  26.188 0.0000000000
58761  -40.813  -18.608  24.091 0.0000000000
58779  -40.296  -18.235  22.852 0.0000000000
49116  -27.317  -27.051  46.874 0.0000000000
49135  -26.337  -27.064  45.658 0.0000000000
48123  -27.021  -27.335  45.988 0.0000000000
47188  -26.963  -28.187  44.113 0.0000000000
48149  -26.473  -27.845  44.577 0.0000000000
48162  -26.284  -28.002  43.865 0.0000000000
48180  -25.348  -28.039  42.975 0.0000000000
47210  -26.071  -28.206  43.095 0.0000000000
57610  -38.714  -19.286  33.371 0.0000000000
124788  -40.299  -20.088  32.905 0.0000000000
125235  -39.382  -19.493  32.040 0.0000000000
56655  -40.131  -20.006  31.899 0.0000000000
56660  -40.729  -20.337  31.226 0.0000000000
124775  -42.831  -20.888  33.649 0.0000000000
56656  -42.603  -21.160  32.986 0.0000000000
55678  -43.139  -20.793  33.355 0.0000000000
57618  -43.221  -20.746  33.053 0.0000000000
57611  -43.218  -20.700  33.378 0.0000000000
149903  -35.879  -25.066  42.539 0.0000000000
50248  -35.321  -25.536  42.436 0.0000000000
52462  -34.639  -24.099  41.333 0.0000000000
51364  -34.237  -24.522  41.105 0.0000000000
51373  -32.928  -24.739  40.335 0.0000000000
52475  -33.449  -24.138  40.420 0.0000000000
56615  -30.454  -20.255  37.238 0.0000000000
55643  -30.297  -20.842  37.183 0.0000000000
55667  -28.459  -21.034  34.208 0.0000000000
55668  -28.758  -21.138  34.801 0.0000000000
54599  -28.159  -21.697  33.768 0.0000000000
54593  -28.499  -21.862  34.494 0.0000000000
54598  -27.674  -22.165  33.437 0.0000000000
54605  -26.703  -22.464  32.559 0.0000000000
150489  -26.867  -21.957  32.211 0.0000000000
60767  -31.119  -16.508  30.264 0.0000000000
149702  -31.001  -16.429  29.776 0.0000000000
62718  -38.223  -14.651  32.975 0.0000000000
126060  -38.097  -14.092  30.846 0.0000000000
62725  -37.451  -15.281  31.712 0.0000000000
62731  -37.511  -14.943  30.982 0.0000000000
62737  -37.480  -14.743  30.255 0.0000000000
124869  -44.363  -13.309  29.629 0.0000000000
142415  -44.118  -13.251  30.289 0.0000000000
125200  -43.070  -13.115  28.989 0.0000000000
142454  -42.587  -13.104  28.360 0.0000000000
124887  -42.106  -13.111  27.890 0.0000000000
64937  -42.492  -12.930  27.190 0.0000000000
66059  -41.941  -12.517  25.648 0.0000000000
64958  -41.532  -12.799  26.157 0.0000000000
66058  -41.377  -12.636  25.379 0.0000000000
64974  -39.980  -12.888  24.960 0.0000000000
66073  -40.483  -12.579  24.399 0.0000000000
64989  -39.770  -12.802  24.247 0.0000000000
67150  -42.202  -11.649  23.576 0.0000000000
66106  -41.517  -11.806  23.372 0.0000000000
66117  -40.638  -11.724  22.454 0.0000000000
137917  -42.022  -11.384  22.951 0.0000000000
69839  -46.366  -8.174  21.193 0.0000000000
53381  -19.940  -23.267  47.785 0.0000000000
53396  -19.508  -23.143  47.179 0.0000000000
52377  -20.034  -23.527  45.474 0.0000000000
52376  -19.346  -23.119  45.654 0.0000000000
53449  -18.385  -23.056  44.365 0.0000000000
53450  -19.106  -23.216  44.261 0.0000000000
51377  -19.540  -25.096  39.467 0.0000000000
127723  -19.585  -25.440  38.916 0.0000000000
48260  -17.810  -27.558  37.513 0.0000000000
48251  -17.511  -27.171  38.187 0.0000000000
47277  -17.439  -28.095  38.135 0.0000000000
44423  -17.775  -30.700  36.823 0.0000000000
44420  -17.718  -31.059  37.464 0.0000000000
50305  -26.589  -25.653  39.168 0.0000000000
50304  -25.800  -25.897  38.978 0.0000000000
50323  -25.520  -25.518  38.222 0.0000000000
50335  -24.081  -25.855  37.347 0.0000000000
49282  -22.822  -26.481  36.462 0.0000000000
49286  -22.305  -26.153  35.781 0.0000000000
60743  -34.369  -16.562  32.180 0.0000000000
139493  -34.894  -16.657  32.649 0.0000000000
59657  -35.817  -17.116  34.309 0.0000000000
59675  -35.663  -16.960  33.511 0.0000000000
59676  -36.300  -17.398  33.806 0.0000000000
127962  -36.375  -16.740  37.071 0.0000000000
142931  -36.375  -17.026  36.491 0.0000000000
59612  -36.837  -17.371  36.826 0.0000000000
58580  -37.881  -18.511  36.916 0.0000000000
59642  -37.102  -18.058  35.747 0.0000000000
58601  -37.552  -18.493  35.302 0.0000000000
58602  -38.180  -18.948  35.692 0.0000000000
57566  -39.418  -19.834  37.064 0.0000000000
57584  -39.055  -19.485  36.157 0.0000000000
57576  -40.354  -20.501  36.688 0.0000000000
125693  -40.931  -20.982  37.692 0.0000000000
55580  -34.259  -20.762  43.649 0.0000000000
55597  -34.449  -21.539  43.218 0.0000000000
130491  -33.527  -20.650  42.333 0.0000000000
142860  -32.783  -19.968  41.574 0.0000000000
128912  -33.898  -17.580  42.361 0.0000000000
128569  -33.573  -18.178  42.363 0.0000000000
148407  -32.238  -18.606  39.936 0.0000000000
57538  -32.021  -19.321  39.877 0.0000000000
148728  -32.198  -19.500  40.428 0.0000000000
57547  -31.710  -19.268  39.105 0.0000000000
132716  -31.393  -19.810  38.667 0.0000000000
57552  -31.423  -19.005  38.489 0.0000000000
58578  -31.090  -18.463  37.195 0.0000000000
57575  -30.618  -18.915  36.771 0.0000000000
58590  -30.404  -18.644  36.085 0.0000000000
57583  -29.993  -18.940  35.676 0.0000000000
57593  -29.731  -18.797  35.055 0.0000000000
58607  -29.508  -18.631  34.321 0.0000000000
58608  -30.126  -18.201  34.628 0.0000000000
148697  -30.472  -17.801  34.608 0.0000000000
59655  -30.912  -17.514  34.593 0.0000000000
59673  -30.898  -17.375  33.813 0.0000000000
59674  -31.464  -17.028  34.204 0.0000000000
130507  -32.929  -16.674  37.223 0.0000000000
129374  -33.307  -16.471  36.980 0.0000000000
137697  -32.934  -16.649  35.071 0.0000000000
60685  -32.952  -16.661  35.703 0.0000000000
60695  -32.655  -16.711  34.563 0.0000000000
125772  -32.314  -16.725  33.813 0.0000000000
60725  -32.260  -16.667  32.877 0.0000000000
60726  -33.089  -16.598  33.149 0.0000000000
60727  -33.753  -16.545  32.653 0.0000000000
148746  -33.672  -16.506  32.016 0.0000000000
68033  -50.181  -10.301  25.684 0.0000000000
68054  -50.209  -9.934  24.934 0.0000000000
68072  -49.286  -10.023  24.428 0.0000000000
68940  -50.063  -9.592  24.411 0.0000000000
69814  -49.511  -8.091  23.180 0.0000000000
70750  -48.937  -7.807  22.737 0.0000000000
51272  -22.807  -24.777  46.595 0.0000000000
51273  -23.445  -25.140  46.372 0.0000000000
50189  -23.900  -25.674  45.282 0.0000000000
50188  -23.229  -25.356  44.995 0.0000000000
135096  -22.170  -25.033  43.973 0.0000000000
49150  -25.460  -27.003  44.681 0.0000000000
49149  -24.835  -26.601  44.369 0.0000000000
49179  -23.280  -26.562  42.394 0.0000000000
50240  -23.520  -26.411  42.953 0.0000000000
129410  -22.037  -25.843  41.356 0.0000000000
50267  -21.364  -25.489  40.931 0.0000000000
146696  -21.813  -25.964  40.616 0.0000000000
49247  -21.332  -26.114  39.429 0.0000000000
50321  -20.725  -26.198  38.379 0.0000000000
49262  -20.296  -26.408  37.871 0.0000000000
147737  -35.068  -16.781  30.574 0.0000000000
136101  -36.265  -17.547  29.678 0.0000000000
59741  -35.703  -17.306  29.266 0.0000000000
59742  -36.267  -17.653  28.979 0.0000000000
58642  -38.063  -18.583  30.951 0.0000000000
141339  -38.186  -18.745  30.263 0.0000000000
58674  -37.781  -18.997  28.106 0.0000000000
56676  -41.492  -21.660  30.014 0.0000000000
55702  -42.209  -22.649  29.805 0.0000000000
55712  -42.707  -21.754  29.112 0.0000000000
56684  -42.865  -20.972  28.527 0.0000000000
57669  -41.882  -19.204  27.257 0.0000000000
47193  -31.376  -28.394  44.522 0.0000000000
47192  -30.602  -28.402  44.320 0.0000000000
47217  -31.893  -28.271  44.044 0.0000000000
48184  -30.806  -27.538  42.660 0.0000000000
48205  -29.487  -27.191  42.094 0.0000000000
48206  -30.349  -27.138  42.166 0.0000000000
49204  -33.461  -26.402  42.046 0.0000000000
49203  -32.771  -26.354  41.756 0.0000000000
50270  -30.210  -25.752  40.685 0.0000000000
49221  -29.769  -26.270  41.180 0.0000000000
50269  -29.422  -25.880  40.660 0.0000000000
50286  -28.354  -25.730  40.061 0.0000000000
51389  -28.621  -24.676  38.314 0.0000000000
51388  -27.666  -24.840  38.376 0.0000000000
51399  -26.727  -24.658  37.376 0.0000000000
54514  -33.833  -22.061  41.893 0.0000000000
54515  -34.416  -22.459  42.258 0.0000000000
54526  -33.507  -22.398  41.294 0.0000000000
53531  -32.276  -22.851  39.711 0.0000000000
53519  -33.166  -22.777  40.699 0.0000000000
52473  -32.412  -23.630  39.682 0.0000000000
53547  -31.933  -23.334  39.260 0.0000000000
130337  -30.200  -21.463  37.154 0.0000000000
54553  -30.919  -21.777  38.097 0.0000000000
54565  -30.340  -22.067  37.459 0.0000000000
52505  -29.815  -23.445  36.897 0.0000000000
53571  -30.269  -22.990  37.443 0.0000000000
52496  -30.123  -23.758  37.511 0.0000000000
52495  -29.522  -24.041  37.158 0.0000000000
52486  -29.868  -24.332  37.750 0.0000000000
52511  -26.488  -23.701  35.563 0.0000000000
52502  -27.324  -24.221  36.421 0.0000000000
52510  -25.689  -23.651  35.462 0.0000000000
52500  -25.946  -23.893  36.003 0.0000000000
58626  -29.171  -18.354  32.818 0.0000000000
58632  -28.465  -18.617  31.866 0.0000000000
58639  -28.396  -18.407  31.243 0.0000000000
128687  -19.888  -23.057  49.200 0.0000000000
51249  -23.664  -24.697  48.288 0.0000000000
49102  -27.707  -26.694  47.826 0.0000000000
47163  -31.706  -28.321  46.929 0.0000000000
127360  -31.885  -28.376  46.158 0.0000000000
47220  -34.357  -28.127  44.497 0.0000000000
47197  -35.264  -28.317  45.131 0.0000000000
50197  -37.731  -25.883  45.764 0.0000000000
48131  -37.456  -26.779  46.007 0.0000000000
49160  -37.653  -26.645  45.595 0.0000000000
143864  -36.956  -27.331  44.630 0.0000000000
50217  -37.262  -26.174  44.230 0.0000000000
128339  -36.555  -26.167  43.653 0.0000000000
50234  -37.461  -25.462  44.475 0.0000000000
53457  -37.298  -23.371  45.718 0.0000000000
53479  -36.669  -23.116  44.579 0.0000000000
144811  -36.361  -21.963  45.231 0.0000000000
55566  -35.873  -21.325  45.175 0.0000000000
56540  -35.675  -20.834  45.670 0.0000000000
57501  -35.007  -19.699  45.579 0.0000000000
58496  -34.993  -19.040  45.521 0.0000000000
63698  -38.126  -14.250  41.667 0.0000000000
62628  -38.019  -14.635  41.081 0.0000000000
63699  -38.946  -14.591  41.407 0.0000000000
62630  -39.632  -15.400  41.091 0.0000000000
61674  -40.198  -16.538  41.015 0.0000000000
61673  -39.657  -16.752  40.439 0.0000000000
60618  -42.765  -18.207  41.576 0.0000000000
60604  -42.571  -18.240  41.830 0.0000000000
59560  -42.367  -18.577  41.834 0.0000000000
125254  -40.511  -18.843  40.389 0.0000000000
125338  -41.430  -18.828  40.608 0.0000000000
124769  -40.938  -19.682  40.216 0.0000000000
125108  -41.018  -19.816  40.082 0.0000000000
125146  -41.593  -20.119  39.224 0.0000000000
128729  -41.945  -21.030  38.343 0.0000000000
142402  -41.716  -20.213  38.269 0.0000000000
63744  -39.896  -14.564  36.532 0.0000000000
62667  -40.248  -14.895  38.045 0.0000000000
62666  -39.599  -15.380  37.763 0.0000000000
60676  -38.876  -16.945  36.502 0.0000000000
59629  -39.434  -17.970  36.415 0.0000000000
125360  -40.669  -19.146  36.841 0.0000000000
124778  -40.252  -18.884  35.985 0.0000000000
142354  -41.397  -19.715  35.128 0.0000000000
125114  -40.454  -19.129  35.324 0.0000000000
124787  -39.457  -18.361  33.571 0.0000000000
124784  -40.212  -18.796  33.865 0.0000000000
124785  -40.002  -18.616  33.041 0.0000000000
124786  -40.109  -18.596  32.248 0.0000000000
134628  -38.126  -17.047  33.055 0.0000000000
60731  -38.043  -16.958  32.441 0.0000000000
134256  -38.842  -17.787  30.584 0.0000000000
59723  -38.881  -17.780  31.327 0.0000000000
142046  -39.494  -18.292  30.831 0.0000000000
58654  -39.939  -18.498  29.992 0.0000000000
59755  -38.822  -17.936  28.109 0.0000000000
58675  -39.345  -18.270  28.609 0.0000000000
126113  -39.626  -18.498  27.120 0.0000000000
59766  -38.960  -18.115  27.322 0.0000000000
125293  -38.627  -13.737  29.003 0.0000000000
63810  -37.744  -13.934  28.322 0.0000000000
125378  -40.057  -13.137  27.274 0.0000000000
142729  -39.183  -13.176  26.934 0.0000000000
63820  -36.883  -14.230  26.829 0.0000000000
146862  -36.977  -14.247  27.302 0.0000000000
62752  -36.846  -14.936  28.099 0.0000000000
61785  -36.659  -15.548  27.635 0.0000000000
60796  -36.786  -16.189  27.954 0.0000000000
61789  -36.588  -15.512  26.879 0.0000000000
60844  -37.140  -16.783  25.374 0.0000000000
140105  -37.111  -16.753  26.120 0.0000000000
59790  -37.593  -17.278  25.789 0.0000000000
58702  -38.678  -17.946  26.057 0.0000000000
59791  -38.245  -17.653  25.483 0.0000000000
58738  -38.697  -17.926  24.953 0.0000000000
131951  -37.858  -17.421  24.361 0.0000000000
60883  -37.096  -16.823  22.944 0.0000000000
59838  -37.773  -17.324  23.093 0.0000000000
138156  -37.719  -17.267  22.359 0.0000000000
59854  -38.443  -17.494  22.006 0.0000000000
59869  -37.767  -17.154  21.511 0.0000000000
64998  -38.313  -13.020  23.089 0.0000000000
64997  -37.530  -13.327  22.783 0.0000000000
65002  -37.461  -13.344  22.046 0.0000000000
63886  -37.710  -14.368  19.487 0.0000000000
63883  -37.302  -14.222  20.384 0.0000000000
139378  -37.397  -15.387  20.135 0.0000000000
60907  -38.033  -16.487  20.218 0.0000000000
67130  -46.594  -11.129  25.148 0.0000000000
125985  -45.942  -11.231  25.278 0.0000000000
68050  -45.955  -10.956  24.584 0.0000000000
68083  -44.668  -10.503  23.050 0.0000000000
68082  -43.983  -10.552  22.783 0.0000000000
68081  -43.386  -10.659  22.487 0.0000000000
68095  -42.340  -10.605  21.884 0.0000000000
68096  -43.090  -10.448  21.961 0.0000000000
69838  -45.195  -8.911  21.066 0.0000000000
68998  -44.511  -9.380  21.279 0.0000000000
69011  -43.569  -9.148  20.478 0.0000000000
69009  -41.894  -9.577  19.980 0.0000000000
68124  -41.194  -10.120  20.043 0.0000000000
144786  -17.892  -22.895  45.792 0.0000000000
53410  -17.675  -22.906  46.502 0.0000000000
144815  -17.389  -22.916  45.223 0.0000000000
53486  -15.790  -23.369  43.285 0.0000000000
51339  -15.054  -24.981  42.178 0.0000000000
50252  -15.700  -25.388  41.231 0.0000000000
49194  -15.476  -26.061  41.569 0.0000000000
48214  -15.904  -26.819  41.366 0.0000000000
48197  -16.298  -27.672  41.478 0.0000000000
137879  -21.953  -24.711  45.117 0.0000000000
51304  -21.454  -24.519  44.852 0.0000000000
52425  -20.126  -24.163  42.675 0.0000000000
52410  -20.064  -23.950  43.467 0.0000000000
52424  -19.412  -23.848  42.858 0.0000000000
52423  -18.691  -23.648  42.589 0.0000000000
52436  -18.509  -23.831  41.825 0.0000000000
51376  -18.684  -24.832  39.597 0.0000000000
51356  -19.455  -24.449  40.952 0.0000000000
50280  -16.903  -25.707  39.549 0.0000000000
51367  -17.369  -24.733  39.985 0.0000000000
51354  -17.015  -24.443  40.453 0.0000000000
51353  -16.483  -24.607  40.766 0.0000000000
50266  -16.404  -25.701  40.229 0.0000000000
43474  -17.737  -31.482  38.156 0.0000000000
134711  -17.569  -31.085  38.842 0.0000000000
47214  -29.638  -28.275  43.459 0.0000000000
133411  -29.020  -28.436  43.961 0.0000000000
48202  -26.745  -27.933  41.489 0.0000000000
47248  -26.638  -28.217  42.022 0.0000000000
47247  -25.377  -28.361  41.755 0.0000000000
47259  -25.259  -28.326  40.866 0.0000000000
49249  -25.007  -27.142  39.021 0.0000000000
49233  -25.841  -27.053  39.872 0.0000000000
132065  -23.285  -27.964  38.409 0.0000000000
141494  -24.136  -28.042  38.912 0.0000000000
48242  -23.608  -28.125  39.048 0.0000000000
135951  -23.748  -28.207  39.859 0.0000000000
48241  -22.923  -27.879  38.811 0.0000000000
125616  -20.915  -27.323  36.831 0.0000000000
48264  -21.275  -27.236  37.360 0.0000000000
48263  -20.067  -27.160  36.819 0.0000000000
130389  -20.295  -27.221  33.960 0.0000000000
49289  -20.957  -26.858  34.724 0.0000000000
48283  -20.524  -27.176  34.450 0.0000000000
149372  -19.276  -28.608  34.293 0.0000000000
47296  -19.566  -28.155  34.041 0.0000000000
48277  -19.777  -27.698  35.118 0.0000000000
46340  -18.890  -28.768  34.825 0.0000000000
46342  -18.660  -29.633  34.663 0.0000000000
46339  -18.473  -29.286  35.392 0.0000000000
45361  -18.432  -30.115  35.218 0.0000000000
61690  -36.217  -15.735  39.242 0.0000000000
142609  -36.738  -15.531  39.791 0.0000000000
61671  -37.435  -15.460  39.885 0.0000000000
60587  -35.213  -16.256  41.992 0.0000000000
61651  -34.942  -16.056  40.450 0.0000000000
61668  -34.865  -15.984  39.742 0.0000000000
61669  -35.535  -15.807  39.948 0.0000000000
57670  -43.074  -19.430  27.040 0.0000000000
58725  -43.421  -18.781  25.885 0.0000000000
130690  -41.343  -18.715  24.811 0.0000000000
129564  -40.168  -18.597  24.176 0.0000000000
48125  -28.454  -27.870  46.419 0.0000000000
48138  -27.417  -27.830  45.522 0.0000000000
48139  -28.134  -28.011  45.757 0.0000000000
47172  -27.851  -28.221  45.032 0.0000000000
47189  -27.659  -28.350  44.325 0.0000000000
60794  -34.582  -16.671  28.309 0.0000000000
124774  -39.534  -19.751  34.024 0.0000000000
124779  -40.366  -20.162  33.792 0.0000000000
124780  -41.564  -20.607  33.771 0.0000000000
124776  -42.693  -20.902  34.311 0.0000000000
124781  -42.711  -20.451  34.009 0.0000000000
52446  -35.538  -24.060  42.071 0.0000000000
52445  -35.039  -23.764  41.734 0.0000000000
53521  -34.336  -23.507  41.499 0.0000000000
56629  -29.240  -20.033  35.286 0.0000000000
56630  -29.578  -20.138  35.917 0.0000000000
56638  -28.827  -20.343  34.689 0.0000000000
55674  -28.149  -20.934  33.507 0.0000000000
55682  -27.175  -21.277  32.164 0.0000000000
55681  -26.886  -20.822  31.589 0.0000000000
60756  -32.716  -16.346  31.019 0.0000000000
60768  -31.472  -16.152  29.754 0.0000000000
60779  -31.707  -16.000  29.085 0.0000000000
66021  -43.855  -12.746  27.490 0.0000000000
64938  -43.190  -12.928  27.608 0.0000000000
66040  -43.673  -12.361  26.633 0.0000000000
66060  -42.570  -12.292  25.610 0.0000000000
66075  -42.026  -12.233  24.899 0.0000000000
66076  -42.894  -11.938  24.839 0.0000000000
67127  -43.700  -11.551  24.686 0.0000000000
52345  -20.546  -23.522  47.725 0.0000000000
53397  -20.017  -23.385  46.662 0.0000000000
128374  -20.418  -23.673  46.110 0.0000000000
49261  -19.421  -26.140  37.848 0.0000000000
50319  -19.165  -25.650  38.400 0.0000000000
49274  -18.077  -26.761  37.619 0.0000000000
45358  -17.764  -29.977  36.714 0.0000000000
144050  -25.545  -25.019  37.645 0.0000000000
51396  -24.474  -25.128  36.958 0.0000000000
50345  -23.821  -25.465  36.701 0.0000000000
50352  -22.910  -25.625  35.965 0.0000000000
60712  -34.549  -16.604  33.718 0.0000000000
60729  -35.049  -16.672  33.254 0.0000000000
59640  -35.973  -17.173  35.117 0.0000000000
59613  -37.420  -17.873  37.237 0.0000000000
58581  -38.717  -19.227  37.416 0.0000000000
124763  -39.881  -20.174  37.941 0.0000000000
56551  -33.999  -19.887  43.580 0.0000000000
57520  -33.606  -19.462  42.957 0.0000000000
58526  -33.225  -18.974  42.411 0.0000000000
59558  -33.083  -17.373  40.436 0.0000000000
59548  -33.094  -17.919  41.049 0.0000000000
58557  -32.348  -18.065  39.593 0.0000000000
139095  -31.745  -18.624  38.829 0.0000000000
58564  -31.659  -18.305  38.296 0.0000000000
58591  -30.917  -18.263  36.484 0.0000000000
58600  -30.741  -18.070  35.758 0.0000000000
59624  -31.227  -17.683  36.149 0.0000000000
59639  -31.678  -17.230  35.737 0.0000000000
60671  -33.744  -16.385  36.724 0.0000000000
135438  -33.634  -16.538  35.150 0.0000000000
60697  -33.955  -16.570  34.304 0.0000000000
50162  -24.912  -25.610  47.189 0.0000000000
50206  -23.782  -25.782  44.668 0.0000000000
49181  -24.415  -27.276  43.030 0.0000000000
49164  -24.608  -26.923  43.682 0.0000000000
49195  -22.587  -26.404  41.387 0.0000000000
49216  -22.302  -26.463  40.747 0.0000000000
49248  -21.812  -26.822  39.098 0.0000000000
59719  -35.830  -17.167  30.770 0.0000000000
58651  -36.991  -17.990  30.214 0.0000000000
57639  -38.628  -19.145  29.801 0.0000000000
57648  -38.367  -19.194  28.532 0.0000000000
55697  -42.643  -21.855  30.710 0.0000000000
55703  -42.388  -22.540  30.366 0.0000000000
55704  -42.690  -21.970  29.990 0.0000000000
56677  -43.019  -21.010  29.533 0.0000000000
144981  -42.982  -20.722  28.909 0.0000000000
137120  -42.974  -20.170  29.084 0.0000000000
130708  -41.824  -19.290  28.869 0.0000000000
142796  -32.292  -28.060  43.717 0.0000000000
48164  -32.896  -27.959  43.694 0.0000000000
48163  -32.309  -27.762  43.264 0.0000000000
129175  -32.267  -27.317  42.687 0.0000000000
50272  -32.591  -25.387  40.644 0.0000000000
50271  -31.974  -25.766  40.889 0.0000000000
50288  -30.626  -25.385  40.017 0.0000000000
137262  -29.842  -25.522  40.040 0.0000000000
50307  -28.706  -25.316  39.551 0.0000000000
50308  -29.470  -25.264  39.467 0.0000000000
54525  -32.968  -21.998  40.870 0.0000000000
54534  -32.051  -21.935  39.731 0.0000000000
54577  -29.535  -22.099  36.300 0.0000000000
53582  -29.878  -22.601  36.886 0.0000000000
53587  -29.073  -22.747  35.695 0.0000000000
53580  -28.911  -23.555  35.861 0.0000000000
52503  -28.586  -24.019  36.242 0.0000000000
52513  -28.235  -23.802  35.671 0.0000000000
59687  -29.555  -17.822  32.412 0.0000000000
145234  -33.523  -28.338  47.594 0.0000000000
47165  -34.124  -28.291  47.305 0.0000000000
51295  -37.712  -24.853  45.866 0.0000000000
51309  -37.928  -25.341  45.330 0.0000000000
52383  -37.575  -24.092  46.023 0.0000000000
56533  -35.470  -20.229  46.154 0.0000000000
134634  -39.444  -13.918  42.718 0.0000000000
63687  -39.522  -14.247  42.005 0.0000000000
63688  -40.269  -14.390  42.715 0.0000000000
62613  -41.033  -15.241  42.436 0.0000000000
61676  -42.860  -17.143  41.224 0.0000000000
61675  -42.092  -17.259  40.733 0.0000000000
125300  -41.378  -18.962  40.418 0.0000000000
125431  -41.541  -17.703  40.172 0.0000000000
124766  -40.904  -17.949  39.569 0.0000000000
124767  -40.085  -16.770  38.637 0.0000000000
142834  -39.056  -14.584  34.814 0.0000000000
62694  -39.015  -14.823  35.603 0.0000000000
62686  -39.142  -14.997  36.364 0.0000000000
61724  -38.964  -15.686  36.658 0.0000000000
61723  -38.604  -16.174  36.289 0.0000000000
60675  -38.508  -16.602  35.917 0.0000000000
59628  -38.684  -17.204  35.770 0.0000000000
125903  -39.663  -18.413  35.000 0.0000000000
59661  -38.989  -17.775  34.617 0.0000000000
59679  -38.966  -17.831  33.828 0.0000000000
59678  -38.439  -17.425  33.434 0.0000000000
60745  -37.371  -16.210  31.560 0.0000000000
60746  -37.916  -16.860  31.741 0.0000000000
60760  -37.782  -16.796  31.020 0.0000000000
59733  -38.221  -17.357  30.531 0.0000000000
59734  -38.635  -17.675  29.799 0.0000000000
58663  -39.270  -18.187  29.411 0.0000000000
59754  -38.182  -17.498  28.413 0.0000000000
146392  -40.107  -13.359  29.705 0.0000000000
124873  -39.271  -13.452  28.668 0.0000000000
64934  -38.505  -13.281  26.716 0.0000000000
64933  -38.039  -13.409  26.070 0.0000000000
63838  -37.338  -13.858  26.470 0.0000000000
63837  -36.806  -14.236  26.103 0.0000000000
62762  -36.635  -14.799  26.508 0.0000000000
62768  -36.591  -14.728  25.860 0.0000000000
138582  -36.516  -15.751  25.413 0.0000000000
60857  -36.668  -16.251  25.025 0.0000000000
60858  -37.182  -16.802  24.511 0.0000000000
60874  -36.565  -16.031  24.180 0.0000000000
60882  -36.532  -16.134  23.239 0.0000000000
61811  -36.413  -15.547  22.757 0.0000000000
65003  -37.984  -12.993  21.757 0.0000000000
145068  -38.482  -12.579  21.271 0.0000000000
63884  -37.734  -13.640  19.932 0.0000000000
139737  -38.050  -13.751  19.341 0.0000000000
68052  -47.628  -10.421  24.461 0.0000000000
68069  -46.332  -10.530  24.072 0.0000000000
68084  -45.786  -10.185  23.096 0.0000000000
68098  -44.601  -10.156  22.430 0.0000000000
69862  -43.528  -8.296  19.423 0.0000000000
69852  -43.227  -8.841  19.898 0.0000000000
144301  -16.362  -22.867  46.079 0.0000000000
53448  -17.629  -22.982  44.484 0.0000000000
53447  -16.821  -22.933  44.609 0.0000000000
53468  -17.080  -22.993  43.839 0.0000000000
145331  -16.562  -23.089  43.312 0.0000000000
52420  -15.805  -23.819  42.446 0.0000000000
51325  -15.348  -24.411  42.294 0.0000000000
51326  -20.714  -24.329  43.055 0.0000000000
150275  -20.157  -24.328  42.208 0.0000000000
52438  -19.731  -24.134  42.210 0.0000000000
49246  -17.395  -26.501  38.626 0.0000000000
49245  -16.921  -26.534  39.265 0.0000000000
49231  -16.580  -26.345  39.911 0.0000000000
46326  -17.095  -29.404  40.110 0.0000000000
125968  -17.585  -31.402  39.555 0.0000000000
142519  -17.698  -32.086  39.616 0.0000000000
48181  -28.722  -27.588  42.252 0.0000000000
47250  -27.992  -28.065  42.407 0.0000000000
48219  -26.468  -27.778  40.969 0.0000000000
49266  -23.943  -27.313  38.022 0.0000000000
49265  -23.331  -27.671  37.793 0.0000000000
126655  -21.629  -27.430  36.980 0.0000000000
48271  -20.466  -27.380  36.266 0.0000000000
44451  -18.911  -30.623  33.892 0.0000000000
45364  -18.827  -29.989  34.099 0.0000000000
61703  -36.847  -16.081  38.590 0.0000000000
60645  -37.287  -16.791  38.226 0.0000000000
60646  -38.122  -17.439  38.729 0.0000000000
60568  -34.865  -17.239  43.851 0.0000000000
132595  -34.477  -17.615  43.375 0.0000000000
59542  -34.341  -17.299  42.712 0.0000000000
137791  -34.573  -16.587  41.642 0.0000000000
60600  -33.913  -16.896  41.324 0.0000000000
144915  -33.468  -17.310  41.005 0.0000000000
60615  -33.228  -16.898  39.840 0.0000000000
60641  -32.953  -16.821  38.568 0.0000000000
60642  -33.550  -16.373  38.279 0.0000000000
61713  -34.277  -16.056  37.888 0.0000000000
58742  -43.618  -18.579  25.266 0.0000000000
49114  -25.926  -26.441  46.097 0.0000000000
48137  -26.708  -27.644  45.252 0.0000000000
48148  -25.843  -27.583  44.303 0.0000000000
48160  -24.983  -27.581  43.360 0.0000000000
48179  -24.792  -27.839  42.722 0.0000000000
48200  -24.710  -28.124  42.055 0.0000000000
58634  -37.778  -18.453  32.207 0.0000000000
57623  -38.676  -19.119  31.437 0.0000000000
125327  -39.257  -19.487  32.758 0.0000000000
57631  -39.237  -19.383  30.304 0.0000000000
57641  -40.060  -20.126  29.666 0.0000000000
56665  -40.801  -20.576  30.186 0.0000000000
56666  -41.926  -21.431  30.966 0.0000000000
56667  -42.633  -21.414  31.993 0.0000000000
55696  -42.469  -21.965  30.896 0.0000000000
55688  -42.661  -21.335  31.846 0.0000000000
139899  -43.138  -20.804  31.906 0.0000000000
57626  -42.949  -20.212  32.138 0.0000000000
49185  -34.444  -26.887  42.913 0.0000000000
50247  -34.611  -26.050  42.412 0.0000000000
50259  -34.046  -25.876  41.871 0.0000000000
50258  -33.391  -25.840  41.451 0.0000000000
51350  -35.388  -24.749  42.000 0.0000000000
51348  -34.063  -25.215  41.239 0.0000000000
50273  -33.240  -25.300  40.885 0.0000000000
56605  -31.343  -20.663  38.752 0.0000000000
54554  -31.331  -21.487  38.671 0.0000000000
55635  -31.016  -21.006  38.161 0.0000000000
55652  -29.457  -21.372  36.032 0.0000000000
54588  -29.161  -21.843  35.606 0.0000000000
54587  -28.739  -22.347  35.106 0.0000000000
53604  -28.051  -22.453  33.972 0.0000000000
53603  -27.477  -22.794  33.764 0.0000000000
53612  -26.386  -22.747  33.104 0.0000000000
54611  -25.736  -22.343  31.837 0.0000000000
54618  -25.458  -21.951  31.243 0.0000000000
146918  -26.640  -21.587  31.744 0.0000000000
59729  -29.833  -17.208  30.391 0.0000000000
60753  -30.529  -16.868  30.711 0.0000000000
60788  -29.546  -16.706  28.140 0.0000000000
60778  -30.940  -16.359  29.226 0.0000000000
60789  -30.391  -16.482  28.470 0.0000000000
61743  -38.102  -15.470  34.289 0.0000000000
60700  -37.729  -16.166  34.141 0.0000000000
61750  -37.459  -16.025  32.873 0.0000000000
135011  -37.116  -15.374  29.714 0.0000000000
125285  -41.520  -13.106  28.058 0.0000000000
124890  -40.978  -13.025  26.956 0.0000000000
131077  -40.335  -13.022  26.401 0.0000000000
64956  -40.168  -12.962  25.695 0.0000000000
64972  -38.494  -13.150  24.640 0.0000000000
132821  -39.061  -12.957  24.137 0.0000000000
64988  -39.483  -12.723  23.631 0.0000000000
66085  -39.711  -12.451  23.134 0.0000000000
66087  -41.006  -12.198  23.834 0.0000000000
66103  -39.487  -12.329  22.552 0.0000000000
66116  -39.967  -11.948  22.143 0.0000000000
67167  -40.419  -11.463  21.754 0.0000000000
67181  -40.179  -11.227  20.968 0.0000000000
69827  -47.160  -8.756  22.092 0.0000000000
68983  -46.705  -9.259  22.247 0.0000000000
69826  -46.410  -8.821  21.743 0.0000000000
146983  -45.868  -8.657  21.277 0.0000000000
69855  -44.981  -8.418  20.515 0.0000000000
53395  -18.788  -22.998  47.452 0.0000000000
129257  -18.877  -23.015  46.751 0.0000000000
53431  -18.597  -22.960  45.660 0.0000000000
53412  -19.428  -23.130  46.411 0.0000000000
53489  -18.215  -23.311  43.071 0.0000000000
128796  -20.798  -24.989  41.221 0.0000000000
51357  -20.153  -24.828  40.737 0.0000000000
50318  -18.527  -25.567  38.531 0.0000000000
50317  -17.856  -25.838  38.553 0.0000000000
46329  -17.316  -29.490  38.849 0.0000000000
44418  -17.535  -30.653  38.119 0.0000000000
45355  -17.597  -30.239  37.395 0.0000000000
49235  -27.252  -26.400  40.349 0.0000000000
49251  -26.181  -26.266  39.597 0.0000000000
49250  -25.524  -26.662  39.285 0.0000000000
150004  -24.915  -25.870  38.196 0.0000000000
50322  -24.406  -26.362  38.034 0.0000000000
49279  -23.726  -26.865  37.502 0.0000000000
49281  -22.148  -26.999  36.187 0.0000000000
60758  -34.186  -16.435  30.744 0.0000000000
130567  -34.697  -16.624  31.427 0.0000000000
59690  -35.462  -16.841  32.777 0.0000000000
59706  -35.879  -17.071  32.194 0.0000000000
60674  -36.167  -17.086  35.902 0.0000000000
59641  -36.578  -17.582  35.417 0.0000000000
59677  -36.916  -17.891  34.125 0.0000000000
58621  -37.389  -18.285  33.601 0.0000000000
58622  -38.037  -18.805  33.941 0.0000000000
57594  -38.844  -19.413  35.297 0.0000000000
124770  -41.240  -21.009  36.081 0.0000000000
142407  -42.443  -21.596  36.134 0.0000000000
54487  -35.062  -21.930  43.427 0.0000000000
54502  -34.105  -21.786  42.554 0.0000000000
55605  -33.633  -21.319  42.106 0.0000000000
56589  -32.326  -20.875  40.611 0.0000000000
57526  -32.864  -19.256  41.703 0.0000000000
58533  -32.729  -18.700  41.053 0.0000000000
57533  -32.461  -19.562  40.972 0.0000000000
56581  -32.126  -20.138  40.373 0.0000000000
56616  -30.805  -19.895  37.586 0.0000000000
57564  -30.464  -19.655  37.010 0.0000000000
57565  -30.894  -19.173  37.421 0.0000000000
57582  -29.597  -19.440  35.515 0.0000000000
57592  -29.205  -19.415  34.737 0.0000000000
57615  -28.116  -19.154  32.226 0.0000000000
57609  -28.782  -18.879  33.245 0.0000000000
58619  -29.329  -18.476  33.574 0.0000000000
58609  -30.568  -17.892  35.054 0.0000000000
58627  -29.687  -17.917  33.180 0.0000000000
59688  -30.196  -17.545  32.733 0.0000000000
59704  -30.750  -17.140  32.281 0.0000000000
60669  -32.355  -17.001  36.891 0.0000000000
133477  -32.263  -16.835  35.259 0.0000000000
60709  -31.494  -16.928  33.406 0.0000000000
60740  -31.388  -16.743  31.806 0.0000000000
139414  -32.048  -16.520  31.334 0.0000000000
130087  -32.996  -16.549  32.266 0.0000000000
60757  -33.423  -16.315  30.867 0.0000000000
67086  -46.482  -11.830  27.121 0.0000000000
130298  -47.001  -11.437  26.607 0.0000000000
67087  -47.766  -11.373  26.755 0.0000000000
67110  -48.328  -10.979  26.073 0.0000000000
68032  -48.862  -10.508  25.471 0.0000000000
68031  -47.911  -10.621  25.286 0.0000000000
68070  -47.752  -10.115  23.651 0.0000000000
68954  -47.762  -9.711  23.152 0.0000000000
68957  -50.628  -8.828  24.287 0.0000000000
68956  -49.334  -9.461  23.882 0.0000000000
68970  -48.941  -8.979  23.258 0.0000000000
68969  -48.142  -9.187  22.925 0.0000000000
69813  -47.975  -8.551  22.435 0.0000000000
129228  -47.558  -8.166  21.991 0.0000000000
70761  -47.547  -7.595  21.637 0.0000000000
71786  -48.257  -6.913  21.823 0.0000000000
71795  -47.414  -6.897  21.149 0.0000000000
51260  -22.619  -24.537  47.239 0.0000000000
51259  -22.202  -24.427  46.761 0.0000000000
127463  -22.367  -24.686  46.194 0.0000000000
51286  -22.170  -24.713  45.657 0.0000000000
126090  -22.522  -24.933  45.053 0.0000000000
51288  -23.486  -25.365  45.674 0.0000000000
51305  -22.055  -24.842  44.560 0.0000000000
126504  -21.858  -25.019  43.300 0.0000000000
51328  -21.703  -25.121  42.496 0.0000000000
49133  -25.074  -26.353  45.063 0.0000000000
50207  -24.384  -26.064  44.822 0.0000000000
49163  -23.999  -26.626  43.317 0.0000000000
50223  -23.449  -26.042  43.493 0.0000000000
50238  -22.326  -25.533  42.753 0.0000000000
51342  -21.433  -25.214  41.742 0.0000000000
51358  -20.793  -25.253  40.457 0.0000000000
126170  -20.806  -25.530  39.689 0.0000000000
50320  -20.042  -25.812  38.484 0.0000000000
48262  -19.178  -27.065  36.891 0.0000000000
51419  -22.909  -24.629  34.843 0.0000000000
60782  -34.502  -16.604  29.100 0.0000000000
60783  -35.148  -17.009  28.802 0.0000000000
59730  -35.735  -17.202  30.045 0.0000000000
60795  -35.221  -17.063  28.024 0.0000000000
59762  -35.827  -17.493  27.698 0.0000000000
58641  -37.585  -18.300  31.495 0.0000000000
132380  -37.351  -18.181  30.853 0.0000000000
138708  -37.274  -18.303  29.738 0.0000000000
58652  -37.873  -18.643  29.590 0.0000000000
58661  -37.265  -18.399  29.123 0.0000000000
58672  -36.748  -18.124  28.715 0.0000000000
55710  -41.807  -22.485  28.918 0.0000000000
57652  -43.016  -20.158  28.280 0.0000000000
57661  -43.328  -19.893  27.336 0.0000000000
58705  -40.897  -18.940  26.626 0.0000000000
145985  -29.999  -28.412  44.938 0.0000000000
47238  -30.993  -27.990  43.240 0.0000000000
47237  -30.214  -27.998  43.051 0.0000000000
47236  -29.455  -28.040  42.911 0.0000000000
48182  -29.268  -27.689  42.531 0.0000000000
49198  -28.704  -27.007  41.680 0.0000000000
49219  -28.297  -26.595  41.059 0.0000000000
49184  -33.614  -26.913  42.661 0.0000000000
49183  -32.892  -26.890  42.376 0.0000000000
131005  -31.478  -26.720  41.877 0.0000000000
49201  -30.793  -26.674  41.744 0.0000000000
49200  -30.052  -26.698  41.686 0.0000000000
49220  -29.043  -26.416  41.130 0.0000000000
49236  -27.969  -26.216  40.497 0.0000000000
50285  -27.660  -25.829  39.958 0.0000000000
50306  -27.433  -25.383  39.267 0.0000000000
50325  -26.953  -25.149  38.721 0.0000000000
51386  -26.138  -24.891  37.901 0.0000000000
51398  -25.993  -24.638  37.264 0.0000000000
53520  -33.729  -23.150  41.116 0.0000000000
53533  -33.386  -23.528  40.493 0.0000000000
52474  -32.922  -23.925  40.102 0.0000000000
51383  -31.898  -24.046  39.335 0.0000000000
51382  -31.234  -24.382  38.974 0.0000000000
54543  -31.293  -22.341  38.619 0.0000000000
53559  -31.037  -23.011  38.405 0.0000000000
53546  -31.434  -23.110  38.847 0.0000000000
52488  -31.022  -23.726  38.535 0.0000000000
146280  -30.740  -24.373  38.491 0.0000000000
51391  -30.192  -24.529  38.351 0.0000000000
51402  -29.131  -24.434  37.591 0.0000000000
51401  -28.209  -24.498  37.506 0.0000000000
147817  -27.921  -24.061  36.143 0.0000000000
52493  -27.982  -24.242  36.779 0.0000000000
51410  -27.294  -24.481  36.969 0.0000000000
51409  -26.648  -24.438  36.792 0.0000000000
52499  -25.259  -24.071  35.995 0.0000000000
51415  -24.532  -24.353  35.840 0.0000000000
62627  -36.825  -14.904  41.322 0.0000000000
138987  -37.404  -14.239  42.380 0.0000000000
63685  -37.885  -13.973  42.274 0.0000000000
126636  -19.108  -23.023  48.742 0.0000000000
125813  -19.807  -23.157  48.419 0.0000000000
52332  -20.306  -23.333  48.230 0.0000000000
51261  -24.530  -25.320  47.708 0.0000000000
50163  -25.624  -25.771  47.553 0.0000000000
50164  -26.396  -25.921  47.950 0.0000000000
49101  -26.878  -26.456  47.347 0.0000000000
48126  -29.130  -27.850  46.977 0.0000000000
47161  -29.691  -28.163  46.410 0.0000000000
47162  -30.719  -28.211  46.871 0.0000000000
127069  -31.625  -28.400  45.340 0.0000000000
47194  -32.171  -28.366  44.823 0.0000000000
47178  -33.311  -28.504  46.593 0.0000000000
47195  -33.094  -28.370  45.285 0.0000000000
47219  -33.426  -28.199  44.376 0.0000000000
48152  -35.884  -28.173  44.867 0.0000000000
48166  -36.103  -27.473  44.230 0.0000000000
49171  -35.961  -26.612  43.545 0.0000000000
50232  -36.086  -25.758  42.992 0.0000000000
50249  -36.457  -24.928  43.037 0.0000000000
143381  -37.582  -24.853  44.736 0.0000000000
51322  -37.008  -24.815  43.894 0.0000000000
52432  -36.616  -24.239  43.238 0.0000000000
52415  -36.359  -23.522  43.567 0.0000000000
53478  -36.011  -22.780  43.771 0.0000000000
54488  -35.690  -22.064  44.034 0.0000000000
55565  -35.122  -20.854  44.559 0.0000000000
58504  -34.816  -18.538  44.751 0.0000000000
59528  -35.004  -17.871  44.757 0.0000000000
58505  -35.164  -18.168  45.404 0.0000000000
60557  -35.013  -17.458  44.438 0.0000000000
60569  -35.305  -16.634  43.601 0.0000000000
61606  -35.750  -15.941  43.326 0.0000000000
141709  -37.357  -14.810  40.986 0.0000000000
62644  -37.696  -15.004  40.478 0.0000000000
61672  -38.329  -15.552  40.045 0.0000000000
61691  -38.951  -16.295  39.837 0.0000000000
143257  -39.647  -18.328  40.025 0.0000000000
128224  -41.815  -16.497  42.154 0.0000000000
61638  -42.088  -17.559  42.177 0.0000000000
60589  -42.719  -17.524  41.819 0.0000000000
60588  -42.372  -17.902  42.222 0.0000000000
61654  -41.516  -17.632  41.619 0.0000000000
60617  -40.793  -17.906  40.795 0.0000000000
125419  -40.614  -20.620  38.821 0.0000000000
124771  -41.261  -20.831  39.524 0.0000000000
145377  -41.368  -20.377  39.750 0.0000000000
125249  -41.613  -20.839  39.481 0.0000000000
125578  -41.758  -21.012  38.890 0.0000000000
142409  -41.726  -21.251  38.159 0.0000000000
142303  -41.746  -21.035  37.163 0.0000000000
148257  -42.457  -21.406  36.291 0.0000000000
62657  -40.597  -15.300  38.990 0.0000000000
61705  -40.046  -15.708  38.441 0.0000000000
126837  -39.512  -16.796  37.922 0.0000000000
61715  -39.239  -15.974  37.367 0.0000000000
60662  -39.157  -16.803  37.240 0.0000000000
124772  -39.587  -17.437  37.720 0.0000000000
133110  -40.423  -18.800  37.347 0.0000000000
142352  -41.767  -20.260  36.865 0.0000000000
142305  -42.572  -21.020  36.391 0.0000000000
142429  -42.692  -20.717  35.743 0.0000000000
125084  -42.569  -20.410  34.935 0.0000000000
149316  -42.281  -20.170  34.371 0.0000000000
125244  -40.283  -18.922  34.606 0.0000000000
125308  -41.253  -19.442  33.600 0.0000000000
124782  -42.117  -19.745  33.179 0.0000000000
57625  -42.075  -19.509  32.180 0.0000000000
57633  -42.098  -19.466  31.192 0.0000000000
60715  -37.980  -16.730  33.747 0.0000000000
59708  -38.409  -17.422  31.913 0.0000000000
59709  -38.994  -17.847  32.144 0.0000000000
130783  -39.469  -18.313  32.396 0.0000000000
58644  -40.176  -18.606  31.479 0.0000000000
58645  -41.067  -18.970  31.325 0.0000000000
58655  -41.047  -18.967  30.347 0.0000000000
142151  -40.599  -18.784  29.527 0.0000000000
58665  -40.829  -18.905  28.765 0.0000000000
58676  -40.011  -18.608  28.313 0.0000000000
58677  -40.626  -18.871  28.030 0.0000000000
58688  -40.095  -18.685  27.617 0.0000000000
130746  -40.241  -18.761  27.019 0.0000000000
58704  -39.948  -18.656  26.352 0.0000000000
62746  -37.368  -14.600  29.446 0.0000000000
61781  -36.980  -15.285  28.859 0.0000000000
125228  -39.420  -13.237  27.767 0.0000000000
63822  -37.925  -13.752  27.642 0.0000000000
61782  -36.933  -16.097  28.593 0.0000000000
60797  -37.199  -16.654  28.293 0.0000000000
59777  -37.541  -17.249  27.224 0.0000000000
60827  -36.682  -16.201  26.490 0.0000000000
60828  -37.076  -16.751  26.860 0.0000000000
147277  -37.977  -17.508  26.844 0.0000000000
59778  -38.523  -17.822  26.755 0.0000000000
58721  -39.296  -18.372  25.832 0.0000000000
134054  -39.278  -18.347  25.118 0.0000000000
58739  -39.773  -18.557  24.623 0.0000000000
58759  -39.618  -18.413  23.937 0.0000000000
59821  -37.479  -17.130  23.738 0.0000000000
149014  -38.811  -17.894  23.142 0.0000000000
58778  -39.525  -18.155  23.146 0.0000000000
59841  -39.743  -17.927  22.389 0.0000000000
59855  -39.234  -17.617  21.811 0.0000000000
63874  -37.005  -13.743  23.180 0.0000000000
63873  -36.593  -14.236  22.755 0.0000000000
62790  -36.669  -14.975  21.516 0.0000000000
131115  -37.228  -13.829  21.043 0.0000000000
131025  -36.908  -14.349  21.171 0.0000000000
150278  -37.070  -16.162  20.993 0.0000000000
60897  -37.854  -16.895  20.792 0.0000000000
59871  -39.016  -17.151  20.582 0.0000000000
135822  -45.489  -11.431  25.786 0.0000000000
67128  -44.547  -11.342  24.816 0.0000000000
67140  -44.319  -11.175  24.109 0.0000000000
68067  -44.850  -10.798  23.654 0.0000000000
67152  -44.130  -10.938  23.415 0.0000000000
67151  -43.330  -11.064  23.118 0.0000000000
67169  -41.859  -11.113  22.294 0.0000000000
67182  -40.912  -11.010  21.326 0.0000000000
68982  -46.059  -9.447  22.168 0.0000000000
68980  -44.544  -9.748  21.856 0.0000000000
68979  -44.021  -9.725  21.564 0.0000000000
69010  -43.003  -9.291  20.301 0.0000000000
68996  -43.097  -9.672  20.869 0.0000000000
68114  -42.779  -10.184  21.392 0.0000000000
68113  -42.091  -10.332  21.261 0.0000000000
67187  -40.614  -10.679  20.525 0.0000000000
67186  -39.973  -11.078  20.104 0.0000000000
126254  -17.158  -22.864  45.947 0.0000000000
49177  -14.857  -26.468  42.622 0.0000000000
50251  -15.234  -25.453  41.857 0.0000000000
49193  -15.086  -26.022  42.057 0.0000000000
52361  -21.831  -24.394  46.199 0.0000000000
52378  -20.820  -23.975  45.345 0.0000000000
52393  -20.222  -23.750  44.756 0.0000000000
137161  -20.340  -23.938  44.134 0.0000000000
128232  -19.755  -23.637  44.184 0.0000000000
128319  -18.848  -23.514  43.153 0.0000000000
52422  -17.902  -23.426  42.342 0.0000000000
52451  -18.724  -24.129  41.096 0.0000000000
51375  -17.798  -24.955  39.507 0.0000000000
52450  -18.085  -24.165  40.614 0.0000000000
139642  -18.061  -23.928  41.181 0.0000000000
128754  -16.866  -23.815  41.400 0.0000000000
50265  -16.177  -25.149  40.674 0.0000000000
48215  -16.379  -27.266  40.782 0.0000000000
47191  -29.188  -28.390  44.705 0.0000000000
47213  -28.258  -28.427  43.788 0.0000000000
47212  -27.522  -28.391  43.616 0.0000000000
47249  -27.254  -28.241  42.350 0.0000000000
47235  -27.410  -28.365  42.917 0.0000000000
47233  -25.661  -28.260  42.470 0.0000000000
47246  -24.779  -28.340  41.384 0.0000000000
48233  -26.169  -27.498  40.418 0.0000000000
48232  -25.449  -27.986  40.141 0.0000000000
48243  -24.671  -27.882  39.153 0.0000000000
48231  -24.836  -28.105  39.698 0.0000000000
47257  -24.726  -28.284  40.179 0.0000000000
145891  -24.229  -28.347  40.162 0.0000000000
48217  -23.874  -28.127  40.643 0.0000000000
48228  -22.426  -27.347  39.373 0.0000000000
49264  -21.680  -27.048  38.437 0.0000000000
49263  -21.139  -26.814  37.973 0.0000000000
50351  -22.485  -25.396  35.364 0.0000000000
50357  -21.775  -25.821  35.062 0.0000000000
50356  -21.191  -26.111  34.489 0.0000000000
48282  -20.005  -27.624  34.446 0.0000000000
48278  -20.533  -27.407  35.077 0.0000000000
132317  -20.102  -27.528  35.682 0.0000000000
130446  -19.444  -27.686  35.639 0.0000000000
47286  -18.850  -27.801  35.881 0.0000000000
47285  -18.364  -28.191  36.288 0.0000000000
45359  -18.129  -29.826  36.003 0.0000000000
135400  -17.951  -30.440  36.296 0.0000000000
43471  -17.790  -31.946  38.904 0.0000000000
47216  -31.171  -28.268  43.824 0.0000000000
47234  -26.727  -28.351  42.710 0.0000000000
47239  -31.715  -28.044  43.473 0.0000000000
48143  -37.391  -27.096  45.969 0.0000000000
48153  -36.586  -27.823  45.296 0.0000000000
48208  -31.548  -27.217  42.405 0.0000000000
48218  -25.866  -28.077  40.729 0.0000000000
49159  -37.433  -26.762  44.783 0.0000000000
49178  -15.452  -26.671  42.069 0.0000000000
49182  -32.166  -26.815  42.090 0.0000000000
49223  -31.331  -26.220  41.308 0.0000000000
50281  -17.205  -25.147  39.600 0.0000000000
51349  -34.748  -24.694  41.460 0.0000000000
51368  -18.030  -24.521  40.029 0.0000000000
51378  -28.244  -25.034  39.037 0.0000000000
52437  -19.323  -24.131  41.660 0.0000000000
52449  -17.404  -24.036  40.895 0.0000000000
53411  -18.364  -22.947  46.313 0.0000000000
53594  -27.357  -23.189  34.261 0.0000000000
54606  -27.336  -21.877  32.759 0.0000000000
55661  -29.605  -20.802  36.140 0.0000000000
55680  -26.107  -21.894  31.424 0.0000000000
55683  -43.006  -20.968  33.263 0.0000000000
56657  -43.073  -20.956  32.802 0.0000000000
58722  -40.011  -18.681  25.416 0.0000000000
58758  -39.131  -18.238  24.444 0.0000000000
58780  -41.032  -18.393  23.317 0.0000000000
58796  -40.360  -17.978  22.266 0.0000000000
59643  -38.471  -17.256  35.036 0.0000000000
59654  -30.393  -17.726  34.176 0.0000000000
59721  -37.100  -17.905  31.315 0.0000000000
59764  -37.599  -17.209  27.971 0.0000000000
59805  -38.197  -17.607  24.843 0.0000000000
59823  -38.957  -18.065  23.756 0.0000000000
59840  -39.022  -17.805  22.529 0.0000000000
60603  -42.360  -18.394  42.117 0.0000000000
60670  -33.016  -16.631  36.534 0.0000000000
60696  -33.287  -16.585  34.598 0.0000000000
60714  -37.680  -16.552  33.024 0.0000000000
60766  -30.466  -16.699  29.888 0.0000000000
60806  -31.829  -15.968  27.728 0.0000000000
60811  -36.711  -16.194  27.248 0.0000000000
60843  -36.687  -16.256  25.751 0.0000000000
60886  -36.592  -16.251  22.350 0.0000000000
60887  -37.130  -16.768  21.958 0.0000000000
60896  -37.299  -16.628  21.197 0.0000000000
60898  -38.443  -16.928  20.512 0.0000000000
60906  -37.464  -16.356  20.587 0.0000000000
60908  -38.860  -16.664  19.998 0.0000000000
61640  -42.703  -16.563  41.723 0.0000000000
61656  -42.818  -16.699  41.271 0.0000000000
61802  -36.441  -15.559  24.829 0.0000000000
61809  -36.325  -15.427  23.579 0.0000000000
61814  -36.551  -15.633  21.925 0.0000000000
61819  -36.829  -15.672  21.180 0.0000000000
61829  -37.644  -15.896  20.067 0.0000000000
62756  -37.134  -14.265  27.816 0.0000000000
62787  -36.494  -14.899  22.332 0.0000000000
62791  -37.050  -15.051  20.677 0.0000000000
62795  -37.421  -14.869  20.008 0.0000000000
63821  -37.348  -13.969  27.245 0.0000000000
63870  -36.537  -14.197  23.559 0.0000000000
63878  -36.999  -13.762  22.379 0.0000000000
64955  -39.443  -13.045  25.548 0.0000000000
64975  -40.690  -12.765  25.146 0.0000000000
64987  -38.357  -13.120  23.908 0.0000000000
64999  -39.119  -12.685  23.041 0.0000000000
65007  -37.479  -13.376  21.373 0.0000000000
65008  -37.904  -13.068  21.121 0.0000000000
65012  -38.052  -13.017  20.490 0.0000000000
66038  -42.223  -12.705  26.294 0.0000000000
66062  -44.250  -11.967  25.986 0.0000000000
66088  -41.747  -12.034  24.053 0.0000000000
66104  -40.158  -12.145  22.831 0.0000000000
66120  -39.087  -12.066  20.934 0.0000000000
66126  -38.672  -12.429  19.668 0.0000000000
67088  -48.601  -11.204  26.974 0.0000000000
67109  -47.282  -11.157  25.779 0.0000000000
67126  -43.092  -11.616  24.254 0.0000000000
67129  -45.303  -11.252  25.027 0.0000000000
67139  -43.570  -11.304  23.873 0.0000000000
67149  -41.323  -11.529  22.718 0.0000000000
67185  -39.398  -11.521  19.660 0.0000000000
67190  -39.872  -11.106  19.188 0.0000000000
68051  -46.752  -10.656  24.552 0.0000000000
68068  -45.653  -10.575  23.793 0.0000000000
68071  -48.485  -10.108  24.028 0.0000000000
68099  -45.225  -10.157  22.748 0.0000000000
68112  -41.396  -10.493  20.933 0.0000000000
68115  -43.446  -9.977  21.466 0.0000000000
68981  -45.268  -9.720  22.141 0.0000000000
68995  -42.468  -9.556  20.461 0.0000000000
68999  -45.045  -9.420  21.577 0.0000000000
69837  -44.341  -8.857  20.686 0.0000000000
124773  -40.288  -18.446  37.994 0.0000000000
126600  -32.219  -15.972  29.676 0.0000000000
129603  -42.620  -11.315  23.172 0.0000000000
130066  -28.718  -18.341  31.610 0.0000000000
130123  -38.238  -17.627  23.608 0.0000000000
131728  -30.720  -20.582  37.665 0.0000000000
131939  -37.058  -13.793  21.641 0.0000000000
133360  -36.335  -15.298  24.236 0.0000000000
135490  -36.476  -15.051  25.351 0.0000000000
136252  -21.242  -24.617  43.399 0.0000000000
138763  -16.664  -26.917  39.780 0.0000000000
140360  -39.540  -17.449  21.061 0.0000000000
141560  -25.983  -28.323  42.014 0.0000000000
141618  -49.355  -10.243  24.996 0.0000000000
141742  -37.525  -17.250  26.507 0.0000000000
142331  -42.598  -21.299  35.875 0.0000000000
142436  -43.718  -13.075  28.562 0.0000000000
143772  -28.881  -28.310  43.291 0.0000000000
145940  -32.655  -16.492  31.640 0.0000000000
146056  -38.547  -17.583  30.924 0.0000000000
146733  -38.912  -13.152  26.157 0.0000000000
147117  -37.986  -13.056  22.401 0.0000000000
147613  -27.724  -24.444  37.197 0.0000000000
147725  -16.020  -25.717  40.733 0.0000000000
148207  -42.475  -9.937  20.951 0.0000000000
148375  -43.056  -20.926  33.253 0.0000000000
150174  -36.604  -17.754  29.942 0.0000000000
150311  -38.887  -12.904  23.570 0.0000000000
