#!ascii label  , from subject sub-v2s1x29899_ses-1 vox2ras=TkReg
1904
26825  -27.100  -49.591  -24.189 0.5000000000
26081  -27.533  -49.727  -23.401 0.4000000060
26824  -26.874  -49.132  -23.349 0.6000000238
27571  -26.205  -48.790  -23.820 0.6000000238
26849  -26.349  -48.692  -25.553 0.6000000238
26830  -26.491  -49.170  -24.347 0.5000000000
27587  -26.508  -48.164  -25.879 0.6000000238
27570  -25.846  -48.372  -23.911 0.6999999881
26816  -27.050  -48.753  -22.343 0.6999999881
27579  -25.712  -48.200  -24.739 0.6999999881
26848  -25.898  -48.602  -25.150 0.6999999881
27586  -25.876  -47.992  -25.490 0.6999999881
139012  -27.183  -46.689  -26.106 0.5000000000
28364  -26.811  -46.797  -26.193 0.6999999881
27588  -27.035  -48.224  -26.043 0.5000000000
22796  -21.662  -53.045  -14.293 0.5000000000
27562  -25.877  -47.936  -23.278 0.6999999881
28340  -25.703  -47.750  -24.130 0.6999999881
28357  -25.892  -47.064  -25.548 0.6999999881
29174  -25.795  -46.941  -24.277 0.6999999881
29188  -26.140  -46.229  -25.649 0.6999999881
29181  -25.771  -46.613  -25.161 0.6999999881
30095  -26.105  -45.792  -25.352 0.6999999881
29198  -27.084  -45.935  -26.301 0.6000000238
27525  -25.840  -47.631  -19.127 0.6999999881
28302  -25.900  -47.212  -19.686 0.6999999881
27556  -26.115  -47.913  -22.423 0.6999999881
28327  -26.217  -47.354  -21.947 0.6999999881
22795  -20.887  -53.087  -14.336 0.6000000238
21953  -20.213  -54.742  -15.178 0.4000000060
130391  -25.864  -47.406  -23.540 0.6999999881
145864  -26.312  -46.675  -25.926 0.6999999881
30112  -26.915  -45.271  -26.380 0.6999999881
131779  -26.688  -44.176  -26.401 0.6999999881
30097  -27.500  -44.805  -25.830 0.6000000238
28287  -25.606  -47.337  -17.716 0.6999999881
28293  -25.704  -47.236  -18.487 0.6999999881
27530  -26.009  -47.707  -19.943 0.6999999881
29134  -25.802  -46.689  -19.084 0.6999999881
24531  -22.134  -51.590  -13.645 0.6000000238
29145  -26.011  -46.622  -19.960 0.6999999881
129324  -26.321  -46.755  -22.360 0.6999999881
29155  -26.221  -46.651  -20.745 0.6999999881
30054  -26.134  -45.847  -19.545 0.6999999881
138034  -19.877  -53.750  -14.697 0.5000000000
22810  -20.557  -53.701  -14.653 0.5000000000
30096  -26.279  -45.426  -24.712 0.6999999881
29175  -26.260  -46.256  -23.751 0.6999999881
30044  -26.462  -45.104  -20.119 0.6999999881
21938  -19.659  -54.327  -15.043 0.4000000060
31049  -26.320  -44.841  -25.500 0.6999999881
29170  -26.471  -46.178  -22.846 0.6999999881
29156  -26.471  -46.005  -21.174 0.6999999881
29146  -26.344  -45.942  -20.388 0.6999999881
21064  -18.865  -55.131  -15.899 0.4000000060
137809  -26.475  -45.293  -23.949 0.6999999881
30055  -26.510  -45.408  -20.839 0.6999999881
31018  -26.651  -44.748  -20.925 0.6999999881
30105  -26.396  -45.360  -25.843 0.6999999881
32093  -27.133  -43.487  -23.142 0.6999999881
32085  -27.082  -44.085  -22.407 0.6999999881
31062  -26.870  -44.609  -26.451 0.6999999881
32092  -26.914  -44.325  -23.285 0.6999999881
134751  -27.286  -44.013  -26.314 0.6000000238
33055  -26.970  -42.984  -26.857 0.6999999881
32118  -26.775  -43.692  -26.458 0.6999999881
140830  -27.909  -40.438  -25.335 0.5000000000
33941  -27.381  -41.803  -25.298 0.5000000000
33028  -29.249  -42.536  -23.813 0.4000000060
33932  -28.883  -41.796  -23.943 0.5000000000
129702  -25.658  -45.833  -17.711 0.6999999881
132696  -21.929  -50.273  -13.127 0.6000000238
29164  -26.541  -46.070  -21.991 0.6999999881
23673  -20.427  -52.496  -14.079 0.5000000000
30999  -26.282  -45.012  -19.202 0.6999999881
31039  -26.510  -44.665  -24.292 0.6999999881
31031  -26.687  -45.037  -23.316 0.6999999881
126745  -26.431  -44.159  -26.084 0.6999999881
148152  -26.868  -43.180  -23.961 0.6999999881
34869  -27.294  -41.364  -27.816 0.6999999881
32119  -27.022  -43.306  -26.562 0.6999999881
33949  -27.149  -42.143  -27.210 0.6999999881
33049  -26.998  -42.861  -26.995 0.6999999881
35842  -27.526  -40.223  -26.544 0.6999999881
28250  -24.477  -47.450  -14.149 0.6999999881
147445  -24.726  -47.103  -14.689 0.6999999881
29083  -24.831  -46.380  -14.927 0.8000000119
30003  -25.201  -45.241  -15.996 0.8000000119
26732  -23.830  -48.494  -13.529 0.6000000238
28249  -24.014  -47.693  -13.585 0.6000000238
29067  -24.566  -46.695  -14.146 0.6000000238
30015  -25.242  -45.816  -16.275 0.8000000119
27462  -23.555  -47.990  -13.219 0.6000000238
27461  -22.889  -47.798  -13.029 0.6000000238
146760  -25.837  -45.200  -17.903 0.6999999881
25969  -22.391  -49.781  -13.096 0.6000000238
26717  -22.814  -49.202  -13.130 0.6000000238
25283  -21.044  -51.256  -13.486 0.6000000238
141375  -21.236  -49.998  -13.113 0.6000000238
23672  -19.745  -52.546  -14.328 0.5000000000
24546  -20.058  -51.866  -14.047 0.6000000238
30987  -26.117  -44.764  -18.388 0.6999999881
31010  -26.675  -44.258  -20.324 0.6999999881
146999  -26.380  -44.037  -25.252 0.6999999881
32099  -26.718  -43.822  -24.102 0.6999999881
32074  -27.075  -43.903  -21.690 0.6999999881
33958  -27.136  -42.056  -28.120 0.8000000119
33948  -26.910  -42.576  -27.572 0.6999999881
129828  -26.649  -43.310  -24.814 0.6999999881
32086  -27.224  -43.434  -22.151 0.6999999881
35868  -27.013  -40.939  -28.052 0.8000000119
32109  -26.570  -43.548  -25.912 0.6999999881
33930  -26.668  -41.971  -24.869 0.6999999881
34861  -27.959  -41.062  -24.779 0.5000000000
34850  -29.311  -41.154  -23.986 0.5000000000
150463  -29.061  -40.577  -24.145 0.5000000000
34851  -30.032  -41.180  -24.013 0.4000000060
29066  -24.259  -46.198  -13.620 0.6000000238
29995  -24.803  -45.543  -14.725 0.6999999881
135168  -25.028  -45.707  -15.531 0.8999999762
147838  -23.582  -47.394  -13.182 0.6000000238
30937  -25.342  -44.648  -16.129 0.8000000119
131905  -25.410  -45.216  -16.591 0.8000000119
30958  -25.606  -44.574  -16.821 0.8000000119
136666  -21.789  -48.557  -12.966 0.6000000238
26715  -21.180  -49.058  -13.047 0.6000000238
30976  -25.910  -44.498  -17.576 0.8000000119
25266  -20.652  -50.532  -13.368 0.6000000238
25968  -20.570  -49.652  -13.294 0.6000000238
32041  -26.283  -43.995  -18.138 0.6999999881
145839  -19.109  -53.178  -15.071 0.5000000000
32990  -26.812  -43.085  -19.751 0.6999999881
139459  -26.634  -43.419  -19.209 0.6999999881
22827  -18.721  -53.559  -15.559 0.5000000000
23692  -18.833  -52.759  -15.430 0.5000000000
32062  -26.915  -43.447  -20.481 0.6999999881
133670  -26.891  -44.038  -21.048 0.6999999881
35861  -26.847  -40.833  -27.915 0.8000000119
148972  -26.629  -41.793  -27.515 0.8000000119
33037  -26.692  -42.738  -25.454 0.6999999881
33931  -26.900  -41.975  -23.882 0.6999999881
33018  -27.312  -42.795  -22.576 0.6999999881
33940  -26.585  -41.980  -26.134 0.6999999881
34849  -28.636  -41.092  -24.140 0.5000000000
28233  -23.763  -46.717  -13.238 0.6999999881
29978  -23.987  -45.444  -13.403 0.6999999881
29979  -24.466  -45.470  -13.989 0.6999999881
30897  -24.692  -44.805  -14.448 0.8000000119
31971  -24.918  -44.102  -14.881 0.8000000119
28232  -23.028  -46.995  -13.031 0.6999999881
30896  -24.200  -44.767  -13.764 0.8000000119
134418  -25.525  -43.358  -15.857 0.8000000119
27460  -22.008  -47.925  -12.959 0.6000000238
32010  -25.836  -43.929  -16.991 0.8000000119
32951  -26.161  -43.339  -17.159 0.6999999881
25281  -19.773  -51.155  -14.154 0.6000000238
25985  -20.117  -50.014  -13.767 0.6000000238
32042  -26.523  -43.371  -18.564 0.8000000119
32025  -26.362  -43.314  -17.835 0.6999999881
24563  -19.426  -51.835  -14.607 0.6000000238
33873  -26.951  -41.956  -18.371 0.8000000119
23702  -18.456  -52.987  -16.136 0.4000000060
32075  -27.148  -43.420  -21.328 0.6999999881
33001  -27.227  -42.817  -20.959 0.6999999881
32982  -27.064  -42.410  -19.748 0.6999999881
21966  -17.831  -53.965  -17.039 0.4000000060
141119  -27.413  -42.239  -21.431 0.6999999881
32991  -27.070  -42.780  -20.287 0.6999999881
34868  -26.382  -41.269  -26.570 0.8000000119
34859  -26.434  -41.271  -25.339 0.8000000119
145923  -27.412  -42.327  -22.124 0.6999999881
36739  -27.008  -39.607  -27.404 0.8000000119
127914  -27.380  -39.721  -27.046 0.6999999881
35853  -27.970  -39.329  -26.284 0.5000000000
36719  -29.902  -39.265  -24.644 0.5000000000
35835  -28.521  -40.435  -24.556 0.5000000000
34862  -30.394  -40.522  -24.313 0.4000000060
30881  -23.652  -44.733  -13.229 0.6000000238
31972  -25.202  -43.394  -15.168 0.8000000119
29047  -22.510  -46.593  -12.959 0.6999999881
28230  -21.446  -47.333  -12.988 0.6999999881
32917  -25.838  -42.716  -16.087 0.8000000119
27459  -21.252  -48.123  -13.019 0.6000000238
27458  -20.587  -48.336  -13.243 0.6000000238
32934  -26.183  -42.775  -16.733 0.8000000119
32952  -26.429  -42.722  -17.405 0.8000000119
25300  -19.358  -50.967  -14.775 0.6000000238
134287  -19.644  -50.323  -14.300 0.6000000238
32981  -26.790  -42.744  -19.033 0.8999999762
33856  -26.741  -41.980  -17.568 0.8000000119
33900  -27.308  -42.119  -20.552 0.8000000119
33886  -27.307  -41.701  -19.811 0.8000000119
24562  -19.018  -52.159  -15.194 0.5000000000
35820  -27.689  -40.204  -21.674 0.8000000119
33912  -27.499  -41.524  -21.228 0.6999999881
24573  -18.674  -52.103  -15.934 0.4000000060
136626  -26.423  -39.915  -27.188 0.8000000119
129867  -26.064  -40.527  -25.831 0.8000000119
135500  -26.696  -41.294  -24.329 0.8000000119
33919  -27.473  -41.708  -22.024 0.6999999881
36747  -26.935  -40.359  -27.597 0.8000000119
33926  -27.301  -41.991  -22.884 0.6999999881
34847  -26.470  -40.596  -24.718 0.8000000119
138929  -26.930  -38.763  -27.360 0.8000000119
130719  -26.103  -39.775  -25.061 0.8000000119
37550  -28.244  -38.662  -26.228 0.6000000238
36718  -29.319  -38.983  -24.858 0.5000000000
30880  -22.963  -44.648  -13.026 0.6000000238
130248  -24.713  -43.399  -14.520 0.6999999881
131920  -21.798  -46.593  -12.977 0.6000000238
32888  -25.004  -42.722  -14.798 0.6999999881
32889  -25.467  -42.698  -15.419 0.6999999881
29962  -22.543  -45.159  -12.974 0.6000000238
29046  -20.861  -46.617  -13.123 0.6000000238
33842  -26.240  -42.158  -16.359 0.8000000119
146761  -19.756  -49.613  -14.181 0.6000000238
28229  -20.692  -47.533  -13.175 0.6000000238
33821  -25.820  -41.950  -15.650 0.6999999881
26005  -19.314  -50.208  -15.027 0.5000000000
32935  -26.447  -42.271  -16.958 0.8000000119
25310  -19.084  -50.721  -15.520 0.3000000119
34786  -27.538  -40.762  -19.030 0.8000000119
33874  -27.282  -41.409  -18.681 0.8000000119
34814  -27.468  -41.273  -20.468 0.8000000119
34804  -27.498  -40.975  -19.771 0.8000000119
139894  -27.685  -39.642  -22.191 0.8000000119
126455  -25.871  -39.685  -26.338 0.8000000119
34848  -27.120  -41.260  -23.506 0.8000000119
35829  -27.526  -40.349  -22.435 0.8000000119
34832  -27.568  -40.955  -21.853 0.6999999881
35833  -26.699  -40.050  -24.099 0.8000000119
36728  -27.510  -39.008  -26.960 0.6999999881
37538  -28.994  -38.373  -25.296 0.6000000238
36729  -30.990  -38.462  -25.418 0.3000000119
31915  -23.333  -44.017  -13.117 0.6000000238
32870  -23.983  -42.703  -13.537 0.6999999881
32871  -24.502  -42.723  -14.162 0.6999999881
33796  -24.793  -42.072  -14.434 0.6999999881
28274  -19.329  -47.249  -16.124 0.5000000000
138598  -21.430  -45.914  -13.029 0.6000000238
29961  -21.843  -45.227  -13.002 0.6000000238
34728  -26.009  -41.130  -15.481 0.6999999881
26730  -19.628  -48.898  -14.380 0.5000000000
29065  -20.207  -46.993  -13.626 0.5000000000
140541  -20.730  -45.851  -13.153 0.6000000238
34729  -26.548  -40.640  -15.838 0.6999999881
26761  -19.284  -49.305  -15.849 0.3000000119
25984  -19.489  -49.607  -14.703 0.5000000000
33822  -26.354  -41.441  -16.088 0.8000000119
35755  -27.575  -39.920  -17.300 0.8000000119
34768  -27.052  -41.220  -17.242 0.8000000119
141773  -27.816  -39.907  -20.334 0.8999999762
35794  -27.799  -40.109  -19.001 0.8999999762
35775  -27.643  -40.331  -18.439 0.8000000119
34769  -27.404  -40.604  -17.740 0.8000000119
36696  -27.839  -39.470  -21.490 0.8999999762
35812  -27.747  -40.020  -20.944 0.8999999762
35803  -27.741  -40.196  -19.684 0.8999999762
37560  -25.947  -38.045  -27.123 0.8000000119
36738  -25.929  -38.935  -26.905 0.8000000119
144864  -27.033  -39.668  -23.576 0.8000000119
34841  -27.406  -41.123  -22.666 0.8000000119
37561  -26.418  -38.103  -27.287 0.8000000119
147827  -27.480  -38.075  -26.897 0.6999999881
149530  -28.377  -38.081  -25.926 0.6000000238
38464  -29.703  -37.760  -25.104 0.6000000238
37539  -29.797  -38.530  -24.895 0.6000000238
31914  -23.046  -43.432  -13.051 0.6000000238
148428  -23.633  -42.695  -13.222 0.6000000238
33790  -24.297  -42.085  -13.843 0.6999999881
30879  -22.234  -44.569  -12.988 0.6000000238
135068  -24.602  -41.549  -14.090 0.6999999881
30878  -21.393  -44.524  -13.121 0.6000000238
34714  -25.082  -41.326  -14.582 0.8000000119
28257  -19.477  -47.525  -14.825 0.6000000238
28247  -19.741  -47.311  -14.198 0.5000000000
29960  -21.082  -45.279  -13.141 0.6000000238
129893  -25.585  -41.448  -15.112 0.6999999881
35717  -26.978  -39.923  -15.849 0.8000000119
35736  -27.022  -40.385  -16.301 0.6999999881
138399  -19.276  -49.619  -15.264 0.4000000060
34749  -26.805  -40.992  -16.514 0.8000000119
147203  -28.174  -39.077  -19.617 0.8000000119
36635  -27.997  -39.303  -17.687 0.8000000119
37514  -27.803  -38.408  -22.254 0.8999999762
36686  -27.950  -39.275  -20.704 0.8000000119
36653  -28.021  -39.610  -18.531 0.8000000119
37506  -27.988  -38.620  -21.394 0.8000000119
36716  -26.029  -38.958  -25.011 0.8000000119
37530  -26.813  -38.384  -23.716 0.8000000119
129837  -27.381  -39.688  -22.920 0.6999999881
37549  -25.693  -38.124  -26.420 0.8000000119
36712  -27.163  -39.049  -23.340 0.8000000119
36711  -26.598  -39.186  -24.141 0.8000000119
38489  -26.510  -37.365  -27.110 0.8000000119
37537  -25.782  -38.088  -25.194 0.8000000119
38462  -28.621  -37.068  -25.396 0.6999999881
38463  -28.870  -37.654  -25.406 0.6999999881
40392  -29.878  -35.792  -24.704 0.6000000238
139243  -30.304  -36.258  -24.971 0.6000000238
140964  -30.927  -36.087  -25.318 0.6000000238
31913  -21.958  -43.886  -13.050 0.6000000238
34688  -24.148  -40.783  -13.451 0.8000000119
34705  -24.642  -40.854  -13.949 0.6999999881
30002  -19.358  -45.001  -15.594 0.5000000000
29959  -20.412  -45.325  -13.460 0.5000000000
35702  -26.017  -40.049  -14.927 0.8000000119
34716  -26.134  -40.523  -15.302 0.6999999881
29082  -19.464  -46.331  -14.819 0.5000000000
134330  -20.182  -46.094  -13.670 0.5000000000
35691  -25.519  -40.046  -14.467 0.8000000119
36600  -26.608  -38.991  -14.867 0.8000000119
127278  -19.392  -46.902  -15.355 0.5000000000
35703  -26.500  -40.032  -15.366 0.8000000119
35718  -27.354  -39.229  -15.855 0.8000000119
37438  -27.691  -38.438  -15.839 0.8000000119
35737  -27.412  -39.771  -16.497 0.8000000119
145125  -27.747  -39.340  -16.999 0.8000000119
36622  -27.756  -38.992  -16.426 0.8000000119
36669  -28.210  -38.963  -19.049 0.8000000119
36687  -28.127  -38.561  -20.677 0.8000000119
36654  -28.238  -38.788  -18.314 0.8000000119
37523  -27.392  -38.372  -23.008 0.8000000119
127120  -27.082  -37.669  -23.367 0.8999999762
38488  -25.866  -37.409  -27.103 0.8000000119
37536  -25.664  -37.371  -25.876 0.8000000119
39446  -27.961  -36.730  -25.744 0.6999999881
38476  -27.341  -37.125  -26.481 0.6999999881
136123  -29.566  -36.386  -24.842 0.6999999881
39430  -27.661  -35.967  -25.506 0.6999999881
39431  -28.671  -36.370  -25.040 0.6999999881
41367  -28.909  -34.957  -24.474 0.6999999881
41368  -29.720  -35.154  -24.503 0.6999999881
34686  -22.827  -40.667  -13.051 0.8000000119
33775  -23.014  -41.864  -13.022 0.6000000238
34687  -23.516  -41.066  -13.082 0.6000000238
35677  -23.911  -40.241  -13.224 0.8000000119
150415  -19.386  -42.009  -15.965 0.6000000238
130834  -19.425  -43.522  -15.452 0.5000000000
31911  -21.252  -43.737  -13.258 0.6000000238
32856  -21.804  -42.691  -13.134 0.6000000238
35690  -24.944  -40.010  -13.943 0.8000000119
33841  -19.391  -41.619  -17.213 0.6000000238
33819  -19.373  -41.471  -16.398 0.6000000238
33820  -19.544  -41.413  -15.713 0.6000000238
32887  -20.098  -42.570  -14.346 0.5000000000
31942  -20.100  -43.806  -14.016 0.5000000000
131727  -20.282  -38.540  -18.247 0.5000000000
35753  -19.566  -40.153  -17.442 0.5000000000
35734  -19.638  -39.966  -16.614 0.6000000238
34726  -19.504  -40.759  -16.161 0.6000000238
30916  -19.468  -44.903  -14.795 0.5000000000
31970  -19.958  -43.188  -14.386 0.5000000000
36599  -25.977  -39.363  -14.516 0.8000000119
36601  -27.170  -38.760  -15.313 0.8000000119
36634  -20.206  -38.692  -17.519 0.5000000000
30895  -20.180  -44.626  -13.799 0.5000000000
146292  -20.339  -38.447  -18.844 0.4000000060
29977  -19.770  -45.269  -14.137 0.5000000000
144568  -27.406  -38.146  -15.242 0.6999999881
37464  -28.325  -37.967  -18.061 0.8000000119
37451  -28.202  -37.963  -16.838 0.8000000119
37439  -28.133  -37.823  -16.150 0.6999999881
37515  -28.067  -37.718  -21.758 0.8000000119
37499  -28.285  -38.147  -20.224 0.8000000119
38390  -28.328  -37.543  -17.373 0.8000000119
37482  -28.335  -38.201  -18.893 0.8000000119
125660  -28.428  -36.869  -19.286 0.8000000119
39443  -25.826  -36.240  -26.341 0.8999999762
38461  -25.748  -37.119  -25.067 0.8999999762
38452  -26.804  -36.905  -23.694 0.8000000119
38451  -26.375  -37.615  -24.228 1.0000000000
39458  -26.583  -36.772  -26.685 0.8000000119
39445  -27.066  -36.391  -26.195 0.6999999881
35675  -22.484  -40.087  -13.113 0.8000000119
35676  -23.236  -40.170  -13.041 0.8000000119
143200  -24.413  -39.555  -13.356 0.8000000119
35715  -19.704  -40.238  -15.904 0.6000000238
145611  -21.598  -41.487  -13.229 0.6000000238
33773  -21.887  -42.083  -13.121 0.6000000238
143404  -24.421  -40.299  -13.571 0.8000000119
36576  -25.264  -38.498  -13.450 0.8000000119
36620  -19.832  -39.394  -17.365 0.5000000000
34713  -20.103  -40.604  -14.871 0.6000000238
33788  -20.844  -41.448  -13.729 0.6000000238
36587  -25.064  -39.192  -13.678 0.8000000119
36588  -25.656  -38.871  -13.947 0.8000000119
36589  -26.298  -38.497  -14.289 0.6999999881
36621  -20.036  -38.964  -16.615 0.5000000000
34702  -20.318  -41.041  -14.308 0.6000000238
147088  -21.304  -42.178  -13.352 0.6000000238
37449  -20.380  -38.094  -17.091 0.4000000060
37436  -20.367  -38.088  -16.150 0.4000000060
38358  -27.321  -37.542  -14.801 0.6999999881
38373  -20.672  -37.370  -17.508 0.4000000060
38364  -20.600  -37.500  -16.804 0.4000000060
37416  -20.547  -38.677  -14.388 0.4000000060
38366  -27.779  -37.677  -15.511 0.6999999881
146202  -21.311  -36.145  -16.851 0.4000000060
150981  -20.971  -37.035  -15.594 0.5000000000
38375  -28.384  -37.189  -16.647 0.6999999881
39340  -21.299  -36.203  -17.502 0.3000000119
127878  -21.477  -35.975  -15.659 0.5000000000
38356  -21.031  -37.226  -14.891 0.5000000000
37507  -28.214  -37.946  -20.917 0.8000000119
38420  -28.356  -37.427  -20.375 0.8000000119
38405  -28.405  -37.407  -18.730 0.8000000119
39350  -28.486  -36.937  -17.322 0.8000000119
129646  -28.444  -37.143  -17.959 0.8000000119
137591  -25.648  -36.291  -25.921 0.8000000119
132733  -26.109  -36.638  -24.540 1.0000000000
39409  -27.267  -36.329  -23.306 0.8000000119
38444  -27.496  -37.028  -23.017 0.8000000119
132995  -28.249  -37.018  -21.700 0.8000000119
130018  -28.440  -36.627  -20.498 0.8000000119
39429  -25.652  -36.345  -25.349 1.0000000000
39403  -28.279  -36.490  -22.024 0.8000000119
39457  -25.949  -36.815  -26.905 0.8000000119
39418  -26.567  -36.135  -23.984 0.8000000119
39410  -27.934  -36.440  -22.724 0.8000000119
40402  -26.567  -35.729  -25.975 0.8999999762
40389  -27.247  -35.209  -25.323 0.6999999881
40390  -28.302  -35.494  -24.831 0.6999999881
134738  -29.495  -34.272  -24.463 0.6999999881
151638  -30.199  -34.652  -24.671 0.6999999881
40403  -31.232  -35.255  -25.475 0.6000000238
43307  -30.824  -33.122  -24.858 0.6999999881
42325  -29.625  -33.488  -24.557 0.6999999881
42341  -31.659  -33.929  -25.497 0.6000000238
42340  -31.121  -33.900  -25.021 0.6000000238
130505  -23.648  -39.493  -13.079 0.8000000119
34727  -19.770  -40.759  -15.489 0.5000000000
36571  -21.448  -39.300  -13.317 0.8000000119
128641  -22.525  -38.780  -13.130 0.8000000119
131922  -22.891  -39.454  -13.082 0.8000000119
36575  -24.664  -38.681  -13.217 0.8000000119
35735  -19.835  -39.605  -15.904 0.5000000000
35701  -20.223  -39.844  -14.717 0.6000000238
36585  -20.453  -39.320  -14.311 0.5000000000
35674  -21.709  -40.034  -13.235 0.8000000119
37419  -25.860  -38.103  -13.718 0.6999999881
37428  -20.396  -38.380  -15.191 0.5000000000
37402  -21.381  -38.590  -13.427 0.6999999881
35689  -21.035  -39.913  -13.504 0.6999999881
37407  -25.266  -37.793  -13.141 0.6999999881
38347  -26.338  -37.552  -13.798 0.6999999881
38348  -26.941  -37.017  -14.069 0.6999999881
38374  -21.025  -36.814  -17.003 0.3000000119
38357  -26.702  -37.816  -14.283 0.6999999881
134127  -27.472  -36.817  -14.642 0.6999999881
39329  -27.879  -36.303  -14.886 0.6999999881
40291  -28.553  -35.956  -15.832 0.6999999881
40290  -21.469  -35.608  -16.352 0.4000000060
40282  -21.693  -35.325  -15.558 0.4000000060
39380  -28.521  -36.052  -19.158 0.8000000119
39341  -28.522  -36.482  -16.188 0.6999999881
145594  -28.465  -36.464  -19.795 0.8000000119
40344  -28.550  -35.941  -20.963 0.8000000119
41301  -28.861  -34.398  -19.600 0.6999999881
40370  -27.115  -35.558  -23.544 0.8000000119
140196  -28.491  -36.041  -21.656 0.8000000119
40387  -25.889  -35.525  -25.873 0.8999999762
40401  -25.936  -35.765  -26.137 0.8999999762
40388  -25.876  -35.254  -25.528 0.8999999762
39417  -25.887  -35.803  -24.958 0.8000000119
40378  -26.074  -35.116  -24.932 0.8000000119
41347  -27.219  -34.738  -23.392 0.8000000119
41375  -26.152  -35.047  -25.741 0.8999999762
41376  -26.082  -34.039  -25.505 0.8000000119
145884  -27.836  -33.811  -24.819 0.8000000119
140917  -31.492  -35.987  -25.836 0.4000000060
41366  -27.996  -34.698  -24.763 0.8000000119
42324  -28.885  -33.595  -24.565 0.6999999881
42326  -30.344  -33.851  -24.684 0.6999999881
43333  -32.242  -32.963  -26.019 0.5000000000
37404  -22.907  -38.041  -13.029 0.6999999881
36573  -23.307  -38.775  -13.016 0.8000000119
38329  -22.487  -37.337  -13.111 0.6999999881
38330  -24.132  -37.492  -12.867 0.6999999881
39333  -21.158  -36.479  -16.137 0.4000000060
139564  -21.656  -36.910  -13.891 0.6000000238
138047  -23.400  -37.252  -12.883 0.6999999881
38346  -25.868  -37.464  -13.363 0.6999999881
38333  -26.305  -36.890  -13.336 0.6999999881
39321  -26.869  -36.211  -13.480 0.6999999881
39328  -27.409  -36.258  -14.228 0.6999999881
39327  -21.680  -35.914  -14.848 0.5000000000
40284  -27.804  -35.626  -14.546 0.6999999881
41250  -21.769  -34.615  -15.322 0.4000000060
40285  -28.334  -35.697  -15.235 0.6999999881
42201  -21.477  -34.073  -15.660 0.3000000119
41251  -21.961  -34.582  -14.535 0.5000000000
126447  -28.578  -35.786  -20.077 0.6999999881
40307  -28.805  -35.651  -17.837 0.6999999881
127373  -28.649  -35.434  -15.828 0.6999999881
40334  -28.746  -35.220  -19.378 0.6999999881
140900  -28.795  -35.898  -17.222 0.6999999881
40320  -28.789  -35.420  -18.589 0.6999999881
132879  -28.726  -35.002  -20.041 0.6999999881
41355  -26.586  -34.974  -24.069 0.8000000119
40371  -27.683  -35.867  -22.962 0.8000000119
40363  -28.262  -35.768  -22.342 0.8000000119
40354  -28.584  -35.391  -21.570 0.8000000119
41338  -27.825  -34.401  -22.756 0.8000000119
41364  -25.931  -34.514  -25.303 0.8000000119
144633  -26.014  -34.520  -25.383 0.8999999762
41365  -26.872  -34.411  -25.358 0.8999999762
43303  -27.250  -33.101  -25.302 0.8000000119
44242  -28.694  -32.332  -25.022 0.8000000119
43324  -31.334  -32.605  -25.121 0.6999999881
131799  -31.820  -33.140  -25.558 0.6000000238
43305  -29.226  -32.880  -24.706 0.6999999881
43306  -30.052  -32.940  -24.704 0.6999999881
44259  -29.002  -31.787  -25.558 0.6999999881
37405  -23.803  -38.106  -12.967 0.6999999881
40264  -22.976  -35.849  -12.689 0.6000000238
39304  -23.547  -36.434  -12.648 0.6999999881
39305  -24.786  -36.570  -12.555 0.6999999881
39306  -25.340  -36.241  -12.501 0.6999999881
38332  -25.509  -36.921  -12.868 0.6999999881
39320  -21.869  -36.275  -14.005 0.5000000000
38345  -21.802  -37.401  -13.507 0.6000000238
40267  -25.468  -35.704  -12.369 0.6999999881
39307  -26.105  -36.120  -12.693 0.6999999881
40263  -22.342  -36.003  -13.329 0.6000000238
42211  -21.247  -34.148  -16.245 0.3000000119
40277  -22.055  -35.390  -14.075 0.5000000000
126478  -23.252  -35.072  -12.460 0.6000000238
40278  -27.371  -35.557  -13.777 0.6999999881
42171  -22.014  -33.869  -14.095 0.4000000060
41244  -22.273  -34.597  -13.752 0.5000000000
41227  -22.680  -34.509  -12.994 0.6000000238
41252  -27.748  -34.851  -14.204 0.6999999881
41267  -28.857  -34.819  -16.254 0.6999999881
41259  -28.501  -34.960  -15.416 0.6999999881
126168  -28.933  -35.219  -17.152 0.6999999881
43095  -21.098  -32.697  -14.095 0.3000000119
42225  -29.075  -34.078  -18.166 0.6999999881
41339  -28.285  -34.890  -22.206 0.8000000119
41329  -28.523  -34.464  -21.354 0.8000000119
42286  -28.459  -33.694  -20.760 0.6999999881
42275  -28.666  -33.837  -20.077 0.6999999881
127885  -28.932  -33.451  -18.695 0.6999999881
42314  -26.617  -34.271  -23.976 0.8000000119
42298  -28.179  -34.154  -22.102 0.8000000119
42338  -25.709  -33.325  -25.442 0.8000000119
41354  -26.269  -34.560  -24.709 0.8000000119
42308  -27.180  -33.956  -23.232 0.8000000119
42339  -26.053  -33.266  -25.587 0.8000000119
44240  -24.571  -31.558  -25.540 0.8000000119
44229  -25.686  -31.859  -23.777 0.8000000119
45112  -25.345  -31.004  -23.943 0.8000000119
46100  -25.410  -30.718  -24.029 0.8000000119
43325  -31.926  -32.171  -25.669 0.6000000238
44261  -31.140  -31.820  -25.321 0.6999999881
44243  -29.631  -32.217  -24.915 0.6000000238
45151  -28.390  -31.133  -27.201 0.6999999881
45139  -29.315  -31.319  -26.217 0.6000000238
45140  -30.272  -31.191  -26.146 0.6000000238
40265  -23.797  -35.772  -12.414 0.6000000238
128291  -25.993  -35.225  -12.378 0.6999999881
146372  -23.801  -34.626  -12.307 0.6000000238
41230  -26.455  -34.727  -12.456 0.6999999881
151050  -26.800  -35.364  -12.913 0.6999999881
133309  -27.337  -34.939  -13.439 0.6999999881
41226  -22.372  -34.052  -13.456 0.4000000060
41201  -23.889  -34.061  -12.287 0.5000000000
145718  -25.815  -34.302  -12.249 0.6999999881
42143  -22.750  -33.817  -12.926 0.5000000000
42144  -23.290  -33.577  -12.446 0.5000000000
41246  -27.914  -34.006  -14.262 0.6999999881
41253  -28.194  -34.474  -14.875 0.6999999881
43096  -21.806  -33.127  -13.832 0.3000000119
44043  -21.705  -32.445  -13.455 0.3000000119
43072  -22.137  -32.884  -13.293 0.4000000060
41290  -29.008  -34.674  -18.784 0.6999999881
42194  -28.238  -33.725  -14.951 0.6999999881
44025  -21.087  -31.854  -13.550 0.3000000119
42202  -28.775  -33.866  -16.330 0.6999999881
128425  -28.958  -33.372  -17.922 0.6999999881
135768  -28.584  -33.086  -16.292 0.6999999881
42297  -27.688  -33.514  -22.480 0.8000000119
43253  -28.375  -33.042  -20.081 0.6999999881
42258  -28.766  -33.596  -19.444 0.6999999881
43183  -28.648  -32.626  -16.839 0.6999999881
43230  -28.546  -32.874  -19.193 0.6999999881
44141  -28.441  -32.150  -18.050 0.6999999881
42323  -25.987  -33.820  -24.872 0.8000000119
42307  -26.504  -33.481  -23.843 0.8000000119
128873  -28.326  -32.175  -18.826 0.6999999881
144166  -28.108  -31.410  -18.454 0.6999999881
42322  -25.841  -33.780  -25.362 0.8000000119
43293  -25.607  -32.773  -24.553 0.8000000119
140076  -27.037  -33.251  -23.097 0.8000000119
43284  -27.083  -32.528  -22.598 0.8000000119
43275  -27.644  -32.771  -21.753 0.8000000119
149960  -27.611  -31.765  -20.020 0.8000000119
45051  -27.839  -30.928  -19.181 0.6999999881
43321  -25.154  -32.652  -25.735 0.8000000119
43283  -26.444  -32.672  -23.446 0.8000000119
44212  -26.429  -31.490  -22.372 0.8000000119
45090  -26.807  -30.700  -20.846 0.8000000119
43322  -25.278  -32.672  -25.814 0.8000000119
43292  -24.941  -31.696  -24.741 0.8000000119
44220  -25.782  -31.106  -23.025 0.8000000119
46056  -26.657  -30.141  -21.387 0.8000000119
43323  -26.482  -32.518  -25.772 0.8000000119
45126  -24.870  -31.000  -25.519 0.8000000119
144764  -25.700  -30.415  -23.175 0.8000000119
46086  -25.920  -30.243  -22.453 0.8000000119
46071  -26.366  -30.072  -21.977 0.8000000119
44267  -25.898  -31.069  -26.906 0.8000000119
46101  -25.790  -30.421  -23.808 0.8000000119
44257  -26.737  -31.909  -26.035 0.8000000119
44269  -32.322  -31.602  -26.235 0.5000000000
45141  -30.895  -31.347  -25.745 0.6000000238
44268  -26.812  -31.201  -26.864 0.8000000119
45142  -31.644  -31.384  -25.855 0.6000000238
45153  -31.020  -31.121  -26.428 0.6000000238
45152  -29.613  -31.119  -26.973 0.6000000238
150220  -30.367  -31.090  -26.653 0.6000000238
41228  -24.182  -35.152  -12.280 0.6999999881
40266  -24.703  -35.825  -12.348 0.6999999881
125803  -23.237  -34.289  -12.487 0.6000000238
42124  -25.302  -33.787  -12.146 0.6999999881
134523  -26.532  -34.071  -12.398 0.6999999881
41231  -27.043  -34.561  -12.820 0.6999999881
43057  -24.021  -33.386  -12.265 0.5000000000
42145  -25.955  -33.657  -12.231 0.6999999881
126529  -22.308  -32.319  -12.991 0.4000000060
44027  -22.973  -32.241  -12.532 0.4000000060
41245  -27.541  -34.284  -13.498 0.6999999881
42173  -28.025  -33.244  -14.344 0.6999999881
44943  -21.417  -31.103  -13.227 0.3000000119
129452  -22.590  -31.557  -12.736 0.3000000119
145528  -23.636  -32.178  -12.305 0.5000000000
43097  -27.844  -32.603  -13.709 0.6999999881
129883  -28.253  -33.013  -15.013 0.6999999881
44958  -20.773  -31.112  -13.451 0.3000000119
45926  -22.352  -30.060  -13.024 0.3000000119
43135  -28.256  -32.324  -15.016 0.6999999881
46849  -21.742  -29.563  -13.314 0.3000000119
44998  -28.420  -31.257  -16.199 0.6999999881
43267  -28.055  -32.910  -20.958 0.8000000119
44180  -28.025  -32.148  -19.626 0.6999999881
44124  -28.498  -32.093  -17.297 0.6999999881
44200  -27.834  -32.248  -20.386 0.6999999881
44156  -27.943  -31.587  -19.151 0.6999999881
146013  -28.086  -30.560  -18.611 0.6999999881
147119  -27.267  -31.437  -20.458 0.6999999881
45050  -27.438  -30.444  -19.818 0.8000000119
136711  -24.886  -32.333  -25.427 0.8000000119
46044  -27.524  -29.891  -20.257 0.8000000119
44255  -24.767  -32.039  -25.814 0.8000000119
46070  -26.122  -30.289  -21.910 0.8000000119
46072  -27.058  -29.739  -21.758 0.8000000119
45137  -25.211  -31.054  -26.050 0.8000000119
44256  -25.276  -31.665  -26.206 0.8000000119
45118  -24.884  -31.048  -24.827 0.8000000119
134082  -26.184  -30.153  -23.043 0.8000000119
128969  -27.335  -30.110  -23.142 0.8000000119
129317  -28.227  -29.402  -21.651 0.8000000119
45148  -25.605  -30.757  -26.979 0.8000000119
46116  -25.316  -30.679  -24.679 0.8000000119
46118  -27.013  -30.351  -25.079 0.8000000119
46974  -29.018  -29.596  -22.575 0.8000000119
45150  -27.244  -30.834  -27.398 0.8000000119
41202  -24.448  -34.533  -12.221 0.6000000238
42123  -24.582  -33.916  -12.190 0.6000000238
44026  -21.854  -31.720  -13.125 0.3000000119
43073  -22.700  -33.026  -12.831 0.5000000000
43059  -25.420  -33.235  -12.155 0.6000000238
44010  -24.269  -32.583  -12.214 0.5000000000
43075  -25.912  -32.880  -12.217 0.6999999881
43076  -26.615  -33.270  -12.392 0.6999999881
130800  -27.294  -32.920  -12.911 0.6999999881
149124  -24.707  -32.121  -12.174 0.6000000238
44947  -26.052  -31.519  -12.293 0.6999999881
44031  -26.586  -32.325  -12.407 0.6999999881
44044  -27.762  -31.867  -13.605 0.6999999881
45925  -21.614  -30.352  -13.190 0.3000000119
130419  -23.030  -30.643  -12.611 0.3000000119
44948  -26.848  -31.425  -12.654 0.6999999881
45948  -20.950  -29.906  -13.439 0.3000000119
47796  -23.800  -28.370  -13.234 0.3000000119
136622  -27.834  -31.426  -13.872 0.6999999881
44045  -28.039  -31.962  -14.287 0.6999999881
47840  -21.089  -27.794  -15.435 0.3000000119
47824  -21.965  -27.922  -14.470 0.3000000119
48807  -22.556  -27.964  -14.145 0.3000000119
47805  -23.131  -28.156  -13.701 0.3000000119
48833  -21.498  -27.290  -15.885 0.3000000119
44106  -28.440  -31.974  -16.553 0.6999999881
125659  -28.339  -31.401  -17.045 0.6999999881
46027  -27.832  -29.844  -19.697 0.8000000119
46057  -27.507  -29.648  -20.966 0.8000000119
46128  -25.461  -30.660  -26.518 0.8000000119
46117  -25.745  -30.573  -25.548 0.8000000119
46129  -26.080  -30.226  -26.764 0.8000000119
46103  -27.952  -30.236  -24.045 0.8000000119
46089  -28.516  -30.025  -23.258 0.8000000119
45149  -26.115  -30.609  -27.490 0.8000000119
46119  -28.269  -30.107  -24.956 0.8000000119
45173  -27.561  -30.551  -28.234 0.6999999881
45162  -27.696  -30.796  -27.959 0.6000000238
44011  -25.136  -32.551  -12.126 0.6000000238
45929  -26.297  -30.759  -12.412 0.6000000238
44032  -27.354  -32.063  -13.043 0.6999999881
46851  -23.962  -29.225  -12.792 0.4000000060
127415  -25.699  -30.099  -12.342 0.6000000238
45930  -26.993  -30.665  -12.855 0.6999999881
44949  -27.467  -31.246  -13.244 0.6999999881
46853  -26.114  -29.366  -12.635 0.4000000060
137994  -27.733  -30.815  -13.811 0.6999999881
44959  -28.059  -31.193  -14.360 0.6999999881
44060  -28.254  -31.624  -14.965 0.6999999881
127353  -24.187  -27.334  -13.826 0.3000000119
47799  -26.573  -28.778  -13.040 0.4000000060
45949  -27.649  -30.194  -13.721 0.6000000238
45960  -28.376  -30.217  -15.102 0.6999999881
44083  -28.375  -31.319  -15.488 0.6999999881
45980  -28.372  -30.644  -16.758 0.6999999881
136500  -28.691  -29.384  -15.992 0.6999999881
146551  -28.416  -30.170  -17.373 0.6999999881
46912  -28.676  -29.443  -17.489 0.6999999881
45068  -27.163  -30.785  -20.260 0.8000000119
46043  -27.109  -30.226  -20.569 0.8000000119
46944  -27.986  -29.430  -20.281 0.8000000119
46088  -27.778  -29.831  -22.392 0.8000000119
148580  -28.923  -29.111  -21.349 0.8000000119
46102  -26.801  -30.315  -23.931 0.8000000119
46976  -29.786  -29.315  -23.145 0.8000000119
46138  -26.295  -30.436  -27.431 0.8000000119
149092  -27.404  -30.165  -25.919 0.8000000119
46104  -28.954  -29.986  -24.065 0.8000000119
46131  -28.303  -29.986  -25.934 0.8000000119
45175  -28.790  -30.883  -28.585 0.6000000238
45161  -27.178  -30.541  -27.589 0.8000000119
45174  -27.933  -30.715  -28.507 0.6000000238
46145  -27.488  -30.420  -28.049 0.6999999881
47046  -27.854  -29.519  -28.801 0.6999999881
125833  -25.154  -31.702  -12.174 0.6000000238
44946  -25.466  -30.877  -12.225 0.6000000238
47797  -24.657  -28.546  -12.908 0.3000000119
45931  -27.400  -30.458  -13.279 0.6000000238
47807  -24.386  -27.843  -13.362 0.3000000119
47798  -25.650  -28.654  -12.844 0.3000000119
46854  -26.865  -29.500  -13.003 0.5000000000
47808  -26.214  -28.054  -13.179 0.3000000119
47809  -26.993  -28.236  -13.419 0.5000000000
46885  -28.232  -29.424  -14.542 0.6999999881
49872  -23.114  -26.205  -15.432 0.3000000119
49854  -24.068  -26.271  -14.625 0.3000000119
47825  -27.938  -28.178  -14.092 0.4000000060
135829  -28.502  -29.611  -15.336 0.6999999881
50946  -22.957  -25.828  -16.012 0.3000000119
47854  -28.937  -28.569  -16.003 0.6000000238
46913  -28.942  -28.664  -17.779 0.6000000238
46901  -29.071  -28.489  -16.882 0.6000000238
134463  -28.580  -29.132  -19.092 0.8000000119
136623  -28.631  -29.263  -18.386 0.6999999881
47865  -29.256  -28.072  -17.398 0.6000000238
46933  -28.311  -29.301  -19.650 0.8000000119
46927  -28.981  -28.572  -18.782 0.6999999881
130193  -29.328  -27.984  -18.123 0.6999999881
46956  -28.401  -29.208  -20.867 0.8000000119
46945  -28.642  -28.999  -20.213 0.8000000119
47899  -29.706  -28.263  -20.174 0.6999999881
47889  -29.348  -28.352  -19.509 0.6999999881
47881  -29.576  -27.943  -18.887 0.6999999881
127175  -29.127  -29.215  -21.903 0.8000000119
47915  -29.292  -28.708  -20.831 0.8000000119
47890  -29.930  -27.872  -19.563 0.6999999881
46964  -29.786  -29.029  -22.283 0.8000000119
142958  -29.443  -28.918  -21.613 0.8000000119
48915  -30.699  -27.562  -20.860 0.6999999881
48901  -30.286  -27.713  -20.212 0.6999999881
46137  -25.774  -30.531  -27.258 0.8000000119
46130  -27.196  -30.210  -26.838 0.8000000119
46975  -29.276  -29.759  -23.388 0.8000000119
128031  -30.384  -28.387  -22.223 0.8000000119
47012  -29.338  -29.739  -25.029 0.8000000119
47950  -30.250  -28.945  -23.734 0.8000000119
46140  -28.018  -29.887  -26.926 0.8000000119
47024  -29.920  -29.136  -25.537 0.8000000119
47965  -30.393  -28.500  -25.102 0.8000000119
46139  -27.359  -30.305  -27.534 0.8000000119
149364  -27.833  -29.897  -27.509 0.8000000119
47041  -28.622  -29.098  -27.981 0.6999999881
46157  -28.597  -29.967  -29.319 0.6000000238
47040  -27.761  -29.918  -28.047 0.8000000119
47047  -28.427  -28.822  -28.627 0.6999999881
46869  -27.328  -28.981  -13.410 0.5000000000
46870  -27.751  -29.597  -13.882 0.5000000000
48809  -24.882  -27.320  -13.595 0.3000000119
48811  -26.688  -27.571  -13.632 0.4000000060
49856  -25.873  -26.202  -14.102 0.3000000119
47826  -28.340  -28.078  -14.656 0.5000000000
46892  -28.556  -28.815  -15.133 0.6000000238
50938  -25.404  -25.638  -14.541 0.3000000119
49857  -26.826  -26.189  -14.147 0.3000000119
47841  -28.826  -28.005  -15.258 0.6000000238
47842  -29.126  -27.851  -15.925 0.6000000238
50968  -23.343  -25.248  -16.318 0.3000000119
52002  -24.747  -24.498  -15.597 0.3000000119
50940  -27.418  -25.890  -14.601 0.3000000119
52001  -23.988  -24.746  -16.042 0.3000000119
47855  -29.309  -27.766  -16.677 0.6000000238
52035  -23.386  -24.290  -17.149 0.3000000119
47882  -30.110  -27.502  -19.031 0.6999999881
47951  -30.704  -28.306  -23.496 0.8000000119
149761  -30.754  -28.000  -22.163 0.6999999881
138670  -31.038  -27.409  -21.398 0.6999999881
137871  -30.836  -28.037  -22.735 0.6999999881
47966  -30.565  -28.408  -24.285 0.8000000119
48960  -30.932  -27.710  -24.012 0.6999999881
47023  -29.099  -29.560  -26.174 0.8000000119
47033  -29.690  -29.004  -26.431 0.6999999881
147855  -30.727  -27.711  -24.785 0.6000000238
47054  -29.481  -29.533  -29.727 0.6000000238
47032  -28.665  -29.410  -27.221 0.6999999881
47997  -29.154  -28.412  -27.938 0.6999999881
47990  -29.426  -28.740  -27.221 0.6999999881
48004  -28.333  -28.680  -29.123 0.6999999881
47052  -28.093  -29.362  -29.104 0.6999999881
52198  -27.950  -24.934  -28.623 0.5000000000
52197  -27.261  -24.584  -29.181 0.5000000000
48835  -28.900  -27.234  -15.450 0.6000000238
48836  -29.263  -27.318  -16.122 0.6000000238
49898  -29.776  -26.761  -17.177 0.6000000238
48878  -29.948  -27.342  -18.320 0.6999999881
49916  -30.353  -26.668  -18.211 0.6999999881
48891  -30.474  -27.332  -19.543 0.6999999881
52069  -21.639  -24.268  -19.058 0.3000000119
49962  -31.223  -26.979  -20.862 0.6999999881
49936  -30.491  -26.968  -18.854 0.6999999881
48902  -30.883  -27.129  -20.177 0.6999999881
48967  -30.455  -27.750  -25.522 0.6999999881
48936  -31.244  -27.317  -22.909 0.6999999881
132396  -31.535  -26.819  -22.375 0.6000000238
149854  -31.035  -27.721  -23.364 0.6999999881
129200  -30.213  -27.791  -26.113 0.6999999881
144053  -30.377  -27.096  -26.019 0.6000000238
47998  -29.627  -27.883  -27.239 0.6999999881
48010  -28.446  -28.671  -29.409 0.6000000238
47061  -29.265  -28.762  -29.925 0.5000000000
48005  -28.670  -28.114  -28.671 0.6999999881
48993  -28.713  -27.285  -28.655 0.6999999881
137538  -28.041  -27.088  -29.321 0.6999999881
51142  -27.302  -26.221  -29.612 0.6000000238
49875  -29.182  -26.678  -16.038 0.5000000000
50953  -29.013  -25.886  -16.009 0.4000000060
49890  -29.539  -26.224  -16.693 0.6000000238
49891  -30.041  -26.237  -17.413 0.6000000238
51000  -30.469  -26.145  -17.941 0.6000000238
53122  -21.992  -23.534  -19.349 0.3000000119
53123  -22.641  -23.310  -19.171 0.3000000119
48892  -30.980  -26.686  -19.429 0.6999999881
49963  -31.683  -26.384  -20.992 0.6000000238
49949  -31.466  -26.403  -20.145 0.6000000238
49980  -31.426  -26.913  -21.576 0.6000000238
49995  -31.478  -26.615  -23.153 0.6000000238
47991  -29.941  -28.272  -26.577 0.6999999881
48968  -30.694  -26.980  -25.291 0.6000000238
145883  -31.006  -26.902  -24.453 0.6000000238
48977  -30.007  -27.394  -26.637 0.6999999881
50038  -30.034  -26.500  -26.586 0.6000000238
48984  -29.274  -27.564  -27.960 0.6999999881
50056  -27.541  -26.872  -29.734 0.6999999881
49008  -28.117  -27.610  -29.801 0.6000000238
49009  -28.535  -27.440  -30.218 0.5000000000
147161  -27.857  -27.217  -29.807 0.6000000238
126530  -27.848  -26.777  -30.179 0.6000000238
127733  -28.545  -26.246  -30.657 0.5000000000
50049  -28.619  -26.545  -28.552 0.6000000238
50055  -27.360  -26.298  -29.998 0.5000000000
50048  -27.991  -26.400  -29.124 0.5000000000
51141  -27.021  -25.691  -29.880 0.5000000000
51150  -27.227  -25.751  -30.267 0.5000000000
52207  -26.679  -24.962  -29.744 0.5000000000
54336  -26.266  -23.542  -29.550 0.5000000000
52005  -28.831  -25.084  -15.974 0.4000000060
50969  -29.360  -25.404  -16.496 0.4000000060
52018  -29.249  -24.675  -16.456 0.4000000060
53059  -26.721  -23.049  -16.090 0.4000000060
50984  -30.289  -25.582  -17.587 0.6000000238
53124  -23.292  -23.084  -18.969 0.3000000119
54158  -23.983  -22.795  -18.739 0.3000000119
54129  -24.891  -22.835  -17.811 0.3000000119
51021  -31.446  -25.982  -19.284 0.6000000238
55277  -24.205  -22.276  -20.170 0.3000000119
142670  -31.856  -25.818  -20.480 0.6000000238
49996  -31.722  -26.099  -22.591 0.5000000000
137421  -31.938  -25.713  -21.164 0.6000000238
50029  -30.840  -26.250  -25.040 0.6000000238
127118  -31.301  -25.737  -24.089 0.6000000238
51081  -31.587  -25.896  -23.391 0.6000000238
50028  -30.482  -26.273  -25.831 0.6000000238
51114  -30.683  -25.619  -25.386 0.6000000238
48985  -29.642  -27.001  -27.266 0.6999999881
149539  -30.208  -26.010  -26.307 0.6000000238
138953  -29.191  -26.745  -27.932 0.6999999881
51133  -27.986  -25.682  -28.876 0.5000000000
52208  -27.306  -25.406  -29.403 0.5000000000
53242  -27.159  -23.757  -29.055 0.5000000000
143277  -28.096  -24.069  -15.804 0.4000000060
52019  -29.668  -24.981  -16.816 0.4000000060
52037  -29.144  -23.923  -16.562 0.4000000060
50970  -29.851  -25.569  -17.028 0.5000000000
146832  -28.923  -23.043  -16.833 0.4000000060
50985  -30.546  -24.967  -17.759 0.4000000060
51001  -30.810  -25.580  -18.110 0.4000000060
51014  -31.305  -25.474  -18.688 0.5000000000
54184  -24.568  -22.341  -19.375 0.3000000119
135296  -25.296  -22.158  -19.601 0.3000000119
54160  -25.367  -22.358  -18.381 0.4000000060
51015  -31.678  -25.252  -19.254 0.4000000060
55255  -25.774  -21.910  -20.166 0.3000000119
55210  -26.878  -22.040  -18.105 0.4000000060
128904  -32.084  -24.971  -21.320 0.5000000000
135944  -31.879  -25.067  -19.848 0.6000000238
51053  -31.935  -25.551  -21.936 0.5000000000
51082  -31.821  -25.348  -22.793 0.5000000000
51104  -31.016  -25.653  -24.722 0.6000000238
52137  -31.921  -24.567  -22.916 0.5000000000
51113  -30.348  -25.606  -26.056 0.6000000238
52174  -30.519  -25.004  -25.679 0.6000000238
51120  -29.347  -25.574  -27.342 0.6000000238
52181  -29.679  -25.016  -26.913 0.6000000238
51126  -28.881  -25.540  -27.821 0.5000000000
51134  -28.522  -25.892  -28.364 0.5000000000
52188  -28.525  -24.495  -27.994 0.5000000000
53243  -27.934  -24.114  -28.499 0.5000000000
54322  -27.095  -22.818  -29.085 0.5000000000
150686  -26.324  -22.799  -29.640 0.5000000000
53061  -28.366  -23.477  -16.295 0.4000000060
52038  -30.064  -24.958  -17.259 0.4000000060
53062  -29.771  -24.303  -16.914 0.4000000060
53080  -30.260  -24.361  -17.495 0.4000000060
53081  -30.780  -24.367  -17.960 0.4000000060
53079  -29.550  -23.524  -17.025 0.4000000060
132579  -31.239  -24.374  -18.402 0.4000000060
52070  -31.525  -24.749  -18.753 0.4000000060
126886  -25.005  -22.129  -20.227 0.3000000119
52089  -32.113  -24.317  -20.745 0.4000000060
52071  -31.798  -24.526  -19.322 0.5000000000
55297  -25.135  -21.956  -21.508 0.3000000119
53160  -32.198  -24.031  -22.206 0.4000000060
52155  -31.720  -24.231  -23.650 0.5000000000
54233  -32.449  -23.203  -22.251 0.4000000060
52165  -30.922  -24.953  -24.966 0.6000000238
52154  -31.325  -24.562  -24.323 0.5000000000
53195  -31.829  -23.576  -23.593 0.5000000000
52173  -30.149  -25.032  -26.324 0.6000000238
53217  -30.624  -23.829  -25.387 0.5000000000
130245  -30.997  -24.155  -24.886 0.5000000000
52180  -29.104  -24.893  -27.521 0.5000000000
53224  -29.927  -23.882  -26.436 0.6000000238
136706  -30.331  -24.318  -25.962 0.6000000238
135152  -29.569  -24.312  -26.986 0.6000000238
53232  -28.593  -23.635  -27.976 0.5000000000
54323  -27.940  -23.242  -28.476 0.5000000000
56433  -26.456  -21.431  -30.103 0.5000000000
53233  -29.116  -24.009  -27.490 0.5000000000
58267  -24.368  -19.432  -22.700 0.3000000119
57302  -25.520  -19.873  -21.648 0.4000000060
58244  -25.994  -19.276  -21.049 0.4000000060
54305  -29.894  -23.137  -26.355 0.5000000000
59282  -24.570  -18.589  -22.734 0.4000000060
54304  -29.506  -22.749  -26.837 0.5000000000
138263  -30.752  -21.906  -25.343 0.5000000000
55357  -31.482  -21.648  -24.206 0.5000000000
55388  -29.085  -22.345  -27.341 0.5000000000
56387  -30.492  -21.329  -25.642 0.5000000000
54314  -28.608  -22.778  -27.933 0.5000000000
56434  -26.765  -20.644  -29.976 0.5000000000
55399  -27.967  -22.370  -28.437 0.6000000238
56422  -27.910  -21.457  -28.470 0.5000000000
151500  -27.574  -20.968  -28.792 0.6000000238
150217  -27.582  -20.069  -29.038 0.4000000060
138495  -25.547  -18.087  -21.937 0.4000000060
59245  -26.841  -18.758  -20.378 0.4000000060
55378  -29.507  -21.944  -26.760 0.5000000000
56410  -29.081  -21.504  -27.279 0.5000000000
57375  -29.116  -20.656  -27.264 0.5000000000
56401  -29.543  -21.101  -26.716 0.5000000000
55387  -28.568  -21.922  -27.858 0.5000000000
56409  -28.543  -21.033  -27.806 0.5000000000
58351  -28.052  -18.953  -28.971 0.4000000060
143482  -28.552  -20.054  -27.755 0.5000000000
57388  -27.963  -20.569  -28.464 0.5000000000
60292  -26.392  -17.768  -21.001 0.4000000060
60314  -25.052  -17.129  -22.703 0.4000000060
56402  -29.956  -21.582  -26.210 0.5000000000
57333  -31.317  -20.538  -24.732 0.4000000060
58338  -28.928  -19.186  -27.443 0.4000000060
143971  -28.391  -19.311  -28.083 0.5000000000
58352  -28.534  -18.631  -28.117 0.3000000119
58304  -30.330  -19.753  -25.897 0.4000000060
132621  -29.128  -19.929  -27.181 0.4000000060
59347  -29.035  -18.279  -27.535 0.5000000000
60406  -29.230  -17.548  -27.760 0.4000000060
59330  -29.470  -18.697  -26.921 0.4000000060
61437  -29.652  -15.885  -29.486 0.4000000060
60368  -30.526  -17.292  -26.247 0.4000000060
140030  -29.913  -16.421  -28.015 0.4000000060
133695  -29.967  -15.939  -28.463 0.4000000060
63414  -30.427  -14.892  -28.871 0.4000000060
63434  -30.294  -14.265  -29.732 0.4000000060
61382  -30.097  -17.244  -26.835 0.4000000060
149244  -29.736  -17.269  -27.376 0.3000000119
61404  -30.100  -16.658  -27.399 0.4000000060
61383  -30.617  -16.588  -26.696 0.4000000060
61369  -31.010  -16.826  -25.948 0.4000000060
61405  -30.507  -16.129  -27.278 0.3000000119
62361  -30.692  -15.594  -27.604 0.4000000060
62379  -30.387  -15.471  -28.252 0.4000000060
64468  -30.762  -13.945  -29.098 0.4000000060
63395  -31.237  -15.067  -27.305 0.4000000060
64444  -31.153  -14.336  -28.016 0.5000000000
62337  -30.959  -15.832  -26.929 0.4000000060
63377  -31.867  -14.728  -26.641 0.4000000060
29169  -26.169  -46.832  -23.252 0.6999999881
30016  -25.453  -45.844  -16.978 0.6999999881
24547  -20.738  -51.879  -13.739 0.6000000238
138888  -24.623  -46.055  -14.239 0.6999999881
32024  -26.119  -43.824  -17.533 0.8000000119
128429  -25.549  -43.978  -16.334 0.8000000119
29963  -23.245  -45.453  -13.045 0.6000000238
31943  -23.892  -44.045  -13.532 0.6000000238
31944  -24.181  -43.370  -13.854 0.6999999881
33857  -27.210  -41.379  -17.979 0.8000000119
27504  -19.354  -48.518  -15.836 0.4000000060
36727  -25.788  -38.869  -25.927 0.8000000119
128633  -19.450  -44.273  -15.134 0.5000000000
36609  -26.864  -39.430  -15.356 0.8000000119
36636  -28.214  -38.592  -17.703 0.8000000119
134814  -25.439  -39.506  -14.101 0.8000000119
34684  -21.278  -40.704  -13.392 0.6000000238
36608  -20.110  -38.935  -15.678 0.5000000000
36586  -20.871  -39.126  -13.750 0.6000000238
37406  -24.553  -37.996  -13.023 0.6999999881
136105  -28.727  -35.181  -20.744 0.6999999881
41203  -25.061  -34.338  -12.173 0.6999999881
46087  -26.607  -29.962  -22.356 0.8000000119
45015  -28.207  -30.834  -17.726 0.6999999881
45997  -28.395  -30.017  -18.102 0.6999999881
46855  -27.379  -29.766  -13.326 0.6000000238
130903  -28.581  -29.841  -16.736 0.6999999881
149866  -28.879  -28.941  -17.232 0.6000000238
126808  -24.716  -30.282  -12.290 0.6000000238
47810  -27.493  -28.406  -13.759 0.5000000000
49874  -28.635  -26.385  -15.468 0.4000000060
49981  -31.761  -26.273  -21.757 0.6000000238
56421  -27.094  -21.284  -29.262 0.5000000000
53109  -31.019  -23.808  -18.258 0.4000000060
57366  -29.533  -20.273  -26.733 0.4000000060
26087  -26.797  -49.585  -25.085 0.5000000000
26107  -26.861  -49.336  -25.568 0.5000000000
134947  -27.586  -49.135  -21.716 0.6999999881
29182  -27.446  -45.665  -25.870 0.5000000000
23676  -22.739  -52.482  -14.177 0.5000000000
31057  -27.093  -44.455  -26.446 0.6999999881
29123  -25.665  -46.552  -18.161 0.6999999881
30035  -25.882  -45.694  -18.575 0.6999999881
30073  -26.685  -45.518  -22.574 0.6999999881
30066  -26.662  -45.285  -21.639 0.6999999881
33026  -27.112  -42.688  -23.465 0.6999999881
31027  -26.871  -44.797  -22.477 0.6999999881
33038  -27.189  -42.694  -26.158 0.6999999881
33942  -28.151  -41.766  -24.370 0.5000000000
34860  -27.401  -41.119  -26.012 0.6000000238
35843  -28.309  -39.806  -25.340 0.5000000000
148537  -21.764  -49.662  -13.013 0.6000000238
31000  -26.515  -44.471  -19.668 0.6999999881
33959  -27.152  -42.022  -28.215 0.6999999881
30025  -25.638  -45.193  -17.268 0.8000000119
30988  -26.428  -44.122  -18.982 0.6999999881
35836  -29.647  -40.486  -24.065 0.4000000060
30917  -25.050  -44.865  -15.333 0.8000000119
26714  -20.464  -48.973  -13.342 0.6000000238
26731  -20.083  -49.274  -13.783 0.6000000238
35852  -26.293  -40.572  -27.055 0.8000000119
29048  -23.126  -46.277  -13.032 0.6999999881
134675  -25.829  -43.351  -16.527 0.6999999881
24574  -18.990  -51.498  -15.291 0.5000000000
130290  -27.351  -41.375  -19.272 0.8000000119
36717  -28.658  -39.091  -25.312 0.5000000000
28248  -20.156  -47.790  -13.688 0.6000000238
33843  -26.621  -41.692  -16.772 0.8000000119
38477  -28.157  -37.466  -25.950 0.6999999881
33797  -25.312  -42.044  -14.995 0.6999999881
36706  -27.577  -39.030  -22.622 0.8999999762
37529  -26.376  -38.446  -24.435 0.8000000119
39432  -29.263  -37.049  -25.172 0.6000000238
37551  -30.876  -37.897  -25.396 0.4000000060
125796  -19.324  -47.900  -16.214 0.3000000119
27475  -19.688  -48.046  -14.290 0.5000000000
27488  -19.435  -48.279  -14.983 0.5000000000
140660  -19.364  -49.026  -15.139 0.5000000000
145067  -19.329  -48.998  -16.436 0.4000000060
37559  -25.670  -37.368  -26.967 0.8000000119
32858  -23.151  -42.709  -13.050 0.6000000238
130945  -22.408  -43.196  -12.997 0.6000000238
33789  -23.711  -42.085  -13.235 0.6000000238
34706  -25.137  -40.589  -14.400 0.8000000119
135562  -20.722  -44.786  -13.329 0.5000000000
140977  -19.504  -46.932  -14.665 0.5000000000
29064  -19.722  -46.606  -14.186 0.5000000000
37492  -28.293  -38.477  -19.596 0.8000000119
41369  -30.833  -34.604  -24.934 0.6000000238
41378  -31.844  -34.743  -25.928 0.4000000060
32857  -22.439  -42.373  -13.005 0.6000000238
29976  -19.452  -45.577  -14.859 0.5000000000
30877  -20.679  -44.164  -13.461 0.5000000000
37430  -26.925  -38.289  -14.798 0.6999999881
33774  -22.306  -41.650  -13.046 0.6000000238
32916  -19.368  -42.746  -15.847 0.5000000000
133236  -19.912  -42.156  -14.793 0.6000000238
130385  -19.669  -42.846  -14.970 0.5000000000
33795  -19.622  -42.102  -15.376 0.6000000238
32869  -21.100  -42.985  -13.427 0.5000000000
34767  -19.448  -40.839  -17.549 0.6000000238
34748  -19.459  -40.791  -16.896 0.6000000238
31969  -19.634  -43.666  -14.700 0.5000000000
33787  -20.245  -41.829  -14.303 0.6000000238
30894  -19.630  -44.411  -14.368 0.5000000000
133232  -20.412  -43.075  -13.910 0.5000000000
37463  -20.416  -37.961  -17.891 0.4000000060
38359  -27.834  -36.984  -15.196 0.6999999881
38367  -28.200  -37.109  -15.851 0.6999999881
38436  -28.049  -37.082  -22.359 0.8000000119
140594  -19.996  -39.508  -15.296 0.5000000000
136315  -20.377  -40.384  -14.339 0.6000000238
133287  -19.931  -41.420  -14.977 0.6000000238
35688  -20.576  -39.852  -14.020 0.6000000238
38365  -20.745  -37.241  -16.193 0.4000000060
37437  -20.661  -37.636  -15.438 0.4000000060
37417  -21.020  -38.290  -13.914 0.5000000000
37429  -20.768  -37.936  -14.616 0.5000000000
39334  -28.258  -36.426  -15.516 0.6999999881
39326  -21.283  -36.554  -15.256 0.5000000000
39319  -21.386  -36.708  -14.453 0.5000000000
127375  -28.603  -36.032  -18.369 0.6999999881
149203  -24.271  -38.406  -13.044 0.6999999881
128490  -21.866  -38.831  -13.245 0.6999999881
144114  -28.145  -35.119  -14.852 0.6999999881
40283  -21.864  -35.160  -14.886 0.5000000000
40299  -28.769  -35.750  -16.472 0.6999999881
41258  -21.567  -34.730  -16.136 0.4000000060
43304  -28.332  -32.983  -24.861 0.8000000119
39303  -22.781  -36.586  -12.956 0.6000000238
133878  -24.141  -36.886  -12.682 0.6999999881
37418  -21.449  -37.962  -13.584 0.6000000238
38344  -21.246  -37.474  -14.077 0.5000000000
129622  -21.720  -33.976  -14.927 0.3000000119
126432  -28.527  -34.209  -15.564 0.6999999881
42170  -21.475  -33.396  -14.483 0.3000000119
143117  -26.689  -33.738  -25.394 0.8999999762
44241  -27.730  -32.459  -25.350 0.8000000119
44244  -30.550  -32.299  -24.899 0.6000000238
45138  -28.095  -31.390  -26.502 0.8000000119
141331  -22.501  -35.228  -13.143 0.6000000238
144807  -24.198  -36.296  -12.465 0.6999999881
41229  -25.115  -35.021  -12.243 0.6999999881
132877  -29.048  -34.287  -17.207 0.6999999881
43276  -28.192  -33.559  -21.590 0.8000000119
43211  -28.670  -32.808  -18.391 0.6999999881
44258  -27.882  -31.893  -25.779 0.8000000119
43074  -23.434  -32.849  -12.358 0.5000000000
134221  -28.453  -33.436  -15.631 0.6999999881
137096  -21.061  -30.595  -13.301 0.3000000119
42212  -28.962  -33.383  -17.096 0.6999999881
43165  -28.387  -32.719  -15.643 0.6999999881
43199  -28.735  -32.749  -17.598 0.6999999881
146426  -28.445  -32.481  -16.212 0.6999999881
126586  -28.263  -31.585  -17.713 0.6999999881
44213  -26.994  -31.884  -21.767 0.8000000119
43266  -27.476  -32.106  -21.083 0.8000000119
44198  -26.347  -31.026  -21.699 0.8000000119
42146  -27.190  -33.782  -12.810 0.6999999881
44028  -23.382  -31.512  -12.367 0.5000000000
42172  -27.743  -33.484  -13.530 0.6999999881
43098  -28.104  -32.633  -14.483 0.6999999881
44944  -22.137  -30.912  -12.972 0.3000000119
44029  -24.258  -31.702  -12.217 0.5000000000
136308  -28.379  -31.965  -15.721 0.6999999881
46866  -21.234  -29.068  -13.729 0.3000000119
150623  -28.441  -30.721  -16.150 0.6999999881
44030  -25.756  -32.181  -12.211 0.6000000238
136516  -23.079  -27.553  -14.248 0.3000000119
47806  -23.694  -27.725  -13.802 0.3000000119
46149  -27.698  -30.269  -28.553 0.6999999881
129372  -26.536  -30.068  -12.697 0.6000000238
145824  -27.069  -30.087  -13.007 0.6000000238
45950  -28.068  -30.338  -14.301 0.6999999881
44965  -28.293  -30.922  -14.956 0.6999999881
46900  -28.820  -29.133  -16.736 0.6000000238
47929  -29.956  -28.537  -21.583 0.8000000119
47935  -30.320  -28.695  -22.938 0.8000000119
130435  -30.108  -29.114  -24.598 0.8000000119
46156  -27.860  -29.945  -28.959 0.6000000238
46150  -28.143  -30.494  -28.938 0.6000000238
133609  -25.288  -27.930  -13.128 0.3000000119
46852  -25.006  -29.380  -12.470 0.5000000000
48810  -25.821  -27.409  -13.484 0.3000000119
140952  -28.229  -28.650  -14.419 0.5000000000
50947  -23.613  -25.573  -15.621 0.3000000119
50937  -24.612  -25.672  -14.810 0.3000000119
138354  -28.459  -27.510  -14.884 0.5000000000
150009  -29.151  -28.181  -16.344 0.6000000238
46934  -28.810  -28.817  -19.560 0.8000000119
48856  -29.612  -27.412  -17.441 0.6000000238
47917  -30.614  -27.968  -21.599 0.6999999881
48992  -28.266  -27.771  -29.304 0.6999999881
49847  -26.318  -26.889  -13.868 0.3000000119
50948  -24.290  -25.156  -15.294 0.3000000119
52013  -23.569  -24.672  -16.630 0.3000000119
52015  -25.129  -23.868  -15.984 0.3000000119
48845  -29.488  -27.031  -16.685 0.6000000238
48857  -30.011  -26.827  -17.723 0.6000000238
148626  -30.225  -26.473  -17.817 0.6000000238
139056  -30.936  -26.248  -18.600 0.6999999881
48950  -31.199  -27.110  -23.641 0.6000000238
48017  -28.538  -28.093  -29.894 0.5000000000
50952  -28.384  -25.569  -15.495 0.4000000060
50037  -29.520  -26.234  -27.273 0.6000000238
51121  -29.905  -25.706  -26.697 0.6000000238
129605  -27.608  -26.192  -30.533 0.6000000238
52220  -26.857  -25.071  -30.032 0.4000000060
52017  -28.687  -24.317  -16.051 0.4000000060
54119  -26.643  -22.588  -16.756 0.4000000060
54159  -24.692  -22.590  -18.525 0.3000000119
54194  -23.537  -22.483  -20.091 0.3000000119
52107  -32.048  -24.794  -22.092 0.5000000000
51094  -31.596  -25.095  -23.673 0.5000000000
52055  -31.059  -24.928  -18.263 0.4000000060
54161  -26.087  -22.174  -18.286 0.4000000060
55235  -26.671  -21.956  -18.915 0.4000000060
126146  -32.207  -24.219  -21.480 0.5000000000
53125  -31.605  -23.963  -18.783 0.4000000060
53143  -32.316  -23.571  -20.949 0.4000000060
142802  -31.400  -23.700  -24.262 0.5000000000
54315  -29.110  -23.173  -27.429 0.6000000238
58259  -24.929  -19.386  -22.212 0.3000000119
58226  -26.500  -19.178  -20.545 0.4000000060
55379  -29.917  -22.384  -26.302 0.5000000000
59255  -26.403  -18.526  -20.743 0.4000000060
59348  -29.588  -17.861  -26.993 0.4000000060
59331  -29.872  -18.357  -26.503 0.4000000060
141354  -30.702  -14.486  -28.681 0.4000000060
62329  -31.237  -16.155  -26.233 0.4000000060
64469  -31.323  -13.639  -28.423 0.3000000119
24593  -28.265  -51.856  -17.573 0.5000000000
25336  -28.677  -51.103  -18.615 0.5000000000
24577  -27.076  -52.411  -16.187 0.4000000060
24583  -27.357  -51.809  -16.542 0.5000000000
23711  -27.523  -52.618  -16.634 0.5000000000
24592  -27.831  -51.468  -17.206 0.5000000000
25335  -28.172  -50.617  -18.227 0.6000000238
26043  -27.935  -49.696  -19.027 0.6000000238
24576  -26.758  -51.862  -15.931 0.5000000000
24575  -26.160  -51.964  -15.426 0.5000000000
25312  -26.877  -51.166  -16.228 0.5000000000
26030  -27.149  -50.328  -17.065 0.5000000000
141670  -25.768  -51.291  -15.179 0.5000000000
26038  -27.371  -50.025  -17.676 0.6000000238
26783  -27.257  -49.221  -18.689 0.6000000238
150875  -27.793  -50.240  -18.041 0.6000000238
26790  -27.437  -49.109  -19.461 0.6000000238
26797  -27.511  -49.031  -20.234 0.6000000238
26789  -26.898  -48.600  -19.877 0.6000000238
26805  -27.082  -48.567  -21.473 0.6000000238
26796  -27.054  -48.504  -20.652 0.6000000238
25311  -26.355  -51.223  -15.676 0.5000000000
143973  -26.864  -50.593  -16.572 0.5000000000
26037  -26.911  -49.782  -17.315 0.6000000238
24566  -25.378  -52.045  -14.965 0.5000000000
26776  -26.993  -49.367  -17.899 0.6000000238
23695  -23.841  -52.634  -14.561 0.5000000000
24565  -24.716  -51.692  -14.629 0.5000000000
26782  -26.745  -48.709  -19.114 0.6000000238
27541  -26.434  -48.070  -20.285 0.6000000238
27557  -26.525  -48.207  -22.015 0.6000000238
25319  -26.461  -50.537  -16.093 0.5000000000
26029  -26.572  -49.919  -16.702 0.5000000000
25302  -25.442  -50.734  -15.064 0.5000000000
26019  -25.640  -49.795  -15.645 0.5000000000
26028  -26.069  -49.836  -16.069 0.5000000000
26768  -26.016  -49.134  -16.656 0.5000000000
150442  -26.449  -48.908  -17.779 0.6000000238
145081  -24.427  -50.971  -14.377 0.5000000000
25301  -24.965  -50.474  -14.762 0.5000000000
27526  -26.188  -48.267  -18.744 0.6000000238
24564  -23.998  -51.819  -14.324 0.5000000000
141939  -23.646  -51.096  -13.968 0.5000000000
27531  -26.295  -48.159  -19.515 0.6000000238
27549  -26.282  -47.792  -21.558 0.6000000238
26007  -25.362  -50.095  -15.197 0.5000000000
125671  -25.575  -48.645  -16.366 0.5000000000
27513  -25.723  -48.390  -16.927 0.6000000238
128284  -25.623  -47.773  -17.104 0.6000000238
26006  -24.884  -49.674  -14.853 0.5000000000
26774  -26.045  -48.717  -17.383 0.6000000238
138530  -25.790  -48.089  -17.585 0.6000000238
149956  -23.319  -51.660  -14.003 0.5000000000
23675  -22.047  -52.363  -13.965 0.5000000000
27540  -26.187  -47.721  -20.715 0.6000000238
28322  -26.216  -47.308  -21.123 0.6000000238
26748  -24.852  -48.751  -14.989 0.5000000000
26749  -25.264  -49.338  -15.418 0.5000000000
26762  -25.246  -48.548  -15.763 0.5000000000
27506  -25.428  -47.917  -16.421 0.6000000238
25987  -23.899  -50.378  -13.992 0.5000000000
142875  -23.553  -49.942  -13.665 0.6000000238
27489  -24.773  -47.840  -14.919 0.6000000238
149271  -24.978  -48.235  -15.357 0.5000000000
28275  -25.217  -47.151  -16.152 0.5000000000
130126  -25.457  -47.190  -16.897 0.6000000238
126589  -23.996  -49.663  -13.945 0.6000000238
26733  -24.454  -49.261  -14.346 0.6000000238
25268  -22.096  -50.928  -13.354 0.5000000000
25970  -23.046  -49.868  -13.346 0.5000000000
25971  -23.532  -49.263  -13.460 0.6000000238
23674  -21.199  -52.474  -13.957 0.4000000060
27477  -24.375  -48.368  -14.182 0.6000000238
28258  -24.930  -47.122  -15.390 0.6000000238
29108  -25.319  -46.489  -16.598 0.6000000238
29113  -25.510  -46.540  -17.355 0.6000000238
29095  -25.076  -46.440  -15.836 0.6999999881
39433  -30.031  -36.991  -25.079 0.5000000000
43058  -24.794  -33.242  -12.174 0.5000000000
46011  -28.224  -29.769  -18.970 0.6000000238
45163  -28.624  -31.026  -27.915 0.5000000000
45185  -29.121  -30.568  -29.039 0.5000000000
48016  -28.276  -27.937  -29.481 0.5000000000
65586  -31.557  -13.001  -28.654 0.3000000119
66668  -31.831  -12.293  -28.714 0.3000000119
67672  -32.606  -11.351  -28.351 0.3000000119
22841  -26.648  -53.855  -16.259 0.4000000060
22843  -27.643  -53.342  -16.806 0.5000000000
24584  -27.943  -52.181  -17.075 0.5000000000
25343  -28.720  -50.761  -19.348 0.5000000000
23704  -26.571  -52.586  -15.786 0.4000000060
26052  -28.371  -50.136  -19.577 0.6000000238
26051  -28.010  -49.513  -19.858 0.6000000238
26058  -27.998  -49.442  -20.597 0.5000000000
22830  -25.587  -53.450  -15.522 0.4000000060
22815  -24.346  -53.148  -14.897 0.5000000000
23696  -24.588  -52.391  -14.701 0.5000000000
22797  -22.420  -52.977  -14.386 0.4000000060
22811  -21.315  -53.682  -14.632 0.4000000060
38465  -30.523  -37.514  -25.169 0.4000000060
39447  -31.255  -36.687  -25.726 0.4000000060
39434  -30.719  -36.835  -25.269 0.4000000060
147068  -24.714  -31.068  -12.210 0.5000000000
149929  -24.356  -29.731  -12.489 0.4000000060
45164  -29.621  -31.052  -27.916 0.5000000000
144753  -29.665  -30.849  -28.569 0.5000000000
66648  -32.235  -12.613  -27.790 0.3000000119
143675  -32.791  -10.800  -28.340 0.3000000119
22831  -26.329  -53.315  -15.803 0.4000000060
27520  -26.137  -48.417  -18.019 0.6000000238
144202  -21.622  -51.279  -13.417 0.5000000000
24549  -22.738  -51.927  -13.931 0.5000000000
25284  -22.843  -51.175  -13.663 0.6000000238
45176  -30.509  -30.823  -28.001 0.5000000000
23694  -23.128  -52.872  -14.486 0.4000000060
22832  -27.041  -53.165  -16.245 0.4000000060
25320  -27.326  -51.002  -16.811 0.5000000000
25329  -27.715  -50.706  -17.534 0.6000000238
23703  -25.898  -52.736  -15.369 0.5000000000
137794  -25.645  -49.201  -15.978 0.5000000000
25988  -24.463  -50.075  -14.354 0.5000000000
132524  -31.835  -13.293  -27.915 0.4000000060
22816  -25.119  -52.942  -15.063 0.4000000060
26059  -28.354  -49.992  -20.320 0.4000000060
26067  -28.287  -49.885  -21.024 0.4000000060
30014  -19.325  -45.490  -16.371 0.4000000060
142674  -19.342  -46.176  -16.373 0.3000000119
140143  -19.377  -46.004  -15.615 0.4000000060
132336  -19.362  -47.721  -15.534 0.4000000060
32009  -19.318  -43.795  -16.708 0.4000000060
30957  -19.306  -44.652  -16.478 0.4000000060
32966  -19.370  -42.507  -18.484 0.4000000060
32950  -19.362  -43.009  -17.889 0.4000000060
32933  -19.302  -43.006  -16.589 0.4000000060
33884  -19.674  -41.789  -19.616 0.3000000119
33872  -19.459  -41.741  -18.738 0.3000000119
34802  -19.725  -41.040  -19.329 0.4000000060
135741  -19.368  -42.549  -17.213 0.4000000060
34785  -19.427  -41.280  -18.037 0.5000000000
35793  -19.784  -40.320  -19.022 0.4000000060
35774  -19.889  -39.788  -18.654 0.4000000060
36652  -20.152  -39.108  -18.638 0.4000000060
45927  -23.121  -29.682  -12.877 0.3000000119
133105  -27.974  -27.399  -14.282 0.3000000119
48819  -27.190  -27.058  -13.983 0.3000000119
49858  -27.650  -26.565  -14.430 0.3000000119
48820  -28.289  -26.850  -14.861 0.3000000119
54298  -30.269  -22.798  -25.839 0.4000000060
52016  -27.579  -24.328  -15.369 0.3000000119
53060  -27.530  -23.507  -15.833 0.3000000119
54299  -30.579  -23.154  -25.372 0.4000000060
55368  -30.657  -22.513  -25.367 0.4000000060
54120  -27.367  -22.763  -16.526 0.3000000119
53078  -25.907  -22.846  -16.738 0.3000000119
54131  -26.274  -22.295  -17.454 0.3000000119
54271  -31.707  -23.011  -23.844 0.4000000060
141657  -31.523  -22.345  -24.044 0.3000000119
55356  -31.056  -22.225  -24.770 0.4000000060
57350  -30.061  -20.618  -26.124 0.4000000060
145933  -29.889  -19.844  -26.393 0.3000000119
135351  -28.107  -22.506  -16.897 0.3000000119
148751  -29.304  -22.854  -17.265 0.3000000119
54132  -27.116  -22.213  -17.226 0.3000000119
54133  -28.730  -22.371  -17.381 0.3000000119
55212  -29.280  -22.386  -17.664 0.3000000119
53108  -30.430  -23.744  -17.784 0.3000000119
55211  -27.924  -21.995  -17.959 0.3000000119
148274  -28.699  -22.060  -17.940 0.3000000119
55213  -29.819  -22.322  -18.044 0.3000000119
54162  -30.592  -23.009  -18.197 0.3000000119
54163  -31.316  -23.318  -18.563 0.3000000119
53126  -31.894  -23.775  -19.489 0.3000000119
55236  -27.298  -21.834  -18.655 0.3000000119
52080  -31.968  -24.395  -20.015 0.3000000119
55256  -26.521  -21.767  -19.694 0.3000000119
56260  -26.934  -21.352  -19.882 0.3000000119
53134  -32.123  -23.628  -20.202 0.3000000119
55279  -26.368  -21.548  -20.322 0.3000000119
56320  -26.326  -20.751  -20.601 0.3000000119
126317  -32.376  -23.589  -21.630 0.3000000119
144587  -32.573  -22.500  -21.846 0.3000000119
128458  -32.368  -21.636  -22.907 0.3000000119
59269  -25.571  -18.924  -21.792 0.3000000119
54251  -32.179  -23.089  -23.145 0.3000000119
55330  -32.142  -22.411  -23.419 0.3000000119
142880  -24.103  -17.684  -23.330 0.3000000119
144346  -30.831  -20.410  -25.380 0.3000000119
58321  -29.954  -19.082  -26.313 0.3000000119
55237  -28.483  -21.672  -18.501 0.3000000119
147552  -29.125  -22.003  -18.134 0.3000000119
55240  -31.249  -22.584  -18.719 0.3000000119
54185  -31.712  -23.192  -19.045 0.3000000119
54186  -32.007  -23.014  -19.691 0.3000000119
55257  -27.236  -21.586  -19.269 0.3000000119
135279  -27.759  -21.659  -18.735 0.3000000119
56246  -28.686  -21.153  -18.935 0.3000000119
55238  -29.424  -21.645  -18.491 0.3000000119
55259  -30.966  -21.744  -18.910 0.3000000119
55260  -31.748  -22.510  -19.240 0.3000000119
55261  -32.058  -22.260  -19.801 0.3000000119
54195  -32.329  -22.773  -20.456 0.3000000119
56261  -27.535  -21.074  -19.549 0.3000000119
56262  -28.179  -20.812  -19.357 0.3000000119
56247  -29.475  -21.022  -18.897 0.3000000119
54211  -32.493  -22.947  -21.345 0.3000000119
56319  -25.880  -21.125  -21.029 0.3000000119
56292  -27.233  -20.810  -19.952 0.3000000119
55298  -32.518  -22.091  -21.100 0.3000000119
128256  -32.548  -21.844  -21.973 0.3000000119
58245  -26.404  -19.911  -20.575 0.3000000119
59254  -25.950  -18.337  -21.338 0.3000000119
132208  -25.931  -17.533  -21.540 0.3000000119
138387  -26.350  -17.119  -21.210 0.3000000119
56358  -31.975  -21.189  -23.590 0.3000000119
60302  -26.026  -16.660  -21.717 0.3000000119
56373  -31.590  -20.895  -24.243 0.3000000119
58305  -30.870  -19.480  -25.366 0.3000000119
59317  -30.286  -18.394  -25.933 0.3000000119
133639  -30.395  -19.070  -25.754 0.3000000119
55239  -30.364  -22.120  -18.479 0.3000000119
148213  -30.109  -21.482  -18.719 0.3000000119
56265  -31.333  -21.038  -19.400 0.3000000119
56266  -32.013  -21.503  -19.874 0.3000000119
57235  -27.773  -20.491  -19.626 0.3000000119
131991  -29.700  -20.513  -19.144 0.3000000119
56264  -30.352  -21.020  -19.052 0.3000000119
57260  -26.887  -20.427  -20.264 0.3000000119
148635  -27.966  -19.920  -19.627 0.3000000119
56321  -32.477  -21.402  -21.373 0.3000000119
57287  -32.269  -20.338  -21.800 0.3000000119
136480  -32.327  -20.790  -21.244 0.3000000119
60280  -26.969  -17.997  -20.432 0.3000000119
56347  -32.245  -20.682  -22.851 0.3000000119
147586  -27.378  -17.341  -20.339 0.3000000119
141897  -31.932  -20.464  -23.647 0.3000000119
61315  -26.671  -16.508  -21.113 0.3000000119
61316  -27.398  -16.561  -20.517 0.3000000119
58273  -31.917  -19.749  -23.808 0.3000000119
148175  -31.718  -19.790  -24.311 0.3000000119
58284  -31.239  -19.044  -24.846 0.3000000119
60353  -30.763  -18.042  -25.477 0.3000000119
57239  -31.262  -20.127  -19.656 0.3000000119
58208  -28.995  -19.638  -19.423 0.3000000119
58209  -29.663  -19.569  -19.374 0.3000000119
56293  -31.850  -20.742  -20.064 0.3000000119
128493  -32.333  -21.276  -20.614 0.3000000119
129002  -27.731  -19.386  -19.820 0.3000000119
58231  -31.231  -19.200  -19.937 0.3000000119
137210  -32.111  -20.581  -20.648 0.3000000119
144445  -28.060  -18.555  -19.730 0.3000000119
59247  -28.911  -18.401  -19.487 0.3000000119
60281  -27.699  -17.892  -20.070 0.3000000119
61317  -28.173  -16.429  -20.208 0.3000000119
62280  -28.732  -15.913  -20.206 0.3000000119
58260  -31.994  -18.924  -22.267 0.3000000119
57312  -32.100  -20.038  -23.145 0.3000000119
62278  -27.181  -15.810  -21.098 0.3000000119
62279  -27.893  -15.768  -20.526 0.3000000119
134509  -31.823  -19.003  -23.697 0.3000000119
58285  -31.673  -19.345  -24.323 0.3000000119
59302  -31.622  -18.632  -24.336 0.3000000119
59301  -31.171  -18.316  -24.929 0.3000000119
137352  -30.871  -17.447  -25.659 0.3000000119
58210  -30.477  -19.696  -19.458 0.3000000119
58229  -29.326  -19.018  -19.429 0.3000000119
137200  -31.896  -19.427  -20.792 0.3000000119
60282  -28.454  -17.740  -19.693 0.3000000119
59248  -29.915  -18.247  -19.534 0.3000000119
143876  -30.712  -18.508  -19.764 0.3000000119
57263  -32.086  -20.124  -21.081 0.3000000119
61307  -27.988  -17.121  -20.076 0.3000000119
61308  -28.886  -16.830  -19.900 0.3000000119
63316  -27.524  -14.440  -21.632 0.3000000119
61318  -29.570  -16.156  -20.110 0.3000000119
62290  -27.017  -15.143  -21.647 0.3000000119
63303  -27.712  -15.095  -21.099 0.3000000119
63304  -28.490  -15.094  -20.562 0.3000000119
63305  -29.399  -15.320  -20.315 0.3000000119
138786  -31.915  -18.208  -22.708 0.3000000119
59289  -31.823  -18.207  -23.582 0.3000000119
129910  -31.617  -17.917  -24.405 0.3000000119
60339  -31.210  -17.660  -25.060 0.3000000119
61362  -31.325  -17.027  -25.264 0.3000000119
58232  -31.741  -18.805  -20.599 0.3000000119
132483  -30.778  -17.870  -19.983 0.3000000119
59249  -31.324  -18.368  -20.252 0.3000000119
59256  -31.816  -18.216  -20.935 0.3000000119
61309  -29.883  -16.926  -19.885 0.3000000119
61310  -30.863  -16.961  -20.239 0.3000000119
60285  -31.470  -17.645  -20.487 0.3000000119
60294  -31.876  -17.881  -21.576 0.3000000119
63317  -28.290  -14.416  -21.144 0.3000000119
146203  -30.269  -16.372  -20.178 0.3000000119
60303  -31.921  -17.652  -22.234 0.3000000119
63318  -29.249  -14.473  -20.747 0.3000000119
62281  -30.296  -15.600  -20.338 0.3000000119
140677  -30.815  -16.138  -20.361 0.3000000119
60315  -31.932  -17.532  -23.008 0.3000000119
60330  -31.888  -17.418  -23.835 0.3000000119
61349  -31.985  -16.708  -24.049 0.3000000119
61363  -31.812  -16.560  -24.797 0.3000000119
62338  -31.571  -15.470  -26.496 0.3000000119
62330  -31.815  -15.759  -25.731 0.3000000119
61370  -31.555  -16.414  -25.539 0.3000000119
147512  -31.796  -17.582  -21.040 0.3000000119
64368  -28.053  -13.781  -21.689 0.3000000119
139681  -31.455  -16.269  -20.661 0.3000000119
61319  -31.697  -16.999  -20.825 0.3000000119
137556  -31.908  -17.229  -21.586 0.3000000119
64369  -28.929  -13.784  -21.230 0.3000000119
150701  -29.543  -14.000  -21.017 0.3000000119
141515  -30.014  -14.865  -20.502 0.3000000119
62283  -31.767  -15.737  -21.169 0.3000000119
61320  -31.942  -16.412  -21.469 0.3000000119
134737  -32.002  -16.854  -22.380 0.3000000119
138858  -32.148  -16.178  -22.850 0.3000000119
61335  -32.021  -16.828  -23.279 0.3000000119
63341  -32.585  -15.108  -23.949 0.3000000119
141901  -32.123  -16.245  -23.533 0.3000000119
63359  -32.729  -14.511  -24.538 0.3000000119
62321  -32.172  -15.934  -24.228 0.3000000119
147082  -31.971  -16.013  -25.066 0.3000000119
63368  -32.573  -14.646  -25.321 0.3000000119
63358  -32.337  -15.316  -24.967 0.3000000119
65465  -27.842  -13.179  -22.343 0.3000000119
128992  -28.606  -13.217  -21.750 0.3000000119
64370  -29.800  -13.514  -21.241 0.3000000119
63320  -31.400  -14.474  -21.157 0.3000000119
62291  -32.136  -15.632  -21.681 0.3000000119
140930  -32.112  -16.085  -22.130 0.3000000119
64372  -31.966  -13.932  -21.566 0.3000000119
62296  -32.412  -15.443  -22.437 0.3000000119
64393  -32.942  -13.571  -23.300 0.3000000119
63329  -32.690  -14.885  -23.064 0.3000000119
62307  -32.406  -15.639  -23.335 0.3000000119
64410  -32.937  -13.729  -24.191 0.3000000119
64422  -32.429  -14.310  -25.977 0.3000000119
64423  -32.825  -13.872  -25.187 0.3000000119
63396  -31.693  -14.426  -27.298 0.3000000119
64445  -31.767  -13.850  -27.613 0.3000000119
65466  -28.573  -12.640  -22.175 0.3000000119
142853  -29.435  -12.745  -21.727 0.3000000119
64371  -30.973  -13.713  -21.278 0.3000000119
65468  -31.577  -13.196  -21.670 0.3000000119
138063  -32.362  -13.363  -22.023 0.3000000119
63322  -32.592  -14.073  -22.123 0.3000000119
64381  -32.795  -13.437  -22.518 0.3000000119
137194  -32.673  -14.681  -22.382 0.3000000119
64431  -32.182  -13.923  -26.782 0.3000000119
65564  -32.239  -13.284  -27.272 0.3000000119
65467  -30.533  -12.934  -21.491 0.3000000119
26817  -27.567  -49.404  -22.532 0.4000000060
136647  -19.479  -42.491  -19.208 0.3000000119
126774  -19.327  -42.243  -16.523 0.4000000060
145465  -19.286  -43.441  -16.096 0.4000000060
33855  -19.360  -42.129  -17.918 0.4000000060
35754  -19.796  -39.633  -18.040 0.4000000060
35773  -19.552  -40.398  -18.200 0.4000000060
45928  -23.830  -30.056  -12.495 0.3000000119
49859  -28.035  -26.054  -14.921 0.3000000119
150467  -29.992  -23.817  -17.336 0.3000000119
54134  -29.888  -23.075  -17.559 0.3000000119
54270  -31.209  -22.927  -24.461 0.4000000060
57286  -25.911  -20.304  -21.039 0.3000000119
149096  -25.124  -18.571  -22.220 0.3000000119
59268  -25.035  -17.876  -22.432 0.3000000119
58227  -27.035  -19.506  -20.226 0.3000000119
60301  -25.516  -17.292  -22.134 0.3000000119
126805  -19.383  -43.148  -18.749 0.4000000060
126794  -19.356  -43.224  -17.178 0.4000000060
33898  -19.915  -41.793  -20.283 0.3000000119
138740  -19.546  -40.943  -18.659 0.4000000060
56337  -32.450  -21.027  -22.047 0.3000000119
55258  -27.941  -21.320  -19.084 0.3000000119
55280  -32.311  -21.970  -20.343 0.3000000119
57261  -27.447  -20.126  -19.916 0.3000000119
56263  -28.908  -20.626  -19.226 0.3000000119
61327  -25.521  -16.459  -22.469 0.3000000119
57238  -30.523  -20.409  -19.321 0.3000000119
57237  -29.227  -20.092  -19.326 0.3000000119
151324  -29.911  -20.056  -19.311 0.3000000119
58228  -28.481  -19.315  -19.533 0.3000000119
57303  -32.270  -19.919  -22.440 0.3000000119
58246  -32.074  -19.607  -21.652 0.3000000119
58230  -30.199  -19.006  -19.515 0.3000000119
57262  -31.782  -20.010  -20.323 0.3000000119
60283  -29.355  -17.601  -19.578 0.3000000119
151604  -31.912  -18.216  -22.088 0.3000000119
60284  -30.176  -17.522  -19.782 0.3000000119
138506  -31.908  -18.904  -21.346 0.3000000119
62282  -31.159  -15.606  -20.667 0.3000000119
63319  -30.261  -14.272  -20.941 0.3000000119
63306  -30.818  -14.968  -20.754 0.3000000119
63307  -31.635  -15.169  -21.135 0.3000000119
63321  -32.241  -14.850  -21.673 0.3000000119
64432  -32.696  -13.544  -26.025 0.3000000119
65485  -32.571  -12.750  -22.368 0.3000000119
131663  -19.601  -43.273  -19.643 0.4000000060
37540  -30.414  -38.164  -25.100 0.4000000060
138589  -18.299  -53.780  -16.302 0.3000000119
21967  -18.384  -54.500  -16.136 0.3000000119
22840  -18.161  -53.253  -16.891 0.3000000119
21937  -19.298  -53.757  -15.022 0.3000000119
34803  -20.096  -40.328  -19.920 0.3000000119
147743  -20.156  -39.516  -19.400 0.3000000119
30986  -19.353  -44.868  -17.811 0.3000000119
32040  -19.363  -43.758  -18.275 0.3000000119
32023  -19.363  -43.732  -17.511 0.3000000119
30975  -19.348  -45.160  -17.116 0.3000000119
140848  -19.358  -44.395  -17.234 0.3000000119
32054  -19.427  -43.899  -19.121 0.3000000119
128511  -19.361  -44.249  -17.869 0.3000000119
36720  -30.485  -38.857  -24.958 0.3000000119
21951  -18.953  -54.361  -15.497 0.3000000119
21978  -17.571  -54.688  -17.351 0.4000000060
22793  -19.552  -53.196  -14.659 0.5000000000
22794  -20.136  -53.140  -14.409 0.5000000000
22812  -22.089  -53.571  -14.686 0.4000000060
23677  -23.308  -52.240  -14.226 0.4000000060
23693  -19.276  -52.615  -14.851 0.5000000000
24548  -21.457  -51.814  -13.666 0.4000000060
25267  -21.416  -50.730  -13.238 0.6000000238
25269  -22.614  -50.439  -13.308 0.5000000000
25282  -20.392  -51.236  -13.730 0.6000000238
25330  -28.276  -51.246  -17.856 0.5000000000
25986  -23.274  -50.494  -13.641 0.6000000238
26044  -28.356  -50.377  -18.871 0.6000000238
26066  -27.944  -49.428  -21.215 0.4000000060
26716  -22.073  -49.139  -12.999 0.6000000238
26718  -23.218  -48.551  -13.165 0.6000000238
26775  -26.514  -49.276  -17.269 0.5000000000
26806  -27.547  -49.019  -20.975 0.6000000238
26841  -25.960  -48.745  -24.535 0.6999999881
26842  -26.318  -49.056  -25.093 0.6000000238
27476  -20.081  -48.543  -13.772 0.6000000238
27505  -25.059  -47.801  -15.694 0.5000000000
27550  -26.543  -48.074  -21.121 0.6000000238
27563  -26.269  -48.457  -23.010 0.6999999881
27594  -26.778  -47.610  -26.074 0.6000000238
28231  -22.266  -47.206  -12.958 0.6999999881
28313  -26.049  -47.257  -20.344 0.6999999881
28333  -26.030  -47.407  -22.782 0.6999999881
28350  -25.623  -47.441  -24.976 0.6999999881
28358  -26.291  -47.403  -25.928 0.6999999881
28359  -27.160  -47.423  -26.040 0.5000000000
29049  -23.731  -46.016  -13.216 0.6999999881
29163  -26.367  -46.696  -21.535 0.6999999881
29189  -26.612  -45.884  -26.157 0.6999999881
30081  -26.518  -45.661  -23.409 0.6999999881
30087  -26.045  -46.164  -24.663 0.6999999881
30088  -26.345  -45.759  -24.097 0.6999999881
30106  -26.653  -45.099  -26.233 0.6999999881
30107  -27.124  -45.096  -26.360 0.6000000238
31056  -26.518  -44.632  -26.135 0.6999999881
31912  -21.713  -43.305  -13.143 0.6000000238
31997  -19.322  -44.118  -15.912 0.5000000000
31998  -25.285  -44.053  -15.609 0.8000000119
32055  -26.653  -43.794  -19.734 0.6999999881
32859  -23.628  -43.280  -13.263 0.6000000238
32868  -20.665  -42.348  -13.865 0.5000000000
32967  -26.640  -42.623  -18.213 0.8000000119
32980  -19.805  -42.527  -20.176 0.3000000119
33010  -27.330  -42.848  -21.750 0.6999999881
33025  -26.722  -42.632  -24.361 0.6999999881
33048  -26.839  -42.960  -26.547 0.6999999881
33885  -27.091  -41.993  -19.082 0.8000000119
33933  -29.639  -41.850  -23.888 0.4000000060
33969  -27.074  -41.403  -28.174 0.8000000119
34685  -22.128  -40.829  -13.131 0.8000000119
34703  -20.722  -40.553  -13.862 0.6999999881
34704  -24.161  -41.406  -13.601 0.6000000238
34715  -25.634  -40.735  -14.902 0.8000000119
34750  -27.231  -40.500  -16.917 0.8000000119
34813  -19.954  -41.168  -20.093 0.3000000119
34822  -27.605  -40.755  -21.095 0.8999999762
34879  -26.698  -41.396  -28.000 0.8000000119
35716  -19.910  -40.099  -15.358 0.5000000000
35834  -27.180  -40.410  -23.314 0.8000000119
35844  -29.156  -39.746  -24.469 0.5000000000
35845  -29.979  -39.895  -24.326 0.4000000060
35862  -27.088  -40.630  -27.791 0.6999999881
36572  -22.145  -39.414  -13.173 0.8000000119
36574  -24.031  -38.835  -13.070 0.8000000119
36598  -20.246  -39.107  -14.915 0.4000000060
36623  -28.055  -38.688  -17.062 0.8000000119
36667  -20.342  -38.703  -19.344 0.3000000119
36668  -28.038  -39.592  -19.308 0.8999999762
36677  -28.023  -39.499  -19.967 0.8999999762
36678  -28.159  -38.838  -20.137 0.8000000119
37403  -22.032  -38.127  -13.262 0.6999999881
37450  -28.017  -38.395  -16.437 0.8000000119
37571  -26.482  -39.067  -27.245 0.8000000119
38331  -24.741  -37.273  -12.826 0.6999999881
38412  -28.380  -37.643  -19.591 0.8000000119
38428  -28.309  -37.216  -21.082 0.8000000119
38435  -27.731  -37.722  -22.669 0.8000000119
38460  -25.634  -36.752  -25.649 0.8999999762
38475  -25.683  -36.772  -26.331 0.8000000119
38478  -31.042  -37.365  -25.573 0.4000000060
38487  -25.769  -36.930  -26.868 0.8000000119
39302  -22.128  -36.733  -13.416 0.6000000238
39368  -28.484  -36.648  -18.544 0.8000000119
39386  -28.405  -37.000  -19.917 0.8000000119
39393  -28.406  -36.560  -21.309 0.8000000119
39428  -25.707  -35.848  -25.780 0.8000000119
39444  -26.183  -36.248  -26.465 0.8999999762
40391  -29.187  -35.717  -24.619 0.6999999881
40393  -30.468  -35.407  -24.882 0.6000000238
41277  -29.016  -34.893  -17.964 0.6999999881
41318  -28.739  -34.425  -20.440 0.6999999881
41348  -27.802  -35.204  -22.894 0.8000000119
41377  -31.357  -34.503  -25.371 0.6000000238
42142  -22.257  -33.478  -13.402 0.4000000060
43302  -25.470  -33.117  -25.368 0.8000000119
44199  -26.805  -31.254  -21.167 0.8000000119
44260  -30.155  -31.597  -25.402 0.6000000238
44945  -23.966  -30.854  -12.303 0.5000000000
44976  -28.409  -30.780  -15.639 0.6999999881
45069  -27.513  -31.284  -19.741 0.8000000119
45089  -26.268  -30.591  -21.498 0.8000000119
45102  -25.854  -30.579  -22.176 0.8000000119
45113  -25.610  -30.533  -23.078 0.8000000119
45136  -24.600  -31.494  -25.834 0.8000000119
45969  -28.503  -30.182  -15.974 0.6999999881
46884  -27.863  -28.857  -13.979 0.5000000000
46996  -29.698  -29.529  -23.977 0.8000000119
47053  -28.644  -29.264  -29.484 0.6000000238
47898  -29.149  -28.615  -20.062 0.8000000119
47916  -30.097  -28.127  -20.880 0.6999999881
47980  -30.173  -28.479  -25.875 0.6999999881
48808  -23.675  -27.043  -14.307 0.3000000119
48812  -27.401  -27.815  -13.858 0.5000000000
48927  -31.095  -27.523  -22.100 0.6000000238
49000  -27.916  -27.363  -29.654 0.6999999881
49845  -24.464  -26.797  -14.070 0.3000000119
49855  -24.916  -26.195  -14.302 0.3000000119
50009  -31.285  -26.401  -23.870 0.6000000238
50949  -25.118  -25.026  -14.984 0.3000000119
51022  -31.753  -25.674  -19.846 0.6000000238
51034  -32.012  -25.120  -20.539 0.5000000000
52189  -28.483  -25.254  -28.134 0.5000000000
52206  -26.354  -24.388  -29.935 0.5000000000
53105  -22.864  -23.609  -18.506 0.3000000119
53181  -32.076  -23.795  -22.970 0.5000000000
53209  -30.931  -23.430  -24.890 0.5000000000
53216  -30.241  -23.514  -25.861 0.4000000060
53223  -29.527  -23.538  -26.919 0.5000000000
53255  -26.330  -24.253  -29.618 0.5000000000
53287  -26.616  -24.483  -30.441 0.4000000060
54130  -25.558  -22.545  -17.630 0.3000000119
54183  -23.747  -22.602  -19.488 0.3000000119
54290  -30.876  -22.853  -24.978 0.4000000060
55234  -25.869  -22.102  -19.173 0.4000000060
55315  -32.499  -22.448  -22.615 0.3000000119
55367  -30.336  -22.092  -25.789 0.5000000000
55398  -27.386  -22.000  -28.937 0.5000000000
55415  -26.604  -22.079  -29.530 0.5000000000
56290  -26.197  -21.310  -20.583 0.3000000119
56291  -26.683  -21.096  -20.270 0.3000000119
56388  -31.091  -21.301  -24.949 0.4000000060
56435  -27.314  -20.572  -29.182 0.4000000060
57236  -28.468  -20.144  -19.452 0.3000000119
57321  -31.682  -20.218  -24.272 0.3000000119
57334  -31.396  -19.839  -24.782 0.3000000119
58268  -32.030  -19.391  -23.067 0.3000000119
58320  -29.476  -19.492  -26.814 0.4000000060
59246  -27.395  -18.679  -20.128 0.3000000119
59270  -31.909  -18.425  -21.650 0.3000000119
59281  -24.035  -18.198  -23.263 0.4000000060
59283  -31.908  -18.741  -23.061 0.3000000119
59318  -30.768  -18.710  -25.390 0.3000000119
60293  -26.811  -17.183  -20.697 0.3000000119
60313  -24.505  -17.658  -22.995 0.3000000119
60340  -31.695  -17.230  -24.583 0.3000000119
60367  -30.109  -17.819  -26.384 0.4000000060
60407  -29.603  -16.938  -27.960 0.4000000060
61422  -29.540  -16.470  -28.654 0.4000000060
62360  -30.257  -16.027  -27.797 0.4000000060
62378  -30.113  -15.401  -29.138 0.4000000060
63308  -32.007  -15.351  -21.406 0.3000000119
63330  -32.844  -14.152  -22.780 0.3000000119
63342  -32.841  -14.327  -23.622 0.3000000119
63367  -32.098  -15.056  -25.875 0.3000000119
65550  -32.611  -13.237  -26.619 0.3000000119
126166  -28.619  -36.441  -16.926 0.8000000119
126435  -26.188  -30.503  -24.582 0.8000000119
126726  -26.918  -48.898  -25.874 0.5000000000
126734  -25.885  -50.509  -15.537 0.5000000000
127724  -25.799  -47.847  -18.300 0.6999999881
127921  -28.708  -17.909  -28.314 0.3000000119
128385  -26.357  -31.971  -23.022 0.8000000119
128679  -19.352  -46.608  -16.014 0.4000000060
129007  -27.052  -42.436  -27.884 0.6999999881
129799  -30.431  -31.010  -27.189 0.6000000238
130310  -26.871  -44.483  -21.669 0.6999999881
130813  -27.589  -49.975  -24.095 0.5000000000
131475  -25.137  -51.213  -14.802 0.5000000000
131668  -26.600  -48.826  -18.375 0.6000000238
131893  -31.672  -21.856  -19.317 0.3000000119
132381  -26.930  -43.900  -26.555 0.6999999881
132670  -31.231  -25.203  -24.367 0.6000000238
133226  -27.567  -49.781  -18.312 0.6000000238
134089  -29.010  -26.062  -27.860 0.6999999881
134218  -27.419  -40.904  -18.370 0.8000000119
134722  -22.472  -48.532  -13.000 0.6000000238
135657  -29.028  -34.040  -18.951 0.6999999881
136036  -22.775  -41.223  -13.025 0.8000000119
136136  -22.667  -43.957  -12.985 0.6000000238
136799  -28.603  -36.391  -17.736 0.6999999881
137146  -26.407  -39.586  -14.989 0.8000000119
137645  -22.364  -45.891  -12.969 0.6000000238
137941  -28.012  -19.747  -28.549 0.5000000000
138005  -28.236  -38.142  -17.413 0.8000000119
138465  -28.644  -34.264  -24.519 0.6999999881
139078  -24.214  -46.981  -13.632 0.6000000238
139455  -30.771  -14.978  -28.083 0.4000000060
140159  -32.757  -9.957  -28.282 0.3000000119
140854  -27.623  -40.519  -20.380 0.8999999762
140893  -24.418  -44.081  -14.180 0.6999999881
141086  -27.746  -39.970  -17.941 0.8000000119
141687  -20.112  -50.661  -13.834 0.6000000238
141981  -20.227  -54.195  -14.877 0.4000000060
143631  -25.844  -39.335  -25.601 0.8000000119
144777  -28.001  -50.125  -18.498 0.6000000238
145304  -20.690  -43.550  -13.599 0.5000000000
145834  -31.100  -26.182  -24.446 0.6000000238
146089  -26.417  -35.529  -24.249 0.8000000119
146153  -25.319  -21.966  -20.844 0.3000000119
146191  -31.967  -21.836  -23.647 0.3000000119
146469  -30.695  -24.452  -25.393 0.5000000000
146521  -29.947  -24.516  -26.534 0.6000000238
147616  -31.472  -22.178  -19.014 0.3000000119
147633  -19.619  -45.973  -14.291 0.5000000000
147670  -27.792  -39.021  -21.994 0.8999999762
148086  -23.927  -47.184  -13.384 0.6000000238
149099  -31.397  -33.336  -25.145 0.6999999881
149205  -24.943  -38.242  -13.191 0.6999999881
149751  -29.047  -33.782  -17.587 0.6999999881
149796  -26.827  -40.720  -23.967 0.8000000119
149952  -32.352  -20.489  -22.263 0.3000000119
150042  -24.041  -49.017  -13.894 0.6000000238
150151  -26.309  -37.998  -14.011 0.6999999881
150358  -18.550  -54.063  -15.829 0.3000000119
150468  -18.083  -54.197  -16.570 0.3000000119
150741  -30.473  -17.796  -25.919 0.3000000119
151041  -29.149  -13.289  -21.430 0.3000000119
151123  -20.091  -39.080  -17.957 0.4000000060
151217  -27.866  -30.321  -19.258 0.8000000119
151219  -25.033  -30.883  -24.786 0.8000000119
151679  -31.893  -25.427  -20.186 0.6000000238
151697  -26.844  -42.326  -18.677 0.8000000119
