#!ascii label  , from subject sub-v2s1x29875_ses-1 vox2ras=TkReg
914
55654  -35.756  -6.380  23.151 0.0000000000
53584  -23.870  -8.291  23.134 0.0000000000
58634  -29.080  -3.552  23.010 0.0000000000
72287  -41.625  8.473  3.922 0.0000000000
130336  -43.692  11.296  -0.843 0.0000000000
51650  -19.231  -10.002  28.402 0.0000000000
72277  -38.923  8.418  6.282 0.0000000000
57702  -38.170  -4.985  21.328 0.0000000000
56664  -32.049  -5.627  23.528 0.0000000000
53535  -21.067  -8.920  25.461 0.0000000000
135611  -22.470  -14.432  28.832 0.0000000000
58674  -32.938  -4.022  20.409 0.0000000000
60547  -34.401  -3.117  19.569 0.0000000000
56682  -26.594  -5.979  22.255 0.0000000000
62309  -30.863  -0.588  20.784 0.0000000000
65398  -34.855  2.755  9.618 0.0000000000
67356  -37.712  4.117  7.740 0.0000000000
127634  -40.781  3.891  4.525 0.0000000000
45059  -15.095  -16.503  30.408 0.0000000000
42323  -11.479  -18.678  33.936 0.0000000000
61466  -33.480  -1.698  17.789 0.0000000000
62421  -33.452  -0.068  15.256 0.0000000000
63424  -33.731  0.560  12.259 0.0000000000
127891  -18.832  -15.005  29.212 0.0000000000
51678  -24.715  -10.405  25.329 0.0000000000
140093  -25.640  -8.699  25.569 0.0000000000
55651  -33.492  -6.380  22.768 0.0000000000
56660  -22.237  -5.966  24.130 0.0000000000
53571  -22.157  -8.599  23.779 0.0000000000
49925  -23.276  -11.785  25.742 0.0000000000
61414  -33.575  -1.518  21.708 0.0000000000
60535  -31.970  -2.692  20.464 0.0000000000
69275  -34.683  6.043  8.894 0.0000000000
66390  -36.535  3.686  8.629 0.0000000000
69282  -35.991  6.032  7.301 0.0000000000
69319  -39.182  5.761  4.610 0.0000000000
69326  -40.412  5.740  3.898 0.0000000000
67432  -42.331  4.465  3.560 0.0000000000
147285  -42.290  6.984  2.913 0.0000000000
130147  -43.286  7.682  1.693 0.0000000000
62341  -33.845  -0.740  19.583 0.0000000000
60545  -33.544  -1.979  18.726 0.0000000000
63335  -32.968  0.642  18.810 0.0000000000
65284  -32.235  1.611  16.080 0.0000000000
130040  -32.517  1.866  14.139 0.0000000000
63398  -33.428  0.164  13.769 0.0000000000
66315  -32.847  2.693  13.167 0.0000000000
67302  -32.974  3.803  11.818 0.0000000000
57664  -27.793  -5.116  22.778 0.0000000000
132707  -17.079  -13.403  29.005 0.0000000000
134619  -19.025  -12.829  28.221 0.0000000000
39205  -12.859  -22.428  35.484 0.0000000000
38299  -11.185  -23.105  36.626 0.0000000000
72250  -37.248  8.626  7.393 0.0000000000
58689  -38.723  -3.611  19.736 0.0000000000
123970  -30.521  -3.820  22.593 0.0000000000
51665  -20.429  -9.930  26.784 0.0000000000
48956  -20.163  -12.366  27.494 0.0000000000
49915  -22.110  -12.137  26.267 0.0000000000
75878  -44.175  12.420  -2.076 0.0000000000
56728  -34.476  -6.012  21.162 0.0000000000
56739  -35.429  -5.433  20.382 0.0000000000
138035  -34.252  -3.759  20.141 0.0000000000
57663  -23.493  -5.312  22.750 0.0000000000
55647  -24.979  -7.040  22.450 0.0000000000
57678  -24.769  -5.192  22.014 0.0000000000
59590  -26.033  -3.343  21.269 0.0000000000
60516  -27.834  -2.093  21.069 0.0000000000
62307  -28.831  -0.463  21.000 0.0000000000
60518  -29.568  -2.154  20.742 0.0000000000
58664  -31.013  -3.871  21.308 0.0000000000
58666  -32.398  -4.482  20.684 0.0000000000
63442  -37.201  0.730  11.635 0.0000000000
69301  -37.364  5.754  5.941 0.0000000000
67383  -39.398  3.806  6.739 0.0000000000
72312  -44.038  8.469  1.329 0.0000000000
139430  -13.255  -17.502  32.014 0.0000000000
41384  -14.271  -20.335  33.642 0.0000000000
57728  -35.569  -4.532  19.328 0.0000000000
58698  -36.215  -3.809  18.478 0.0000000000
59658  -36.747  -2.466  17.786 0.0000000000
64335  -32.512  1.201  17.541 0.0000000000
62368  -33.116  -0.466  16.875 0.0000000000
61481  -36.275  -0.868  16.735 0.0000000000
62402  -36.069  -0.447  15.538 0.0000000000
62445  -36.204  -0.537  13.843 0.0000000000
62468  -36.248  -0.260  12.513 0.0000000000
64421  -34.614  1.468  10.471 0.0000000000
68265  -33.725  4.855  10.143 0.0000000000
54587  -26.410  -7.550  24.743 0.0000000000
47986  -15.288  -13.704  30.428 0.0000000000
47038  -16.677  -15.411  29.663 0.0000000000
47069  -20.824  -14.606  28.681 0.0000000000
37356  -8.618  -23.960  37.985 0.0000000000
52609  -24.597  -9.717  24.284 0.0000000000
140338  -25.305  -9.290  25.529 0.0000000000
131207  -24.912  -8.985  24.083 0.0000000000
55653  -35.109  -6.449  23.037 0.0000000000
55646  -22.756  -6.742  23.137 0.0000000000
55625  -21.847  -7.176  24.015 0.0000000000
53572  -22.851  -8.751  23.511 0.0000000000
52607  -23.142  -9.899  24.036 0.0000000000
70318  -34.954  6.691  8.723 0.0000000000
133894  -35.168  6.058  8.220 0.0000000000
71295  -35.692  7.704  8.169 0.0000000000
71319  -41.205  7.893  4.368 0.0000000000
70358  -40.418  6.874  4.410 0.0000000000
71324  -41.034  7.183  4.115 0.0000000000
70378  -41.366  6.315  3.358 0.0000000000
71325  -41.503  7.744  3.570 0.0000000000
128313  -41.897  7.883  2.977 0.0000000000
130619  -33.037  -0.139  19.102 0.0000000000
66297  -33.638  3.357  15.133 0.0000000000
65314  -32.684  1.896  13.427 0.0000000000
67270  -34.137  3.882  13.827 0.0000000000
67284  -33.734  3.853  13.227 0.0000000000
58633  -28.419  -3.917  22.829 0.0000000000
127805  -28.323  -4.561  23.839 0.0000000000
57666  -28.554  -3.929  23.488 0.0000000000
49884  -18.199  -11.634  28.659 0.0000000000
50777  -18.827  -11.125  28.387 0.0000000000
74178  -43.948  10.601  -0.482 0.0000000000
38313  -11.581  -22.732  35.850 0.0000000000
57670  -38.981  -5.006  22.906 0.0000000000
58667  -38.587  -4.480  20.774 0.0000000000
57683  -31.040  -4.408  22.807 0.0000000000
57654  -31.612  -4.884  23.985 0.0000000000
54574  -20.844  -8.014  25.653 0.0000000000
54561  -20.336  -7.977  26.518 0.0000000000
53517  -20.290  -8.642  26.939 0.0000000000
52563  -20.581  -9.286  26.540 0.0000000000
50793  -20.796  -10.820  26.343 0.0000000000
50804  -21.330  -10.647  25.697 0.0000000000
49917  -24.552  -11.976  26.871 0.0000000000
139855  -24.148  -12.368  26.624 0.0000000000
57714  -33.165  -4.749  20.482 0.0000000000
57715  -34.035  -4.916  20.329 0.0000000000
59613  -33.704  -3.476  20.328 0.0000000000
135320  -23.859  -4.089  23.171 0.0000000000
57677  -24.122  -5.247  22.278 0.0000000000
58631  -24.235  -3.961  22.610 0.0000000000
128680  -25.786  -2.524  21.575 0.0000000000
60503  -26.251  -1.672  21.410 0.0000000000
126070  -27.373  -2.919  21.256 0.0000000000
60515  -27.031  -1.956  21.105 0.0000000000
63290  -30.876  0.288  22.077 0.0000000000
62308  -29.595  -0.302  20.982 0.0000000000
61424  -28.915  -1.269  20.688 0.0000000000
60532  -29.830  -1.344  20.525 0.0000000000
58663  -30.221  -3.447  21.539 0.0000000000
60519  -30.410  -2.593  20.566 0.0000000000
59612  -32.587  -3.381  20.424 0.0000000000
58673  -32.097  -3.834  20.517 0.0000000000
56726  -33.055  -5.753  21.401 0.0000000000
64423  -36.433  1.407  10.406 0.0000000000
64409  -37.726  1.468  11.252 0.0000000000
130326  -36.860  1.939  10.052 0.0000000000
127359  -37.156  3.935  8.153 0.0000000000
131187  -37.797  3.351  9.214 0.0000000000
72262  -38.177  8.313  6.397 0.0000000000
71299  -36.999  7.394  6.355 0.0000000000
71309  -37.611  7.228  5.905 0.0000000000
68335  -39.805  4.508  4.552 0.0000000000
68317  -38.787  4.392  5.394 0.0000000000
66445  -40.057  3.702  5.496 0.0000000000
124053  -40.524  3.240  6.535 0.0000000000
71358  -43.771  7.908  1.527 0.0000000000
131653  -42.848  9.695  1.082 0.0000000000
147469  -42.969  10.118  0.598 0.0000000000
47020  -13.954  -15.410  31.406 0.0000000000
45984  -13.727  -15.701  32.006 0.0000000000
44176  -14.449  -17.292  31.106 0.0000000000
137263  -14.993  -19.516  33.202 0.0000000000
127246  -14.460  -21.507  36.042 0.0000000000
57727  -34.878  -4.424  19.648 0.0000000000
57717  -35.944  -5.073  19.986 0.0000000000
58696  -34.887  -4.038  19.005 0.0000000000
61456  -33.144  -1.470  18.271 0.0000000000
59641  -34.798  -3.397  18.371 0.0000000000
59656  -35.087  -2.921  17.756 0.0000000000
59643  -36.454  -3.202  18.098 0.0000000000
61467  -34.131  -1.756  17.337 0.0000000000
65281  -32.823  1.924  17.143 0.0000000000
63380  -32.454  0.986  15.390 0.0000000000
63362  -32.201  0.729  16.469 0.0000000000
62399  -33.286  -0.223  16.073 0.0000000000
62383  -34.066  -0.612  16.448 0.0000000000
147622  -34.709  -0.502  16.032 0.0000000000
62385  -35.801  -0.650  16.374 0.0000000000
62401  -34.778  -0.390  15.452 0.0000000000
63415  -33.611  0.275  13.015 0.0000000000
62443  -34.583  -0.430  13.732 0.0000000000
62456  -34.857  -0.365  12.997 0.0000000000
62457  -35.777  -0.450  13.077 0.0000000000
63425  -34.443  0.285  11.998 0.0000000000
63440  -35.330  0.539  11.265 0.0000000000
64405  -33.943  1.303  11.058 0.0000000000
68258  -33.975  5.256  11.397 0.0000000000
67318  -33.143  4.095  11.127 0.0000000000
69256  -34.430  5.887  10.976 0.0000000000
55664  -25.995  -6.442  22.277 0.0000000000
54604  -26.284  -7.442  23.807 0.0000000000
55627  -26.673  -6.919  23.348 0.0000000000
144984  -17.949  -14.178  28.891 0.0000000000
48010  -16.687  -14.011  29.306 0.0000000000
47039  -17.574  -15.369  29.646 0.0000000000
48039  -21.095  -13.495  27.766 0.0000000000
141876  -20.766  -13.944  28.183 0.0000000000
47070  -21.728  -14.606  28.734 0.0000000000
51658  -24.896  -10.515  26.926 0.0000000000
52564  -25.250  -9.720  26.777 0.0000000000
53503  -25.683  -8.878  27.135 0.0000000000
53504  -25.957  -8.410  27.011 0.0000000000
56686  -32.666  -6.130  23.083 0.0000000000
56665  -32.692  -6.027  23.900 0.0000000000
56645  -21.957  -5.872  24.835 0.0000000000
55608  -21.470  -7.104  24.664 0.0000000000
52591  -21.446  -9.079  24.733 0.0000000000
50812  -22.223  -10.517  24.874 0.0000000000
52593  -22.523  -10.056  24.265 0.0000000000
50808  -24.444  -11.050  25.614 0.0000000000
60520  -33.706  -2.477  20.862 0.0000000000
60537  -34.126  -2.819  20.461 0.0000000000
62310  -31.696  -0.561  21.161 0.0000000000
61425  -31.414  -1.097  20.633 0.0000000000
61438  -32.646  -2.189  20.660 0.0000000000
67341  -34.580  3.994  9.180 0.0000000000
66377  -36.207  3.127  9.162 0.0000000000
67353  -34.888  4.640  8.724 0.0000000000
68288  -35.951  4.796  7.954 0.0000000000
68298  -36.364  4.926  7.570 0.0000000000
70344  -38.840  7.230  5.328 0.0000000000
71316  -39.482  7.059  5.020 0.0000000000
68342  -39.753  5.739  4.225 0.0000000000
67421  -40.434  4.386  4.233 0.0000000000
67423  -41.852  4.035  4.010 0.0000000000
68353  -41.422  5.253  3.423 0.0000000000
69337  -42.487  5.769  3.013 0.0000000000
69338  -43.242  5.634  2.746 0.0000000000
70389  -42.372  7.437  2.626 0.0000000000
71343  -42.121  8.290  2.408 0.0000000000
44178  -16.365  -17.469  31.092 0.0000000000
44166  -15.030  -17.836  31.208 0.0000000000
43231  -16.449  -18.286  32.671 0.0000000000
129359  -34.140  -2.389  19.437 0.0000000000
60546  -34.042  -2.724  18.773 0.0000000000
61450  -33.604  -1.564  19.239 0.0000000000
61449  -33.069  -1.298  18.703 0.0000000000
147623  -32.290  -0.217  18.227 0.0000000000
65286  -33.176  2.538  16.771 0.0000000000
66281  -32.973  2.692  16.098 0.0000000000
65292  -32.284  1.665  15.419 0.0000000000
63396  -32.561  1.053  14.793 0.0000000000
63382  -33.278  0.152  14.600 0.0000000000
64367  -32.674  1.238  13.965 0.0000000000
64382  -32.929  1.238  13.062 0.0000000000
64393  -33.200  1.160  12.336 0.0000000000
65343  -33.008  2.324  11.868 0.0000000000
144225  -32.944  3.441  12.317 0.0000000000
56707  -27.292  -5.549  22.375 0.0000000000
55628  -27.258  -6.503  23.585 0.0000000000
56684  -28.106  -5.295  23.427 0.0000000000
48946  -18.355  -12.700  28.398 0.0000000000
48012  -18.572  -14.332  28.748 0.0000000000
40375  -12.403  -20.927  34.049 0.0000000000
139756  -11.125  -19.541  34.922 0.0000000000
39216  -11.513  -21.543  34.869 0.0000000000
40335  -10.889  -21.411  35.910 0.0000000000
39190  -10.322  -22.179  37.472 0.0000000000
59630  -38.355  -3.222  19.082 0.0000000000
58635  -29.853  -3.450  23.132 0.0000000000
58622  -29.167  -3.462  23.709 0.0000000000
53502  -20.016  -8.629  27.749 0.0000000000
51657  -19.921  -9.763  27.456 0.0000000000
50781  -19.630  -11.041  27.613 0.0000000000
50792  -20.121  -10.666  27.136 0.0000000000
48974  -21.155  -12.560  26.954 0.0000000000
48958  -22.332  -13.225  27.196 0.0000000000
49924  -22.403  -11.681  25.748 0.0000000000
48959  -23.175  -13.288  27.262 0.0000000000
48027  -23.586  -13.649  28.147 0.0000000000
137205  -44.027  12.041  -1.615 0.0000000000
56710  -34.673  -6.263  21.709 0.0000000000
56711  -35.716  -6.146  21.551 0.0000000000
138147  -34.925  -5.764  20.743 0.0000000000
58676  -34.400  -4.286  20.071 0.0000000000
59628  -34.579  -3.787  19.660 0.0000000000
60521  -34.516  -2.463  20.917 0.0000000000
60538  -34.377  -2.565  20.240 0.0000000000
61439  -34.396  -1.805  19.977 0.0000000000
62326  -34.719  -1.101  20.335 0.0000000000
129036  -23.427  -6.838  22.728 0.0000000000
53585  -24.290  -8.065  23.022 0.0000000000
124973  -24.173  -6.943  22.471 0.0000000000
56705  -25.062  -5.820  22.036 0.0000000000
57679  -25.451  -5.245  21.863 0.0000000000
59574  -24.863  -2.979  22.363 0.0000000000
58647  -25.585  -3.940  21.490 0.0000000000
57697  -25.964  -4.648  21.518 0.0000000000
58649  -27.301  -4.395  21.857 0.0000000000
147276  -27.710  -3.980  21.878 0.0000000000
59577  -28.619  -3.298  21.714 0.0000000000
62294  -27.876  -0.152  21.610 0.0000000000
142917  -28.185  -1.480  20.881 0.0000000000
60517  -28.637  -2.115  20.960 0.0000000000
59578  -29.404  -3.271  21.720 0.0000000000
131157  -30.558  -3.748  21.989 0.0000000000
58654  -31.449  -4.466  21.515 0.0000000000
59610  -31.183  -2.958  20.522 0.0000000000
58665  -31.726  -4.180  20.945 0.0000000000
57685  -32.287  -5.489  21.752 0.0000000000
56708  -32.808  -6.019  22.227 0.0000000000
55665  -34.184  -6.310  22.207 0.0000000000
56661  -22.586  -6.025  23.466 0.0000000000
65400  -36.791  2.532  9.567 0.0000000000
71298  -36.384  7.552  6.964 0.0000000000
69290  -36.356  5.958  6.916 0.0000000000
68307  -37.245  5.033  6.506 0.0000000000
69302  -37.927  5.758  5.427 0.0000000000
68315  -37.757  5.078  5.884 0.0000000000
67369  -38.195  4.219  7.211 0.0000000000
66419  -39.479  3.656  7.421 0.0000000000
73220  -44.375  9.055  1.059 0.0000000000
74157  -43.425  10.305  0.078 0.0000000000
126147  -43.137  11.007  -0.302 0.0000000000
45036  -12.787  -16.325  32.836 0.0000000000
44150  -12.297  -17.665  32.782 0.0000000000
43241  -14.566  -18.330  31.740 0.0000000000
42337  -13.758  -19.386  32.674 0.0000000000
41382  -12.840  -20.327  33.501 0.0000000000
40356  -13.590  -21.511  34.715 0.0000000000
56730  -36.246  -5.853  21.190 0.0000000000
57718  -36.677  -5.196  20.307 0.0000000000
147219  -37.272  -4.925  20.165 0.0000000000
58697  -35.471  -3.992  18.650 0.0000000000
58686  -36.120  -4.300  18.884 0.0000000000
58677  -37.642  -4.542  19.752 0.0000000000
58688  -38.028  -3.953  19.400 0.0000000000
59644  -37.228  -2.967  18.211 0.0000000000
59645  -37.984  -2.712  18.463 0.0000000000
64332  -32.443  0.598  18.142 0.0000000000
62355  -32.328  -0.232  17.883 0.0000000000
64341  -32.343  1.454  16.742 0.0000000000
62381  -32.321  0.332  17.278 0.0000000000
61478  -33.633  -1.094  17.138 0.0000000000
61468  -34.989  -1.623  17.122 0.0000000000
61469  -35.840  -1.419  17.115 0.0000000000
62423  -34.845  -0.420  14.572 0.0000000000
62424  -35.746  -0.494  14.616 0.0000000000
126098  -36.714  0.178  12.062 0.0000000000
64407  -35.910  0.783  10.880 0.0000000000
65378  -34.483  2.192  10.078 0.0000000000
65361  -33.169  2.614  11.204 0.0000000000
66374  -33.612  3.501  10.033 0.0000000000
66375  -34.246  3.404  9.535 0.0000000000
68276  -34.033  4.894  9.583 0.0000000000
70312  -34.715  6.536  9.806 0.0000000000
53575  -25.217  -8.355  23.800 0.0000000000
54575  -25.960  -8.124  25.187 0.0000000000
139813  -26.968  -6.914  25.147 0.0000000000
47036  -14.901  -15.174  30.263 0.0000000000
48935  -16.412  -13.345  29.407 0.0000000000
47054  -16.220  -14.665  29.544 0.0000000000
46031  -15.746  -16.237  30.194 0.0000000000
46008  -16.976  -16.536  30.465 0.0000000000
49893  -19.548  -12.478  27.919 0.0000000000
48947  -19.556  -13.388  28.258 0.0000000000
47057  -19.598  -15.134  29.261 0.0000000000
36490  -10.699  -24.910  37.897 0.0000000000
38283  -9.534  -23.361  38.161 0.0000000000
39178  -9.439  -22.603  38.437 0.0000000000
56688  -36.459  -6.233  22.831 0.0000000000
53573  -23.680  -8.879  23.472 0.0000000000
146026  -24.335  -9.197  23.802 0.0000000000
53574  -24.479  -8.606  23.437 0.0000000000
53583  -23.245  -8.209  23.133 0.0000000000
54601  -22.534  -8.084  23.306 0.0000000000
52608  -23.830  -9.586  23.913 0.0000000000
71291  -35.274  7.364  8.739 0.0000000000
70369  -41.393  6.941  3.486 0.0000000000
72293  -41.804  8.451  3.147 0.0000000000
66307  -33.387  3.337  13.735 0.0000000000
51649  -18.848  -10.380  28.682 0.0000000000
50780  -19.211  -10.661  28.130 0.0000000000
75014  -44.517  10.924  -0.964 0.0000000000
140134  -38.796  -4.573  21.394 0.0000000000
57668  -31.515  -5.054  23.118 0.0000000000
53518  -20.686  -8.711  26.198 0.0000000000
52577  -20.928  -9.345  25.952 0.0000000000
51666  -20.936  -9.982  26.119 0.0000000000
58675  -33.766  -4.177  20.276 0.0000000000
62292  -26.648  -0.465  22.065 0.0000000000
61412  -26.030  -1.044  21.971 0.0000000000
61413  -26.546  -0.912  21.440 0.0000000000
61422  -26.875  -1.215  21.163 0.0000000000
62295  -30.940  -0.065  21.323 0.0000000000
131399  -30.259  -0.168  21.083 0.0000000000
62325  -30.110  -0.694  20.642 0.0000000000
60533  -30.292  -1.946  20.484 0.0000000000
61436  -30.725  -1.362  20.493 0.0000000000
60536  -33.180  -2.864  20.470 0.0000000000
65379  -35.229  1.985  9.914 0.0000000000
65380  -36.109  1.896  9.877 0.0000000000
65399  -35.780  2.538  9.513 0.0000000000
142385  -37.808  3.798  8.336 0.0000000000
67357  -38.436  3.825  8.057 0.0000000000
71300  -37.595  7.935  6.286 0.0000000000
71310  -38.319  7.757  5.889 0.0000000000
67411  -40.215  3.983  4.817 0.0000000000
67410  -39.588  4.180  5.160 0.0000000000
66429  -40.460  3.330  5.841 0.0000000000
74148  -42.343  10.403  1.026 0.0000000000
46007  -14.416  -15.872  30.577 0.0000000000
46006  -13.947  -16.125  31.284 0.0000000000
137953  -14.466  -16.659  30.820 0.0000000000
59627  -34.439  -3.408  18.879 0.0000000000
60566  -33.988  -2.382  17.843 0.0000000000
60567  -34.623  -2.329  17.544 0.0000000000
63381  -32.786  0.620  15.095 0.0000000000
140967  -32.861  0.237  15.638 0.0000000000
62400  -34.085  -0.354  15.739 0.0000000000
62455  -34.195  -0.039  12.608 0.0000000000
62466  -34.811  -0.085  12.352 0.0000000000
63438  -34.114  0.751  11.550 0.0000000000
55649  -26.378  -6.698  22.683 0.0000000000
55650  -26.991  -6.422  22.834 0.0000000000
47056  -17.956  -14.743  29.170 0.0000000000
47040  -18.421  -15.395  29.682 0.0000000000
48040  -21.895  -13.689  27.704 0.0000000000
48024  -21.454  -14.147  28.212 0.0000000000
48025  -22.250  -14.167  28.256 0.0000000000
137358  -11.587  -17.923  33.751 0.0000000000
43218  -11.460  -17.923  34.624 0.0000000000
127316  -38.114  -5.294  22.051 0.0000000000
51667  -24.963  -10.531  26.065 0.0000000000
53519  -25.553  -9.143  26.218 0.0000000000
53520  -25.862  -8.540  26.428 0.0000000000
55629  -33.179  -6.411  23.508 0.0000000000
57648  -22.344  -5.328  24.480 0.0000000000
54600  -21.938  -7.877  23.788 0.0000000000
54599  -21.527  -7.662  24.273 0.0000000000
53570  -21.519  -8.373  24.285 0.0000000000
53555  -21.853  -9.048  24.183 0.0000000000
52592  -21.917  -9.707  24.461 0.0000000000
51684  -23.886  -10.274  24.377 0.0000000000
51677  -24.176  -10.726  24.966 0.0000000000
50795  -24.662  -11.238  26.362 0.0000000000
61428  -34.142  -2.251  21.410 0.0000000000
61427  -33.173  -1.823  21.169 0.0000000000
68277  -34.409  5.321  9.179 0.0000000000
68286  -34.867  5.451  8.622 0.0000000000
69281  -35.624  6.446  7.603 0.0000000000
68287  -35.377  5.128  8.229 0.0000000000
68297  -35.767  5.534  7.680 0.0000000000
141773  -36.222  5.503  7.273 0.0000000000
71317  -40.105  7.215  4.982 0.0000000000
70367  -40.059  6.318  4.145 0.0000000000
68343  -40.088  5.064  4.142 0.0000000000
68344  -40.857  5.000  3.806 0.0000000000
69335  -41.062  5.764  3.515 0.0000000000
70379  -42.018  6.556  3.115 0.0000000000
69336  -41.722  5.797  3.248 0.0000000000
70380  -42.893  6.562  2.723 0.0000000000
123264  -41.898  9.071  2.687 0.0000000000
63345  -32.418  -0.089  18.570 0.0000000000
62356  -32.607  -0.697  18.357 0.0000000000
65306  -32.546  2.267  14.823 0.0000000000
64361  -32.428  1.531  14.738 0.0000000000
63397  -32.921  0.646  14.248 0.0000000000
65326  -32.895  1.950  12.571 0.0000000000
66327  -32.889  2.831  12.452 0.0000000000
67304  -33.983  4.410  12.762 0.0000000000
57681  -27.450  -4.899  22.253 0.0000000000
56683  -27.549  -5.896  23.020 0.0000000000
57651  -28.425  -4.609  24.487 0.0000000000
56663  -28.150  -5.280  24.168 0.0000000000
124711  -18.881  -12.053  28.231 0.0000000000
48936  -17.916  -13.546  28.695 0.0000000000
48021  -18.806  -13.512  28.442 0.0000000000
40355  -12.732  -21.496  34.448 0.0000000000
40354  -11.718  -20.892  34.457 0.0000000000
39217  -12.088  -21.891  34.823 0.0000000000
39203  -11.385  -22.189  35.395 0.0000000000
38312  -11.081  -22.597  36.295 0.0000000000
39202  -10.859  -22.026  36.255 0.0000000000
38311  -10.671  -22.495  36.980 0.0000000000
58679  -38.972  -3.927  20.418 0.0000000000
59598  -39.498  -3.696  20.753 0.0000000000
59615  -39.457  -3.223  20.143 0.0000000000
58636  -30.589  -3.739  23.343 0.0000000000
52562  -20.190  -9.212  27.208 0.0000000000
52558  -19.895  -9.219  27.783 0.0000000000
144925  -21.001  -11.448  26.360 0.0000000000
49914  -21.229  -12.018  26.527 0.0000000000
48975  -21.843  -12.665  26.756 0.0000000000
50806  -22.773  -11.195  25.333 0.0000000000
50805  -21.966  -11.007  25.482 0.0000000000
48961  -24.395  -12.829  27.893 0.0000000000
48977  -23.760  -12.845  26.866 0.0000000000
48960  -23.859  -13.228  27.599 0.0000000000
48042  -23.329  -13.679  27.770 0.0000000000
137496  -35.114  -6.110  21.289 0.0000000000
56738  -34.202  -5.623  20.658 0.0000000000
59614  -34.360  -3.261  20.088 0.0000000000
61440  -34.786  -2.007  20.714 0.0000000000
56680  -23.140  -6.056  22.908 0.0000000000
56681  -23.893  -6.075  22.428 0.0000000000
58645  -24.468  -4.567  22.148 0.0000000000
56704  -24.476  -5.735  22.158 0.0000000000
129505  -25.143  -4.575  21.745 0.0000000000
59575  -25.374  -3.185  21.762 0.0000000000
58661  -26.174  -3.940  21.260 0.0000000000
58662  -26.666  -4.221  21.419 0.0000000000
59592  -27.262  -3.767  21.416 0.0000000000
59576  -27.922  -3.473  21.564 0.0000000000
59593  -28.255  -2.821  21.266 0.0000000000
63308  -29.202  -0.031  21.352 0.0000000000
63288  -29.293  0.224  21.913 0.0000000000
63287  -28.559  0.023  21.613 0.0000000000
129892  -28.104  -0.857  20.894 0.0000000000
59594  -29.063  -2.805  21.221 0.0000000000
59595  -29.890  -2.930  21.079 0.0000000000
59596  -30.683  -3.237  20.884 0.0000000000
58653  -31.035  -4.249  22.056 0.0000000000
61437  -31.625  -1.817  20.495 0.0000000000
60534  -31.006  -2.228  20.463 0.0000000000
57698  -31.992  -4.822  21.313 0.0000000000
56727  -33.795  -5.898  21.175 0.0000000000
56709  -33.567  -6.146  21.879 0.0000000000
126520  -34.134  -6.204  21.588 0.0000000000
57650  -23.343  -4.600  23.392 0.0000000000
57662  -22.922  -5.379  23.323 0.0000000000
64424  -37.258  1.692  10.563 0.0000000000
131212  -37.110  3.219  9.161 0.0000000000
126290  -36.768  8.545  7.896 0.0000000000
71296  -36.175  8.000  7.630 0.0000000000
72249  -36.655  8.216  7.266 0.0000000000
70342  -37.135  6.565  6.085 0.0000000000
70331  -36.571  6.680  6.590 0.0000000000
69291  -36.826  5.814  6.450 0.0000000000
70356  -39.067  6.497  4.843 0.0000000000
70355  -38.322  6.488  5.228 0.0000000000
69318  -38.575  5.778  5.015 0.0000000000
139656  -38.225  4.620  5.872 0.0000000000
67393  -38.648  4.194  6.403 0.0000000000
67382  -37.884  4.570  6.466 0.0000000000
67370  -38.901  3.921  7.343 0.0000000000
66405  -40.549  3.278  7.368 0.0000000000
73230  -43.721  9.637  0.637 0.0000000000
74156  -42.701  10.726  0.333 0.0000000000
45046  -13.209  -16.754  32.149 0.0000000000
45037  -13.349  -16.000  32.437 0.0000000000
44157  -12.677  -17.153  32.431 0.0000000000
43239  -12.959  -18.036  32.275 0.0000000000
43242  -15.404  -18.367  31.801 0.0000000000
43229  -14.986  -18.777  32.308 0.0000000000
42331  -14.917  -19.900  33.686 0.0000000000
41394  -14.399  -19.807  33.122 0.0000000000
41393  -13.656  -20.074  33.159 0.0000000000
41383  -13.625  -20.582  33.635 0.0000000000
40376  -13.213  -21.009  34.007 0.0000000000
41374  -14.010  -20.872  34.158 0.0000000000
39192  -13.977  -22.075  36.199 0.0000000000
56729  -35.601  -5.835  20.932 0.0000000000
57729  -36.672  -4.679  19.501 0.0000000000
59640  -34.180  -2.862  18.302 0.0000000000
59642  -35.631  -3.400  18.144 0.0000000000
58687  -36.805  -4.090  18.825 0.0000000000
147492  -37.354  -4.204  19.221 0.0000000000
58699  -36.875  -3.579  18.437 0.0000000000
59657  -35.929  -2.766  17.676 0.0000000000
65277  -33.108  1.820  17.899 0.0000000000
63344  -32.180  0.119  17.999 0.0000000000
64334  -32.298  0.615  17.600 0.0000000000
65285  -32.571  2.090  16.424 0.0000000000
62382  -32.573  0.147  16.489 0.0000000000
133237  -32.599  -0.193  17.284 0.0000000000
61479  -34.540  -1.107  16.807 0.0000000000
61480  -35.441  -1.029  16.712 0.0000000000
136784  -36.652  -1.211  17.218 0.0000000000
142366  -36.932  -1.693  17.594 0.0000000000
145377  -35.972  -0.511  16.081 0.0000000000
62422  -33.964  -0.221  14.210 0.0000000000
62444  -35.329  -0.518  13.768 0.0000000000
62425  -36.585  -0.530  14.720 0.0000000000
62458  -36.606  -0.421  13.163 0.0000000000
139888  -37.268  -0.317  13.196 0.0000000000
62469  -36.998  -0.171  12.638 0.0000000000
62459  -37.672  0.022  12.860 0.0000000000
63427  -35.955  0.066  11.940 0.0000000000
141940  -34.468  0.938  11.023 0.0000000000
64406  -35.081  0.859  10.824 0.0000000000
64422  -35.555  1.350  10.340 0.0000000000
65360  -32.897  3.097  11.813 0.0000000000
66343  -32.997  3.392  11.172 0.0000000000
67329  -33.416  4.189  10.367 0.0000000000
136153  -33.187  3.634  10.601 0.0000000000
67340  -33.906  4.187  9.636 0.0000000000
54618  -24.561  -7.592  22.775 0.0000000000
54602  -24.816  -8.068  23.230 0.0000000000
54603  -25.490  -7.645  23.205 0.0000000000
54586  -25.889  -8.033  24.239 0.0000000000
54576  -26.422  -7.662  25.782 0.0000000000
54562  -26.115  -8.068  26.549 0.0000000000
55611  -27.408  -6.453  24.410 0.0000000000
129763  -27.606  -6.314  25.106 0.0000000000
58610  -29.241  -3.444  24.431 0.0000000000
47985  -14.663  -14.309  30.774 0.0000000000
47999  -15.461  -14.446  29.989 0.0000000000
145571  -16.807  -12.817  29.234 0.0000000000
48925  -16.292  -12.595  29.709 0.0000000000
47055  -17.056  -14.707  29.329 0.0000000000
47037  -15.747  -15.422  29.892 0.0000000000
46032  -16.444  -16.077  30.045 0.0000000000
46033  -17.250  -15.984  30.096 0.0000000000
144889  -20.100  -11.618  27.206 0.0000000000
49899  -19.735  -11.809  27.609 0.0000000000
48023  -20.140  -14.070  28.379 0.0000000000
47068  -19.940  -14.732  28.823 0.0000000000
137244  -8.833  -24.904  37.862 0.0000000000
37357  -9.310  -24.192  38.033 0.0000000000
38282  -8.542  -23.251  38.289 0.0000000000
143528  -24.487  -10.239  24.746 0.0000000000
52594  -24.905  -9.784  25.065 0.0000000000
53556  -25.179  -9.184  24.861 0.0000000000
55652  -34.358  -6.444  22.934 0.0000000000
55626  -22.232  -6.615  23.728 0.0000000000
54615  -22.342  -7.349  23.408 0.0000000000
52606  -22.479  -9.380  23.933 0.0000000000
123581  -23.187  -9.311  23.748 0.0000000000
62298  -33.835  -1.253  22.168 0.0000000000
70323  -35.359  6.965  8.130 0.0000000000
70368  -40.783  6.461  3.776 0.0000000000
129064  -41.889  7.303  3.141 0.0000000000
63336  -33.680  0.335  19.461 0.0000000000
64328  -33.661  1.244  19.158 0.0000000000
66306  -32.775  2.553  13.936 0.0000000000
66316  -33.101  3.377  12.923 0.0000000000
57682  -27.856  -4.358  22.466 0.0000000000
57665  -28.167  -4.512  23.178 0.0000000000
57652  -28.638  -3.905  24.165 0.0000000000
74158  -44.284  9.977  -0.013 0.0000000000
74179  -44.810  10.344  -0.518 0.0000000000
38301  -12.708  -23.089  36.470 0.0000000000
39204  -12.151  -22.445  35.278 0.0000000000
37376  -12.178  -23.663  36.829 0.0000000000
37375  -11.278  -23.719  36.914 0.0000000000
58668  -39.144  -4.143  21.077 0.0000000000
138093  -38.335  -4.248  20.075 0.0000000000
57667  -31.106  -4.341  23.618 0.0000000000
55600  -21.053  -7.120  25.367 0.0000000000
55591  -20.389  -7.152  26.051 0.0000000000
50794  -21.504  -11.436  25.989 0.0000000000
49926  -24.122  -11.784  26.036 0.0000000000
49902  -24.584  -12.312  27.558 0.0000000000
57700  -33.405  -5.485  20.654 0.0000000000
133066  -23.867  -4.614  22.642 0.0000000000
60502  -25.529  -1.826  22.146 0.0000000000
60514  -26.528  -2.660  21.283 0.0000000000
59591  -26.664  -3.514  21.220 0.0000000000
63310  -30.359  0.155  21.551 0.0000000000
63309  -29.777  0.105  21.437 0.0000000000
62324  -29.445  -0.758  20.648 0.0000000000
57699  -32.681  -5.164  20.990 0.0000000000
64408  -36.842  1.060  10.999 0.0000000000
66391  -37.465  3.599  8.752 0.0000000000
124245  -37.714  8.526  6.836 0.0000000000
72261  -37.038  8.093  6.784 0.0000000000
68334  -39.457  5.115  4.484 0.0000000000
68333  -38.890  5.088  4.915 0.0000000000
141974  -39.281  4.611  4.870 0.0000000000
67394  -39.410  3.977  5.900 0.0000000000
67384  -39.961  3.546  6.247 0.0000000000
72303  -42.433  8.463  1.796 0.0000000000
71357  -43.118  8.341  1.501 0.0000000000
73219  -43.452  9.091  1.221 0.0000000000
45047  -13.628  -16.399  31.770 0.0000000000
44164  -13.777  -17.277  31.577 0.0000000000
40357  -14.404  -21.074  34.861 0.0000000000
57716  -35.207  -4.903  19.967 0.0000000000
60556  -33.708  -2.204  18.267 0.0000000000
59655  -34.445  -2.864  17.913 0.0000000000
60568  -35.431  -2.177  17.427 0.0000000000
63372  -32.235  1.153  15.845 0.0000000000
63373  -32.427  0.660  15.823 0.0000000000
62384  -35.026  -0.710  16.385 0.0000000000
138104  -35.407  -0.492  15.916 0.0000000000
142508  -35.382  -0.410  15.253 0.0000000000
62442  -34.054  -0.213  13.337 0.0000000000
62467  -35.462  -0.231  12.419 0.0000000000
63426  -35.197  0.170  11.824 0.0000000000
63439  -34.749  0.566  11.415 0.0000000000
67303  -33.493  4.527  11.851 0.0000000000
68257  -33.533  4.779  10.933 0.0000000000
69255  -33.943  5.422  10.599 0.0000000000
55648  -25.729  -6.945  22.595 0.0000000000
54619  -26.136  -7.174  23.116 0.0000000000
55610  -26.847  -6.989  24.177 0.0000000000
48011  -17.412  -14.085  29.029 0.0000000000
46034  -18.084  -15.831  30.243 0.0000000000
48957  -20.766  -12.809  27.383 0.0000000000
48948  -20.280  -13.232  27.914 0.0000000000
134249  -24.994  -10.843  28.364 0.0000000000
51652  -24.894  -10.509  27.744 0.0000000000
139337  -24.975  -9.791  27.962 0.0000000000
52559  -25.280  -9.365  27.655 0.0000000000
138603  -25.143  -9.793  25.825 0.0000000000
56685  -32.063  -5.668  22.619 0.0000000000
56644  -21.508  -6.449  25.122 0.0000000000
55609  -21.857  -6.517  24.416 0.0000000000
54585  -21.255  -7.775  24.866 0.0000000000
128234  -21.223  -8.436  24.997 0.0000000000
51676  -21.308  -9.906  25.221 0.0000000000
50813  -23.072  -10.866  24.930 0.0000000000
51683  -23.068  -10.448  24.494 0.0000000000
50814  -23.590  -10.739  24.793 0.0000000000
50807  -23.669  -11.191  25.328 0.0000000000
127906  -24.769  -11.159  27.125 0.0000000000
61426  -32.191  -1.392  20.881 0.0000000000
66376  -34.893  3.408  9.292 0.0000000000
138635  -35.447  3.113  9.293 0.0000000000
66389  -35.460  3.714  8.881 0.0000000000
67354  -35.768  4.322  8.359 0.0000000000
67355  -36.469  4.279  8.009 0.0000000000
67368  -37.018  4.480  7.509 0.0000000000
70357  -39.766  6.690  4.627 0.0000000000
70366  -39.531  6.230  4.428 0.0000000000
67412  -41.428  3.559  4.532 0.0000000000
67422  -41.142  4.218  4.079 0.0000000000
68345  -41.600  4.675  3.668 0.0000000000
68354  -42.058  5.145  3.283 0.0000000000
125624  -43.116  7.205  2.112 0.0000000000
71344  -42.668  7.851  1.904 0.0000000000
45060  -15.833  -16.962  30.556 0.0000000000
44177  -15.079  -17.152  30.774 0.0000000000
141190  -15.642  -17.501  30.932 0.0000000000
44167  -15.913  -17.975  31.368 0.0000000000
62340  -32.926  -0.775  18.974 0.0000000000
65293  -32.493  2.211  15.708 0.0000000000
66296  -32.955  2.885  15.368 0.0000000000
64360  -32.396  1.281  15.268 0.0000000000
63414  -33.076  0.672  13.447 0.0000000000
63423  -33.263  0.722  12.792 0.0000000000
64394  -33.557  1.163  11.704 0.0000000000
137027  -33.166  1.662  11.929 0.0000000000
66328  -33.291  3.930  12.503 0.0000000000
69251  -34.640  5.670  11.780 0.0000000000
147902  -27.155  -6.017  22.555 0.0000000000
56662  -27.775  -5.937  23.854 0.0000000000
56646  -27.886  -5.872  24.594 0.0000000000
48945  -17.468  -12.536  28.835 0.0000000000
48014  -23.021  -14.123  28.991 0.0000000000
42330  -12.086  -19.510  33.391 0.0000000000
41380  -11.416  -19.486  34.171 0.0000000000
41373  -11.288  -20.220  34.576 0.0000000000
138184  -11.009  -20.131  35.435 0.0000000000
137459  -11.087  -21.695  35.379 0.0000000000
41367  -10.855  -20.779  36.143 0.0000000000
40312  -10.463  -21.445  36.958 0.0000000000
72242  -37.395  9.076  8.114 0.0000000000
130240  -38.416  8.821  6.842 0.0000000000
59631  -39.064  -2.848  19.422 0.0000000000
58623  -29.984  -3.357  23.881 0.0000000000
56648  -32.153  -5.428  24.384 0.0000000000
52552  -19.679  -9.047  28.255 0.0000000000
51651  -19.574  -9.591  28.063 0.0000000000
51656  -19.556  -10.234  27.787 0.0000000000
49913  -20.573  -11.492  26.681 0.0000000000
49900  -20.624  -12.167  26.994 0.0000000000
135437  -21.497  -13.085  27.275 0.0000000000
48041  -22.709  -13.737  27.728 0.0000000000
145456  -21.668  -10.534  25.292 0.0000000000
49916  -23.550  -12.323  26.287 0.0000000000
145815  -22.850  -12.153  26.109 0.0000000000
48976  -22.826  -12.711  26.627 0.0000000000
48026  -23.017  -13.982  28.351 0.0000000000
75032  -43.518  11.978  -1.166 0.0000000000
56687  -35.649  -6.261  22.378 0.0000000000
126960  -34.739  -5.259  20.328 0.0000000000
137465  -34.648  -4.750  20.073 0.0000000000
63325  -34.404  -0.058  20.069 0.0000000000
62327  -35.012  -0.401  20.677 0.0000000000
54617  -23.763  -7.635  22.849 0.0000000000
55662  -24.640  -6.359  22.211 0.0000000000
55663  -25.371  -6.450  22.197 0.0000000000
56706  -25.770  -5.904  22.048 0.0000000000
57680  -26.110  -5.369  21.896 0.0000000000
59564  -24.638  -2.844  23.108 0.0000000000
58632  -24.503  -3.384  22.694 0.0000000000
58646  -24.853  -3.797  22.062 0.0000000000
60501  -25.268  -2.545  22.090 0.0000000000
58648  -26.781  -5.029  21.901 0.0000000000
58650  -28.227  -3.782  22.153 0.0000000000
58651  -28.892  -3.518  22.337 0.0000000000
148107  -27.337  -0.633  21.318 0.0000000000
61423  -27.520  -1.309  20.993 0.0000000000
58652  -29.779  -3.493  22.341 0.0000000000
57684  -31.593  -4.937  22.157 0.0000000000
59611  -31.800  -3.308  20.477 0.0000000000
59597  -31.376  -3.609  20.645 0.0000000000
55666  -34.870  -6.309  22.358 0.0000000000
57649  -22.803  -4.939  24.024 0.0000000000
136755  -22.556  -5.516  23.868 0.0000000000
54616  -22.993  -7.496  23.039 0.0000000000
65381  -37.617  2.393  10.148 0.0000000000
70324  -35.785  7.290  7.533 0.0000000000
70330  -36.069  6.693  7.105 0.0000000000
68306  -36.701  5.163  7.005 0.0000000000
146016  -37.125  4.785  7.043 0.0000000000
67381  -37.533  4.528  7.098 0.0000000000
143355  -38.142  7.052  5.572 0.0000000000
70343  -37.702  6.483  5.630 0.0000000000
68316  -38.291  5.054  5.361 0.0000000000
66403  -39.216  3.659  8.053 0.0000000000
66420  -39.963  3.465  7.028 0.0000000000
73231  -44.733  9.454  0.523 0.0000000000
75013  -42.992  11.805  -0.580 0.0000000000
75856  -42.551  12.398  -0.199 0.0000000000
44151  -12.267  -16.793  33.196 0.0000000000
44145  -11.877  -17.321  33.512 0.0000000000
143958  -11.937  -18.029  33.098 0.0000000000
44165  -14.278  -17.857  31.374 0.0000000000
43240  -13.756  -18.136  31.869 0.0000000000
42338  -14.633  -19.277  32.704 0.0000000000
42348  -14.166  -18.790  32.256 0.0000000000
142668  -13.394  -18.764  32.329 0.0000000000
145617  -13.192  -19.146  32.621 0.0000000000
41392  -12.945  -19.523  32.939 0.0000000000
39218  -12.868  -22.051  34.969 0.0000000000
40336  -14.122  -21.577  35.464 0.0000000000
39206  -13.486  -22.090  35.440 0.0000000000
39191  -13.186  -22.542  36.043 0.0000000000
56712  -36.360  -6.080  21.908 0.0000000000
56740  -36.112  -5.546  20.565 0.0000000000
56741  -36.671  -5.553  20.857 0.0000000000
57701  -37.337  -5.273  20.883 0.0000000000
58678  -37.926  -4.783  20.472 0.0000000000
59629  -37.560  -3.597  18.742 0.0000000000
142452  -33.215  1.220  18.716 0.0000000000
65278  -33.818  2.382  18.283 0.0000000000
136894  -32.903  1.214  18.289 0.0000000000
61465  -32.873  -0.865  17.692 0.0000000000
64340  -32.172  0.907  17.005 0.0000000000
137683  -32.171  1.151  16.408 0.0000000000
60569  -36.254  -1.943  17.457 0.0000000000
60557  -37.531  -1.977  17.971 0.0000000000
60558  -38.278  -1.782  18.339 0.0000000000
61482  -37.076  -0.752  16.946 0.0000000000
140446  -33.680  -0.130  14.734 0.0000000000
131982  -34.122  -0.282  14.984 0.0000000000
63428  -37.444  0.366  12.269 0.0000000000
63441  -36.401  0.529  11.487 0.0000000000
138631  -35.752  0.412  11.471 0.0000000000
65344  -33.384  1.813  11.337 0.0000000000
64420  -33.799  2.115  10.607 0.0000000000
66358  -33.396  2.993  10.567 0.0000000000
66359  -34.021  2.799  10.013 0.0000000000
130658  -34.325  4.608  9.232 0.0000000000
69262  -34.057  5.468  9.874 0.0000000000
69270  -34.451  5.998  9.542 0.0000000000
70317  -34.709  6.476  9.226 0.0000000000
71287  -34.977  6.984  9.294 0.0000000000
71288  -35.439  7.533  9.444 0.0000000000
53557  -25.496  -8.591  24.619 0.0000000000
130478  -25.975  -8.210  25.937 0.0000000000
142181  -27.402  -6.603  25.644 0.0000000000
129757  -26.983  -7.044  26.063 0.0000000000
54563  -26.581  -7.561  26.680 0.0000000000
47003  -14.136  -14.670  31.575 0.0000000000
140924  -14.301  -15.072  30.824 0.0000000000
46030  -15.168  -15.850  30.207 0.0000000000
48924  -15.800  -13.236  30.017 0.0000000000
48009  -16.015  -13.938  29.640 0.0000000000
139662  -15.648  -13.846  29.988 0.0000000000
45073  -16.333  -16.595  30.357 0.0000000000
45061  -16.672  -16.996  30.773 0.0000000000
46009  -17.767  -16.381  30.841 0.0000000000
49892  -19.275  -11.487  27.938 0.0000000000
48022  -19.389  -14.192  28.545 0.0000000000
48013  -19.270  -14.747  28.887 0.0000000000
47043  -21.956  -14.665  29.406 0.0000000000
47058  -20.377  -15.115  29.347 0.0000000000
124137  -19.858  -15.367  29.759 0.0000000000
133807  -19.220  -15.438  29.763 0.0000000000
75033  -44.235  11.515  -1.345 0.0000000000
37358  -10.446  -24.355  37.558 0.0000000000
36479  -9.832  -25.465  38.415 0.0000000000
37374  -10.464  -23.668  37.455 0.0000000000
127845  -10.190  -22.736  37.765 0.0000000000
40292  -9.880  -21.850  38.194 0.0000000000
37355  -8.176  -23.706  37.539 0.0000000000
139333  -8.039  -23.114  37.800 0.0000000000
39176  -8.307  -22.662  38.335 0.0000000000
36489  -9.437  -24.940  38.026 0.0000000000
38298  -10.601  -23.011  37.205 0.0000000000
38300  -11.845  -23.225  36.315 0.0000000000
38314  -12.398  -22.771  35.868 0.0000000000
40353  -11.101  -20.993  35.131 0.0000000000
41381  -11.935  -20.260  33.945 0.0000000000
42336  -12.614  -18.669  32.709 0.0000000000
43212  -11.331  -18.731  34.996 0.0000000000
43222  -11.935  -18.669  33.210 0.0000000000
43243  -16.082  -18.262  32.026 0.0000000000
45058  -14.035  -16.745  31.279 0.0000000000
48015  -23.557  -13.723  28.815 0.0000000000
49901  -24.356  -12.706  27.148 0.0000000000
62306  -28.120  -0.421  21.249 0.0000000000
65401  -37.691  2.953  9.619 0.0000000000
73208  -42.151  8.926  2.104 0.0000000000
137451  -25.007  -9.956  27.437 0.0000000000
139747  -35.218  -6.266  21.831 0.0000000000
142068  -12.087  -21.337  34.509 0.0000000000
145096  -12.411  -19.130  33.002 0.0000000000
148037  -33.080  0.254  15.135 0.0000000000
