#!ascii label  , from subject sub-v2s1x29875_ses-1 vox2ras=TkReg
627
60513  18.740  -4.731  -34.775 0.0000000000
63708  28.304  -4.222  -39.232 0.0000000000
72237  27.373  6.798  -41.090 0.0000000000
70339  20.963  4.033  -41.931 0.0000000000
56638  19.287  -8.751  -31.884 0.0000000000
58519  22.871  -7.401  -33.522 0.0000000000
61605  22.721  -4.361  -37.551 0.0000000000
65732  21.917  -0.789  -40.327 0.0000000000
67423  28.279  1.388  -40.892 0.0000000000
68416  32.630  1.821  -44.945 0.0000000000
76496  28.857  10.273  -41.083 0.0000000000
58530  19.147  -6.358  -33.788 0.0000000000
57584  21.544  -8.826  -33.358 0.0000000000
58551  20.917  -6.102  -35.201 0.0000000000
65705  20.251  -0.820  -38.854 0.0000000000
67409  19.791  0.945  -39.566 0.0000000000
71299  24.200  5.116  -42.936 0.0000000000
69372  24.224  2.992  -42.720 0.0000000000
130111  28.322  3.859  -40.946 0.0000000000
68381  32.682  2.110  -40.603 0.0000000000
134437  32.638  4.212  -41.869 0.0000000000
128150  26.350  13.745  -40.626 0.0000000000
77312  25.887  10.963  -41.453 0.0000000000
78974  28.647  13.237  -41.797 0.0000000000
62562  25.518  -4.022  -39.119 0.0000000000
134405  25.079  -5.863  -36.777 0.0000000000
61586  27.526  -4.920  -37.179 0.0000000000
74028  23.713  7.650  -42.446 0.0000000000
137711  30.925  -4.129  -40.123 0.0000000000
62523  18.812  -2.548  -35.879 0.0000000000
60535  20.187  -4.547  -36.357 0.0000000000
63701  20.016  -2.455  -37.518 0.0000000000
63731  21.990  -2.287  -39.339 0.0000000000
64767  25.514  -1.773  -39.511 0.0000000000
68397  21.450  1.729  -41.636 0.0000000000
65738  25.149  0.122  -41.657 0.0000000000
65726  28.572  -0.956  -40.809 0.0000000000
65722  31.962  -1.026  -40.401 0.0000000000
132597  24.530  9.431  -41.464 0.0000000000
74793  28.674  7.528  -41.593 0.0000000000
77339  28.915  11.117  -45.539 0.0000000000
75665  30.634  9.707  -43.714 0.0000000000
73154  30.804  6.626  -42.368 0.0000000000
127132  31.678  4.682  -45.965 0.0000000000
59501  23.063  -6.533  -36.398 0.0000000000
61571  18.165  -3.787  -34.319 0.0000000000
60502  18.024  -4.745  -33.756 0.0000000000
59480  18.763  -5.624  -34.005 0.0000000000
58542  19.532  -6.039  -34.364 0.0000000000
59490  19.952  -5.739  -34.964 0.0000000000
72239  26.077  5.862  -42.061 0.0000000000
123644  25.881  4.633  -42.428 0.0000000000
130448  27.208  5.214  -41.363 0.0000000000
70311  30.386  4.152  -40.191 0.0000000000
72210  29.601  5.955  -40.802 0.0000000000
79791  27.830  14.497  -41.304 0.0000000000
79790  28.287  13.812  -41.430 0.0000000000
79798  27.593  13.794  -43.574 0.0000000000
63710  26.653  -3.679  -39.162 0.0000000000
61616  27.025  -4.844  -38.637 0.0000000000
62544  27.699  -5.091  -38.742 0.0000000000
74030  21.878  7.505  -42.721 0.0000000000
74832  21.055  8.913  -42.587 0.0000000000
57577  18.880  -7.879  -32.085 0.0000000000
55810  18.798  -9.182  -31.363 0.0000000000
55818  19.735  -9.578  -31.467 0.0000000000
55817  20.627  -9.634  -31.600 0.0000000000
132116  22.113  -8.583  -33.255 0.0000000000
57564  21.948  -7.913  -31.422 0.0000000000
62549  19.421  -2.795  -37.006 0.0000000000
64750  18.974  -1.494  -36.885 0.0000000000
65716  20.596  -0.656  -39.500 0.0000000000
64772  20.959  -1.436  -39.337 0.0000000000
64787  21.921  -1.475  -39.931 0.0000000000
64769  23.076  -1.979  -39.754 0.0000000000
64785  23.423  -1.337  -40.200 0.0000000000
139442  20.193  2.578  -40.938 0.0000000000
69375  21.406  2.460  -41.752 0.0000000000
139386  26.559  2.394  -41.900 0.0000000000
67435  24.770  1.368  -41.905 0.0000000000
67425  26.592  1.267  -41.216 0.0000000000
65728  26.509  -0.224  -40.596 0.0000000000
66585  28.792  -0.083  -40.872 0.0000000000
65724  30.137  -0.588  -40.523 0.0000000000
66583  30.141  0.555  -40.442 0.0000000000
69378  33.032  2.155  -42.814 0.0000000000
67421  33.614  0.972  -41.405 0.0000000000
124922  27.312  10.983  -41.354 0.0000000000
76500  25.548  10.408  -41.371 0.0000000000
75616  26.439  9.714  -41.593 0.0000000000
75638  26.331  8.886  -41.567 0.0000000000
75636  27.738  9.081  -41.284 0.0000000000
74026  30.547  7.886  -42.810 0.0000000000
73172  31.053  7.102  -43.685 0.0000000000
71310  32.283  5.506  -43.933 0.0000000000
61589  21.297  -4.646  -37.149 0.0000000000
59512  21.565  -5.645  -36.389 0.0000000000
137100  22.488  -5.692  -37.066 0.0000000000
60521  25.729  -5.573  -35.996 0.0000000000
59499  24.776  -6.374  -35.935 0.0000000000
58522  18.325  -6.539  -32.763 0.0000000000
57586  19.111  -7.347  -32.738 0.0000000000
56645  20.371  -8.754  -32.921 0.0000000000
57593  20.359  -7.696  -33.671 0.0000000000
57601  20.764  -7.285  -34.108 0.0000000000
57599  22.238  -7.579  -34.124 0.0000000000
65707  18.782  0.609  -37.726 0.0000000000
66577  19.587  0.614  -39.085 0.0000000000
66589  20.595  0.439  -40.206 0.0000000000
71301  22.322  5.074  -42.705 0.0000000000
69383  22.922  3.453  -42.730 0.0000000000
70349  24.164  4.159  -43.052 0.0000000000
69369  26.395  3.232  -42.193 0.0000000000
68393  29.034  2.272  -40.631 0.0000000000
68383  30.798  1.869  -40.175 0.0000000000
69346  30.224  3.296  -40.159 0.0000000000
69357  32.712  3.282  -41.170 0.0000000000
140397  32.759  2.907  -43.427 0.0000000000
125161  24.685  12.599  -40.598 0.0000000000
140007  26.211  12.041  -41.064 0.0000000000
78124  27.714  12.393  -40.938 0.0000000000
138199  29.456  12.263  -42.006 0.0000000000
62563  24.106  -3.774  -38.565 0.0000000000
60540  24.133  -5.301  -37.646 0.0000000000
61602  25.640  -5.157  -38.054 0.0000000000
61588  26.144  -5.440  -37.382 0.0000000000
72240  20.410  5.642  -41.918 0.0000000000
72253  22.043  5.890  -42.633 0.0000000000
118915  23.558  6.284  -42.852 0.0000000000
73173  25.043  6.883  -42.149 0.0000000000
56627  21.253  -9.240  -31.234 0.0000000000
63724  29.267  -3.613  -39.687 0.0000000000
62558  28.915  -5.118  -38.948 0.0000000000
61580  18.918  -3.761  -35.418 0.0000000000
60524  19.117  -4.433  -35.355 0.0000000000
61592  19.208  -3.374  -36.065 0.0000000000
62548  20.047  -3.454  -37.211 0.0000000000
62547  21.598  -3.311  -37.796 0.0000000000
63717  20.046  -1.705  -37.937 0.0000000000
63716  20.911  -2.282  -38.296 0.0000000000
62564  22.705  -3.150  -38.332 0.0000000000
63713  24.083  -3.211  -38.947 0.0000000000
63728  25.158  -2.666  -39.321 0.0000000000
63726  27.063  -2.634  -39.261 0.0000000000
67418  20.114  1.308  -40.355 0.0000000000
66600  21.961  0.383  -41.149 0.0000000000
68406  22.948  2.128  -42.135 0.0000000000
67427  23.311  0.868  -41.694 0.0000000000
65740  23.761  -0.399  -41.233 0.0000000000
65729  25.790  -0.561  -40.384 0.0000000000
64765  27.094  -1.528  -39.642 0.0000000000
142498  28.358  -2.270  -39.946 0.0000000000
63736  30.373  -2.670  -40.145 0.0000000000
64777  31.502  -2.648  -40.513 0.0000000000
67412  32.787  0.867  -40.452 0.0000000000
74829  24.015  8.291  -42.050 0.0000000000
74013  26.118  7.469  -41.695 0.0000000000
73156  28.617  7.035  -42.202 0.0000000000
78143  28.764  12.055  -44.463 0.0000000000
77325  29.738  11.657  -43.144 0.0000000000
76541  30.202  10.417  -44.807 0.0000000000
76523  30.227  10.058  -42.280 0.0000000000
75613  29.786  8.448  -41.691 0.0000000000
74791  29.749  7.360  -42.239 0.0000000000
73144  29.969  6.570  -42.176 0.0000000000
72234  31.839  5.444  -42.012 0.0000000000
71315  32.511  4.455  -43.695 0.0000000000
69393  31.726  2.341  -45.880 0.0000000000
131544  20.379  -5.400  -35.509 0.0000000000
58550  21.717  -6.364  -35.433 0.0000000000
58538  22.945  -6.928  -34.985 0.0000000000
138748  24.175  -6.358  -36.715 0.0000000000
59489  24.140  -6.633  -35.511 0.0000000000
60514  18.230  -4.421  -34.290 0.0000000000
126969  17.971  -4.153  -33.866 0.0000000000
59492  18.441  -4.997  -34.183 0.0000000000
59491  19.080  -5.347  -34.625 0.0000000000
72238  26.620  6.187  -41.566 0.0000000000
71286  26.275  5.319  -42.094 0.0000000000
71284  27.204  6.015  -41.179 0.0000000000
71274  28.269  5.761  -40.819 0.0000000000
72224  28.646  6.546  -40.983 0.0000000000
130611  27.711  14.415  -41.906 0.0000000000
63709  27.526  -3.916  -39.157 0.0000000000
62560  27.247  -4.556  -38.954 0.0000000000
62559  28.045  -4.943  -38.910 0.0000000000
56639  18.496  -8.324  -31.571 0.0000000000
55809  20.347  -10.149  -31.146 0.0000000000
56637  20.312  -9.127  -32.255 0.0000000000
57583  22.502  -7.988  -33.611 0.0000000000
58520  22.500  -7.895  -33.058 0.0000000000
58512  22.800  -6.852  -32.692 0.0000000000
65733  21.008  -0.367  -40.049 0.0000000000
65715  21.313  -1.153  -39.831 0.0000000000
64786  22.577  -1.398  -40.112 0.0000000000
120247  22.935  -0.704  -40.688 0.0000000000
134042  20.624  2.845  -41.433 0.0000000000
122254  21.242  3.217  -41.910 0.0000000000
119101  27.525  1.801  -41.117 0.0000000000
142221  27.030  1.606  -41.195 0.0000000000
141817  27.816  1.087  -40.924 0.0000000000
66594  27.646  0.435  -40.844 0.0000000000
66584  28.952  0.876  -40.796 0.0000000000
118747  29.481  0.145  -40.715 0.0000000000
133771  29.608  0.938  -40.595 0.0000000000
69385  32.916  2.221  -43.487 0.0000000000
68409  33.397  1.307  -43.266 0.0000000000
77309  28.323  11.179  -41.083 0.0000000000
76498  26.742  10.475  -41.550 0.0000000000
76497  27.718  10.195  -41.340 0.0000000000
75615  27.076  9.668  -41.514 0.0000000000
130680  28.439  9.447  -41.132 0.0000000000
74044  30.909  7.813  -43.949 0.0000000000
73185  31.506  6.778  -44.211 0.0000000000
61606  21.831  -4.105  -37.488 0.0000000000
60542  22.184  -4.957  -37.250 0.0000000000
60510  26.181  -4.983  -35.514 0.0000000000
60511  25.527  -5.365  -35.292 0.0000000000
58521  18.480  -6.007  -33.416 0.0000000000
59475  18.023  -5.804  -33.035 0.0000000000
142143  18.899  -6.646  -33.234 0.0000000000
57585  19.976  -7.983  -33.119 0.0000000000
57594  19.560  -7.129  -33.448 0.0000000000
58541  20.515  -6.569  -34.608 0.0000000000
141932  21.096  -7.068  -34.426 0.0000000000
57600  21.525  -7.568  -34.145 0.0000000000
58540  21.632  -6.918  -34.771 0.0000000000
67403  18.923  1.424  -38.654 0.0000000000
66573  19.164  0.669  -38.426 0.0000000000
66576  20.207  0.121  -39.632 0.0000000000
71300  23.358  4.797  -42.944 0.0000000000
70350  23.414  3.969  -42.948 0.0000000000
70336  27.106  4.279  -41.769 0.0000000000
70347  25.910  3.898  -42.412 0.0000000000
69360  27.511  3.675  -41.391 0.0000000000
68395  27.332  2.729  -41.377 0.0000000000
69358  28.689  2.998  -40.770 0.0000000000
69347  29.466  2.959  -40.352 0.0000000000
130449  29.019  3.559  -40.578 0.0000000000
71271  32.001  4.399  -40.557 0.0000000000
70309  31.720  3.848  -40.289 0.0000000000
140703  32.718  3.720  -41.700 0.0000000000
69367  32.834  3.158  -41.985 0.0000000000
70335  32.728  3.753  -42.305 0.0000000000
78964  25.457  13.180  -40.659 0.0000000000
125216  25.664  12.262  -40.846 0.0000000000
78963  26.297  12.847  -40.762 0.0000000000
78961  28.206  13.226  -41.143 0.0000000000
78971  28.663  13.166  -41.351 0.0000000000
129401  28.309  12.010  -41.053 0.0000000000
78973  29.084  12.777  -42.252 0.0000000000
138722  24.619  -4.273  -38.561 0.0000000000
61603  24.787  -4.852  -38.165 0.0000000000
61618  25.249  -4.422  -38.649 0.0000000000
61601  27.547  -5.207  -38.163 0.0000000000
122978  26.638  -5.200  -38.089 0.0000000000
61587  26.898  -5.217  -37.396 0.0000000000
60520  26.349  -5.206  -36.490 0.0000000000
72241  19.801  6.106  -41.476 0.0000000000
73161  20.208  6.289  -42.004 0.0000000000
72254  21.037  6.113  -42.300 0.0000000000
74029  22.862  7.710  -42.689 0.0000000000
121359  22.585  7.093  -42.805 0.0000000000
121647  23.326  7.029  -42.765 0.0000000000
127211  24.189  6.841  -42.546 0.0000000000
74027  24.519  7.562  -42.093 0.0000000000
56644  21.033  -9.025  -32.892 0.0000000000
56636  21.085  -9.282  -32.211 0.0000000000
57576  21.616  -8.988  -32.827 0.0000000000
56626  21.752  -8.557  -30.896 0.0000000000
138448  30.362  -3.686  -39.992 0.0000000000
62524  18.454  -2.714  -35.130 0.0000000000
131742  18.761  -3.151  -35.469 0.0000000000
62532  19.479  -3.318  -36.723 0.0000000000
61607  20.976  -3.817  -37.394 0.0000000000
63700  20.859  -2.976  -37.713 0.0000000000
64758  19.802  -0.950  -38.181 0.0000000000
64749  19.324  -1.139  -37.528 0.0000000000
64756  21.335  -2.025  -39.102 0.0000000000
63715  21.713  -2.475  -38.788 0.0000000000
62565  22.049  -2.921  -38.333 0.0000000000
63714  22.505  -2.707  -38.924 0.0000000000
128319  23.355  -3.165  -38.613 0.0000000000
128751  23.297  -2.736  -39.005 0.0000000000
130169  24.684  -1.800  -39.684 0.0000000000
138653  24.424  -2.500  -39.463 0.0000000000
63727  26.109  -2.639  -39.212 0.0000000000
68398  20.701  2.125  -41.369 0.0000000000
68386  20.103  1.998  -40.756 0.0000000000
67430  20.788  1.441  -41.160 0.0000000000
67417  21.076  0.745  -40.859 0.0000000000
67429  21.623  1.044  -41.448 0.0000000000
69373  23.391  2.856  -42.584 0.0000000000
69374  22.317  2.836  -42.198 0.0000000000
68405  23.852  2.438  -42.310 0.0000000000
136750  25.177  0.779  -41.781 0.0000000000
66603  24.072  1.091  -41.851 0.0000000000
66597  24.624  0.425  -41.817 0.0000000000
66598  23.922  0.158  -41.706 0.0000000000
65739  24.534  -0.219  -41.608 0.0000000000
120472  25.107  -0.368  -41.079 0.0000000000
136778  28.015  -0.971  -40.695 0.0000000000
65712  27.057  -0.831  -40.263 0.0000000000
64782  27.667  -1.278  -40.387 0.0000000000
64764  27.819  -2.194  -39.696 0.0000000000
64781  28.306  -1.673  -40.479 0.0000000000
64763  28.827  -2.421  -40.041 0.0000000000
64780  29.028  -1.659  -40.555 0.0000000000
65723  31.092  -1.126  -40.291 0.0000000000
136739  30.472  -1.640  -40.276 0.0000000000
120240  32.176  -2.340  -40.760 0.0000000000
65721  32.755  -0.808  -40.652 0.0000000000
68382  32.105  2.264  -40.268 0.0000000000
67413  31.558  1.541  -40.172 0.0000000000
118705  32.395  1.551  -40.358 0.0000000000
77313  25.451  11.015  -41.199 0.0000000000
76501  24.670  10.612  -41.023 0.0000000000
132775  25.250  9.565  -41.390 0.0000000000
75618  24.726  9.969  -41.196 0.0000000000
75641  23.784  9.567  -41.779 0.0000000000
74812  23.534  9.095  -42.166 0.0000000000
128025  24.286  8.901  -41.772 0.0000000000
74808  26.846  8.115  -41.445 0.0000000000
74809  26.359  8.053  -41.578 0.0000000000
127834  27.070  7.550  -41.326 0.0000000000
74012  26.876  7.282  -41.313 0.0000000000
74010  28.125  7.209  -41.949 0.0000000000
78148  28.318  11.834  -45.232 0.0000000000
77330  29.628  11.637  -44.031 0.0000000000
77334  29.336  11.474  -44.807 0.0000000000
75673  30.620  9.768  -44.483 0.0000000000
75685  29.737  9.759  -45.962 0.0000000000
76537  30.444  10.450  -44.043 0.0000000000
76532  30.272  10.277  -43.202 0.0000000000
75654  30.475  9.487  -42.924 0.0000000000
75634  30.256  9.105  -42.217 0.0000000000
74828  30.555  8.665  -42.810 0.0000000000
74008  30.546  7.218  -42.793 0.0000000000
74009  30.191  7.349  -42.546 0.0000000000
73155  30.245  6.823  -42.487 0.0000000000
73995  29.713  6.909  -42.384 0.0000000000
72235  31.089  5.884  -41.886 0.0000000000
73153  31.416  6.346  -42.411 0.0000000000
70360  31.923  4.876  -45.233 0.0000000000
70363  32.008  3.547  -45.365 0.0000000000
70359  32.342  3.863  -44.376 0.0000000000
60523  19.897  -4.751  -35.741 0.0000000000
60522  20.723  -5.154  -36.070 0.0000000000
59511  22.388  -6.071  -36.682 0.0000000000
59502  22.268  -6.268  -35.984 0.0000000000
58549  22.405  -6.715  -35.258 0.0000000000
58548  23.038  -6.738  -35.730 0.0000000000
60531  24.558  -5.874  -37.144 0.0000000000
60532  23.798  -6.042  -37.056 0.0000000000
59509  24.659  -6.226  -36.518 0.0000000000
59488  24.880  -5.945  -35.154 0.0000000000
118008  24.203  -6.054  -34.563 0.0000000000
126378  23.639  -6.674  -34.734 0.0000000000
59481  18.195  -5.336  -33.597 0.0000000000
72251  24.880  5.596  -42.691 0.0000000000
71298  24.839  4.705  -42.890 0.0000000000
71297  25.568  5.223  -42.525 0.0000000000
70337  26.744  5.000  -41.821 0.0000000000
70326  27.707  4.770  -41.172 0.0000000000
70324  28.963  4.334  -40.549 0.0000000000
71259  29.697  4.897  -40.311 0.0000000000
71258  30.505  4.866  -40.301 0.0000000000
71272  30.986  5.207  -40.642 0.0000000000
79784  27.163  14.334  -40.948 0.0000000000
129098  27.084  13.433  -40.775 0.0000000000
79783  27.843  13.831  -41.156 0.0000000000
78978  28.384  13.265  -42.805 0.0000000000
62561  26.396  -4.217  -39.015 0.0000000000
61617  26.110  -4.578  -38.585 0.0000000000
74031  21.204  7.983  -42.671 0.0000000000
74831  22.118  8.534  -42.641 0.0000000000
58514  18.099  -6.792  -32.105 0.0000000000
57579  17.900  -7.113  -31.492 0.0000000000
57578  18.283  -7.501  -31.738 0.0000000000
54909  20.146  -10.764  -30.774 0.0000000000
55808  21.039  -9.851  -30.996 0.0000000000
132207  22.017  -8.354  -32.527 0.0000000000
62533  19.161  -2.856  -36.462 0.0000000000
63688  19.007  -2.238  -36.577 0.0000000000
63702  19.294  -2.184  -37.114 0.0000000000
131318  19.476  -1.824  -37.431 0.0000000000
64771  21.584  -1.833  -39.629 0.0000000000
64770  22.276  -1.977  -39.720 0.0000000000
63730  22.743  -2.417  -39.392 0.0000000000
64784  24.225  -1.256  -40.239 0.0000000000
135358  25.175  2.813  -42.263 0.0000000000
127755  24.993  2.198  -42.074 0.0000000000
67433  26.214  1.915  -41.801 0.0000000000
67434  25.454  1.593  -41.896 0.0000000000
67426  25.794  0.854  -41.515 0.0000000000
66596  25.737  0.042  -41.097 0.0000000000
66586  26.919  0.478  -40.835 0.0000000000
65737  28.121  -0.258  -40.816 0.0000000000
65725  29.280  -0.807  -40.775 0.0000000000
66581  31.644  0.010  -40.250 0.0000000000
68391  33.182  1.875  -41.659 0.0000000000
68392  33.010  1.815  -41.058 0.0000000000
67432  34.070  0.713  -42.246 0.0000000000
77311  26.562  11.426  -41.299 0.0000000000
76499  26.024  10.565  -41.587 0.0000000000
75617  25.847  9.723  -41.565 0.0000000000
75639  25.728  8.920  -41.582 0.0000000000
75637  27.050  8.710  -41.450 0.0000000000
132160  27.906  8.138  -41.312 0.0000000000
75664  30.786  9.019  -44.200 0.0000000000
74827  30.770  8.246  -43.293 0.0000000000
74025  30.761  7.532  -43.225 0.0000000000
130582  30.930  6.885  -42.953 0.0000000000
72249  31.989  5.943  -42.840 0.0000000000
72261  31.878  6.204  -43.863 0.0000000000
141278  31.836  6.132  -44.543 0.0000000000
61590  20.444  -4.305  -36.986 0.0000000000
60534  20.933  -5.008  -36.723 0.0000000000
60533  21.780  -5.395  -36.923 0.0000000000
60530  25.648  -5.625  -36.689 0.0000000000
59508  25.209  -5.982  -36.247 0.0000000000
59498  25.244  -5.919  -35.749 0.0000000000
136513  18.503  -7.166  -32.240 0.0000000000
56646  19.632  -8.360  -32.547 0.0000000000
56650  20.774  -8.612  -33.394 0.0000000000
58529  19.948  -6.838  -34.023 0.0000000000
57592  21.173  -8.114  -33.746 0.0000000000
131413  21.959  -8.263  -33.658 0.0000000000
57591  22.783  -7.282  -34.201 0.0000000000
65706  19.453  -0.152  -38.339 0.0000000000
65717  19.883  -0.054  -39.006 0.0000000000
66588  21.468  0.012  -40.596 0.0000000000
70352  21.637  4.530  -42.318 0.0000000000
138146  21.920  3.670  -42.400 0.0000000000
70351  22.593  4.232  -42.744 0.0000000000
69382  23.819  3.447  -42.918 0.0000000000
69381  24.547  3.513  -42.940 0.0000000000
70348  24.820  3.997  -42.942 0.0000000000
69380  25.182  3.627  -42.705 0.0000000000
69370  25.665  3.150  -42.326 0.0000000000
68401  26.732  2.702  -41.967 0.0000000000
68394  28.211  2.305  -40.933 0.0000000000
126293  28.774  1.665  -40.769 0.0000000000
67415  30.069  1.480  -40.315 0.0000000000
68385  29.687  2.179  -40.313 0.0000000000
140642  31.407  2.284  -40.150 0.0000000000
69345  31.035  3.582  -40.162 0.0000000000
69344  31.757  3.042  -40.221 0.0000000000
69343  32.517  2.854  -40.508 0.0000000000
69356  32.923  2.689  -41.600 0.0000000000
68412  32.780  2.038  -44.317 0.0000000000
78125  25.863  11.510  -41.250 0.0000000000
134148  27.580  13.114  -40.909 0.0000000000
78962  26.905  12.526  -40.836 0.0000000000
77310  27.625  11.605  -41.057 0.0000000000
78123  28.991  11.979  -41.210 0.0000000000
77308  29.308  11.104  -41.267 0.0000000000
62545  23.303  -3.795  -38.013 0.0000000000
127903  23.502  -4.617  -37.668 0.0000000000
61604  24.104  -4.432  -38.107 0.0000000000
60539  24.916  -5.442  -37.747 0.0000000000
60538  25.342  -5.611  -37.319 0.0000000000
71287  20.724  4.875  -41.894 0.0000000000
71302  21.323  5.329  -42.309 0.0000000000
72252  22.972  5.680  -42.873 0.0000000000
73176  21.826  6.679  -42.627 0.0000000000
73175  22.755  6.458  -42.820 0.0000000000
135739  24.797  6.322  -42.518 0.0000000000
72250  25.535  6.177  -42.241 0.0000000000
73159  26.306  6.444  -41.747 0.0000000000
57565  21.561  -8.766  -31.855 0.0000000000
62571  28.971  -4.372  -39.330 0.0000000000
62570  29.798  -4.771  -39.240 0.0000000000
60525  18.545  -4.109  -34.838 0.0000000000
61579  19.518  -4.112  -35.918 0.0000000000
61591  19.753  -3.911  -36.628 0.0000000000
64757  20.617  -1.565  -38.663 0.0000000000
62566  21.442  -2.755  -38.208 0.0000000000
62546  22.365  -3.550  -37.862 0.0000000000
120108  24.780  -3.862  -38.968 0.0000000000
63729  23.759  -2.578  -39.349 0.0000000000
63712  24.795  -3.301  -39.221 0.0000000000
63711  25.719  -3.588  -39.258 0.0000000000
127892  27.812  -3.191  -39.377 0.0000000000
67419  19.354  1.754  -39.372 0.0000000000
66587  22.235  -0.229  -40.872 0.0000000000
68407  22.100  2.108  -41.942 0.0000000000
118455  24.306  1.970  -42.063 0.0000000000
67437  22.910  1.388  -41.852 0.0000000000
67438  22.255  1.506  -41.812 0.0000000000
67428  22.494  0.853  -41.555 0.0000000000
66599  22.941  0.073  -41.351 0.0000000000
65731  23.763  -0.871  -40.641 0.0000000000
65730  24.428  -0.700  -40.884 0.0000000000
64783  25.071  -1.001  -40.167 0.0000000000
65713  26.451  -0.982  -39.963 0.0000000000
65714  25.842  -1.144  -39.841 0.0000000000
64766  26.375  -1.712  -39.415 0.0000000000
63725  28.456  -3.130  -39.603 0.0000000000
63737  29.662  -2.732  -40.018 0.0000000000
64779  29.776  -1.620  -40.471 0.0000000000
64778  30.960  -2.696  -40.275 0.0000000000
67414  30.776  1.078  -40.227 0.0000000000
118300  31.363  0.762  -40.194 0.0000000000
67411  33.358  0.766  -40.865 0.0000000000
74830  23.209  8.454  -42.453 0.0000000000
74810  25.576  8.194  -41.697 0.0000000000
74811  24.795  8.220  -41.786 0.0000000000
74014  25.338  7.537  -41.883 0.0000000000
120916  26.624  6.938  -41.457 0.0000000000
73147  28.169  7.183  -41.724 0.0000000000
78140  27.938  13.277  -43.913 0.0000000000
135984  28.266  12.657  -44.181 0.0000000000
78977  28.777  12.745  -43.200 0.0000000000
78136  29.420  12.252  -42.691 0.0000000000
123680  29.794  11.678  -42.209 0.0000000000
77320  29.874  10.815  -41.760 0.0000000000
77338  29.736  10.961  -45.049 0.0000000000
77333  30.007  11.051  -44.409 0.0000000000
77324  30.022  10.929  -42.655 0.0000000000
133988  29.663  10.266  -41.238 0.0000000000
76514  30.042  9.703  -41.567 0.0000000000
74792  29.214  7.309  -41.903 0.0000000000
74806  30.248  8.121  -42.373 0.0000000000
73997  28.823  6.985  -42.269 0.0000000000
73145  29.108  6.882  -42.426 0.0000000000
121990  29.499  6.769  -42.016 0.0000000000
72222  30.095  6.109  -41.538 0.0000000000
72220  31.416  5.374  -41.246 0.0000000000
72233  32.394  4.775  -41.850 0.0000000000
72260  32.384  5.613  -43.218 0.0000000000
71309  32.596  4.960  -43.098 0.0000000000
70346  32.705  4.038  -42.974 0.0000000000
70356  32.671  3.526  -43.529 0.0000000000
69389  32.379  2.876  -44.698 0.0000000000
68417  32.306  1.571  -45.505 0.0000000000
69398  30.718  3.299  -47.302 0.0000000000
69397  31.488  2.215  -46.844 0.0000000000
68418  31.741  1.141  -46.323 0.0000000000
67451  32.444  0.357  -46.052 0.0000000000
59504  19.464  -5.073  -35.214 0.0000000000
59503  21.280  -5.806  -35.792 0.0000000000
58539  22.471  -7.133  -34.659 0.0000000000
60541  23.124  -5.364  -37.319 0.0000000000
59510  23.085  -6.201  -36.913 0.0000000000
124095  23.685  -6.533  -36.595 0.0000000000
122391  24.204  -6.642  -36.272 0.0000000000
59500  23.638  -6.841  -36.067 0.0000000000
58537  23.471  -6.913  -35.352 0.0000000000
58528  23.170  -6.915  -34.714 0.0000000000
59479  23.185  -6.853  -34.087 0.0000000000
62543  28.286  -5.246  -38.598 0.0000000000
63723  30.117  -4.184  -39.786 0.0000000000
64768  23.916  -1.897  -39.764 0.0000000000
65727  27.420  -0.400  -40.648 0.0000000000
66582  30.845  0.161  -40.295 0.0000000000
66593  28.288  0.575  -40.870 0.0000000000
66595  26.284  0.503  -40.997 0.0000000000
67416  29.355  1.568  -40.559 0.0000000000
67422  33.016  1.428  -40.726 0.0000000000
67424  27.248  1.146  -40.997 0.0000000000
67436  23.558  1.651  -42.001 0.0000000000
68384  30.266  2.160  -40.197 0.0000000000
68396  26.824  2.108  -41.572 0.0000000000
68400  33.411  1.574  -42.459 0.0000000000
68402  26.288  2.637  -42.089 0.0000000000
68403  25.664  2.434  -42.104 0.0000000000
68404  24.592  2.670  -42.353 0.0000000000
69359  28.000  3.113  -41.066 0.0000000000
69366  33.012  2.465  -42.205 0.0000000000
69368  26.946  3.367  -41.944 0.0000000000
69371  24.922  3.150  -42.594 0.0000000000
69379  32.819  3.017  -42.835 0.0000000000
69386  32.634  2.921  -43.950 0.0000000000
69392  32.193  2.552  -45.246 0.0000000000
70310  31.228  4.468  -40.285 0.0000000000
70312  29.615  3.851  -40.261 0.0000000000
70322  32.491  4.193  -41.186 0.0000000000
70323  32.311  3.656  -40.523 0.0000000000
70325  28.386  4.754  -40.834 0.0000000000
70338  26.290  4.536  -42.227 0.0000000000
70366  31.395  3.617  -46.361 0.0000000000
71273  28.904  5.442  -40.537 0.0000000000
71275  27.731  5.966  -40.977 0.0000000000
71283  32.009  4.884  -41.201 0.0000000000
71285  26.758  5.879  -41.514 0.0000000000
71296  32.635  4.523  -42.426 0.0000000000
72209  30.237  5.561  -40.655 0.0000000000
72221  30.693  5.682  -41.368 0.0000000000
72223  29.188  6.394  -41.045 0.0000000000
72225  28.000  6.849  -41.051 0.0000000000
72236  30.459  6.256  -41.958 0.0000000000
72248  32.427  5.252  -42.572 0.0000000000
73146  28.681  7.041  -42.067 0.0000000000
73157  28.027  7.103  -41.605 0.0000000000
73158  27.066  6.801  -41.169 0.0000000000
73160  25.848  6.891  -41.891 0.0000000000
73171  31.475  6.589  -43.260 0.0000000000
73174  24.238  5.977  -42.773 0.0000000000
73996  29.337  7.067  -42.269 0.0000000000
74011  27.645  7.089  -41.436 0.0000000000
74807  27.676  7.576  -41.310 0.0000000000
74845  30.727  8.954  -43.434 0.0000000000
75614  28.740  8.337  -41.192 0.0000000000
75635  29.385  9.399  -41.154 0.0000000000
75640  25.040  8.890  -41.589 0.0000000000
77329  30.055  11.036  -43.597 0.0000000000
77344  28.118  11.032  -46.091 0.0000000000
78132  29.108  12.623  -41.545 0.0000000000
78133  28.621  12.655  -41.182 0.0000000000
78139  29.155  12.169  -43.596 0.0000000000
78144  27.668  12.495  -45.039 0.0000000000
79794  28.005  13.780  -42.334 0.0000000000
118555  23.681  5.565  -42.903 0.0000000000
119548  29.783  6.400  -41.682 0.0000000000
120085  32.041  0.847  -40.246 0.0000000000
120347  30.798  2.690  -40.135 0.0000000000
122213  29.495  11.812  -41.645 0.0000000000
124246  32.814  2.472  -41.076 0.0000000000
128860  25.351  4.305  -42.692 0.0000000000
132360  26.581  3.986  -42.119 0.0000000000
135011  32.198  4.927  -44.432 0.0000000000
135777  27.283  7.011  -41.180 0.0000000000
136805  19.712  -10.273  -31.054 0.0000000000
138637  30.069  2.647  -40.195 0.0000000000
138791  31.597  4.926  -40.715 0.0000000000
141501  29.628  6.791  -42.296 0.0000000000
