#!ascii label  , from subject sub-v2s1x29914_ses-1 vox2ras=TkReg
2030
60946  -44.995  -12.411  39.901 0.0000000000
55397  -32.145  -16.455  49.395 0.0000000000
60026  -40.489  -12.649  25.941 0.0000000000
55665  -35.219  -16.917  29.147 0.0000000000
62228  -46.431  -10.872  34.727 0.0000000000
58561  -37.091  -13.839  44.257 0.0000000000
52078  -28.045  -19.007  38.709 0.0000000000
54402  -30.195  -17.736  32.972 0.0000000000
58538  -25.881  -13.307  45.102 0.0000000000
138427  -49.649  -8.719  24.968 0.0000000000
48735  -25.682  -22.249  38.596 0.0000000000
56678  -38.396  -16.521  35.946 0.0000000000
57726  -38.502  -15.284  33.638 0.0000000000
59837  -48.378  -12.873  38.525 0.0000000000
59763  -41.164  -13.038  41.852 0.0000000000
53158  -36.067  -18.893  40.954 0.0000000000
138599  -37.506  -16.474  38.518 0.0000000000
146936  -32.846  -16.632  31.379 0.0000000000
70314  -50.258  -5.249  22.434 0.0000000000
58498  -28.344  -14.081  48.205 0.0000000000
137276  -26.690  -16.080  41.034 0.0000000000
53106  -26.810  -19.528  44.384 0.0000000000
61122  -43.371  -11.875  30.955 0.0000000000
56549  -36.041  -16.059  47.684 0.0000000000
51991  -31.109  -19.194  44.948 0.0000000000
52025  -34.141  -20.750  42.577 0.0000000000
54358  -28.836  -17.597  36.220 0.0000000000
57551  -22.441  -15.051  46.977 0.0000000000
62193  -53.447  -11.790  36.535 0.0000000000
124726  -49.879  -14.644  31.049 0.0000000000
62346  -51.062  -12.307  27.842 0.0000000000
62362  -46.771  -11.194  25.724 0.0000000000
65969  -46.874  -8.943  22.858 0.0000000000
55491  -22.382  -16.193  40.879 0.0000000000
48712  -28.026  -22.805  42.261 0.0000000000
55535  -43.516  -17.589  39.842 0.0000000000
56672  -43.732  -15.127  37.781 0.0000000000
59793  -47.437  -13.410  39.266 0.0000000000
60934  -43.224  -12.433  41.072 0.0000000000
56620  -40.376  -16.306  40.796 0.0000000000
55498  -42.446  -17.347  40.684 0.0000000000
55565  -37.958  -16.547  37.319 0.0000000000
55722  -40.104  -16.684  24.726 0.0000000000
61224  -39.597  -12.537  24.287 0.0000000000
57528  -29.715  -15.235  49.602 0.0000000000
55431  -28.481  -16.610  46.071 0.0000000000
54210  -29.415  -17.734  46.254 0.0000000000
54449  -36.579  -17.045  27.865 0.0000000000
61017  -42.163  -12.342  35.025 0.0000000000
56700  -38.472  -16.109  31.976 0.0000000000
59923  -39.879  -12.350  32.371 0.0000000000
59968  -38.631  -13.256  30.286 0.0000000000
62273  -44.502  -11.172  32.924 0.0000000000
57566  -35.762  -14.540  45.738 0.0000000000
143874  -34.422  -18.263  44.826 0.0000000000
55472  -34.804  -17.162  43.000 0.0000000000
54349  -33.095  -17.908  37.293 0.0000000000
149234  -32.873  -18.485  38.424 0.0000000000
54376  -29.887  -18.122  34.924 0.0000000000
55663  -33.625  -16.439  29.528 0.0000000000
62282  -52.694  -11.785  33.004 0.0000000000
61202  -50.185  -12.750  26.800 0.0000000000
145235  -49.731  -11.344  25.321 0.0000000000
63545  -46.883  -10.357  24.766 0.0000000000
63565  -52.614  -11.298  24.366 0.0000000000
140321  -54.401  -9.302  22.398 0.0000000000
58536  -23.453  -14.033  45.438 0.0000000000
56584  -22.062  -15.913  44.008 0.0000000000
57584  -24.087  -14.439  43.334 0.0000000000
53164  -25.451  -18.954  39.977 0.0000000000
53200  -24.486  -18.393  37.662 0.0000000000
48751  -25.232  -22.065  37.366 0.0000000000
53137  -29.509  -18.596  41.816 0.0000000000
52022  -28.339  -19.867  43.160 0.0000000000
50903  -28.092  -20.994  40.365 0.0000000000
123435  -36.481  -17.119  32.965 0.0000000000
54415  -37.176  -17.724  31.943 0.0000000000
56688  -38.940  -15.468  35.052 0.0000000000
58729  -42.845  -13.650  36.553 0.0000000000
61002  -47.087  -11.572  36.966 0.0000000000
58581  -38.899  -13.588  43.214 0.0000000000
55482  -37.289  -16.820  41.909 0.0000000000
56618  -38.918  -16.243  41.283 0.0000000000
140587  -36.714  -16.968  39.524 0.0000000000
55585  -33.660  -16.908  35.543 0.0000000000
148725  -31.674  -16.910  32.101 0.0000000000
55594  -34.466  -16.630  34.601 0.0000000000
55602  -35.872  -16.775  33.994 0.0000000000
67054  -49.185  -7.513  23.932 0.0000000000
70294  -53.792  -4.402  24.660 0.0000000000
58523  -27.424  -13.615  46.162 0.0000000000
58572  -26.669  -14.118  43.679 0.0000000000
56575  -27.979  -15.254  44.288 0.0000000000
54248  -27.223  -17.173  43.118 0.0000000000
52046  -25.874  -19.840  41.111 0.0000000000
54434  -38.512  -18.438  30.676 0.0000000000
58852  -38.495  -13.697  28.155 0.0000000000
61170  -41.614  -12.381  28.315 0.0000000000
55400  -34.929  -16.717  48.836 0.0000000000
53061  -31.769  -19.613  47.502 0.0000000000
51954  -34.603  -20.122  46.978 0.0000000000
52007  -32.398  -19.115  43.895 0.0000000000
54273  -30.464  -17.727  40.764 0.0000000000
140657  -36.195  -21.457  42.037 0.0000000000
54295  -31.471  -17.791  39.808 0.0000000000
54345  -28.686  -17.755  37.888 0.0000000000
64486  -47.888  -9.690  42.440 0.0000000000
57507  -33.958  -14.853  50.294 0.0000000000
59643  -37.484  -12.584  48.129 0.0000000000
59677  -38.461  -12.551  46.517 0.0000000000
65692  -47.764  -8.229  40.434 0.0000000000
65723  -48.988  -8.462  38.585 0.0000000000
66866  -49.781  -7.455  36.560 0.0000000000
66854  -52.574  -7.795  36.200 0.0000000000
65777  -51.124  -8.329  34.421 0.0000000000
62255  -49.936  -11.065  33.229 0.0000000000
59956  -46.624  -13.287  31.213 0.0000000000
59999  -44.734  -12.775  28.502 0.0000000000
59991  -50.789  -13.564  29.042 0.0000000000
60014  -47.067  -12.898  27.839 0.0000000000
61212  -43.620  -11.788  26.014 0.0000000000
62391  -42.701  -11.006  24.299 0.0000000000
64780  -52.730  -10.360  23.065 0.0000000000
128176  -21.301  -16.984  45.041 0.0000000000
131937  -21.073  -19.798  37.718 0.0000000000
56615  -24.324  -15.606  40.545 0.0000000000
53198  -22.613  -18.271  36.915 0.0000000000
125661  -28.121  -19.891  46.157 0.0000000000
127568  -27.086  -21.573  43.204 0.0000000000
49796  -26.614  -22.668  41.552 0.0000000000
47680  -28.532  -24.224  41.952 0.0000000000
56638  -44.956  -15.982  39.988 0.0000000000
55516  -46.191  -16.349  39.468 0.0000000000
58659  -46.418  -13.742  39.469 0.0000000000
60945  -44.253  -12.622  40.104 0.0000000000
57650  -42.577  -14.829  39.950 0.0000000000
57652  -44.084  -15.330  39.921 0.0000000000
135296  -43.368  -18.010  40.472 0.0000000000
58860  -38.879  -13.501  26.250 0.0000000000
58862  -38.962  -13.679  25.442 0.0000000000
57756  -38.973  -15.055  23.798 0.0000000000
60033  -39.804  -12.717  24.949 0.0000000000
56510  -30.848  -15.848  49.651 0.0000000000
145642  -29.913  -16.506  46.887 0.0000000000
55408  -31.373  -16.559  47.858 0.0000000000
55685  -34.854  -16.322  27.804 0.0000000000
135984  -35.781  -16.952  28.681 0.0000000000
123707  -43.517  -11.769  34.922 0.0000000000
61043  -41.280  -12.206  34.026 0.0000000000
62247  -43.164  -11.357  33.707 0.0000000000
62271  -42.833  -11.288  32.899 0.0000000000
134283  -46.204  -10.837  34.111 0.0000000000
58545  -36.842  -13.686  45.059 0.0000000000
56578  -35.303  -15.465  44.572 0.0000000000
57578  -36.145  -14.673  43.856 0.0000000000
54377  -32.156  -18.168  35.544 0.0000000000
53212  -31.795  -18.560  36.038 0.0000000000
54384  -30.635  -18.350  34.439 0.0000000000
54400  -28.594  -17.577  32.797 0.0000000000
55664  -34.388  -16.673  29.377 0.0000000000
56717  -33.465  -15.899  28.219 0.0000000000
56718  -34.173  -16.060  28.042 0.0000000000
137107  -52.958  -12.138  26.207 0.0000000000
62367  -53.391  -11.755  25.736 0.0000000000
63547  -49.803  -10.954  24.682 0.0000000000
62368  -53.754  -11.672  25.617 0.0000000000
124688  -24.277  -13.570  45.360 0.0000000000
58552  -23.826  -14.004  44.637 0.0000000000
58553  -24.623  -13.737  44.450 0.0000000000
50918  -25.233  -20.379  39.106 0.0000000000
142363  -25.037  -20.512  38.074 0.0000000000
128495  -25.564  -22.669  37.754 0.0000000000
47716  -25.558  -23.269  37.441 0.0000000000
46694  -25.895  -23.225  38.611 0.0000000000
53166  -28.653  -18.881  40.004 0.0000000000
52059  -28.305  -19.778  40.763 0.0000000000
52068  -28.001  -19.900  39.363 0.0000000000
55597  -37.940  -16.907  35.163 0.0000000000
130353  -37.932  -16.876  34.459 0.0000000000
56680  -39.979  -15.427  36.714 0.0000000000
57695  -45.862  -14.741  37.919 0.0000000000
58704  -43.031  -14.184  37.010 0.0000000000
58707  -45.468  -13.939  37.443 0.0000000000
59852  -45.253  -12.705  36.699 0.0000000000
60982  -47.309  -12.153  37.464 0.0000000000
59745  -40.295  -13.083  42.879 0.0000000000
58614  -38.648  -14.179  41.799 0.0000000000
143350  -39.650  -14.146  41.131 0.0000000000
55512  -39.317  -17.061  39.927 0.0000000000
54299  -39.100  -17.146  40.824 0.0000000000
55528  -37.108  -16.667  39.061 0.0000000000
55544  -35.103  -16.833  37.790 0.0000000000
55562  -35.718  -16.593  37.215 0.0000000000
55586  -34.341  -16.683  35.273 0.0000000000
55576  -35.927  -16.606  36.456 0.0000000000
55579  -38.687  -16.455  37.025 0.0000000000
55588  -37.085  -16.893  35.609 0.0000000000
130040  -37.469  -16.979  35.220 0.0000000000
55613  -35.673  -16.768  33.255 0.0000000000
58511  -28.260  -14.116  47.259 0.0000000000
57562  -28.074  -14.505  45.486 0.0000000000
57563  -28.390  -15.040  46.004 0.0000000000
54230  -27.806  -17.668  45.250 0.0000000000
143790  -27.896  -16.822  44.841 0.0000000000
53119  -26.920  -18.464  43.556 0.0000000000
141499  -26.519  -18.387  42.217 0.0000000000
53118  -26.646  -18.951  42.926 0.0000000000
55616  -38.094  -17.402  33.035 0.0000000000
54433  -37.667  -18.015  30.673 0.0000000000
54417  -38.539  -18.122  32.454 0.0000000000
148178  -38.608  -16.124  31.317 0.0000000000
53256  -40.533  -18.905  31.444 0.0000000000
53257  -41.448  -18.860  31.304 0.0000000000
124997  -41.118  -11.937  30.779 0.0000000000
58845  -38.552  -13.971  29.076 0.0000000000
61153  -40.294  -12.239  29.290 0.0000000000
60008  -38.852  -13.178  27.778 0.0000000000
61142  -42.403  -12.071  29.717 0.0000000000
55412  -35.773  -16.484  48.162 0.0000000000
53052  -34.758  -18.489  47.787 0.0000000000
137211  -35.447  -17.888  47.724 0.0000000000
126771  -34.761  -20.937  44.046 0.0000000000
50851  -34.358  -20.807  44.968 0.0000000000
52009  -33.921  -20.538  43.506 0.0000000000
53123  -32.299  -18.602  42.499 0.0000000000
142914  -33.190  -19.212  42.287 0.0000000000
54253  -38.095  -17.968  42.468 0.0000000000
53127  -37.353  -19.046  42.685 0.0000000000
52053  -36.847  -19.501  41.846 0.0000000000
53202  -31.458  -18.343  37.490 0.0000000000
53170  -33.184  -18.616  39.563 0.0000000000
54336  -31.136  -18.024  38.252 0.0000000000
54314  -30.298  -17.675  39.398 0.0000000000
55620  -32.366  -16.746  31.871 0.0000000000
59659  -37.629  -12.751  47.333 0.0000000000
59710  -40.667  -12.382  44.375 0.0000000000
65686  -47.314  -8.600  41.733 0.0000000000
67968  -49.499  -6.948  39.573 0.0000000000
67992  -50.339  -7.127  38.722 0.0000000000
66851  -49.310  -7.803  37.716 0.0000000000
68008  -51.192  -7.020  37.645 0.0000000000
63342  -54.008  -10.152  37.086 0.0000000000
66869  -51.786  -7.962  36.040 0.0000000000
66902  -52.373  -8.673  34.752 0.0000000000
64588  -51.200  -9.175  34.099 0.0000000000
64569  -52.806  -9.372  34.352 0.0000000000
143759  -51.946  -13.796  32.542 0.0000000000
129691  -50.814  -13.123  33.001 0.0000000000
59941  -48.873  -14.256  31.818 0.0000000000
142610  -45.654  -13.069  29.521 0.0000000000
58846  -47.612  -13.870  29.890 0.0000000000
61191  -51.178  -12.985  27.863 0.0000000000
62353  -47.909  -11.815  26.426 0.0000000000
61189  -48.617  -12.697  27.368 0.0000000000
61200  -47.288  -12.154  26.799 0.0000000000
61186  -46.069  -12.392  27.091 0.0000000000
62350  -45.567  -11.547  26.079 0.0000000000
62359  -43.223  -11.424  25.377 0.0000000000
138156  -44.982  -11.286  25.667 0.0000000000
64756  -46.580  -9.394  23.489 0.0000000000
63559  -45.494  -9.873  24.063 0.0000000000
64774  -44.653  -9.297  22.797 0.0000000000
69258  -49.262  -6.409  23.037 0.0000000000
65972  -51.262  -8.505  23.314 0.0000000000
67068  -50.905  -8.121  22.534 0.0000000000
124719  -22.615  -15.672  42.392 0.0000000000
55470  -21.695  -16.391  42.792 0.0000000000
55489  -21.411  -17.158  40.926 0.0000000000
126831  -20.971  -18.966  39.736 0.0000000000
54329  -21.446  -17.990  38.772 0.0000000000
57602  -26.697  -14.692  42.656 0.0000000000
57619  -25.758  -14.826  41.818 0.0000000000
56616  -25.737  -15.571  40.592 0.0000000000
54343  -23.538  -17.894  37.156 0.0000000000
45744  -23.797  -24.835  34.810 0.0000000000
51964  -30.526  -19.987  46.903 0.0000000000
51963  -29.720  -19.844  47.129 0.0000000000
141389  -29.429  -19.448  45.222 0.0000000000
50888  -27.897  -21.166  42.850 0.0000000000
50887  -27.420  -21.460  43.268 0.0000000000
49786  -27.727  -22.280  42.596 0.0000000000
49790  -26.967  -22.218  42.457 0.0000000000
48711  -27.687  -23.032  42.494 0.0000000000
46685  -27.286  -23.987  41.488 0.0000000000
56659  -41.507  -16.105  38.243 0.0000000000
56670  -41.985  -15.508  37.788 0.0000000000
144909  -44.348  -16.380  38.821 0.0000000000
56664  -46.567  -15.998  38.664 0.0000000000
58677  -47.881  -14.130  38.479 0.0000000000
59777  -42.559  -12.647  41.384 0.0000000000
58635  -40.962  -13.889  40.626 0.0000000000
58656  -42.090  -14.211  39.993 0.0000000000
56621  -41.208  -16.533  40.676 0.0000000000
55531  -39.588  -16.978  39.090 0.0000000000
55548  -38.354  -16.524  38.114 0.0000000000
55550  -39.900  -16.797  38.535 0.0000000000
55551  -41.099  -16.706  38.643 0.0000000000
60042  -39.224  -13.112  23.186 0.0000000000
57527  -29.277  -15.017  49.222 0.0000000000
56546  -28.791  -15.517  47.237 0.0000000000
56547  -29.099  -15.785  47.352 0.0000000000
127626  -28.676  -17.093  46.134 0.0000000000
54220  -27.802  -18.667  45.772 0.0000000000
58769  -39.909  -13.571  34.643 0.0000000000
56697  -38.323  -16.058  32.690 0.0000000000
59910  -39.341  -13.072  33.256 0.0000000000
58795  -38.495  -14.088  32.306 0.0000000000
148050  -38.410  -14.490  30.964 0.0000000000
133809  -38.582  -15.242  29.914 0.0000000000
61100  -39.932  -12.217  31.674 0.0000000000
61101  -41.280  -11.785  31.519 0.0000000000
61104  -43.728  -11.651  31.620 0.0000000000
58529  -35.978  -14.532  46.639 0.0000000000
55435  -35.294  -17.291  46.981 0.0000000000
56566  -35.100  -15.863  45.197 0.0000000000
54231  -34.494  -17.682  44.276 0.0000000000
52026  -35.407  -19.807  43.639 0.0000000000
54316  -34.550  -17.670  38.938 0.0000000000
53172  -34.397  -18.477  39.511 0.0000000000
53194  -33.056  -18.249  38.008 0.0000000000
125582  -31.729  -18.572  36.764 0.0000000000
141634  -29.554  -17.841  35.658 0.0000000000
54381  -27.676  -17.602  34.554 0.0000000000
127529  -28.357  -17.623  34.116 0.0000000000
55646  -33.290  -16.495  30.207 0.0000000000
56716  -32.725  -15.773  28.324 0.0000000000
59878  -55.340  -12.560  35.240 0.0000000000
62230  -54.340  -11.063  34.571 0.0000000000
61070  -54.962  -12.058  33.995 0.0000000000
62297  -53.552  -11.092  32.153 0.0000000000
59958  -51.785  -13.860  31.908 0.0000000000
63528  -50.913  -11.518  26.881 0.0000000000
61217  -51.913  -12.912  27.254 0.0000000000
62366  -52.437  -12.667  26.819 0.0000000000
61215  -50.019  -12.251  26.347 0.0000000000
62363  -47.646  -11.315  25.849 0.0000000000
62379  -46.601  -10.746  25.274 0.0000000000
63546  -48.790  -10.588  24.767 0.0000000000
63562  -48.223  -10.084  24.143 0.0000000000
64757  -48.709  -9.779  23.649 0.0000000000
70333  -49.462  -5.549  21.175 0.0000000000
136137  -50.454  -7.762  21.855 0.0000000000
67119  -50.027  -7.315  20.666 0.0000000000
57552  -22.887  -14.444  46.545 0.0000000000
56563  -22.151  -15.880  45.291 0.0000000000
57570  -23.076  -14.633  44.817 0.0000000000
57583  -23.249  -14.856  43.459 0.0000000000
57616  -23.205  -15.361  42.390 0.0000000000
55492  -26.540  -16.793  40.910 0.0000000000
55509  -25.589  -16.581  39.687 0.0000000000
54312  -25.470  -18.006  39.223 0.0000000000
131884  -24.663  -19.758  37.464 0.0000000000
48761  -24.816  -22.128  36.411 0.0000000000
46716  -24.550  -23.802  35.292 0.0000000000
46709  -25.369  -23.982  36.313 0.0000000000
52005  -30.017  -18.993  43.529 0.0000000000
52004  -29.058  -19.535  44.109 0.0000000000
52038  -29.003  -19.217  42.446 0.0000000000
52048  -28.339  -20.017  41.770 0.0000000000
143904  -28.089  -21.524  41.664 0.0000000000
55649  -35.475  -17.028  30.582 0.0000000000
55650  -36.183  -17.264  30.289 0.0000000000
55614  -37.394  -17.416  33.442 0.0000000000
55615  -37.703  -17.478  33.486 0.0000000000
57721  -38.737  -15.444  34.405 0.0000000000
57707  -40.551  -14.782  36.530 0.0000000000
58726  -40.381  -14.348  35.983 0.0000000000
58753  -40.185  -13.939  35.344 0.0000000000
59873  -41.297  -13.156  35.492 0.0000000000
61000  -44.928  -12.216  36.184 0.0000000000
61022  -46.076  -11.512  36.039 0.0000000000
58580  -38.153  -13.785  43.331 0.0000000000
57593  -36.630  -14.741  43.089 0.0000000000
58595  -37.810  -14.122  42.769 0.0000000000
55483  -38.080  -16.953  41.826 0.0000000000
54265  -38.219  -17.588  42.086 0.0000000000
138588  -39.595  -16.480  41.038 0.0000000000
54277  -38.712  -17.102  41.674 0.0000000000
128703  -36.712  -17.469  40.166 0.0000000000
54338  -34.473  -17.316  38.155 0.0000000000
54363  -33.496  -17.439  36.819 0.0000000000
54394  -31.852  -17.616  34.113 0.0000000000
140219  -31.466  -17.346  32.940 0.0000000000
55599  -32.502  -16.954  33.582 0.0000000000
55600  -33.467  -16.683  33.481 0.0000000000
55610  -32.994  -16.723  32.636 0.0000000000
55577  -36.492  -16.730  36.046 0.0000000000
124288  -35.155  -16.635  34.359 0.0000000000
55622  -33.653  -16.654  32.103 0.0000000000
124314  -34.399  -16.667  32.252 0.0000000000
55648  -34.749  -16.823  30.820 0.0000000000
65956  -49.530  -8.273  24.401 0.0000000000
69243  -51.199  -6.344  25.194 0.0000000000
70282  -51.697  -5.724  24.688 0.0000000000
70302  -51.569  -4.755  23.249 0.0000000000
71293  -51.413  -4.416  22.558 0.0000000000
71332  -52.014  -3.752  21.423 0.0000000000
59687  -26.508  -13.146  45.841 0.0000000000
58554  -26.309  -13.739  44.299 0.0000000000
126269  -26.917  -13.673  45.006 0.0000000000
57587  -27.402  -14.634  43.771 0.0000000000
56594  -27.441  -15.698  42.784 0.0000000000
56565  -28.361  -15.914  45.727 0.0000000000
55463  -27.583  -16.284  43.282 0.0000000000
54261  -27.102  -16.862  42.244 0.0000000000
54292  -26.114  -17.847  40.906 0.0000000000
52057  -25.603  -19.972  40.383 0.0000000000
50909  -25.655  -20.687  40.235 0.0000000000
54432  -36.900  -17.521  29.970 0.0000000000
144641  -36.986  -17.292  28.371 0.0000000000
53245  -39.327  -18.427  31.969 0.0000000000
60019  -38.850  -13.348  26.943 0.0000000000
61181  -40.750  -12.654  27.079 0.0000000000
132996  -33.661  -16.760  49.338 0.0000000000
55410  -32.882  -17.173  48.126 0.0000000000
54184  -33.646  -17.743  47.982 0.0000000000
51952  -33.332  -20.230  47.462 0.0000000000
50837  -32.330  -20.349  46.241 0.0000000000
53088  -34.872  -19.588  46.093 0.0000000000
50838  -33.403  -20.907  45.877 0.0000000000
51992  -32.041  -19.340  44.681 0.0000000000
53107  -30.942  -18.687  43.384 0.0000000000
53153  -29.946  -18.078  41.279 0.0000000000
53179  -28.997  -18.266  39.631 0.0000000000
55481  -35.804  -16.620  42.269 0.0000000000
52027  -36.453  -20.148  43.294 0.0000000000
50890  -35.630  -21.920  42.254 0.0000000000
53171  -33.759  -18.841  39.722 0.0000000000
53157  -33.489  -19.032  40.231 0.0000000000
147456  -33.315  -19.250  41.474 0.0000000000
54274  -31.157  -17.702  40.467 0.0000000000
142034  -30.121  -17.685  40.139 0.0000000000
133960  -30.220  -16.657  30.933 0.0000000000
62121  -45.423  -10.760  41.685 0.0000000000
63289  -45.819  -9.946  42.075 0.0000000000
126271  -23.309  -13.717  46.845 0.0000000000
59669  -26.010  -12.714  46.844 0.0000000000
59670  -26.621  -12.976  46.515 0.0000000000
59653  -27.170  -12.941  47.451 0.0000000000
57515  -29.268  -14.444  50.270 0.0000000000
137935  -30.271  -14.811  50.764 0.0000000000
56498  -31.586  -15.647  50.502 0.0000000000
142364  -33.112  -15.959  50.130 0.0000000000
56514  -34.560  -15.787  49.628 0.0000000000
56527  -35.679  -15.580  49.002 0.0000000000
136744  -36.266  -15.246  48.551 0.0000000000
58503  -36.617  -13.779  48.622 0.0000000000
57557  -36.113  -14.488  47.522 0.0000000000
58530  -36.464  -13.822  46.904 0.0000000000
143310  -37.180  -13.235  46.153 0.0000000000
59706  -37.608  -13.435  44.910 0.0000000000
59707  -38.418  -13.184  44.793 0.0000000000
59726  -39.418  -13.160  43.852 0.0000000000
59728  -40.839  -12.647  43.546 0.0000000000
62120  -44.699  -11.065  41.954 0.0000000000
63301  -46.531  -10.041  41.050 0.0000000000
62143  -47.534  -11.133  39.581 0.0000000000
134991  -48.296  -10.994  39.023 0.0000000000
66807  -48.387  -7.319  40.513 0.0000000000
65712  -48.528  -8.604  39.331 0.0000000000
63319  -48.604  -9.936  38.680 0.0000000000
64532  -48.314  -9.649  37.782 0.0000000000
64543  -48.124  -9.137  36.888 0.0000000000
65762  -48.364  -8.724  35.934 0.0000000000
66868  -51.277  -7.554  36.299 0.0000000000
65764  -49.758  -7.752  35.234 0.0000000000
64566  -48.456  -9.508  34.721 0.0000000000
63384  -48.734  -9.932  34.178 0.0000000000
62253  -48.044  -10.900  33.368 0.0000000000
143325  -46.080  -12.008  31.910 0.0000000000
128700  -51.540  -11.179  33.504 0.0000000000
61084  -48.954  -12.581  32.381 0.0000000000
61124  -45.506  -12.696  30.986 0.0000000000
145884  -44.449  -12.595  29.801 0.0000000000
61171  -43.267  -12.460  28.226 0.0000000000
61183  -42.968  -12.414  27.448 0.0000000000
59975  -51.442  -13.309  31.075 0.0000000000
58849  -50.003  -14.060  29.565 0.0000000000
60017  -50.491  -13.141  27.666 0.0000000000
137686  -49.318  -13.523  28.436 0.0000000000
59990  -47.932  -13.643  29.107 0.0000000000
60000  -46.621  -13.146  28.506 0.0000000000
127835  -44.218  -12.417  27.200 0.0000000000
131460  -41.834  -12.086  25.876 0.0000000000
147823  -41.823  -11.748  25.154 0.0000000000
62374  -41.344  -11.613  24.523 0.0000000000
61240  -40.554  -11.592  23.423 0.0000000000
141335  -44.876  -10.209  24.387 0.0000000000
63557  -42.877  -10.551  23.688 0.0000000000
62399  -40.761  -11.194  22.664 0.0000000000
64760  -52.919  -9.849  24.515 0.0000000000
63575  -52.731  -10.908  23.814 0.0000000000
64778  -49.141  -9.533  23.085 0.0000000000
144842  -54.331  -9.842  23.252 0.0000000000
129464  -50.287  -9.469  22.199 0.0000000000
137071  -47.216  -8.660  22.211 0.0000000000
55453  -21.610  -16.585  44.426 0.0000000000
58590  -25.508  -14.255  43.020 0.0000000000
133799  -24.549  -14.860  41.929 0.0000000000
56614  -23.367  -15.855  40.438 0.0000000000
55525  -24.513  -16.778  38.761 0.0000000000
55524  -23.874  -16.423  39.244 0.0000000000
55522  -22.367  -17.090  38.760 0.0000000000
52087  -21.909  -19.207  36.789 0.0000000000
54212  -31.056  -17.733  46.617 0.0000000000
51962  -28.471  -19.826  46.674 0.0000000000
53096  -27.413  -19.893  45.620 0.0000000000
52003  -28.041  -20.156  44.584 0.0000000000
50861  -27.143  -20.380  44.051 0.0000000000
50860  -26.833  -20.146  44.024 0.0000000000
52036  -26.530  -20.806  43.004 0.0000000000
49789  -26.273  -21.921  41.422 0.0000000000
48721  -26.013  -22.421  40.172 0.0000000000
49806  -28.203  -21.695  39.724 0.0000000000
137131  -28.289  -22.795  41.662 0.0000000000
48723  -28.005  -23.258  42.216 0.0000000000
47691  -27.360  -23.533  41.635 0.0000000000
123491  -26.587  -23.596  40.075 0.0000000000
47704  -26.337  -23.064  40.099 0.0000000000
141148  -45.321  -13.760  39.578 0.0000000000
140282  -45.925  -14.530  39.576 0.0000000000
59791  -45.566  -12.965  39.610 0.0000000000
59790  -44.745  -13.133  39.739 0.0000000000
133969  -44.023  -14.285  39.630 0.0000000000
58658  -44.569  -13.814  39.632 0.0000000000
133420  -44.855  -15.499  39.894 0.0000000000
60024  -39.306  -13.187  25.908 0.0000000000
57747  -38.675  -14.718  25.307 0.0000000000
145238  -39.416  -13.124  25.305 0.0000000000
60025  -39.885  -12.870  25.602 0.0000000000
56525  -31.432  -16.108  49.709 0.0000000000
55396  -31.256  -16.248  48.978 0.0000000000
55409  -32.107  -16.712  48.425 0.0000000000
55677  -35.311  -16.720  28.309 0.0000000000
62226  -45.021  -11.384  34.928 0.0000000000
62224  -43.730  -11.443  34.364 0.0000000000
62225  -44.487  -11.281  34.311 0.0000000000
127592  -45.139  -11.135  34.219 0.0000000000
62227  -45.700  -11.034  34.461 0.0000000000
58560  -36.394  -14.141  44.469 0.0000000000
58578  -36.687  -14.255  43.784 0.0000000000
54393  -31.150  -17.929  33.875 0.0000000000
53231  -31.370  -18.154  34.576 0.0000000000
128786  -34.882  -16.918  29.981 0.0000000000
55676  -34.640  -16.504  28.578 0.0000000000
56727  -34.373  -15.955  27.291 0.0000000000
64738  -50.229  -9.491  25.190 0.0000000000
63536  -52.897  -11.595  26.145 0.0000000000
64723  -52.762  -10.906  25.603 0.0000000000
63537  -53.505  -11.425  25.667 0.0000000000
64739  -51.711  -9.965  24.947 0.0000000000
144231  -25.051  -13.469  44.969 0.0000000000
49805  -25.490  -21.350  38.908 0.0000000000
52069  -28.251  -19.416  39.668 0.0000000000
56679  -39.173  -15.938  36.446 0.0000000000
58708  -46.503  -14.251  37.924 0.0000000000
126122  -46.251  -13.431  37.503 0.0000000000
60981  -46.856  -12.810  37.495 0.0000000000
136332  -47.729  -12.910  38.053 0.0000000000
59762  -40.472  -13.279  42.063 0.0000000000
58616  -39.984  -13.706  41.478 0.0000000000
55529  -37.958  -16.668  39.098 0.0000000000
55546  -36.775  -16.525  38.378 0.0000000000
55545  -35.871  -16.636  38.182 0.0000000000
55575  -35.263  -16.667  36.465 0.0000000000
55563  -36.590  -16.523  37.585 0.0000000000
56667  -39.543  -16.060  37.197 0.0000000000
55589  -37.746  -16.965  35.769 0.0000000000
57553  -28.529  -14.892  46.870 0.0000000000
54229  -27.283  -18.693  45.220 0.0000000000
135487  -26.991  -18.673  44.555 0.0000000000
53105  -26.707  -19.525  43.678 0.0000000000
56694  -38.211  -16.241  33.350 0.0000000000
145784  -38.163  -17.815  32.814 0.0000000000
145635  -38.189  -16.753  33.045 0.0000000000
55651  -39.202  -16.804  31.029 0.0000000000
54435  -41.079  -18.368  31.535 0.0000000000
61121  -42.556  -11.787  30.989 0.0000000000
61140  -40.905  -12.055  29.976 0.0000000000
61141  -41.699  -11.974  30.251 0.0000000000
124280  -41.652  -12.067  29.617 0.0000000000
130592  -42.951  -12.020  30.318 0.0000000000
147251  -35.445  -17.271  47.995 0.0000000000
55423  -35.680  -16.906  47.612 0.0000000000
148352  -34.998  -21.287  43.683 0.0000000000
50864  -34.500  -20.848  44.082 0.0000000000
52024  -33.398  -19.861  42.931 0.0000000000
147193  -33.598  -20.035  42.349 0.0000000000
53159  -37.138  -18.477  41.544 0.0000000000
54347  -30.077  -17.774  37.050 0.0000000000
126129  -30.646  -17.896  37.674 0.0000000000
126204  -29.933  -17.618  37.817 0.0000000000
133163  -29.321  -17.616  36.848 0.0000000000
143660  -32.273  -16.534  30.982 0.0000000000
147871  -31.948  -16.304  30.350 0.0000000000
66841  -50.569  -7.391  38.012 0.0000000000
61004  -54.423  -11.859  36.157 0.0000000000
62194  -54.401  -11.088  36.489 0.0000000000
60984  -53.791  -11.485  36.945 0.0000000000
63356  -53.180  -9.895  36.171 0.0000000000
63370  -53.255  -10.088  35.816 0.0000000000
64557  -53.066  -9.296  35.233 0.0000000000
63371  -53.426  -10.038  35.281 0.0000000000
58814  -51.222  -14.573  32.173 0.0000000000
58797  -50.245  -14.253  32.545 0.0000000000
58827  -48.919  -14.513  31.260 0.0000000000
58838  -47.386  -13.878  30.733 0.0000000000
58839  -48.211  -14.170  30.600 0.0000000000
63517  -50.314  -11.493  27.413 0.0000000000
61190  -51.374  -12.771  27.921 0.0000000000
62352  -47.018  -11.661  26.298 0.0000000000
61199  -46.479  -12.076  26.694 0.0000000000
62351  -46.223  -11.584  26.184 0.0000000000
62361  -45.939  -11.083  25.552 0.0000000000
64777  -47.255  -9.327  23.344 0.0000000000
64755  -45.790  -9.488  23.530 0.0000000000
64776  -46.114  -9.032  22.911 0.0000000000
65967  -45.678  -8.776  22.364 0.0000000000
69268  -49.748  -5.840  22.681 0.0000000000
68186  -49.151  -6.868  22.621 0.0000000000
67082  -49.303  -7.268  22.310 0.0000000000
56553  -22.107  -15.708  46.527 0.0000000000
56602  -22.341  -15.996  41.695 0.0000000000
55490  -21.823  -16.570  41.301 0.0000000000
130568  -21.911  -16.667  40.461 0.0000000000
54290  -21.494  -17.351  40.038 0.0000000000
56606  -26.771  -15.569  41.596 0.0000000000
57634  -26.209  -15.136  41.491 0.0000000000
56617  -26.294  -15.527  41.003 0.0000000000
132926  -23.541  -24.099  34.895 0.0000000000
51975  -30.721  -19.738  46.023 0.0000000000
51974  -29.805  -19.865  46.482 0.0000000000
51990  -30.063  -19.358  45.296 0.0000000000
50897  -27.538  -21.729  43.045 0.0000000000
48707  -27.558  -22.784  42.537 0.0000000000
55553  -42.738  -16.959  39.141 0.0000000000
56660  -42.335  -16.098  38.425 0.0000000000
55554  -43.640  -16.682  39.040 0.0000000000
57655  -47.200  -15.089  39.042 0.0000000000
56665  -46.805  -15.883  38.824 0.0000000000
134637  -47.369  -15.386  38.709 0.0000000000
57668  -47.676  -14.817  38.578 0.0000000000
59806  -47.995  -13.865  38.871 0.0000000000
131426  -42.126  -13.163  40.893 0.0000000000
58637  -42.452  -13.590  40.296 0.0000000000
134150  -43.179  -15.618  40.153 0.0000000000
56635  -42.334  -15.735  40.300 0.0000000000
55497  -41.679  -17.091  40.743 0.0000000000
54319  -40.022  -17.138  39.850 0.0000000000
54320  -40.679  -17.284  39.691 0.0000000000
132070  -40.232  -17.062  39.075 0.0000000000
54321  -41.170  -17.406  39.562 0.0000000000
54324  -44.149  -18.049  40.404 0.0000000000
55534  -42.135  -17.443  39.464 0.0000000000
55552  -41.840  -16.741  38.864 0.0000000000
56658  -40.724  -16.206  38.068 0.0000000000
127978  -39.386  -16.078  24.989 0.0000000000
133556  -39.153  -13.718  24.176 0.0000000000
132708  -39.143  -13.773  23.565 0.0000000000
57537  -29.123  -15.158  48.438 0.0000000000
56523  -29.624  -15.449  48.814 0.0000000000
55432  -30.177  -16.976  46.497 0.0000000000
55418  -29.287  -16.500  46.633 0.0000000000
54209  -28.506  -18.208  46.065 0.0000000000
55687  -36.127  -16.724  27.378 0.0000000000
59898  -41.411  -12.592  34.827 0.0000000000
58784  -39.596  -13.297  33.932 0.0000000000
59897  -40.831  -12.650  34.353 0.0000000000
61066  -41.110  -11.972  33.314 0.0000000000
128207  -39.786  -12.649  32.923 0.0000000000
59922  -39.279  -12.848  32.593 0.0000000000
128344  -38.400  -14.329  31.474 0.0000000000
59937  -38.524  -13.548  31.511 0.0000000000
59938  -38.922  -12.858  31.358 0.0000000000
133805  -39.356  -12.620  31.925 0.0000000000
62272  -43.645  -11.196  32.948 0.0000000000
62292  -42.436  -11.344  32.255 0.0000000000
62293  -43.259  -11.259  32.247 0.0000000000
61103  -42.885  -11.484  31.605 0.0000000000
62294  -44.112  -11.351  32.241 0.0000000000
128380  -35.611  -15.210  46.347 0.0000000000
123857  -35.399  -15.201  45.423 0.0000000000
145840  -35.253  -15.798  43.884 0.0000000000
56577  -34.908  -16.255  44.358 0.0000000000
54241  -34.645  -17.804  43.466 0.0000000000
53124  -34.911  -18.627  43.511 0.0000000000
54249  -34.929  -17.917  42.865 0.0000000000
54337  -33.762  -17.868  38.469 0.0000000000
53229  -30.561  -18.410  35.108 0.0000000000
53222  -31.012  -18.472  35.645 0.0000000000
54360  -30.551  -18.220  36.301 0.0000000000
53221  -30.220  -18.196  35.644 0.0000000000
54375  -29.053  -17.724  35.247 0.0000000000
54383  -29.215  -17.846  34.325 0.0000000000
55662  -32.875  -16.227  29.618 0.0000000000
56709  -33.208  -15.986  28.947 0.0000000000
59900  -56.392  -12.578  34.413 0.0000000000
59913  -54.955  -13.109  34.310 0.0000000000
126528  -54.079  -10.431  30.786 0.0000000000
62298  -53.963  -10.774  31.310 0.0000000000
62312  -53.580  -10.966  31.421 0.0000000000
61110  -52.706  -12.652  32.395 0.0000000000
61126  -52.305  -12.315  31.653 0.0000000000
64721  -49.986  -9.933  25.897 0.0000000000
64720  -49.425  -9.422  26.581 0.0000000000
64708  -49.850  -10.342  26.598 0.0000000000
62355  -52.177  -12.555  27.399 0.0000000000
63529  -52.406  -12.162  26.612 0.0000000000
62381  -52.326  -12.372  25.919 0.0000000000
62365  -51.138  -12.340  26.048 0.0000000000
144910  -49.532  -11.663  25.813 0.0000000000
62380  -48.446  -11.002  25.417 0.0000000000
63548  -50.859  -11.228  24.640 0.0000000000
141078  -50.001  -10.616  24.181 0.0000000000
63563  -49.117  -10.333  24.157 0.0000000000
63564  -51.122  -10.706  23.934 0.0000000000
136765  -50.103  -4.865  21.078 0.0000000000
68211  -49.342  -6.736  20.667 0.0000000000
58521  -23.217  -14.048  46.112 0.0000000000
57561  -22.920  -14.571  45.722 0.0000000000
58569  -24.203  -14.046  43.988 0.0000000000
57571  -23.560  -14.461  44.042 0.0000000000
57598  -23.561  -14.923  42.763 0.0000000000
54291  -25.785  -17.888  39.987 0.0000000000
53189  -25.131  -18.787  39.046 0.0000000000
50917  -24.896  -19.844  38.261 0.0000000000
49834  -24.743  -21.417  36.780 0.0000000000
50930  -24.588  -20.550  37.021 0.0000000000
47723  -24.905  -22.817  36.069 0.0000000000
48762  -25.268  -22.701  36.929 0.0000000000
138538  -25.559  -23.804  37.020 0.0000000000
53120  -29.728  -18.758  42.485 0.0000000000
147040  -29.891  -18.861  42.939 0.0000000000
52058  -28.136  -20.425  40.576 0.0000000000
55625  -36.333  -17.204  32.133 0.0000000000
56687  -38.487  -16.287  34.975 0.0000000000
56691  -38.322  -16.249  34.106 0.0000000000
56671  -42.951  -15.422  37.937 0.0000000000
57689  -40.769  -15.180  37.108 0.0000000000
57690  -41.541  -15.022  37.296 0.0000000000
58703  -42.335  -14.125  36.809 0.0000000000
58728  -41.677  -13.994  36.466 0.0000000000
58755  -41.314  -13.643  35.988 0.0000000000
59848  -41.909  -13.269  35.928 0.0000000000
59849  -42.632  -13.136  36.112 0.0000000000
61001  -46.519  -11.984  36.832 0.0000000000
60999  -44.249  -12.393  36.083 0.0000000000
129753  -45.659  -12.109  36.431 0.0000000000
61021  -45.324  -11.696  35.743 0.0000000000
62189  -46.812  -11.235  36.228 0.0000000000
58596  -38.405  -13.929  42.588 0.0000000000
57627  -38.415  -15.085  41.376 0.0000000000
56609  -38.192  -16.078  41.560 0.0000000000
55493  -38.896  -17.139  41.655 0.0000000000
57638  -40.631  -14.650  40.441 0.0000000000
57637  -39.817  -14.786  40.822 0.0000000000
146026  -39.805  -15.656  40.794 0.0000000000
54298  -37.580  -17.139  39.916 0.0000000000
125326  -38.379  -17.343  40.878 0.0000000000
54276  -37.547  -17.739  41.005 0.0000000000
54318  -35.994  -17.256  39.618 0.0000000000
54317  -35.445  -17.189  39.046 0.0000000000
55573  -33.904  -17.010  36.290 0.0000000000
55560  -34.180  -17.030  36.988 0.0000000000
54386  -32.579  -17.557  35.193 0.0000000000
144559  -33.045  -17.269  35.528 0.0000000000
54395  -32.509  -17.240  34.490 0.0000000000
55592  -33.107  -16.987  34.970 0.0000000000
55593  -33.778  -16.731  34.786 0.0000000000
124033  -33.952  -16.648  34.106 0.0000000000
55564  -37.291  -16.606  37.057 0.0000000000
144360  -36.004  -16.760  34.830 0.0000000000
125555  -36.451  -16.793  35.429 0.0000000000
124220  -35.040  -16.638  33.675 0.0000000000
124287  -34.278  -16.613  33.509 0.0000000000
55612  -34.771  -16.649  32.969 0.0000000000
124286  -36.581  -17.041  33.644 0.0000000000
55624  -35.376  -16.779  32.362 0.0000000000
55636  -35.434  -16.913  31.442 0.0000000000
70283  -52.665  -5.536  25.047 0.0000000000
70292  -51.980  -5.112  24.045 0.0000000000
70293  -52.821  -4.804  24.329 0.0000000000
71295  -52.538  -4.044  22.991 0.0000000000
142941  -52.831  -3.783  22.476 0.0000000000
71312  -52.081  -3.956  22.295 0.0000000000
71313  -52.766  -3.610  21.801 0.0000000000
144720  -26.962  -13.259  46.126 0.0000000000
137746  -27.083  -13.538  45.692 0.0000000000
57572  -27.711  -14.408  44.723 0.0000000000
57603  -27.297  -14.974  42.990 0.0000000000
56586  -27.700  -15.474  43.488 0.0000000000
56555  -28.573  -15.862  46.571 0.0000000000
55444  -28.161  -16.785  45.467 0.0000000000
132264  -27.474  -16.959  43.767 0.0000000000
55471  -27.370  -16.377  42.681 0.0000000000
137745  -26.654  -17.479  41.674 0.0000000000
53150  -26.023  -19.070  41.461 0.0000000000
55666  -36.129  -17.153  29.352 0.0000000000
54425  -36.982  -17.646  30.934 0.0000000000
146070  -38.252  -18.331  31.208 0.0000000000
54443  -37.661  -17.860  29.730 0.0000000000
57729  -38.421  -15.116  32.869 0.0000000000
55627  -39.288  -18.172  32.051 0.0000000000
53263  -40.533  -18.891  30.448 0.0000000000
140701  -38.552  -14.528  29.695 0.0000000000
59997  -38.706  -13.209  28.672 0.0000000000
135992  -38.432  -14.287  27.775 0.0000000000
125819  -40.689  -12.374  28.470 0.0000000000
59998  -39.447  -12.798  27.821 0.0000000000
61180  -40.259  -12.603  27.810 0.0000000000
60010  -39.942  -12.810  27.118 0.0000000000
61169  -41.156  -12.513  27.676 0.0000000000
55399  -34.355  -16.949  49.010 0.0000000000
55411  -33.726  -17.198  48.736 0.0000000000
54173  -34.557  -17.470  48.550 0.0000000000
53064  -34.612  -19.325  47.258 0.0000000000
53063  -33.994  -19.314  47.599 0.0000000000
51953  -34.168  -20.228  47.302 0.0000000000
50817  -32.904  -20.630  47.195 0.0000000000
148759  -33.289  -20.906  46.948 0.0000000000
55434  -34.848  -17.120  46.001 0.0000000000
54213  -34.763  -17.924  46.312 0.0000000000
134577  -34.574  -18.525  45.677 0.0000000000
50863  -33.699  -20.402  44.339 0.0000000000
50839  -34.166  -21.166  45.814 0.0000000000
141550  -33.382  -20.538  45.018 0.0000000000
51977  -32.619  -20.066  45.292 0.0000000000
52006  -31.495  -18.910  44.045 0.0000000000
53108  -31.890  -18.678  43.275 0.0000000000
53140  -31.791  -18.262  41.873 0.0000000000
53139  -30.905  -18.197  42.001 0.0000000000
135542  -30.530  -17.959  41.461 0.0000000000
53168  -29.715  -17.843  40.589 0.0000000000
56596  -36.907  -15.285  42.294 0.0000000000
57608  -36.253  -15.431  42.688 0.0000000000
56595  -36.478  -16.060  42.102 0.0000000000
50882  -37.041  -20.466  42.818 0.0000000000
52028  -37.088  -20.171  42.963 0.0000000000
50881  -36.942  -21.107  42.998 0.0000000000
50867  -36.816  -21.294  43.201 0.0000000000
49784  -36.377  -22.110  42.605 0.0000000000
126925  -33.366  -18.585  39.198 0.0000000000
140052  -34.337  -19.142  39.961 0.0000000000
53169  -32.384  -18.150  39.490 0.0000000000
125139  -32.780  -18.362  40.270 0.0000000000
52050  -33.734  -19.577  40.941 0.0000000000
53156  -33.093  -18.783  40.936 0.0000000000
124506  -32.271  -18.205  41.086 0.0000000000
53155  -31.913  -17.878  40.408 0.0000000000
126200  -29.357  -17.675  38.340 0.0000000000
145906  -29.681  -17.687  39.021 0.0000000000
54335  -28.731  -17.933  38.538 0.0000000000
54313  -29.116  -17.929  39.070 0.0000000000
55608  -31.278  -17.230  32.536 0.0000000000
55619  -30.279  -17.010  31.678 0.0000000000
140515  -31.045  -16.975  31.917 0.0000000000
57543  -22.791  -14.044  47.471 0.0000000000
126609  -26.429  -12.681  47.241 0.0000000000
56500  -33.472  -15.460  50.253 0.0000000000
56513  -33.836  -16.087  49.861 0.0000000000
57517  -34.597  -15.042  49.914 0.0000000000
56528  -36.065  -15.125  48.917 0.0000000000
57538  -36.271  -14.515  48.786 0.0000000000
59628  -37.290  -12.507  48.657 0.0000000000
59642  -37.002  -13.121  48.379 0.0000000000
58516  -36.526  -13.783  47.891 0.0000000000
59658  -36.988  -13.184  47.562 0.0000000000
59676  -37.727  -12.904  46.441 0.0000000000
59691  -37.335  -13.268  45.663 0.0000000000
59692  -38.215  -12.936  45.707 0.0000000000
59693  -39.097  -12.723  45.511 0.0000000000
59708  -39.239  -12.968  44.669 0.0000000000
59709  -39.990  -12.703  44.540 0.0000000000
128888  -46.180  -9.260  42.648 0.0000000000
64502  -46.821  -9.335  42.023 0.0000000000
66795  -47.585  -8.295  41.020 0.0000000000
65691  -47.375  -8.677  40.888 0.0000000000
65702  -47.495  -8.781  40.366 0.0000000000
63310  -47.846  -10.368  39.523 0.0000000000
65703  -47.999  -8.715  39.869 0.0000000000
66829  -49.340  -7.904  38.803 0.0000000000
65704  -48.739  -7.930  39.445 0.0000000000
65713  -48.902  -8.413  38.910 0.0000000000
64516  -48.665  -9.177  38.834 0.0000000000
63330  -48.492  -10.088  38.420 0.0000000000
64524  -48.593  -9.213  38.422 0.0000000000
68006  -49.689  -7.605  37.233 0.0000000000
66850  -48.642  -7.991  37.526 0.0000000000
65746  -48.433  -8.279  36.856 0.0000000000
63369  -47.925  -9.657  35.998 0.0000000000
65747  -48.743  -7.969  36.199 0.0000000000
65736  -53.666  -8.289  36.680 0.0000000000
68010  -52.077  -6.997  36.869 0.0000000000
68022  -51.776  -7.449  36.494 0.0000000000
66886  -51.953  -8.160  35.326 0.0000000000
66885  -51.468  -7.721  35.374 0.0000000000
65776  -50.373  -8.019  34.706 0.0000000000
64555  -48.728  -8.841  35.029 0.0000000000
65775  -49.534  -8.452  34.762 0.0000000000
63383  -48.060  -10.067  34.412 0.0000000000
64567  -49.280  -9.331  34.401 0.0000000000
63404  -50.203  -10.374  33.657 0.0000000000
63403  -48.977  -10.336  33.753 0.0000000000
62254  -48.966  -10.864  33.260 0.0000000000
62277  -47.643  -11.327  32.802 0.0000000000
62278  -48.531  -11.521  32.732 0.0000000000
64608  -53.615  -9.939  33.314 0.0000000000
64591  -53.061  -9.819  33.882 0.0000000000
62258  -52.608  -10.924  33.376 0.0000000000
59942  -48.853  -13.707  32.201 0.0000000000
61085  -49.987  -12.794  32.784 0.0000000000
61109  -48.127  -13.054  32.036 0.0000000000
61108  -47.370  -12.620  31.948 0.0000000000
59939  -46.876  -13.090  31.637 0.0000000000
61143  -44.797  -12.589  30.447 0.0000000000
59971  -45.560  -12.992  30.295 0.0000000000
59987  -45.129  -12.892  29.097 0.0000000000
59985  -44.167  -12.608  28.851 0.0000000000
61172  -43.986  -12.594  28.297 0.0000000000
61184  -43.741  -12.518  27.656 0.0000000000
61174  -50.783  -13.289  28.797 0.0000000000
127068  -50.945  -13.494  29.953 0.0000000000
58842  -50.674  -13.905  29.944 0.0000000000
60004  -50.562  -13.721  28.936 0.0000000000
61203  -51.325  -13.051  27.277 0.0000000000
60022  -49.831  -12.908  27.276 0.0000000000
61188  -47.614  -12.555  27.344 0.0000000000
60016  -49.269  -13.144  27.874 0.0000000000
60015  -48.034  -12.984  27.862 0.0000000000
58853  -48.827  -13.722  28.970 0.0000000000
60001  -47.495  -13.250  28.477 0.0000000000
61197  -44.802  -12.187  26.749 0.0000000000
125397  -45.437  -12.470  27.212 0.0000000000
61196  -43.955  -12.114  26.618 0.0000000000
61195  -43.037  -12.142  26.588 0.0000000000
61210  -42.461  -11.973  26.008 0.0000000000
146998  -42.177  -11.857  25.628 0.0000000000
61211  -42.987  -11.819  25.889 0.0000000000
133312  -43.106  -11.111  24.766 0.0000000000
62375  -42.560  -11.362  24.914 0.0000000000
123878  -41.963  -11.306  24.338 0.0000000000
62389  -41.258  -11.435  23.919 0.0000000000
63544  -46.112  -10.492  24.920 0.0000000000
63543  -45.615  -10.212  24.539 0.0000000000
63574  -43.335  -10.119  23.278 0.0000000000
63558  -43.643  -10.290  23.805 0.0000000000
62400  -41.508  -10.893  22.982 0.0000000000
68162  -49.154  -7.136  24.291 0.0000000000
64759  -51.532  -9.297  24.315 0.0000000000
132250  -50.714  -8.700  23.978 0.0000000000
63577  -54.051  -10.228  23.755 0.0000000000
65958  -53.744  -9.680  23.956 0.0000000000
63576  -53.778  -10.735  23.952 0.0000000000
131455  -51.557  -10.388  23.267 0.0000000000
64779  -50.260  -9.906  23.043 0.0000000000
67084  -51.899  -8.108  22.054 0.0000000000
65994  -53.381  -8.639  22.785 0.0000000000
64782  -54.295  -9.386  22.793 0.0000000000
65992  -49.295  -8.989  21.937 0.0000000000
65990  -47.929  -8.707  22.181 0.0000000000
56574  -22.495  -15.432  44.567 0.0000000000
56573  -22.017  -16.069  44.710 0.0000000000
55478  -21.315  -17.169  41.831 0.0000000000
138419  -21.336  -17.008  43.154 0.0000000000
52056  -20.922  -18.990  40.537 0.0000000000
131964  -21.013  -19.015  38.936 0.0000000000
145402  -20.784  -20.159  38.313 0.0000000000
50916  -20.841  -20.543  37.799 0.0000000000
49816  -21.023  -21.021  37.174 0.0000000000
58571  -25.855  -13.938  43.651 0.0000000000
57618  -25.096  -14.945  41.564 0.0000000000
57600  -25.138  -14.578  42.307 0.0000000000
56604  -24.407  -15.187  41.335 0.0000000000
124869  -23.643  -15.515  41.199 0.0000000000
54311  -25.109  -17.362  38.785 0.0000000000
55526  -25.163  -16.669  39.236 0.0000000000
148360  -24.661  -17.218  38.420 0.0000000000
54356  -23.134  -18.156  36.874 0.0000000000
54332  -23.487  -17.351  37.819 0.0000000000
55542  -23.050  -16.999  38.423 0.0000000000
55523  -23.003  -16.620  39.193 0.0000000000
54331  -22.672  -17.434  38.003 0.0000000000
54330  -21.954  -17.673  38.350 0.0000000000
53197  -22.018  -18.590  37.139 0.0000000000
44766  -24.960  -25.080  35.279 0.0000000000
44773  -24.733  -25.695  34.953 0.0000000000
54196  -32.346  -18.211  47.293 0.0000000000
54195  -31.679  -17.459  46.936 0.0000000000
53075  -31.408  -18.447  47.066 0.0000000000
51973  -28.957  -19.885  46.823 0.0000000000
51948  -29.181  -19.784  47.067 0.0000000000
53087  -27.781  -19.704  46.149 0.0000000000
133076  -28.442  -19.862  43.792 0.0000000000
50877  -27.271  -20.854  43.574 0.0000000000
50886  -26.958  -21.135  43.443 0.0000000000
50876  -26.924  -20.679  43.700 0.0000000000
130839  -26.609  -21.282  42.818 0.0000000000
141501  -27.063  -22.692  42.372 0.0000000000
48736  -28.423  -22.652  40.559 0.0000000000
47693  -28.779  -23.501  41.017 0.0000000000
47692  -28.267  -23.396  41.700 0.0000000000
46676  -27.792  -24.066  41.935 0.0000000000
142250  -27.463  -24.336  41.410 0.0000000000
54304  -44.665  -17.374  40.182 0.0000000000
54305  -45.429  -17.025  39.670 0.0000000000
56639  -46.023  -15.956  39.721 0.0000000000
57654  -46.452  -15.273  39.503 0.0000000000
59792  -46.517  -12.821  39.518 0.0000000000
59778  -43.532  -12.824  40.372 0.0000000000
59789  -43.164  -13.460  40.099 0.0000000000
145525  -43.455  -13.977  39.791 0.0000000000
57651  -43.342  -14.665  39.798 0.0000000000
56623  -42.996  -16.881  40.681 0.0000000000
54282  -42.675  -17.667  40.473 0.0000000000
55499  -43.841  -17.584  40.662 0.0000000000
54284  -44.471  -17.884  40.510 0.0000000000
57746  -38.590  -14.148  26.038 0.0000000000
56749  -38.922  -15.647  25.600 0.0000000000
124778  -38.868  -15.418  24.923 0.0000000000
56760  -39.044  -15.584  24.295 0.0000000000
57752  -38.873  -14.897  24.500 0.0000000000
60032  -39.295  -13.263  24.690 0.0000000000
56524  -30.319  -15.761  49.131 0.0000000000
56537  -30.026  -15.885  48.215 0.0000000000
56538  -30.679  -16.212  48.307 0.0000000000
55419  -30.541  -16.485  47.280 0.0000000000
55433  -30.955  -17.130  46.587 0.0000000000
55678  -35.947  -16.820  28.065 0.0000000000
61018  -42.915  -12.123  35.185 0.0000000000
61044  -41.941  -12.069  34.365 0.0000000000
147867  -42.515  -11.985  34.630 0.0000000000
61067  -42.489  -11.689  34.039 0.0000000000
62246  -42.475  -11.464  33.417 0.0000000000
62270  -42.102  -11.460  32.884 0.0000000000
62248  -44.054  -11.214  33.668 0.0000000000
62250  -45.676  -11.046  33.698 0.0000000000
58559  -36.186  -14.055  45.310 0.0000000000
57577  -35.741  -14.682  44.737 0.0000000000
136162  -35.624  -15.230  43.907 0.0000000000
56587  -35.500  -15.772  43.226 0.0000000000
54362  -32.778  -17.998  36.599 0.0000000000
54361  -32.333  -18.362  36.134 0.0000000000
53223  -31.583  -18.393  35.248 0.0000000000
53230  -31.035  -18.407  34.992 0.0000000000
124535  -29.997  -18.144  34.160 0.0000000000
124530  -28.909  -17.715  33.522 0.0000000000
126917  -29.717  -17.918  33.578 0.0000000000
54411  -28.356  -17.439  32.057 0.0000000000
55647  -34.069  -16.705  30.242 0.0000000000
55675  -33.935  -16.202  28.798 0.0000000000
56726  -33.674  -15.831  27.492 0.0000000000
63535  -51.233  -11.121  26.342 0.0000000000
135064  -50.944  -11.776  25.271 0.0000000000
148297  -51.823  -11.915  25.223 0.0000000000
62383  -53.627  -11.800  25.570 0.0000000000
62393  -53.166  -11.726  24.952 0.0000000000
52067  -25.191  -19.666  39.582 0.0000000000
52076  -24.967  -19.411  38.706 0.0000000000
49817  -25.178  -21.328  37.770 0.0000000000
46702  -25.835  -23.901  37.803 0.0000000000
53152  -29.318  -18.423  41.086 0.0000000000
52049  -28.854  -19.163  41.711 0.0000000000
53151  -28.733  -19.048  40.878 0.0000000000
55596  -37.431  -17.013  34.659 0.0000000000
145672  -36.930  -17.143  33.991 0.0000000000
56684  -38.968  -15.793  35.684 0.0000000000
57679  -44.451  -15.182  37.885 0.0000000000
57692  -43.337  -14.722  37.428 0.0000000000
57694  -44.957  -14.648  37.596 0.0000000000
58706  -44.529  -14.036  37.251 0.0000000000
58731  -44.115  -13.601  36.945 0.0000000000
59851  -44.030  -13.024  36.527 0.0000000000
59835  -44.789  -13.307  36.928 0.0000000000
59853  -46.009  -12.684  37.034 0.0000000000
62174  -47.696  -11.525  37.476 0.0000000000
59744  -39.590  -13.314  43.042 0.0000000000
58597  -39.102  -13.737  42.417 0.0000000000
58598  -39.795  -13.533  42.252 0.0000000000
58615  -39.318  -13.904  41.612 0.0000000000
57628  -39.115  -14.530  41.189 0.0000000000
54300  -39.756  -16.914  40.704 0.0000000000
147406  -39.591  -16.728  41.017 0.0000000000
55511  -38.559  -17.055  39.940 0.0000000000
55527  -36.211  -16.766  38.969 0.0000000000
146808  -35.666  -16.840  38.679 0.0000000000
55561  -34.880  -16.768  37.094 0.0000000000
55574  -34.554  -16.792  36.430 0.0000000000
132061  -34.263  -16.786  35.863 0.0000000000
132176  -34.862  -16.705  35.803 0.0000000000
128682  -37.229  -16.784  36.283 0.0000000000
55578  -37.937  -16.720  36.549 0.0000000000
55595  -36.908  -16.947  34.993 0.0000000000
55603  -36.817  -17.026  34.277 0.0000000000
58510  -27.659  -13.577  46.900 0.0000000000
58539  -27.608  -13.957  45.510 0.0000000000
58524  -28.089  -14.179  46.263 0.0000000000
57573  -28.211  -15.128  45.140 0.0000000000
133263  -28.186  -17.486  45.746 0.0000000000
55455  -27.490  -17.526  44.517 0.0000000000
54240  -27.223  -17.732  43.888 0.0000000000
54260  -26.850  -17.834  42.582 0.0000000000
53136  -26.272  -19.462  42.415 0.0000000000
54406  -37.972  -17.741  32.981 0.0000000000
54416  -38.098  -18.064  32.512 0.0000000000
137886  -38.685  -18.326  32.264 0.0000000000
55638  -38.915  -17.203  31.868 0.0000000000
54428  -40.274  -18.495  31.752 0.0000000000
55639  -40.123  -17.913  31.711 0.0000000000
53251  -40.987  -18.698  31.595 0.0000000000
61138  -39.331  -12.435  30.332 0.0000000000
59969  -38.921  -12.777  29.902 0.0000000000
61139  -40.010  -12.195  30.106 0.0000000000
61152  -39.447  -12.489  29.484 0.0000000000
145690  -39.262  -12.666  28.947 0.0000000000
142007  -39.103  -12.848  28.500 0.0000000000
61168  -39.731  -12.538  28.624 0.0000000000
61154  -41.199  -12.201  29.105 0.0000000000
61155  -42.042  -12.227  28.986 0.0000000000
144836  -35.261  -17.030  48.350 0.0000000000
54186  -34.971  -17.893  48.208 0.0000000000
54187  -35.233  -17.716  48.127 0.0000000000
53077  -35.094  -18.574  47.471 0.0000000000
51994  -34.716  -20.228  44.530 0.0000000000
53097  -34.624  -19.281  45.104 0.0000000000
52008  -33.164  -19.688  43.734 0.0000000000
53109  -32.774  -19.026  43.136 0.0000000000
54263  -37.204  -17.521  42.227 0.0000000000
54252  -37.708  -18.177  42.515 0.0000000000
52042  -37.205  -20.107  42.472 0.0000000000
52052  -36.013  -20.223  41.452 0.0000000000
53192  -31.935  -18.387  38.065 0.0000000000
53180  -32.458  -18.451  38.578 0.0000000000
140428  -31.618  -18.035  38.924 0.0000000000
54315  -30.866  -17.793  38.887 0.0000000000
134486  -30.996  -17.745  39.412 0.0000000000
125741  -30.273  -17.706  38.487 0.0000000000
124207  -31.634  -16.704  31.462 0.0000000000
57508  -34.483  -14.215  50.311 0.0000000000
58473  -34.934  -13.472  50.272 0.0000000000
60823  -38.066  -12.164  47.874 0.0000000000
60873  -40.520  -12.075  45.206 0.0000000000
122656  -49.001  -12.409  42.611 0.0000000000
146148  -48.156  -8.935  42.009 0.0000000000
126280  -48.144  -9.199  42.239 0.0000000000
66796  -47.537  -8.160  41.381 0.0000000000
66806  -47.962  -7.814  40.862 0.0000000000
66830  -49.739  -7.351  39.011 0.0000000000
66840  -49.933  -7.611  38.380 0.0000000000
66839  -49.446  -7.936  38.244 0.0000000000
66852  -50.056  -7.755  37.730 0.0000000000
68007  -50.623  -7.481  37.328 0.0000000000
137817  -55.100  -9.743  35.878 0.0000000000
137754  -54.217  -9.576  36.891 0.0000000000
64534  -53.540  -9.042  36.972 0.0000000000
66853  -52.171  -7.994  36.166 0.0000000000
64544  -53.070  -9.128  36.414 0.0000000000
65765  -52.411  -8.765  35.667 0.0000000000
66901  -51.697  -8.064  34.769 0.0000000000
64568  -50.301  -8.956  34.292 0.0000000000
65778  -51.810  -8.731  34.300 0.0000000000
65792  -51.768  -9.405  34.034 0.0000000000
124773  -51.439  -9.916  33.855 0.0000000000
61088  -52.550  -12.591  32.685 0.0000000000
62281  -52.276  -12.264  33.134 0.0000000000
59926  -51.435  -13.776  32.845 0.0000000000
58812  -49.608  -14.310  32.251 0.0000000000
144616  -48.223  -13.798  31.858 0.0000000000
125235  -46.722  -13.554  30.758 0.0000000000
59973  -46.897  -13.608  30.004 0.0000000000
59988  -46.385  -13.280  29.323 0.0000000000
61159  -50.504  -12.538  28.774 0.0000000000
60005  -50.836  -13.271  28.354 0.0000000000
62354  -48.949  -12.137  26.592 0.0000000000
129208  -49.102  -12.515  26.980 0.0000000000
61201  -48.190  -12.284  26.908 0.0000000000
61187  -46.751  -12.469  27.264 0.0000000000
61198  -45.656  -12.037  26.606 0.0000000000
61213  -44.416  -11.756  26.144 0.0000000000
62360  -44.068  -11.330  25.537 0.0000000000
62377  -44.501  -10.838  24.997 0.0000000000
63560  -46.247  -9.920  24.217 0.0000000000
64754  -44.928  -9.671  23.558 0.0000000000
64773  -43.420  -9.772  22.726 0.0000000000
137344  -49.128  -6.983  23.471 0.0000000000
65971  -49.816  -8.087  23.571 0.0000000000
67066  -49.303  -7.454  23.035 0.0000000000
65973  -53.119  -8.903  23.458 0.0000000000
132499  -53.926  -9.600  21.992 0.0000000000
64815  -51.671  -9.553  21.568 0.0000000000
55442  -21.357  -16.821  45.748 0.0000000000
56592  -22.203  -15.834  43.110 0.0000000000
134073  -22.089  -16.020  42.398 0.0000000000
55479  -21.736  -16.456  42.070 0.0000000000
54271  -21.206  -17.765  40.681 0.0000000000
53163  -21.146  -18.226  40.105 0.0000000000
53177  -21.184  -18.402  39.259 0.0000000000
52074  -21.165  -19.046  38.171 0.0000000000
58591  -26.269  -14.317  43.110 0.0000000000
57601  -25.977  -14.529  42.460 0.0000000000
56605  -25.064  -15.332  40.901 0.0000000000
52082  -24.334  -18.987  37.216 0.0000000000
54344  -24.084  -17.737  37.609 0.0000000000
52089  -23.504  -19.039  36.443 0.0000000000
53206  -22.422  -18.908  36.596 0.0000000000
47729  -22.777  -23.270  35.285 0.0000000000
45743  -23.172  -24.707  34.917 0.0000000000
131870  -24.048  -26.106  34.749 0.0000000000
51950  -31.488  -19.959  47.380 0.0000000000
53060  -30.857  -19.574  47.373 0.0000000000
126305  -30.607  -19.622  47.287 0.0000000000
127539  -29.092  -19.782  46.004 0.0000000000
50878  -27.743  -20.750  43.236 0.0000000000
50896  -27.041  -21.799  42.958 0.0000000000
46678  -28.734  -24.243  41.616 0.0000000000
46677  -27.970  -24.193  41.890 0.0000000000
56668  -40.348  -15.806  37.437 0.0000000000
56669  -41.144  -15.642  37.629 0.0000000000
138034  -43.078  -16.143  38.566 0.0000000000
56661  -43.832  -15.783  38.309 0.0000000000
55555  -45.122  -16.447  38.935 0.0000000000
56663  -45.715  -15.900  38.487 0.0000000000
57680  -45.337  -15.277  38.039 0.0000000000
57681  -46.287  -15.450  38.279 0.0000000000
58690  -47.322  -14.680  38.336 0.0000000000
59819  -48.076  -13.658  38.467 0.0000000000
59764  -41.877  -12.847  41.641 0.0000000000
58617  -40.682  -13.526  41.306 0.0000000000
59776  -41.391  -13.317  41.082 0.0000000000
58655  -41.350  -14.320  40.141 0.0000000000
57648  -41.203  -14.934  40.214 0.0000000000
56634  -41.543  -15.703  40.358 0.0000000000
55496  -40.914  -16.876  40.718 0.0000000000
55530  -38.828  -16.810  39.068 0.0000000000
55547  -37.409  -16.449  37.840 0.0000000000
55549  -39.296  -16.688  38.356 0.0000000000
54322  -41.733  -17.510  39.833 0.0000000000
138946  -40.436  -16.759  38.505 0.0000000000
55566  -39.194  -16.453  37.677 0.0000000000
55567  -39.925  -16.402  37.936 0.0000000000
55721  -39.518  -16.195  24.080 0.0000000000
57536  -28.849  -14.643  48.762 0.0000000000
57544  -28.695  -14.853  47.840 0.0000000000
57545  -28.993  -15.369  47.821 0.0000000000
56556  -28.677  -16.224  46.706 0.0000000000
56548  -29.660  -16.082  47.468 0.0000000000
53086  -27.363  -19.483  45.646 0.0000000000
58768  -39.323  -13.985  34.331 0.0000000000
58782  -38.641  -14.320  33.206 0.0000000000
57731  -38.399  -15.077  32.077 0.0000000000
59911  -39.995  -12.756  33.484 0.0000000000
58796  -38.838  -13.491  32.863 0.0000000000
57733  -38.455  -15.147  31.235 0.0000000000
56703  -38.614  -15.610  30.661 0.0000000000
138343  -38.833  -16.033  30.212 0.0000000000
57736  -38.467  -14.668  30.433 0.0000000000
59953  -38.640  -13.220  30.928 0.0000000000
61118  -39.238  -12.507  30.924 0.0000000000
61080  -41.574  -11.582  32.296 0.0000000000
61120  -40.528  -11.988  31.277 0.0000000000
61102  -42.067  -11.579  31.612 0.0000000000
126115  -41.829  -11.836  30.945 0.0000000000
57556  -35.946  -15.296  47.221 0.0000000000
56557  -35.682  -16.182  46.906 0.0000000000
55446  -35.165  -16.485  46.153 0.0000000000
55445  -34.829  -16.573  45.294 0.0000000000
55456  -34.618  -16.976  44.553 0.0000000000
53110  -34.624  -18.678  44.180 0.0000000000
52010  -35.169  -20.684  43.966 0.0000000000
50865  -35.461  -21.751  43.415 0.0000000000
54296  -35.156  -17.779  39.619 0.0000000000
53173  -35.058  -18.794  40.128 0.0000000000
53183  -33.781  -18.367  39.092 0.0000000000
53182  -33.266  -18.436  38.695 0.0000000000
53213  -32.257  -18.555  36.688 0.0000000000
53203  -32.174  -18.599  37.339 0.0000000000
54348  -30.972  -18.231  36.918 0.0000000000
54359  -29.758  -17.800  36.287 0.0000000000
54374  -28.379  -17.614  35.562 0.0000000000
146448  -27.846  -17.547  34.024 0.0000000000
54390  -27.241  -17.578  33.362 0.0000000000
55633  -33.008  -16.548  30.829 0.0000000000
55661  -32.083  -16.067  29.696 0.0000000000
55645  -32.583  -16.357  30.286 0.0000000000
131400  -32.151  -15.748  28.586 0.0000000000
56715  -32.090  -15.683  27.924 0.0000000000
148499  -32.584  -15.703  27.807 0.0000000000
61005  -55.127  -11.566  35.899 0.0000000000
59854  -54.264  -12.325  35.874 0.0000000000
62229  -53.877  -11.286  35.202 0.0000000000
59899  -54.374  -13.370  34.991 0.0000000000
61069  -54.633  -12.178  34.436 0.0000000000
144575  -53.890  -9.948  33.671 0.0000000000
62284  -55.041  -10.617  31.869 0.0000000000
63423  -54.317  -10.195  32.804 0.0000000000
63422  -53.908  -10.533  32.551 0.0000000000
61089  -53.025  -11.933  32.520 0.0000000000
59927  -52.012  -13.920  32.369 0.0000000000
58829  -51.078  -14.461  31.531 0.0000000000
144285  -51.754  -12.857  27.475 0.0000000000
61216  -51.466  -12.931  26.808 0.0000000000
62364  -48.683  -11.572  26.097 0.0000000000
63534  -47.329  -10.786  25.303 0.0000000000
131124  -47.789  -10.420  24.738 0.0000000000
63561  -47.258  -9.853  24.054 0.0000000000
136166  -47.913  -9.531  23.537 0.0000000000
69279  -49.634  -5.665  21.986 0.0000000000
68198  -49.163  -6.773  21.699 0.0000000000
69293  -48.982  -6.243  20.940 0.0000000000
67100  -50.901  -7.648  21.138 0.0000000000
136660  -22.212  -15.653  45.872 0.0000000000
56554  -22.502  -15.116  46.167 0.0000000000
56564  -22.531  -15.210  45.393 0.0000000000
137856  -22.983  -14.921  44.097 0.0000000000
56585  -22.650  -15.382  43.696 0.0000000000
56593  -22.910  -15.339  42.963 0.0000000000
56603  -23.073  -15.577  41.798 0.0000000000
56632  -26.291  -16.129  40.529 0.0000000000
55510  -26.052  -16.921  40.152 0.0000000000
131431  -25.628  -17.227  39.449 0.0000000000
53188  -24.849  -18.592  38.318 0.0000000000
52075  -24.712  -19.162  37.901 0.0000000000
47731  -24.417  -23.096  35.421 0.0000000000
47732  -24.986  -23.489  35.827 0.0000000000
47724  -25.310  -23.333  36.585 0.0000000000
123980  -30.575  -18.997  44.239 0.0000000000
128422  -29.682  -19.258  44.559 0.0000000000
52023  -29.253  -19.263  43.165 0.0000000000
52037  -28.324  -20.019  42.521 0.0000000000
50898  -28.059  -21.179  42.137 0.0000000000
131450  -28.128  -22.149  41.870 0.0000000000
144843  -35.556  -17.072  29.849 0.0000000000
55637  -36.217  -17.275  31.206 0.0000000000
54405  -37.373  -17.679  32.793 0.0000000000
57722  -39.126  -14.760  34.709 0.0000000000
138986  -40.052  -14.902  36.202 0.0000000000
57691  -42.420  -14.778  37.335 0.0000000000
57708  -41.204  -14.604  36.804 0.0000000000
57717  -39.338  -15.023  35.384 0.0000000000
57718  -39.859  -14.638  35.668 0.0000000000
57723  -39.601  -14.285  35.031 0.0000000000
57727  -38.878  -14.551  33.979 0.0000000000
59872  -40.646  -13.188  34.955 0.0000000000
144406  -41.836  -12.796  35.376 0.0000000000
59850  -43.288  -13.087  36.322 0.0000000000
59875  -43.109  -12.614  35.803 0.0000000000
61019  -43.737  -12.121  35.522 0.0000000000
61020  -44.567  -11.892  35.562 0.0000000000
62205  -45.838  -11.287  35.215 0.0000000000
58562  -37.880  -13.647  44.107 0.0000000000
58579  -37.326  -14.073  43.373 0.0000000000
57609  -37.346  -14.605  42.555 0.0000000000
57610  -38.007  -14.472  42.137 0.0000000000
57626  -37.633  -15.187  41.859 0.0000000000
56608  -37.387  -15.999  41.812 0.0000000000
54264  -37.932  -17.656  42.326 0.0000000000
53161  -38.287  -18.281  42.247 0.0000000000
58634  -40.235  -14.060  40.871 0.0000000000
56619  -39.203  -15.426  40.969 0.0000000000
54278  -39.249  -16.871  41.325 0.0000000000
55494  -39.282  -16.869  41.354 0.0000000000
146278  -38.277  -17.702  41.770 0.0000000000
54297  -35.903  -17.960  40.227 0.0000000000
54350  -33.767  -17.508  37.638 0.0000000000
54339  -35.178  -17.036  38.471 0.0000000000
54378  -32.684  -17.800  35.838 0.0000000000
54385  -31.989  -17.879  34.858 0.0000000000
54403  -30.969  -17.650  33.115 0.0000000000
54404  -31.657  -17.449  33.372 0.0000000000
55609  -31.992  -16.988  32.722 0.0000000000
123503  -33.201  -16.802  34.240 0.0000000000
55621  -33.072  -16.666  31.867 0.0000000000
132187  -36.540  -16.595  36.775 0.0000000000
131736  -35.714  -16.675  35.725 0.0000000000
55587  -35.074  -16.623  35.090 0.0000000000
55611  -33.923  -16.643  32.821 0.0000000000
124285  -33.471  -16.645  31.382 0.0000000000
124284  -34.050  -16.677  31.685 0.0000000000
55635  -34.086  -16.702  31.080 0.0000000000
55623  -34.668  -16.735  31.605 0.0000000000
68151  -49.359  -7.426  24.955 0.0000000000
68163  -49.676  -6.862  24.829 0.0000000000
69251  -50.229  -6.279  24.632 0.0000000000
130735  -50.874  -5.859  24.386 0.0000000000
69260  -50.276  -5.879  23.823 0.0000000000
69269  -50.363  -5.545  23.116 0.0000000000
70301  -50.901  -4.972  22.873 0.0000000000
129257  -53.944  -3.920  24.038 0.0000000000
71279  -53.053  -4.203  23.717 0.0000000000
71294  -51.924  -4.265  22.926 0.0000000000
70315  -50.794  -4.681  22.142 0.0000000000
70334  -50.698  -4.472  21.393 0.0000000000
71331  -51.271  -3.914  20.897 0.0000000000
72429  -51.997  -3.578  20.754 0.0000000000
71340  -50.853  -3.913  20.066 0.0000000000
58555  -27.055  -14.059  44.254 0.0000000000
57586  -26.927  -14.474  43.202 0.0000000000
57621  -27.072  -15.241  42.304 0.0000000000
56576  -28.131  -15.986  44.908 0.0000000000
56607  -27.212  -16.018  42.144 0.0000000000
55480  -26.964  -16.459  41.520 0.0000000000
54272  -26.255  -18.421  41.705 0.0000000000
53165  -25.783  -18.674  40.654 0.0000000000
49795  -25.770  -21.538  40.153 0.0000000000
52077  -27.811  -19.534  38.380 0.0000000000
139045  -36.384  -17.090  28.560 0.0000000000
54442  -36.954  -17.382  29.089 0.0000000000
54459  -37.326  -17.433  27.724 0.0000000000
55626  -38.393  -17.374  32.655 0.0000000000
54427  -38.993  -18.512  31.773 0.0000000000
53250  -40.070  -18.644  31.756 0.0000000000
53255  -39.552  -18.796  31.395 0.0000000000
54444  -38.448  -18.311  29.568 0.0000000000
57738  -38.573  -14.940  29.203 0.0000000000
58857  -38.532  -13.665  27.383 0.0000000000
58859  -38.580  -13.838  26.699 0.0000000000
60020  -39.178  -13.207  26.513 0.0000000000
60011  -40.423  -12.728  26.562 0.0000000000
55398  -33.031  -16.679  49.398 0.0000000000
126208  -32.802  -16.835  48.872 0.0000000000
55422  -32.805  -17.583  47.512 0.0000000000
54197  -33.377  -18.453  47.646 0.0000000000
54198  -34.159  -18.428  47.898 0.0000000000
53062  -32.901  -19.439  47.615 0.0000000000
51951  -32.343  -20.189  47.443 0.0000000000
50826  -31.393  -20.096  46.556 0.0000000000
51976  -31.703  -19.725  45.593 0.0000000000
54214  -35.178  -18.407  47.168 0.0000000000
53076  -34.925  -19.364  46.894 0.0000000000
51978  -34.677  -20.406  45.525 0.0000000000
144649  -34.328  -21.069  46.309 0.0000000000
50829  -33.789  -21.067  46.553 0.0000000000
53121  -30.421  -18.545  42.707 0.0000000000
53122  -31.354  -18.436  42.632 0.0000000000
53138  -30.166  -18.309  41.965 0.0000000000
53167  -29.140  -18.294  40.313 0.0000000000
145848  -35.875  -15.571  42.946 0.0000000000
55465  -35.250  -16.494  42.748 0.0000000000
54262  -36.124  -17.378  42.229 0.0000000000
54250  -35.712  -18.067  42.574 0.0000000000
53125  -35.559  -18.882  43.120 0.0000000000
49772  -35.989  -22.371  43.106 0.0000000000
50889  -35.040  -21.683  42.550 0.0000000000
52062  -35.238  -19.759  40.756 0.0000000000
147047  -34.684  -20.013  40.832 0.0000000000
52060  -34.136  -19.514  40.475 0.0000000000
52051  -35.267  -20.819  41.430 0.0000000000
146976  -35.024  -21.120  41.672 0.0000000000
52040  -34.673  -21.048  41.949 0.0000000000
52039  -33.840  -20.118  41.747 0.0000000000
53141  -32.691  -18.609  41.713 0.0000000000
53154  -31.279  -17.888  41.183 0.0000000000
54294  -30.736  -17.667  40.024 0.0000000000
54293  -29.548  -17.821  39.763 0.0000000000
53178  -28.539  -18.502  39.111 0.0000000000
55660  -31.382  -15.925  29.340 0.0000000000
60937  -45.332  -11.773  40.248 0.0000000000
62131  -45.729  -11.120  40.726 0.0000000000
63288  -45.657  -9.996  42.155 0.0000000000
63281  -47.459  -10.361  42.900 0.0000000000
137828  -23.736  -13.616  46.163 0.0000000000
58537  -25.068  -13.074  45.711 0.0000000000
59686  -26.005  -12.960  46.026 0.0000000000
59671  -27.071  -13.143  46.692 0.0000000000
58497  -27.805  -13.468  47.743 0.0000000000
58489  -28.460  -14.072  49.133 0.0000000000
57526  -29.030  -14.585  49.605 0.0000000000
134903  -29.410  -14.835  49.839 0.0000000000
57516  -29.681  -14.857  50.166 0.0000000000
56509  -30.252  -15.382  50.016 0.0000000000
132820  -31.068  -15.752  50.114 0.0000000000
56511  -31.867  -16.092  49.994 0.0000000000
124943  -32.475  -16.038  50.136 0.0000000000
55386  -32.543  -16.350  49.802 0.0000000000
56512  -33.222  -16.400  49.802 0.0000000000
55387  -33.904  -16.555  49.511 0.0000000000
55388  -34.451  -16.396  49.360 0.0000000000
56515  -35.236  -15.343  49.476 0.0000000000
56526  -35.087  -16.039  49.146 0.0000000000
55401  -35.503  -16.277  48.687 0.0000000000
144872  -35.983  -15.768  48.627 0.0000000000
147016  -36.089  -15.797  48.222 0.0000000000
125995  -36.305  -14.513  48.275 0.0000000000
57546  -36.179  -15.290  47.977 0.0000000000
58543  -36.165  -14.070  46.065 0.0000000000
59675  -37.066  -13.214  46.700 0.0000000000
58544  -36.698  -13.592  45.947 0.0000000000
59678  -39.010  -12.354  46.279 0.0000000000
59725  -38.690  -13.457  44.011 0.0000000000
59727  -40.132  -12.900  43.702 0.0000000000
59746  -41.000  -12.849  42.703 0.0000000000
59747  -41.684  -12.599  42.478 0.0000000000
130452  -42.122  -12.006  43.036 0.0000000000
60922  -42.327  -12.327  42.186 0.0000000000
60923  -42.973  -12.108  41.875 0.0000000000
127769  -43.638  -11.921  41.581 0.0000000000
60924  -44.321  -11.695  41.314 0.0000000000
60936  -44.612  -12.009  40.491 0.0000000000
62141  -46.095  -11.550  39.998 0.0000000000
62132  -46.573  -10.858  40.385 0.0000000000
62142  -46.887  -11.503  39.770 0.0000000000
65685  -47.299  -8.766  41.179 0.0000000000
63309  -47.144  -10.147  40.190 0.0000000000
60949  -47.591  -12.084  39.404 0.0000000000
62144  -48.221  -12.044  39.154 0.0000000000
62151  -48.642  -11.725  38.726 0.0000000000
66797  -48.089  -7.616  41.247 0.0000000000
67967  -48.878  -7.034  39.918 0.0000000000
66820  -48.667  -7.445  39.862 0.0000000000
144960  -48.252  -8.192  39.851 0.0000000000
64515  -48.331  -9.223  39.350 0.0000000000
63318  -48.377  -10.039  39.029 0.0000000000
60970  -48.555  -12.135  38.574 0.0000000000
126910  -48.075  -11.644  37.798 0.0000000000
62175  -48.197  -11.230  37.876 0.0000000000
62191  -47.844  -10.822  37.294 0.0000000000
65733  -48.856  -8.265  38.175 0.0000000000
63355  -47.957  -10.054  37.087 0.0000000000
62190  -47.345  -11.062  36.764 0.0000000000
63354  -47.606  -10.455  36.445 0.0000000000
63368  -47.512  -10.280  35.547 0.0000000000
62207  -46.986  -10.741  35.319 0.0000000000
68009  -51.852  -6.773  37.547 0.0000000000
68020  -50.980  -7.392  37.027 0.0000000000
66867  -50.568  -7.445  36.499 0.0000000000
66883  -50.093  -7.433  35.777 0.0000000000
65763  -48.998  -8.147  35.463 0.0000000000
145778  -48.232  -9.257  35.311 0.0000000000
146944  -46.930  -10.612  34.684 0.0000000000
63381  -46.867  -10.605  34.165 0.0000000000
62251  -46.469  -10.978  33.593 0.0000000000
64586  -49.426  -10.014  33.925 0.0000000000
63402  -48.370  -10.396  33.818 0.0000000000
62275  -46.092  -11.192  32.943 0.0000000000
62296  -45.739  -11.476  32.278 0.0000000000
61105  -44.558  -11.847  31.638 0.0000000000
61106  -45.420  -12.078  31.651 0.0000000000
64570  -53.376  -9.686  34.602 0.0000000000
64590  -52.545  -9.837  33.874 0.0000000000
62256  -50.849  -11.189  33.397 0.0000000000
61068  -51.617  -12.069  33.321 0.0000000000
62280  -50.598  -12.098  33.102 0.0000000000
62279  -49.497  -11.750  32.831 0.0000000000
61083  -47.980  -12.077  32.280 0.0000000000
61107  -46.660  -12.297  31.928 0.0000000000
61123  -44.212  -12.105  30.993 0.0000000000
148020  -43.868  -12.263  30.206 0.0000000000
143763  -43.269  -12.259  29.576 0.0000000000
61156  -42.845  -12.289  28.928 0.0000000000
59970  -45.013  -12.859  29.733 0.0000000000
61157  -43.588  -12.424  28.874 0.0000000000
124032  -42.477  -12.389  28.221 0.0000000000
61182  -42.070  -12.435  27.454 0.0000000000
123560  -41.480  -12.525  27.017 0.0000000000
61193  -41.193  -12.472  26.367 0.0000000000
137649  -51.940  -13.030  31.681 0.0000000000
59974  -51.228  -14.054  31.030 0.0000000000
58841  -50.172  -14.360  30.301 0.0000000000
61204  -51.706  -12.975  27.408 0.0000000000
60018  -51.184  -13.116  27.751 0.0000000000
60003  -50.339  -13.434  28.256 0.0000000000
58854  -49.774  -13.815  28.873 0.0000000000
58848  -49.244  -14.006  29.430 0.0000000000
58847  -48.466  -13.977  29.700 0.0000000000
59989  -47.130  -13.481  29.215 0.0000000000
60012  -45.185  -12.783  27.830 0.0000000000
60013  -46.099  -12.788  27.733 0.0000000000
61173  -44.440  -12.661  27.776 0.0000000000
142950  -43.584  -12.350  27.091 0.0000000000
61194  -42.108  -12.279  26.610 0.0000000000
61209  -41.146  -12.223  25.561 0.0000000000
61208  -40.428  -12.427  25.248 0.0000000000
61225  -40.249  -12.229  24.575 0.0000000000
61227  -42.538  -11.683  25.501 0.0000000000
61233  -40.747  -11.820  24.199 0.0000000000
61232  -40.055  -12.092  23.862 0.0000000000
61239  -39.848  -12.023  23.114 0.0000000000
62378  -45.342  -10.684  25.030 0.0000000000
63542  -44.044  -10.497  24.396 0.0000000000
62392  -43.340  -10.741  24.304 0.0000000000
62390  -41.741  -11.116  23.627 0.0000000000
62398  -40.169  -11.622  22.729 0.0000000000
65945  -50.434  -9.010  24.582 0.0000000000
64740  -53.358  -10.691  25.222 0.0000000000
65957  -52.311  -9.143  23.896 0.0000000000
63567  -53.820  -10.950  24.724 0.0000000000
64758  -49.634  -10.120  23.653 0.0000000000
143865  -48.404  -9.333  23.129 0.0000000000
65993  -52.114  -8.456  22.850 0.0000000000
64781  -54.101  -10.193  23.324 0.0000000000
64801  -53.149  -9.923  22.341 0.0000000000
64800  -51.578  -9.770  22.231 0.0000000000
125723  -51.194  -10.000  22.719 0.0000000000
124439  -49.468  -9.368  22.526 0.0000000000
64799  -48.633  -8.957  22.526 0.0000000000
65970  -47.734  -8.988  22.846 0.0000000000
55443  -21.739  -16.465  45.207 0.0000000000
55462  -21.652  -16.430  43.568 0.0000000000
134564  -20.440  -20.776  39.319 0.0000000000
52066  -20.773  -19.575  39.358 0.0000000000
50907  -20.628  -20.152  38.971 0.0000000000
133324  -25.455  -13.671  44.333 0.0000000000
58570  -25.009  -13.964  43.646 0.0000000000
57585  -24.814  -14.371  42.974 0.0000000000
57599  -24.313  -14.683  42.539 0.0000000000
57617  -23.811  -15.147  41.990 0.0000000000
146709  -22.816  -16.014  40.629 0.0000000000
56631  -25.730  -16.093  40.062 0.0000000000
56652  -25.175  -16.127  39.704 0.0000000000
56630  -24.662  -15.915  39.939 0.0000000000
129004  -24.218  -17.185  38.148 0.0000000000
56651  -24.583  -16.296  39.443 0.0000000000
56629  -24.023  -16.009  39.879 0.0000000000
55508  -23.371  -16.207  39.767 0.0000000000
55507  -22.676  -16.310  40.135 0.0000000000
124513  -22.132  -16.845  39.605 0.0000000000
54310  -21.775  -17.448  39.165 0.0000000000
53187  -21.567  -18.340  37.943 0.0000000000
53196  -21.496  -19.106  37.380 0.0000000000
50921  -21.498  -19.835  36.785 0.0000000000
142450  -21.123  -20.358  37.160 0.0000000000
46721  -24.169  -24.268  34.926 0.0000000000
55421  -32.110  -17.040  47.481 0.0000000000
55420  -31.361  -16.910  47.125 0.0000000000
54211  -30.424  -17.681  46.419 0.0000000000
51949  -29.983  -19.598  47.252 0.0000000000
53073  -29.648  -18.859  46.872 0.0000000000
53072  -28.824  -19.224  46.712 0.0000000000
53071  -28.237  -19.293  46.345 0.0000000000
53095  -26.964  -19.655  45.210 0.0000000000
51989  -28.631  -19.840  45.223 0.0000000000
50862  -27.660  -20.418  43.901 0.0000000000
50849  -27.341  -20.284  44.740 0.0000000000
147518  -27.151  -20.104  45.216 0.0000000000
52002  -26.953  -20.110  44.754 0.0000000000
52021  -26.621  -20.220  43.384 0.0000000000
52047  -26.140  -20.318  42.206 0.0000000000
50895  -26.378  -21.177  42.229 0.0000000000
50902  -25.968  -21.022  41.365 0.0000000000
50910  -27.924  -20.351  39.000 0.0000000000
147730  -28.065  -21.099  39.638 0.0000000000
49797  -28.229  -21.972  41.003 0.0000000000
148135  -28.025  -22.935  42.279 0.0000000000
48722  -26.968  -23.227  41.692 0.0000000000
46695  -26.302  -23.963  38.813 0.0000000000
44772  -24.090  -25.432  34.779 0.0000000000
45738  -24.763  -24.471  35.268 0.0000000000
46717  -25.025  -24.080  35.700 0.0000000000
49779  -36.155  -22.369  42.940 0.0000000000
49780  -36.558  -21.916  42.917 0.0000000000
49832  -21.366  -20.626  36.544 0.0000000000
50815  -31.345  -20.102  47.101 0.0000000000
50816  -32.145  -20.375  47.187 0.0000000000
50818  -33.661  -20.779  47.114 0.0000000000
50819  -34.334  -20.830  46.863 0.0000000000
50827  -31.986  -20.418  46.904 0.0000000000
50828  -32.841  -20.810  46.803 0.0000000000
50840  -34.406  -20.965  45.855 0.0000000000
50850  -34.032  -20.873  45.065 0.0000000000
50866  -36.200  -22.198  43.095 0.0000000000
50879  -34.877  -21.457  43.223 0.0000000000
50880  -35.725  -22.166  43.000 0.0000000000
50891  -36.853  -21.315  42.618 0.0000000000
50908  -20.872  -19.610  38.566 0.0000000000
51965  -34.640  -20.461  46.406 0.0000000000
51988  -27.619  -20.110  45.342 0.0000000000
51993  -32.886  -19.768  44.477 0.0000000000
52011  -35.943  -21.103  43.479 0.0000000000
52029  -37.296  -19.519  42.597 0.0000000000
52041  -36.674  -20.588  42.105 0.0000000000
52061  -34.628  -19.474  40.393 0.0000000000
53053  -35.187  -18.137  47.902 0.0000000000
53074  -30.501  -18.792  47.062 0.0000000000
53126  -36.583  -19.085  42.873 0.0000000000
53142  -37.790  -18.990  42.313 0.0000000000
53143  -37.929  -18.598  42.404 0.0000000000
53160  -37.967  -18.221  41.875 0.0000000000
53181  -32.952  -18.482  38.956 0.0000000000
53191  -28.275  -18.265  38.231 0.0000000000
53193  -32.564  -18.592  37.934 0.0000000000
53204  -32.614  -18.442  37.318 0.0000000000
53208  -23.526  -18.420  36.743 0.0000000000
53211  -31.247  -18.500  36.312 0.0000000000
54174  -34.918  -17.378  48.493 0.0000000000
54185  -34.423  -17.865  48.207 0.0000000000
54221  -34.495  -17.529  45.246 0.0000000000
54251  -36.844  -18.179  42.531 0.0000000000
54275  -36.644  -18.062  40.755 0.0000000000
54279  -40.644  -17.044  40.436 0.0000000000
54280  -41.492  -17.178  40.580 0.0000000000
54281  -42.087  -17.346  40.575 0.0000000000
54283  -44.022  -18.125  40.440 0.0000000000
54285  -44.515  -17.765  40.441 0.0000000000
54301  -41.317  -17.348  40.116 0.0000000000
54302  -41.994  -17.462  40.343 0.0000000000
54303  -44.378  -17.948  40.454 0.0000000000
54309  -21.386  -17.846  39.459 0.0000000000
54323  -42.438  -17.652  40.131 0.0000000000
54325  -44.776  -17.426  39.994 0.0000000000
54333  -24.688  -17.748  38.172 0.0000000000
54334  -25.119  -18.080  38.647 0.0000000000
54341  -22.254  -17.951  37.536 0.0000000000
54342  -22.967  -17.799  37.304 0.0000000000
54351  -34.508  -17.087  37.534 0.0000000000
54379  -33.250  -17.359  36.100 0.0000000000
54382  -28.416  -17.616  34.846 0.0000000000
54391  -27.987  -17.537  33.492 0.0000000000
54426  -37.989  -18.189  31.715 0.0000000000
55454  -27.781  -16.274  44.132 0.0000000000
55464  -34.667  -17.028  43.768 0.0000000000
55469  -21.391  -16.902  42.498 0.0000000000
55473  -35.271  -17.258  42.480 0.0000000000
55495  -40.122  -16.754  40.812 0.0000000000
55513  -44.209  -17.065  40.612 0.0000000000
55514  -44.769  -17.245  40.206 0.0000000000
55515  -45.517  -16.791  39.762 0.0000000000
55532  -40.818  -17.099  39.091 0.0000000000
55533  -41.428  -17.218  39.230 0.0000000000
55536  -44.466  -17.257  39.524 0.0000000000
55537  -45.409  -16.994  39.464 0.0000000000
55538  -46.026  -16.563  39.450 0.0000000000
55543  -23.711  -16.832  38.544 0.0000000000
55556  -45.938  -16.360  38.956 0.0000000000
55557  -46.355  -16.231  39.070 0.0000000000
55558  -46.394  -16.168  39.247 0.0000000000
55601  -34.567  -16.617  34.042 0.0000000000
55604  -37.470  -17.140  33.955 0.0000000000
55605  -37.900  -17.028  33.838 0.0000000000
55634  -33.580  -16.612  30.748 0.0000000000
56501  -34.083  -15.486  49.993 0.0000000000
56536  -29.410  -15.583  48.061 0.0000000000
56567  -35.295  -15.805  45.958 0.0000000000
56622  -42.016  -16.667  40.667 0.0000000000
56633  -40.830  -15.569  40.454 0.0000000000
56636  -43.822  -16.492  40.494 0.0000000000
56637  -44.527  -16.311  40.213 0.0000000000
56640  -46.670  -15.811  39.135 0.0000000000
56662  -44.785  -15.797  38.363 0.0000000000
56708  -32.502  -15.888  29.054 0.0000000000
56725  -32.501  -15.628  27.331 0.0000000000
57502  -29.957  -14.836  50.468 0.0000000000
57592  -35.992  -15.212  43.277 0.0000000000
57620  -26.441  -14.928  42.018 0.0000000000
57633  -25.691  -15.175  41.206 0.0000000000
57649  -41.814  -14.876  40.074 0.0000000000
57653  -45.589  -15.311  39.766 0.0000000000
57693  -44.129  -14.643  37.477 0.0000000000
57696  -46.690  -14.976  38.196 0.0000000000
57706  -39.530  -15.272  36.045 0.0000000000
57709  -41.820  -14.498  36.977 0.0000000000
57741  -38.520  -14.602  28.446 0.0000000000
57745  -38.421  -14.548  26.572 0.0000000000
58599  -48.815  -12.516  43.091 0.0000000000
58636  -41.712  -13.734  40.448 0.0000000000
58657  -42.831  -14.106  39.878 0.0000000000
58660  -47.414  -14.280  39.118 0.0000000000
58676  -47.782  -14.688  38.689 0.0000000000
58691  -48.043  -14.363  38.577 0.0000000000
58705  -43.771  -14.140  37.143 0.0000000000
58709  -47.287  -13.735  38.077 0.0000000000
58727  -40.969  -14.180  36.267 0.0000000000
58730  -43.515  -13.634  36.733 0.0000000000
58754  -40.797  -13.739  35.673 0.0000000000
58756  -55.131  -13.298  34.931 0.0000000000
58770  -54.915  -13.544  34.820 0.0000000000
58771  -55.929  -12.685  34.772 0.0000000000
58772  -55.875  -13.426  34.213 0.0000000000
58783  -39.049  -13.734  33.600 0.0000000000
58798  -51.012  -14.415  32.571 0.0000000000
58799  -51.663  -14.268  32.451 0.0000000000
58800  -55.530  -13.509  34.189 0.0000000000
58811  -38.799  -13.205  32.112 0.0000000000
58813  -50.418  -14.665  32.240 0.0000000000
58815  -51.702  -14.282  32.253 0.0000000000
58826  -47.999  -14.041  31.420 0.0000000000
58828  -50.522  -14.682  31.669 0.0000000000
58830  -51.453  -14.291  31.847 0.0000000000
58837  -38.532  -13.910  29.953 0.0000000000
58840  -49.247  -14.320  30.268 0.0000000000
58867  -38.957  -14.102  24.684 0.0000000000
58871  -38.993  -14.355  24.003 0.0000000000
59794  -48.089  -12.939  39.033 0.0000000000
59820  -48.349  -13.398  38.620 0.0000000000
59836  -45.529  -13.201  37.132 0.0000000000
59874  -42.433  -12.714  35.561 0.0000000000
59876  -54.354  -12.741  35.254 0.0000000000
59877  -54.884  -12.901  35.230 0.0000000000
59879  -55.797  -12.372  35.091 0.0000000000
59896  -40.236  -12.941  34.196 0.0000000000
59912  -40.640  -12.435  33.710 0.0000000000
59924  -49.639  -13.646  32.603 0.0000000000
59925  -50.533  -13.774  32.825 0.0000000000
59928  -52.306  -13.336  32.469 0.0000000000
59940  -47.544  -13.496  31.757 0.0000000000
59943  -52.381  -13.220  32.286 0.0000000000
59954  -38.895  -12.780  30.629 0.0000000000
59955  -46.140  -13.168  30.850 0.0000000000
59957  -47.172  -13.612  31.288 0.0000000000
59972  -46.242  -13.320  30.123 0.0000000000
59983  -38.666  -13.263  29.501 0.0000000000
59984  -38.976  -12.841  29.163 0.0000000000
59986  -44.579  -12.714  29.219 0.0000000000
60002  -48.433  -13.330  28.444 0.0000000000
60009  -39.275  -13.061  27.097 0.0000000000
60021  -39.750  -12.957  26.381 0.0000000000
60037  -39.300  -13.099  23.927 0.0000000000
60911  -49.505  -11.293  42.992 0.0000000000
60935  -43.907  -12.224  40.756 0.0000000000
60947  -45.786  -12.221  39.745 0.0000000000
60948  -46.701  -12.099  39.608 0.0000000000
60958  -48.600  -12.573  38.709 0.0000000000
60983  -48.001  -12.149  38.006 0.0000000000
60985  -54.080  -11.713  36.835 0.0000000000
60998  -43.673  -12.618  36.071 0.0000000000
61003  -53.798  -11.895  36.480 0.0000000000
61023  -53.700  -12.313  36.123 0.0000000000
61024  -55.169  -12.214  35.434 0.0000000000
61025  -55.692  -11.616  35.324 0.0000000000
61045  -43.049  -11.707  34.488 0.0000000000
61046  -44.169  -11.602  34.950 0.0000000000
61047  -53.921  -12.555  35.426 0.0000000000
61048  -54.154  -11.951  34.989 0.0000000000
61049  -56.716  -12.067  34.237 0.0000000000
61065  -40.429  -12.227  32.945 0.0000000000
61079  -41.051  -11.832  32.717 0.0000000000
61081  -46.445  -11.558  32.312 0.0000000000
61082  -47.169  -11.767  32.295 0.0000000000
61086  -51.363  -12.915  33.120 0.0000000000
61087  -52.015  -13.071  32.890 0.0000000000
61090  -54.853  -10.746  33.214 0.0000000000
61099  -39.434  -12.442  31.366 0.0000000000
61111  -53.081  -11.743  32.147 0.0000000000
61119  -39.822  -12.216  30.906 0.0000000000
61125  -46.166  -12.734  31.495 0.0000000000
61127  -52.751  -12.348  32.133 0.0000000000
61158  -43.989  -12.460  29.413 0.0000000000
61185  -44.825  -12.520  27.332 0.0000000000
61214  -45.079  -11.770  26.265 0.0000000000
61226  -40.974  -12.003  24.874 0.0000000000
61231  -39.467  -12.478  23.544 0.0000000000
62106  -49.680  -10.800  42.594 0.0000000000
62107  -49.879  -11.074  42.501 0.0000000000
62122  -50.051  -10.807  42.212 0.0000000000
62130  -45.003  -11.397  41.025 0.0000000000
62152  -51.199  -11.230  40.887 0.0000000000
62162  -48.510  -11.404  38.446 0.0000000000
62176  -53.605  -10.967  37.035 0.0000000000
62177  -53.930  -11.083  36.972 0.0000000000
62192  -53.475  -11.405  36.951 0.0000000000
62206  -46.441  -11.123  35.489 0.0000000000
62208  -53.246  -10.999  35.990 0.0000000000
62209  -53.460  -11.017  35.713 0.0000000000
62249  -44.864  -11.144  33.633 0.0000000000
62252  -47.224  -10.909  33.519 0.0000000000
62257  -52.162  -11.512  33.424 0.0000000000
62259  -54.738  -11.129  34.018 0.0000000000
62260  -54.933  -11.319  32.799 0.0000000000
62274  -45.322  -11.180  32.925 0.0000000000
62276  -46.848  -11.222  32.897 0.0000000000
62283  -53.239  -11.076  32.829 0.0000000000
62295  -44.964  -11.415  32.221 0.0000000000
62376  -43.710  -11.003  24.901 0.0000000000
62382  -52.948  -12.031  25.653 0.0000000000
62384  -53.756  -11.553  25.282 0.0000000000
63290  -49.743  -10.156  42.091 0.0000000000
63291  -50.219  -10.474  41.778 0.0000000000
63300  -46.046  -10.497  41.381 0.0000000000
63329  -48.566  -10.760  38.657 0.0000000000
63339  -48.349  -10.614  38.014 0.0000000000
63340  -53.406  -10.685  36.910 0.0000000000
63341  -53.610  -10.353  37.006 0.0000000000
63357  -54.296  -10.348  36.541 0.0000000000
63358  -54.814  -10.420  36.198 0.0000000000
63382  -47.391  -10.317  34.705 0.0000000000
63385  -53.887  -10.342  34.803 0.0000000000
63401  -47.613  -10.449  33.995 0.0000000000
63405  -51.093  -10.507  33.643 0.0000000000
63406  -51.901  -10.621  33.638 0.0000000000
63407  -52.397  -10.316  33.668 0.0000000000
63408  -53.013  -10.256  33.400 0.0000000000
63409  -54.123  -10.057  34.255 0.0000000000
63424  -54.454  -10.048  32.962 0.0000000000
63437  -54.515  -10.591  31.500 0.0000000000
63549  -52.072  -11.540  24.764 0.0000000000
63550  -53.762  -11.260  25.280 0.0000000000
63556  -42.287  -10.951  23.859 0.0000000000
63566  -53.544  -11.291  24.564 0.0000000000
63572  -42.176  -10.665  23.296 0.0000000000
64485  -46.901  -9.719  42.958 0.0000000000
64488  -49.132  -9.532  42.158 0.0000000000
64495  -47.116  -8.999  42.053 0.0000000000
64508  -47.103  -9.247  40.749 0.0000000000
64509  -47.709  -9.472  39.859 0.0000000000
64533  -53.485  -9.831  36.941 0.0000000000
64535  -53.803  -8.878  37.026 0.0000000000
64545  -54.274  -8.960  36.580 0.0000000000
64546  -54.947  -9.014  35.763 0.0000000000
64556  -52.878  -9.293  35.928 0.0000000000
64587  -49.971  -9.701  34.038 0.0000000000
64589  -52.041  -9.917  33.864 0.0000000000
64592  -53.736  -9.790  33.990 0.0000000000
64722  -51.406  -10.542  25.688 0.0000000000
64753  -44.024  -9.772  23.240 0.0000000000
64761  -53.836  -10.526  24.632 0.0000000000
64775  -45.376  -9.176  22.931 0.0000000000
64802  -54.225  -9.679  22.852 0.0000000000
65734  -52.949  -8.504  36.488 0.0000000000
65735  -53.467  -8.298  36.889 0.0000000000
65748  -52.392  -8.630  36.100 0.0000000000
65793  -52.253  -9.302  34.158 0.0000000000
65974  -54.198  -9.436  23.240 0.0000000000
65995  -54.349  -8.902  22.539 0.0000000000
66819  -48.265  -7.753  40.164 0.0000000000
66821  -49.147  -7.438  39.406 0.0000000000
66855  -53.111  -8.002  36.413 0.0000000000
66865  -49.044  -7.684  36.858 0.0000000000
66882  -49.312  -7.580  35.972 0.0000000000
66884  -50.834  -7.515  35.575 0.0000000000
66899  -50.427  -7.547  35.133 0.0000000000
66900  -51.041  -7.718  34.895 0.0000000000
67042  -49.237  -7.682  24.674 0.0000000000
67067  -50.137  -7.985  22.950 0.0000000000
67083  -49.866  -7.682  22.410 0.0000000000
67085  -53.403  -8.336  21.962 0.0000000000
67099  -49.818  -7.389  21.276 0.0000000000
68021  -51.537  -7.198  37.010 0.0000000000
69259  -49.483  -6.480  23.909 0.0000000000
69278  -49.168  -6.260  22.278 0.0000000000
69294  -49.128  -6.128  21.612 0.0000000000
70291  -51.093  -5.396  23.702 0.0000000000
70347  -49.148  -5.850  20.464 0.0000000000
70348  -49.705  -5.079  20.368 0.0000000000
71278  -52.255  -4.474  23.514 0.0000000000
71311  -51.371  -4.164  21.795 0.0000000000
71314  -53.535  -3.532  22.273 0.0000000000
71330  -50.451  -4.380  20.625 0.0000000000
72430  -52.670  -3.335  21.003 0.0000000000
121649  -48.946  -12.816  42.056 0.0000000000
121650  -50.391  -12.453  42.234 0.0000000000
121651  -50.375  -10.043  41.099 0.0000000000
121652  -48.625  -10.912  41.847 0.0000000000
122377  -50.159  -10.658  40.731 0.0000000000
122389  -50.462  -11.953  42.052 0.0000000000
122423  -50.082  -11.373  40.828 0.0000000000
122464  -50.888  -11.409  41.360 0.0000000000
122499  -50.948  -11.044  40.992 0.0000000000
122503  -51.071  -11.666  41.425 0.0000000000
122593  -51.113  -11.585  41.217 0.0000000000
122612  -49.037  -12.138  42.871 0.0000000000
122664  -48.984  -9.664  41.916 0.0000000000
122825  -48.133  -10.255  42.280 0.0000000000
123062  -48.434  -12.572  42.544 0.0000000000
123248  -48.304  -11.313  42.230 0.0000000000
123973  -41.178  -11.258  23.333 0.0000000000
124429  -48.773  -11.856  41.904 0.0000000000
124965  -50.690  -14.461  30.887 0.0000000000
126613  -49.489  -10.498  33.538 0.0000000000
127431  -40.460  -12.033  30.616 0.0000000000
127706  -38.466  -13.893  30.790 0.0000000000
127805  -49.675  -14.689  31.799 0.0000000000
128487  -47.299  -10.816  36.029 0.0000000000
128513  -50.131  -5.025  21.726 0.0000000000
128708  -21.237  -18.515  38.597 0.0000000000
128884  -49.786  -6.001  23.302 0.0000000000
129472  -42.271  -13.630  36.381 0.0000000000
129517  -53.589  -12.026  35.767 0.0000000000
129567  -52.105  -7.389  36.340 0.0000000000
130217  -50.081  -12.083  42.401 0.0000000000
130798  -54.699  -10.320  32.257 0.0000000000
131120  -40.651  -11.928  32.119 0.0000000000
131330  -25.132  -15.684  40.229 0.0000000000
131661  -45.673  -12.996  28.614 0.0000000000
131973  -22.918  -15.830  41.100 0.0000000000
132384  -47.380  -12.686  39.412 0.0000000000
132429  -50.690  -9.789  33.930 0.0000000000
132837  -48.396  -8.698  37.657 0.0000000000
133365  -41.839  -11.761  33.565 0.0000000000
133501  -22.201  -19.688  36.263 0.0000000000
134520  -44.895  -14.618  39.643 0.0000000000
134917  -43.266  -17.871  40.600 0.0000000000
135159  -54.500  -11.437  36.361 0.0000000000
135606  -47.857  -9.767  35.071 0.0000000000
136192  -47.147  -15.463  38.538 0.0000000000
137306  -44.647  -12.716  36.482 0.0000000000
137718  -34.471  -20.379  41.237 0.0000000000
137815  -54.644  -9.653  36.334 0.0000000000
137882  -53.755  -9.622  37.057 0.0000000000
138053  -46.743  -14.604  39.389 0.0000000000
138238  -34.965  -16.380  43.427 0.0000000000
138980  -44.909  -12.300  31.130 0.0000000000
139133  -48.789  -10.270  41.757 0.0000000000
139209  -51.035  -11.370  41.114 0.0000000000
139281  -49.869  -12.068  42.039 0.0000000000
139301  -49.052  -11.183  41.566 0.0000000000
139312  -49.828  -12.674  42.385 0.0000000000
139365  -50.617  -10.397  41.207 0.0000000000
139366  -51.254  -11.424  40.909 0.0000000000
139373  -51.310  -11.530  40.986 0.0000000000
139374  -50.525  -11.887  42.044 0.0000000000
139401  -50.443  -10.983  41.906 0.0000000000
139514  -49.732  -9.948  41.591 0.0000000000
139515  -50.632  -10.377  40.798 0.0000000000
139523  -49.714  -12.223  42.483 0.0000000000
139547  -50.739  -11.889  41.667 0.0000000000
139642  -48.394  -9.686  41.922 0.0000000000
139849  -49.228  -10.611  41.344 0.0000000000
139915  -50.875  -11.040  40.458 0.0000000000
139983  -41.526  -11.671  32.945 0.0000000000
140199  -42.284  -11.932  30.446 0.0000000000
140436  -35.794  -15.946  42.594 0.0000000000
140490  -42.831  -12.998  40.664 0.0000000000
141157  -48.993  -12.356  41.829 0.0000000000
142440  -55.405  -13.384  34.412 0.0000000000
142443  -48.858  -10.786  41.659 0.0000000000
142509  -36.520  -16.819  42.041 0.0000000000
143925  -42.801  -17.636  39.904 0.0000000000
144243  -45.955  -16.583  39.277 0.0000000000
144858  -49.629  -7.434  21.883 0.0000000000
145171  -34.876  -19.539  43.979 0.0000000000
145196  -49.971  -10.035  41.539 0.0000000000
145512  -42.562  -12.359  27.010 0.0000000000
145770  -40.246  -15.347  40.585 0.0000000000
145836  -43.939  -13.408  39.832 0.0000000000
145924  -44.294  -10.074  23.886 0.0000000000
146849  -52.042  -8.468  35.891 0.0000000000
147411  -32.241  -17.484  47.238 0.0000000000
147477  -54.722  -13.631  35.091 0.0000000000
147790  -50.212  -7.557  37.116 0.0000000000
148508  -34.951  -18.858  46.562 0.0000000000
148836  -35.105  -16.152  45.637 0.0000000000
148921  -50.239  -10.157  40.907 0.0000000000
