#!ascii label  , from subject sub-v2s1x29914_ses-1 vox2ras=TkReg
1003
129482  33.356  34.808  11.210 0.0000000000
92910  44.787  33.974  8.626 0.0000000000
89998  38.137  28.578  1.360 0.0000000000
88332  44.839  26.646  0.081 0.0000000000
91876  35.864  30.627  7.810 0.0000000000
92940  34.193  32.679  5.906 0.0000000000
91336  46.836  30.717  2.445 0.0000000000
92015  34.646  30.993  -6.393 0.0000000000
94419  37.753  36.349  6.503 0.0000000000
131732  38.063  34.881  7.764 0.0000000000
91859  42.688  32.051  9.401 0.0000000000
92527  34.762  32.191  -2.426 0.0000000000
118103  40.150  29.411  -5.345 0.0000000000
92450  42.776  32.025  4.153 0.0000000000
128597  45.641  30.080  -1.298 0.0000000000
93542  32.467  34.636  -7.308 0.0000000000
94913  39.300  38.012  10.788 0.0000000000
94390  35.417  35.695  9.667 0.0000000000
91286  39.193  30.455  8.278 0.0000000000
123033  34.359  30.632  2.551 0.0000000000
92502  33.836  32.503  0.474 0.0000000000
91398  36.475  29.952  -0.498 0.0000000000
91432  36.998  30.686  -3.078 0.0000000000
90043  39.478  28.641  -1.768 0.0000000000
94415  41.893  36.267  6.337 0.0000000000
119422  40.637  33.343  5.559 0.0000000000
130379  45.823  35.077  6.472 0.0000000000
90663  45.624  28.891  1.090 0.0000000000
91967  47.299  30.917  0.913 0.0000000000
90016  48.278  28.269  -1.137 0.0000000000
90058  46.851  28.787  -4.539 0.0000000000
89223  45.215  27.127  -1.421 0.0000000000
88322  41.739  26.361  1.317 0.0000000000
93382  31.435  34.154  9.861 0.0000000000
93406  34.294  33.760  8.518 0.0000000000
91327  36.448  29.746  4.236 0.0000000000
91884  43.689  31.094  6.176 0.0000000000
92416  47.669  32.786  5.364 0.0000000000
91321  43.888  29.824  4.327 0.0000000000
89984  44.088  28.095  2.280 0.0000000000
95566  34.353  37.624  7.051 0.0000000000
121170  36.767  37.873  7.779 0.0000000000
94934  39.178  36.784  7.421 0.0000000000
93426  40.944  34.344  6.948 0.0000000000
125918  36.902  32.512  7.676 0.0000000000
124893  39.290  32.255  7.482 0.0000000000
92402  42.890  32.565  8.733 0.0000000000
91292  41.550  30.108  7.445 0.0000000000
93384  29.640  33.870  9.965 0.0000000000
93982  33.280  34.633  -0.672 0.0000000000
93520  33.160  34.728  -3.533 0.0000000000
92542  35.454  32.207  -5.125 0.0000000000
91457  38.042  30.311  -7.997 0.0000000000
89284  38.758  28.282  -6.039 0.0000000000
93429  35.830  34.247  6.484 0.0000000000
91886  37.947  31.402  5.526 0.0000000000
90630  40.569  29.445  2.848 0.0000000000
134237  46.728  32.782  3.316 0.0000000000
91370  44.013  30.701  1.633 0.0000000000
126458  42.020  29.009  -0.088 0.0000000000
90720  43.013  29.247  -2.894 0.0000000000
90074  42.968  28.717  -6.244 0.0000000000
138691  31.295  34.545  -4.895 0.0000000000
94005  32.164  35.562  -5.952 0.0000000000
135983  36.428  35.851  11.574 0.0000000000
124299  34.634  35.301  10.702 0.0000000000
90653  36.387  29.203  2.251 0.0000000000
120889  35.585  29.894  1.241 0.0000000000
90683  36.958  29.177  0.652 0.0000000000
120997  37.499  29.207  -0.703 0.0000000000
90022  38.577  28.469  -0.154 0.0000000000
93901  44.343  35.496  7.726 0.0000000000
93928  43.098  35.879  6.606 0.0000000000
94413  46.827  36.614  8.144 0.0000000000
89203  45.862  27.340  0.270 0.0000000000
90005  46.853  28.371  -0.333 0.0000000000
88330  47.101  26.872  -0.537 0.0000000000
88375  48.103  25.289  -1.636 0.0000000000
88347  44.982  26.712  -0.191 0.0000000000
88320  43.905  26.329  0.618 0.0000000000
87484  44.828  25.839  0.469 0.0000000000
133505  31.738  32.511  8.819 0.0000000000
133143  34.297  31.311  4.776 0.0000000000
91890  34.583  31.624  5.416 0.0000000000
90596  42.404  29.524  5.580 0.0000000000
91895  44.033  30.715  5.419 0.0000000000
90602  42.641  29.203  4.897 0.0000000000
89177  43.291  27.406  2.950 0.0000000000
87455  44.548  25.452  2.726 0.0000000000
89187  44.568  27.473  1.876 0.0000000000
94400  37.495  36.895  8.708 0.0000000000
94925  37.828  37.462  8.681 0.0000000000
133105  38.596  35.757  7.774 0.0000000000
135042  40.227  35.755  7.069 0.0000000000
92926  39.459  34.253  7.153 0.0000000000
92393  35.005  31.927  8.138 0.0000000000
92904  35.410  32.668  8.038 0.0000000000
123408  36.579  31.703  7.724 0.0000000000
91860  41.842  31.988  9.394 0.0000000000
91285  39.812  31.182  8.037 0.0000000000
122957  41.645  31.979  8.648 0.0000000000
125088  41.521  32.466  7.953 0.0000000000
91873  42.488  32.060  8.959 0.0000000000
91881  42.474  31.265  7.728 0.0000000000
91284  41.753  30.773  8.301 0.0000000000
89149  40.055  27.561  7.354 0.0000000000
92520  34.453  32.105  -0.898 0.0000000000
93497  33.440  33.113  -0.500 0.0000000000
93507  33.336  33.491  -1.270 0.0000000000
93515  33.357  33.973  -2.183 0.0000000000
126091  34.323  32.662  -2.845 0.0000000000
93039  34.159  33.141  -4.897 0.0000000000
92534  35.442  32.019  -3.820 0.0000000000
91430  38.352  29.701  -4.050 0.0000000000
92005  37.618  30.843  -5.677 0.0000000000
91448  38.832  30.165  -6.896 0.0000000000
90080  38.666  29.179  -6.686 0.0000000000
90784  39.639  29.509  -7.146 0.0000000000
94421  36.085  36.353  6.758 0.0000000000
94422  35.322  35.513  6.796 0.0000000000
93915  37.128  35.334  6.461 0.0000000000
92432  41.600  32.180  4.932 0.0000000000
136721  39.787  32.369  5.413 0.0000000000
91896  40.497  31.253  4.665 0.0000000000
91922  39.385  30.492  4.413 0.0000000000
91938  41.601  30.593  3.590 0.0000000000
92447  47.230  31.994  4.225 0.0000000000
92943  48.460  33.478  4.740 0.0000000000
91914  48.201  32.062  2.852 0.0000000000
117429  46.552  30.255  -0.630 0.0000000000
91384  45.506  30.824  0.755 0.0000000000
116572  44.508  30.048  -0.146 0.0000000000
90680  43.196  29.657  0.667 0.0000000000
116399  43.332  29.364  -0.960 0.0000000000
90705  42.908  29.177  -1.808 0.0000000000
90718  44.602  29.683  -2.351 0.0000000000
116512  44.747  27.825  -4.517 0.0000000000
90068  44.764  28.802  -5.933 0.0000000000
89262  43.032  27.413  -4.167 0.0000000000
135167  41.119  26.872  -4.502 0.0000000000
93935  33.163  34.336  6.453 0.0000000000
92544  32.200  32.259  -5.122 0.0000000000
132019  33.754  31.936  -7.140 0.0000000000
95518  37.194  37.664  11.046 0.0000000000
94369  38.512  37.423  12.243 0.0000000000
94927  37.290  36.529  9.605 0.0000000000
93904  36.733  34.782  8.031 0.0000000000
91287  38.323  30.055  8.055 0.0000000000
91961  34.263  31.644  1.005 0.0000000000
91970  34.799  31.318  0.356 0.0000000000
91983  35.652  31.340  -1.560 0.0000000000
91991  35.829  31.446  -2.376 0.0000000000
91409  37.120  29.912  -1.720 0.0000000000
90725  38.372  29.205  -2.182 0.0000000000
90741  39.347  29.127  -3.185 0.0000000000
94430  39.823  36.281  6.072 0.0000000000
93932  39.323  35.241  5.861 0.0000000000
93930  40.961  35.118  5.843 0.0000000000
92932  42.031  33.965  5.620 0.0000000000
92959  43.114  32.692  4.624 0.0000000000
91368  46.326  29.837  1.389 0.0000000000
91351  47.879  31.718  1.444 0.0000000000
90662  46.590  29.648  0.752 0.0000000000
90690  47.461  29.484  -0.440 0.0000000000
91405  48.182  29.967  -1.579 0.0000000000
91429  46.979  29.791  -3.589 0.0000000000
90050  49.334  27.986  -3.028 0.0000000000
89235  46.464  27.254  -2.573 0.0000000000
89224  43.595  27.359  -1.552 0.0000000000
88321  42.697  26.410  0.950 0.0000000000
93866  32.144  34.428  10.523 0.0000000000
93880  33.671  34.941  9.611 0.0000000000
93408  32.618  33.571  8.769 0.0000000000
125758  33.245  32.391  8.540 0.0000000000
117553  34.327  30.538  8.285 0.0000000000
124281  33.653  31.580  3.452 0.0000000000
91344  35.285  29.628  3.682 0.0000000000
138211  37.118  29.210  3.128 0.0000000000
126569  44.537  32.468  7.520 0.0000000000
92923  46.812  34.547  7.762 0.0000000000
92417  44.951  32.209  6.445 0.0000000000
91894  44.804  31.081  5.078 0.0000000000
91319  45.400  30.547  3.614 0.0000000000
89962  43.115  28.549  3.503 0.0000000000
90629  43.692  28.940  3.235 0.0000000000
91354  45.052  29.608  2.571 0.0000000000
89983  44.632  28.049  1.708 0.0000000000
89196  45.171  27.343  1.200 0.0000000000
87483  45.889  26.520  0.662 0.0000000000
127524  45.058  25.926  0.158 0.0000000000
95555  35.919  37.939  7.315 0.0000000000
130373  36.863  37.783  7.330 0.0000000000
95527  38.012  37.854  9.362 0.0000000000
95554  37.543  37.607  7.946 0.0000000000
94952  39.012  36.876  7.038 0.0000000000
94939  39.888  36.639  6.871 0.0000000000
93911  41.826  36.252  6.500 0.0000000000
119181  42.965  33.883  7.815 0.0000000000
121755  34.533  34.720  8.634 0.0000000000
93404  36.155  34.251  8.070 0.0000000000
126538  37.102  33.334  7.697 0.0000000000
124951  38.105  31.199  7.667 0.0000000000
92406  38.322  32.022  7.561 0.0000000000
92914  38.494  33.048  7.433 0.0000000000
92925  40.195  33.654  7.073 0.0000000000
92911  42.450  32.824  8.187 0.0000000000
125927  43.834  33.101  8.660 0.0000000000
92415  43.164  31.937  7.908 0.0000000000
91290  42.519  30.614  6.789 0.0000000000
90597  41.872  29.181  5.909 0.0000000000
90586  40.988  29.651  7.782 0.0000000000
89944  40.764  28.263  6.616 0.0000000000
119178  31.523  34.315  10.799 0.0000000000
93383  30.500  34.016  9.940 0.0000000000
92891  28.458  32.790  9.986 0.0000000000
93975  33.768  34.698  0.130 0.0000000000
94486  33.938  35.760  -1.318 0.0000000000
93535  32.821  35.007  -6.019 0.0000000000
93050  34.132  32.929  -7.037 0.0000000000
92563  35.335  31.849  -8.062 0.0000000000
92006  36.743  31.291  -4.612 0.0000000000
92013  37.357  31.187  -7.309 0.0000000000
91463  36.577  30.585  -8.434 0.0000000000
93447  35.436  33.527  6.219 0.0000000000
93444  37.952  33.769  5.932 0.0000000000
92936  37.398  32.925  5.892 0.0000000000
92423  36.079  32.275  5.885 0.0000000000
91900  37.468  30.751  5.205 0.0000000000
91325  38.184  29.693  3.990 0.0000000000
134198  39.413  28.908  2.409 0.0000000000
93435  47.523  34.266  6.023 0.0000000000
92944  45.735  33.670  4.805 0.0000000000
92448  44.279  32.478  3.636 0.0000000000
92493  46.827  31.910  1.796 0.0000000000
92483  45.175  31.899  2.334 0.0000000000
91935  43.341  31.262  2.868 0.0000000000
91356  42.432  30.167  2.410 0.0000000000
90667  41.099  29.033  1.389 0.0000000000
89995  40.562  28.603  0.789 0.0000000000
90019  40.922  28.503  -0.701 0.0000000000
90707  41.319  28.806  -2.077 0.0000000000
116853  41.450  29.270  -3.976 0.0000000000
133779  45.386  29.470  -4.240 0.0000000000
90754  43.128  29.421  -4.881 0.0000000000
90770  41.229  29.203  -5.786 0.0000000000
121774  40.688  28.319  -5.869 0.0000000000
88336  41.074  26.472  0.837 0.0000000000
94006  31.613  35.574  -5.299 0.0000000000
124785  32.218  36.096  -5.308 0.0000000000
93851  33.847  34.897  12.438 0.0000000000
94372  34.240  35.097  11.370 0.0000000000
93864  33.851  35.015  10.481 0.0000000000
90670  37.365  28.868  1.406 0.0000000000
90671  36.634  29.166  1.506 0.0000000000
90682  37.730  28.814  0.684 0.0000000000
138320  38.063  28.752  0.134 0.0000000000
90010  38.408  28.518  0.583 0.0000000000
93413  45.043  35.070  8.553 0.0000000000
93900  45.422  36.180  7.972 0.0000000000
93403  45.863  35.722  8.570 0.0000000000
88318  45.601  27.095  0.522 0.0000000000
121836  46.402  27.225  -0.186 0.0000000000
88331  45.975  27.059  0.021 0.0000000000
138218  44.367  26.678  -0.224 0.0000000000
119507  45.158  26.201  0.327 0.0000000000
92941  33.335  32.909  5.781 0.0000000000
92949  33.591  32.301  5.443 0.0000000000
133733  34.817  32.200  5.773 0.0000000000
90603  42.059  28.872  5.209 0.0000000000
89952  42.280  28.527  4.532 0.0000000000
87456  44.003  26.190  2.735 0.0000000000
86620  45.424  25.518  2.131 0.0000000000
91451  35.282  30.608  -5.922 0.0000000000
123208  37.517  35.465  8.001 0.0000000000
94410  37.863  36.689  8.152 0.0000000000
93416  38.858  34.843  7.538 0.0000000000
91861  35.408  31.266  7.951 0.0000000000
92408  35.764  31.891  7.863 0.0000000000
91875  36.538  30.883  7.736 0.0000000000
138774  42.029  32.040  8.897 0.0000000000
91283  42.195  31.284  8.147 0.0000000000
119676  42.555  31.731  8.871 0.0000000000
92519  34.584  32.115  -1.618 0.0000000000
93025  33.922  32.664  -1.222 0.0000000000
93024  34.147  32.630  -2.129 0.0000000000
120891  33.628  33.160  -1.909 0.0000000000
92535  34.812  32.324  -3.279 0.0000000000
92526  35.394  31.894  -2.840 0.0000000000
90759  38.975  29.611  -4.846 0.0000000000
91439  38.681  29.993  -5.465 0.0000000000
131721  39.493  29.489  -5.477 0.0000000000
125557  39.477  29.761  -7.273 0.0000000000
90772  39.860  29.552  -6.449 0.0000000000
94420  36.960  36.301  6.630 0.0000000000
93914  37.895  35.431  6.166 0.0000000000
92431  42.374  32.449  4.866 0.0000000000
92433  40.815  31.957  5.011 0.0000000000
92452  41.312  31.451  4.549 0.0000000000
91920  40.971  30.772  4.046 0.0000000000
91919  41.775  31.141  3.944 0.0000000000
91933  46.531  30.937  3.197 0.0000000000
91915  47.672  31.697  3.422 0.0000000000
91932  47.857  31.387  2.714 0.0000000000
115660  45.845  30.462  0.094 0.0000000000
91396  45.211  30.121  -0.726 0.0000000000
91397  44.150  29.751  -0.866 0.0000000000
91408  44.759  29.851  -1.497 0.0000000000
90704  43.888  29.465  -1.758 0.0000000000
115933  45.442  29.964  -2.104 0.0000000000
116913  43.389  27.489  -3.244 0.0000000000
89261  43.900  27.588  -4.373 0.0000000000
89249  42.541  27.420  -3.156 0.0000000000
115557  42.174  27.237  -4.014 0.0000000000
93047  31.718  33.813  -5.852 0.0000000000
93053  32.193  33.754  -6.769 0.0000000000
92550  33.068  32.182  -6.632 0.0000000000
92559  32.807  33.077  -6.963 0.0000000000
94908  38.099  37.330  12.733 0.0000000000
94353  37.985  36.810  13.293 0.0000000000
94389  37.102  36.358  10.248 0.0000000000
94919  36.035  36.029  9.245 0.0000000000
94402  36.705  36.232  8.882 0.0000000000
137840  35.719  35.583  8.717 0.0000000000
92471  33.560  31.972  2.399 0.0000000000
92494  33.818  32.055  1.477 0.0000000000
91950  34.102  31.284  1.877 0.0000000000
91387  35.815  30.060  0.508 0.0000000000
91388  35.219  30.544  0.789 0.0000000000
91969  35.522  30.760  -0.049 0.0000000000
91977  35.102  31.356  -0.396 0.0000000000
91399  36.026  30.569  -0.671 0.0000000000
91411  36.023  30.916  -1.231 0.0000000000
91410  36.512  30.368  -1.302 0.0000000000
90708  38.817  28.832  -1.600 0.0000000000
90709  38.086  29.085  -1.305 0.0000000000
90724  39.086  28.976  -2.357 0.0000000000
90723  39.870  28.806  -2.523 0.0000000000
94428  41.328  36.495  6.363 0.0000000000
128785  41.069  35.952  5.979 0.0000000000
127013  42.063  36.095  6.061 0.0000000000
135283  43.872  35.527  6.336 0.0000000000
93439  42.513  34.872  5.891 0.0000000000
93456  44.082  34.327  5.759 0.0000000000
119115  43.534  33.428  5.243 0.0000000000
92945  44.452  33.489  4.968 0.0000000000
90017  47.563  27.992  -0.743 0.0000000000
90689  48.014  29.154  -0.999 0.0000000000
91394  47.898  29.748  -0.960 0.0000000000
90703  48.766  29.120  -1.553 0.0000000000
90717  48.969  29.417  -2.896 0.0000000000
90702  49.514  28.008  -2.232 0.0000000000
88363  46.292  26.572  -1.023 0.0000000000
89234  47.787  26.468  -2.441 0.0000000000
89222  46.322  26.651  -1.574 0.0000000000
122814  45.531  27.291  -2.218 0.0000000000
117403  44.315  27.373  -1.677 0.0000000000
89212  44.400  27.089  -0.899 0.0000000000
87485  43.308  26.077  1.102 0.0000000000
88334  43.352  26.607  0.348 0.0000000000
93882  32.339  34.388  9.682 0.0000000000
93397  32.028  33.883  9.242 0.0000000000
126386  32.466  32.638  8.661 0.0000000000
92395  32.806  31.814  8.609 0.0000000000
91863  33.911  31.152  8.424 0.0000000000
117277  33.553  30.484  8.529 0.0000000000
91307  35.316  30.437  4.711 0.0000000000
91329  34.943  30.175  3.975 0.0000000000
91328  35.644  29.901  4.220 0.0000000000
90618  35.916  29.427  3.665 0.0000000000
90617  36.742  29.332  3.510 0.0000000000
92418  44.033  31.833  6.774 0.0000000000
91302  43.643  30.101  5.012 0.0000000000
91301  44.333  30.404  4.718 0.0000000000
91917  45.136  30.793  4.348 0.0000000000
91320  44.560  30.175  3.996 0.0000000000
89963  42.496  28.085  3.783 0.0000000000
89178  42.728  27.313  3.390 0.0000000000
89188  43.873  27.481  2.462 0.0000000000
89974  43.503  28.151  2.875 0.0000000000
90648  43.965  28.657  2.690 0.0000000000
90628  44.313  29.270  2.940 0.0000000000
90647  44.540  28.802  2.224 0.0000000000
87471  45.137  26.309  1.655 0.0000000000
88312  45.319  26.928  1.224 0.0000000000
89195  45.548  27.296  0.708 0.0000000000
87470  46.113  26.226  0.917 0.0000000000
123907  45.969  26.064  0.039 0.0000000000
95541  35.551  37.942  8.694 0.0000000000
118832  34.762  38.118  7.675 0.0000000000
118845  35.769  38.091  7.696 0.0000000000
95509  38.808  38.082  10.958 0.0000000000
133257  38.749  38.059  10.264 0.0000000000
94917  38.579  37.837  9.693 0.0000000000
94936  38.206  36.988  7.979 0.0000000000
95538  37.876  37.480  8.704 0.0000000000
94935  38.626  36.942  7.634 0.0000000000
95553  38.352  37.232  7.353 0.0000000000
94940  39.542  36.714  7.057 0.0000000000
94407  39.578  36.636  7.161 0.0000000000
93912  40.869  35.538  6.888 0.0000000000
138792  40.585  36.058  6.975 0.0000000000
125970  41.549  35.402  6.860 0.0000000000
93425  42.544  35.343  6.894 0.0000000000
93415  41.930  34.044  7.171 0.0000000000
93893  33.702  34.531  8.836 0.0000000000
120669  36.168  32.551  7.790 0.0000000000
92917  35.908  33.454  7.969 0.0000000000
92916  36.521  33.125  7.774 0.0000000000
93419  36.583  33.873  7.878 0.0000000000
116455  37.831  30.509  7.785 0.0000000000
129061  38.718  30.722  7.847 0.0000000000
92405  40.237  31.845  7.831 0.0000000000
129012  39.068  31.430  7.722 0.0000000000
92913  39.396  33.195  7.203 0.0000000000
92912  40.407  32.587  7.515 0.0000000000
92403  42.295  32.196  8.723 0.0000000000
125830  43.310  32.871  8.647 0.0000000000
92401  43.251  32.496  8.740 0.0000000000
91871  42.993  32.001  8.156 0.0000000000
91291  42.025  30.434  7.119 0.0000000000
91297  42.197  29.877  6.313 0.0000000000
90592  41.679  29.550  6.645 0.0000000000
90587  40.368  29.052  8.155 0.0000000000
89945  40.303  28.070  7.123 0.0000000000
89153  40.737  27.451  6.150 0.0000000000
93854  31.139  34.524  11.430 0.0000000000
93868  30.025  34.379  10.468 0.0000000000
133849  30.237  33.512  9.692 0.0000000000
93498  33.186  33.906  -0.546 0.0000000000
93976  33.242  34.218  0.170 0.0000000000
94471  34.146  35.290  -0.281 0.0000000000
94485  34.529  35.677  -0.613 0.0000000000
95019  34.567  36.082  -1.264 0.0000000000
93988  33.561  35.241  -0.947 0.0000000000
93516  33.129  35.007  -2.555 0.0000000000
130211  32.805  35.827  -3.787 0.0000000000
93521  32.602  35.897  -5.093 0.0000000000
93527  33.003  34.952  -4.833 0.0000000000
92543  34.754  32.781  -5.241 0.0000000000
93045  34.143  33.155  -6.033 0.0000000000
92549  34.909  32.713  -6.340 0.0000000000
93057  34.295  32.554  -7.502 0.0000000000
92548  35.754  32.172  -6.717 0.0000000000
91990  36.413  31.077  -2.713 0.0000000000
92000  36.059  31.504  -3.421 0.0000000000
91999  36.667  31.102  -3.535 0.0000000000
91449  38.488  30.459  -7.169 0.0000000000
120358  37.240  31.201  -6.043 0.0000000000
92020  37.843  30.731  -8.254 0.0000000000
92021  37.258  30.968  -8.377 0.0000000000
91462  37.461  30.594  -8.520 0.0000000000
91458  37.341  30.146  -8.096 0.0000000000
90787  37.773  29.835  -7.745 0.0000000000
94944  34.430  36.820  6.830 0.0000000000
93917  35.399  34.737  6.710 0.0000000000
94423  34.431  35.725  6.831 0.0000000000
93918  34.661  34.788  6.740 0.0000000000
93430  34.997  34.082  6.489 0.0000000000
93443  39.467  34.247  5.771 0.0000000000
126679  38.694  34.442  5.859 0.0000000000
125499  38.776  33.492  5.771 0.0000000000
92420  38.414  32.099  5.618 0.0000000000
92935  38.163  32.848  5.790 0.0000000000
92421  37.656  32.146  5.699 0.0000000000
92422  36.881  32.195  5.813 0.0000000000
91887  37.171  31.410  5.658 0.0000000000
91888  36.345  31.491  5.711 0.0000000000
91899  38.247  30.804  5.037 0.0000000000
91323  39.773  30.121  3.930 0.0000000000
91324  39.040  29.951  4.001 0.0000000000
91342  39.431  29.605  3.496 0.0000000000
90632  38.937  29.170  2.915 0.0000000000
90631  39.779  29.298  2.919 0.0000000000
92931  47.036  33.761  6.423 0.0000000000
93423  47.355  34.660  6.741 0.0000000000
92930  47.814  33.830  5.570 0.0000000000
92973  47.821  33.058  3.728 0.0000000000
122988  47.963  33.614  4.405 0.0000000000
92974  46.499  33.230  4.052 0.0000000000
92957  44.930  33.031  4.170 0.0000000000
92975  45.402  32.698  3.443 0.0000000000
91381  47.805  30.867  0.912 0.0000000000
92492  48.058  31.745  1.287 0.0000000000
91959  47.560  31.383  1.088 0.0000000000
132751  44.576  30.612  1.039 0.0000000000
91947  45.720  31.554  1.740 0.0000000000
91948  44.586  31.328  1.994 0.0000000000
91934  44.176  31.629  2.605 0.0000000000
134563  43.821  31.102  2.275 0.0000000000
91936  42.632  30.729  2.874 0.0000000000
122759  43.272  30.103  1.468 0.0000000000
90681  42.317  29.282  0.637 0.0000000000
90666  41.865  29.313  1.309 0.0000000000
132144  41.419  28.939  0.549 0.0000000000
90007  40.735  28.457  -0.006 0.0000000000
90693  41.368  28.702  -0.193 0.0000000000
90706  41.935  28.925  -1.538 0.0000000000
90721  42.132  29.075  -2.460 0.0000000000
117401  41.421  29.023  -2.941 0.0000000000
116421  42.370  29.229  -3.655 0.0000000000
91438  46.701  29.181  -4.360 0.0000000000
90736  46.081  29.644  -3.904 0.0000000000
90751  45.834  29.165  -4.760 0.0000000000
90069  43.997  28.556  -6.109 0.0000000000
90766  44.603  28.914  -5.799 0.0000000000
90779  43.405  28.914  -6.283 0.0000000000
90768  42.888  29.182  -5.737 0.0000000000
90780  42.632  28.899  -6.035 0.0000000000
90076  41.199  28.751  -6.106 0.0000000000
131664  41.568  28.122  -5.612 0.0000000000
88385  40.716  26.805  -3.819 0.0000000000
88396  40.462  26.866  -4.323 0.0000000000
88350  41.941  26.817  -0.263 0.0000000000
93529  31.544  34.796  -5.742 0.0000000000
93537  32.044  34.866  -6.656 0.0000000000
129000  36.247  35.700  12.432 0.0000000000
94371  35.251  35.455  11.416 0.0000000000
94382  35.766  35.675  10.610 0.0000000000
135169  34.718  35.456  9.359 0.0000000000
91373  35.378  29.741  1.956 0.0000000000
91374  35.049  30.325  1.552 0.0000000000
90672  35.964  29.424  1.720 0.0000000000
90684  36.192  29.492  0.965 0.0000000000
90696  36.954  29.401  -0.209 0.0000000000
90711  36.953  29.636  -0.980 0.0000000000
90695  37.517  28.988  0.013 0.0000000000
90694  38.102  28.917  -0.456 0.0000000000
140080  39.209  28.560  -1.189 0.0000000000
93424  43.165  35.808  6.633 0.0000000000
94414  42.274  36.257  6.441 0.0000000000
93909  44.388  35.987  7.087 0.0000000000
123573  45.232  36.147  7.459 0.0000000000
93926  45.728  36.211  7.240 0.0000000000
89993  45.586  28.012  0.574 0.0000000000
90679  46.112  28.733  0.492 0.0000000000
90006  46.155  27.964  0.007 0.0000000000
89202  46.923  27.110  -0.377 0.0000000000
89211  48.003  26.201  -0.676 0.0000000000
89220  48.804  25.957  -1.171 0.0000000000
88329  47.532  26.246  -0.481 0.0000000000
88345  47.221  26.168  -0.548 0.0000000000
88364  45.302  26.922  -0.814 0.0000000000
88348  43.969  26.790  -0.188 0.0000000000
86635  43.800  25.637  1.058 0.0000000000
135758  30.868  33.542  9.539 0.0000000000
92899  31.867  33.207  8.894 0.0000000000
92900  31.164  32.840  9.146 0.0000000000
91904  33.711  31.620  4.370 0.0000000000
92960  33.327  32.122  4.719 0.0000000000
91903  34.985  31.057  5.127 0.0000000000
91306  36.131  30.272  4.822 0.0000000000
91296  42.754  30.145  6.009 0.0000000000
91295  43.375  30.406  5.727 0.0000000000
91303  43.006  29.812  5.293 0.0000000000
90601  43.244  29.522  4.601 0.0000000000
88306  43.213  26.675  3.127 0.0000000000
88313  44.467  26.893  2.142 0.0000000000
95540  36.821  37.897  8.562 0.0000000000
94926  38.181  37.029  9.481 0.0000000000
138216  38.381  36.824  7.910 0.0000000000
94409  38.721  36.647  7.710 0.0000000000
94408  39.333  36.468  7.405 0.0000000000
93902  39.059  35.956  7.660 0.0000000000
93913  39.630  35.537  7.344 0.0000000000
93427  40.175  34.799  7.034 0.0000000000
92905  34.529  32.693  8.327 0.0000000000
91274  40.345  31.182  8.721 0.0000000000
92404  41.363  32.128  8.098 0.0000000000
91872  42.565  32.041  8.654 0.0000000000
89941  40.084  28.240  7.721 0.0000000000
128220  40.162  26.949  7.044 0.0000000000
92510  34.015  32.397  -0.284 0.0000000000
93015  33.576  32.893  0.115 0.0000000000
93508  33.197  34.349  -1.417 0.0000000000
93029  33.688  33.361  -2.838 0.0000000000
93035  33.523  33.942  -3.878 0.0000000000
93034  34.124  33.046  -3.755 0.0000000000
125950  34.817  32.542  -4.258 0.0000000000
91431  37.665  30.213  -3.581 0.0000000000
91998  37.260  30.787  -4.182 0.0000000000
91440  38.120  30.320  -5.216 0.0000000000
91456  38.674  30.036  -7.606 0.0000000000
90786  38.370  29.782  -7.572 0.0000000000
117688  39.004  29.847  -7.386 0.0000000000
90785  39.459  29.630  -7.264 0.0000000000
90079  39.157  28.961  -6.725 0.0000000000
95565  35.150  37.535  6.996 0.0000000000
94943  35.229  36.563  6.827 0.0000000000
93916  36.198  35.210  6.718 0.0000000000
93428  36.659  34.413  6.396 0.0000000000
92948  41.109  32.740  5.305 0.0000000000
126815  39.657  33.089  5.621 0.0000000000
92933  40.340  32.530  5.338 0.0000000000
92434  39.955  31.804  5.139 0.0000000000
92435  39.306  31.469  5.131 0.0000000000
91898  38.985  30.925  4.884 0.0000000000
91897  39.714  31.082  4.759 0.0000000000
91322  40.430  30.265  3.850 0.0000000000
91340  41.014  30.099  3.365 0.0000000000
92429  46.807  32.290  5.088 0.0000000000
92428  48.159  32.836  4.531 0.0000000000
92445  48.193  32.629  3.474 0.0000000000
92466  47.652  32.491  2.699 0.0000000000
91383  46.912  30.356  0.463 0.0000000000
91968  46.740  30.908  0.735 0.0000000000
120970  44.675  30.334  0.497 0.0000000000
118203  43.899  30.216  0.946 0.0000000000
91385  43.908  29.977  0.340 0.0000000000
90691  43.531  29.600  -0.199 0.0000000000
134164  43.029  29.332  -0.483 0.0000000000
90692  42.523  29.116  -0.797 0.0000000000
117645  43.532  29.321  -2.448 0.0000000000
89259  45.652  28.220  -4.779 0.0000000000
90059  46.012  28.732  -5.119 0.0000000000
89260  45.007  28.407  -5.334 0.0000000000
89270  44.358  28.172  -5.414 0.0000000000
115774  43.061  28.180  -5.843 0.0000000000
89271  42.155  27.666  -5.323 0.0000000000
89263  41.806  27.105  -4.695 0.0000000000
88384  41.396  27.012  -3.929 0.0000000000
93449  33.194  33.578  6.134 0.0000000000
134952  31.409  33.670  -4.900 0.0000000000
116801  33.724  31.448  -6.228 0.0000000000
92023  34.646  31.390  -7.473 0.0000000000
95510  38.593  37.860  11.993 0.0000000000
94914  38.913  37.452  11.228 0.0000000000
94381  37.515  36.530  11.385 0.0000000000
94918  38.741  37.406  10.380 0.0000000000
94401  37.035  35.865  8.341 0.0000000000
91288  37.062  30.372  7.756 0.0000000000
90577  38.018  29.373  8.351 0.0000000000
90576  38.722  29.791  8.670 0.0000000000
91275  39.574  30.335  9.065 0.0000000000
91263  40.626  31.125  9.578 0.0000000000
91854  41.704  31.862  10.099 0.0000000000
91853  42.628  32.143  10.109 0.0000000000
91852  42.944  31.931  10.028 0.0000000000
91273  42.628  31.518  9.142 0.0000000000
93006  33.673  32.627  1.096 0.0000000000
135034  33.975  32.162  0.867 0.0000000000
130091  34.655  30.986  1.227 0.0000000000
92501  34.270  31.979  0.345 0.0000000000
92509  34.627  31.815  -0.326 0.0000000000
91984  35.033  31.658  -1.087 0.0000000000
92518  35.224  31.773  -1.974 0.0000000000
91982  36.217  30.977  -1.870 0.0000000000
91421  36.763  30.534  -2.184 0.0000000000
91420  37.379  30.108  -2.536 0.0000000000
90710  37.453  29.429  -1.341 0.0000000000
90726  37.693  29.495  -2.000 0.0000000000
90743  38.002  29.647  -2.863 0.0000000000
90742  38.648  29.327  -3.037 0.0000000000
132160  38.929  29.398  -3.806 0.0000000000
90758  39.614  29.295  -4.270 0.0000000000
94418  38.481  36.421  6.358 0.0000000000
93933  38.671  35.484  5.963 0.0000000000
140020  39.229  35.875  5.958 0.0000000000
93931  40.073  35.306  5.873 0.0000000000
93441  40.998  34.179  5.693 0.0000000000
93929  42.262  36.454  6.217 0.0000000000
93440  41.723  34.926  5.842 0.0000000000
120272  41.387  33.643  5.583 0.0000000000
92947  41.868  33.009  5.340 0.0000000000
91353  46.018  30.051  2.134 0.0000000000
91352  47.804  31.291  2.037 0.0000000000
124160  47.264  30.744  1.569 0.0000000000
91367  47.125  30.445  0.989 0.0000000000
91382  46.981  30.362  0.525 0.0000000000
90678  46.789  29.222  0.104 0.0000000000
91395  47.305  29.983  -0.311 0.0000000000
91406  47.417  30.088  -1.094 0.0000000000
91407  46.452  30.172  -1.611 0.0000000000
91418  46.376  30.066  -2.768 0.0000000000
129833  47.356  30.146  -2.824 0.0000000000
91428  47.918  29.801  -3.301 0.0000000000
90057  48.375  28.529  -3.788 0.0000000000
89233  49.518  26.956  -2.594 0.0000000000
89245  48.510  27.461  -3.075 0.0000000000
90051  47.570  28.378  -4.094 0.0000000000
89247  46.226  27.845  -3.852 0.0000000000
116859  44.275  27.602  -3.334 0.0000000000
89225  42.672  27.297  -1.386 0.0000000000
118338  42.528  26.656  0.292 0.0000000000
87486  42.308  26.096  1.605 0.0000000000
121818  32.645  34.600  11.070 0.0000000000
93865  32.983  34.685  10.261 0.0000000000
93881  33.025  34.570  9.349 0.0000000000
93407  33.434  33.674  8.670 0.0000000000
92907  33.100  33.042  8.629 0.0000000000
92906  33.756  32.962  8.542 0.0000000000
92394  34.238  31.826  8.347 0.0000000000
91862  34.670  31.226  8.209 0.0000000000
117597  35.082  30.631  8.020 0.0000000000
91940  33.918  31.206  2.733 0.0000000000
138765  34.097  31.191  4.101 0.0000000000
91939  34.326  30.794  3.467 0.0000000000
90637  34.846  29.986  3.117 0.0000000000
90636  35.495  29.497  3.100 0.0000000000
122212  36.807  29.135  2.786 0.0000000000
118101  37.797  28.728  2.084 0.0000000000
92400  44.611  33.182  8.447 0.0000000000
92909  45.703  34.152  8.544 0.0000000000
92413  45.631  33.241  7.360 0.0000000000
124982  46.240  32.707  6.022 0.0000000000
91883  44.420  31.447  5.844 0.0000000000
92430  45.408  31.844  5.495 0.0000000000
91893  45.846  31.503  4.693 0.0000000000
91916  46.286  31.199  3.937 0.0000000000
91337  45.667  30.282  2.890 0.0000000000
90615  42.852  28.887  4.191 0.0000000000
90614  43.460  29.242  3.908 0.0000000000
89975  42.941  27.926  3.230 0.0000000000
90613  44.077  29.594  3.610 0.0000000000
91338  44.779  29.933  3.269 0.0000000000
90646  45.369  29.281  1.870 0.0000000000
90664  44.973  28.595  1.623 0.0000000000
89994  45.126  28.021  1.138 0.0000000000
88319  45.698  26.687  0.710 0.0000000000
86634  45.877  25.978  -0.354 0.0000000000
95564  36.025  37.358  6.969 0.0000000000
94942  36.930  37.237  6.918 0.0000000000
94941  37.745  37.138  6.909 0.0000000000
119582  37.159  38.051  9.848 0.0000000000
95539  37.704  37.699  8.642 0.0000000000
95563  37.678  37.537  7.422 0.0000000000
127036  38.356  37.000  6.845 0.0000000000
94951  39.737  36.711  6.673 0.0000000000
94950  40.067  36.659  6.269 0.0000000000
94416  41.344  36.453  6.384 0.0000000000
94417  40.003  36.376  7.004 0.0000000000
128669  40.852  36.080  6.944 0.0000000000
93414  43.466  34.945  7.509 0.0000000000
118246  44.052  34.036  8.417 0.0000000000
94391  34.247  35.217  9.094 0.0000000000
94403  35.008  35.480  8.923 0.0000000000
119997  35.117  33.482  8.253 0.0000000000
93405  35.581  34.187  8.245 0.0000000000
93892  35.274  34.888  8.495 0.0000000000
93891  36.125  35.083  8.334 0.0000000000
93418  37.268  34.321  7.850 0.0000000000
91874  37.257  31.062  7.704 0.0000000000
92407  37.455  31.833  7.621 0.0000000000
92915  37.662  32.701  7.588 0.0000000000
93417  37.808  33.674  7.648 0.0000000000
118954  38.388  34.006  7.558 0.0000000000
124723  38.885  33.818  7.387 0.0000000000
92924  41.185  33.235  7.414 0.0000000000
92414  43.741  32.322  8.039 0.0000000000
91879  43.342  31.574  7.038 0.0000000000
91880  42.852  31.366  7.311 0.0000000000
91885  43.075  30.814  6.485 0.0000000000
89948  41.563  28.496  5.574 0.0000000000
90593  41.112  29.161  6.981 0.0000000000
89940  40.562  28.721  7.378 0.0000000000
90598  41.335  28.787  6.244 0.0000000000
89949  41.075  28.076  5.875 0.0000000000
93852  32.825  34.744  11.896 0.0000000000
93867  30.831  34.296  10.604 0.0000000000
124778  28.999  33.307  9.899 0.0000000000
92890  29.011  32.656  9.772 0.0000000000
92390  29.370  32.157  9.620 0.0000000000
95020  34.021  36.212  -2.046 0.0000000000
93989  33.185  35.219  -1.729 0.0000000000
94487  33.381  35.738  -2.051 0.0000000000
94499  33.581  36.095  -2.216 0.0000000000
93528  32.452  35.758  -5.746 0.0000000000
93541  32.742  34.597  -6.880 0.0000000000
93040  33.538  33.939  -4.826 0.0000000000
93046  33.467  33.892  -5.928 0.0000000000
93545  32.809  33.941  -7.185 0.0000000000
92564  33.682  32.793  -7.309 0.0000000000
92024  34.352  32.092  -7.585 0.0000000000
92022  35.777  31.026  -8.078 0.0000000000
92007  36.043  31.754  -4.448 0.0000000000
92541  36.499  31.701  -5.846 0.0000000000
92555  36.527  31.349  -8.446 0.0000000000
92029  36.189  31.128  -8.539 0.0000000000
92014  35.568  30.842  -7.278 0.0000000000
91450  36.337  30.339  -7.030 0.0000000000
90774  37.887  29.114  -6.519 0.0000000000
93919  33.833  34.880  6.688 0.0000000000
93431  34.017  33.997  6.464 0.0000000000
93448  34.601  33.377  6.246 0.0000000000
133201  38.119  34.681  5.985 0.0000000000
93934  37.461  34.517  6.147 0.0000000000
93445  37.057  33.691  6.054 0.0000000000
92934  38.837  32.710  5.679 0.0000000000
93446  36.234  33.637  6.155 0.0000000000
92937  36.589  32.956  5.941 0.0000000000
92938  35.817  32.956  6.019 0.0000000000
134297  35.447  32.398  5.893 0.0000000000
91889  35.440  31.661  5.687 0.0000000000
91902  35.803  30.900  5.297 0.0000000000
91305  36.968  30.200  4.770 0.0000000000
91923  38.615  30.312  4.524 0.0000000000
91304  37.804  30.199  4.647 0.0000000000
91326  37.283  29.695  4.149 0.0000000000
90633  38.185  29.282  3.237 0.0000000000
124380  38.221  28.959  2.626 0.0000000000
89985  38.720  28.610  2.109 0.0000000000
93411  46.656  35.260  8.515 0.0000000000
93906  47.229  36.145  8.103 0.0000000000
93436  46.970  35.544  7.023 0.0000000000
92929  48.080  33.701  5.066 0.0000000000
93454  46.729  34.287  5.716 0.0000000000
93455  45.157  34.228  5.676 0.0000000000
92958  43.893  32.840  4.367 0.0000000000
92449  43.478  32.252  3.891 0.0000000000
91931  48.050  31.785  2.130 0.0000000000
92465  48.063  31.956  2.360 0.0000000000
91960  46.281  31.235  1.161 0.0000000000
92482  46.566  32.023  2.154 0.0000000000
92467  45.968  32.375  2.788 0.0000000000
92468  44.697  32.189  2.971 0.0000000000
92469  43.807  31.919  3.234 0.0000000000
92470  43.106  31.676  3.530 0.0000000000
91937  42.187  30.895  3.406 0.0000000000
91339  41.884  30.272  2.980 0.0000000000
91358  41.310  29.680  2.650 0.0000000000
90665  42.607  29.632  1.344 0.0000000000
90649  41.550  29.414  1.990 0.0000000000
90650  40.836  29.192  2.136 0.0000000000
90651  40.085  29.009  2.284 0.0000000000
90669  39.551  28.545  1.810 0.0000000000
89997  38.949  28.439  1.220 0.0000000000
90008  39.934  28.317  0.152 0.0000000000
90020  40.179  28.367  -0.600 0.0000000000
90032  39.787  28.439  -1.192 0.0000000000
90030  41.155  28.649  -1.352 0.0000000000
90042  40.150  28.599  -1.808 0.0000000000
90722  40.649  28.738  -2.452 0.0000000000
90739  40.752  29.031  -3.284 0.0000000000
90757  40.612  29.239  -4.353 0.0000000000
91419  45.262  29.730  -3.216 0.0000000000
115599  44.476  29.555  -3.083 0.0000000000
90738  43.870  29.428  -3.364 0.0000000000
90067  45.393  28.667  -5.410 0.0000000000
90753  44.113  29.406  -4.808 0.0000000000
116444  43.301  29.396  -3.887 0.0000000000
90755  42.216  29.383  -4.860 0.0000000000
90756  41.424  29.404  -5.073 0.0000000000
118835  40.833  29.375  -5.390 0.0000000000
90771  40.425  29.243  -6.059 0.0000000000
90077  40.167  28.956  -6.408 0.0000000000
89282  39.984  28.328  -6.114 0.0000000000
89272  40.846  27.581  -5.238 0.0000000000
136345  40.269  27.854  -5.437 0.0000000000
88305  43.741  26.911  2.694 0.0000000000
88333  44.288  26.497  0.299 0.0000000000
88335  41.844  26.584  0.552 0.0000000000
88344  47.882  25.166  -1.175 0.0000000000
88346  46.398  27.064  -0.342 0.0000000000
88360  49.011  26.016  -2.203 0.0000000000
88361  48.856  25.450  -1.560 0.0000000000
88362  47.247  25.573  -1.181 0.0000000000
88404  40.842  27.071  -4.775 0.0000000000
88405  40.180  27.231  -4.876 0.0000000000
89219  49.536  26.477  -2.054 0.0000000000
89221  47.231  25.989  -1.825 0.0000000000
89236  44.691  27.445  -2.367 0.0000000000
89246  47.184  27.668  -3.486 0.0000000000
89248  45.318  27.676  -3.391 0.0000000000
89258  46.614  28.391  -4.487 0.0000000000
89264  41.412  27.246  -5.034 0.0000000000
89273  39.662  27.746  -5.410 0.0000000000
89281  42.414  28.359  -5.826 0.0000000000
89283  39.388  28.275  -6.155 0.0000000000
89996  39.743  28.455  0.993 0.0000000000
90009  39.119  28.365  0.348 0.0000000000
90018  41.653  28.787  -0.784 0.0000000000
90021  39.324  28.384  -0.522 0.0000000000
90029  49.026  27.447  -1.454 0.0000000000
90031  40.469  28.465  -1.239 0.0000000000
90033  38.672  28.653  -0.876 0.0000000000
90040  49.645  27.515  -2.600 0.0000000000
90041  40.729  28.623  -1.777 0.0000000000
90060  45.368  28.685  -5.468 0.0000000000
90066  46.127  28.905  -4.917 0.0000000000
90073  44.098  28.810  -6.234 0.0000000000
90075  42.174  28.738  -6.012 0.0000000000
90078  39.717  28.958  -6.703 0.0000000000
90083  39.987  28.956  -6.726 0.0000000000
90084  39.641  29.432  -7.093 0.0000000000
90588  37.535  29.838  7.924 0.0000000000
90616  37.490  29.333  3.476 0.0000000000
90634  37.496  29.056  2.777 0.0000000000
90635  36.167  29.286  2.962 0.0000000000
90652  37.059  28.980  2.133 0.0000000000
90654  35.745  29.414  2.425 0.0000000000
90655  35.212  29.658  2.576 0.0000000000
90668  40.330  28.761  1.580 0.0000000000
90716  49.577  28.474  -2.796 0.0000000000
90719  44.050  29.467  -2.572 0.0000000000
90733  49.142  28.736  -3.370 0.0000000000
90734  48.333  29.147  -3.710 0.0000000000
90735  47.494  29.373  -3.917 0.0000000000
90737  44.702  29.493  -4.001 0.0000000000
90740  40.083  29.077  -3.363 0.0000000000
90750  47.574  28.919  -4.236 0.0000000000
90752  45.050  29.214  -4.971 0.0000000000
90767  43.775  29.101  -5.852 0.0000000000
90769  42.052  29.187  -5.675 0.0000000000
90773  38.887  30.009  -6.432 0.0000000000
90781  41.731  28.925  -5.942 0.0000000000
90782  40.653  29.005  -6.138 0.0000000000
90783  40.049  29.325  -6.519 0.0000000000
91277  35.463  30.125  8.025 0.0000000000
91308  34.621  30.783  4.395 0.0000000000
91341  40.189  29.777  3.435 0.0000000000
91343  38.770  29.519  3.550 0.0000000000
91355  43.162  30.600  2.208 0.0000000000
91357  41.882  29.831  2.410 0.0000000000
91359  34.877  30.126  2.271 0.0000000000
91369  45.033  31.083  1.354 0.0000000000
91371  42.746  30.013  1.901 0.0000000000
91372  42.206  29.669  1.934 0.0000000000
91386  36.372  29.645  0.214 0.0000000000
91404  49.355  29.073  -2.271 0.0000000000
91416  48.176  30.061  -2.393 0.0000000000
91417  47.362  30.225  -1.986 0.0000000000
91901  36.648  30.786  5.311 0.0000000000
91918  42.467  31.416  3.794 0.0000000000
91921  40.130  30.660  4.279 0.0000000000
91949  34.578  30.676  1.881 0.0000000000
91958  47.736  31.615  1.275 0.0000000000
91976  35.574  31.117  -0.831 0.0000000000
92012  37.865  30.893  -7.324 0.0000000000
92028  36.807  30.892  -8.573 0.0000000000
92030  35.378  31.481  -8.259 0.0000000000
92033  36.323  31.246  -8.558 0.0000000000
92034  35.919  31.466  -8.525 0.0000000000
92419  39.228  32.124  5.464 0.0000000000
92424  34.202  32.080  5.578 0.0000000000
92427  48.444  33.040  4.119 0.0000000000
92436  38.683  31.451  5.314 0.0000000000
92446  48.321  32.474  3.721 0.0000000000
92451  42.060  31.761  4.354 0.0000000000
92453  33.260  32.033  3.980 0.0000000000
92480  47.887  31.774  1.740 0.0000000000
92481  47.906  32.012  2.114 0.0000000000
92547  36.671  31.664  -7.596 0.0000000000
92551  32.465  32.632  -6.141 0.0000000000
92552  31.968  32.962  -5.749 0.0000000000
92556  35.908  31.911  -7.812 0.0000000000
92557  35.027  32.414  -7.454 0.0000000000
92558  33.416  32.574  -7.239 0.0000000000
92562  36.021  31.579  -8.515 0.0000000000
92565  33.110  33.310  -7.239 0.0000000000
92939  35.063  32.861  6.022 0.0000000000
92946  42.673  33.493  5.447 0.0000000000
92955  48.464  33.390  4.246 0.0000000000
92956  47.071  33.769  4.786 0.0000000000
93016  33.238  33.516  0.163 0.0000000000
93051  33.367  33.622  -6.863 0.0000000000
93052  32.677  33.890  -7.202 0.0000000000
93058  33.475  33.220  -7.251 0.0000000000
93396  32.575  34.204  9.122 0.0000000000
93398  31.442  33.570  9.296 0.0000000000
93402  46.456  35.710  8.567 0.0000000000
93410  47.296  35.641  7.962 0.0000000000
93412  45.758  34.937  8.681 0.0000000000
93437  44.722  35.304  6.448 0.0000000000
93438  43.272  34.671  5.848 0.0000000000
93442  40.291  34.169  5.705 0.0000000000
93452  48.322  33.620  4.662 0.0000000000
93453  47.697  34.232  5.129 0.0000000000
93536  32.453  35.251  -6.604 0.0000000000
93894  33.052  34.170  8.855 0.0000000000
93897  47.178  36.289  8.219 0.0000000000
93898  47.121  36.154  8.269 0.0000000000
93899  46.589  36.458  8.264 0.0000000000
93903  38.229  36.167  7.907 0.0000000000
93907  46.779  36.573  8.008 0.0000000000
93908  46.231  36.498  7.886 0.0000000000
93910  42.260  36.238  6.312 0.0000000000
93925  47.354  35.243  7.216 0.0000000000
93927  44.402  35.956  6.961 0.0000000000
94370  37.586  36.463  12.498 0.0000000000
94383  34.539  35.333  9.910 0.0000000000
94406  47.036  36.502  8.201 0.0000000000
94429  40.525  36.363  6.071 0.0000000000
94431  39.181  36.466  6.244 0.0000000000
94907  38.999  37.808  11.361 0.0000000000
94938  40.818  36.550  6.445 0.0000000000
116977  42.633  27.444  -4.960 0.0000000000
117747  36.041  30.195  -0.096 0.0000000000
118327  36.034  31.269  7.774 0.0000000000
120161  48.464  26.981  -0.843 0.0000000000
120845  34.962  34.179  8.424 0.0000000000
127086  42.771  29.302  -0.028 0.0000000000
127294  33.845  33.265  6.159 0.0000000000
131847  33.535  31.746  8.511 0.0000000000
132389  43.591  28.748  -6.335 0.0000000000
132721  33.938  31.820  5.075 0.0000000000
132838  43.535  27.787  -5.298 0.0000000000
132863  36.471  30.302  7.778 0.0000000000
133098  42.750  31.190  3.298 0.0000000000
134918  40.564  36.501  6.731 0.0000000000
136025  48.822  29.705  -2.042 0.0000000000
136191  38.063  37.213  7.996 0.0000000000
137229  47.594  28.705  -4.281 0.0000000000
138562  40.334  28.878  -2.871 0.0000000000
139755  33.851  32.296  8.446 0.0000000000
