#!ascii label  , from subject sub-v2s1x29909_ses-1 vox2ras=TkReg
866
83707  12.655  4.085  50.648 0.0000000000
71339  4.964  -5.061  39.744 0.0000000000
78948  5.214  0.415  51.508 0.0000000000
79065  4.359  -0.111  44.036 0.0000000000
87228  5.742  6.469  39.370 0.0000000000
81406  9.520  2.088  51.326 0.0000000000
80282  8.392  1.702  47.628 0.0000000000
80205  14.581  1.995  54.349 0.0000000000
78944  10.993  0.642  52.573 0.0000000000
176759  8.285  -1.247  53.527 0.0000000000
86033  2.908  5.256  46.914 0.0000000000
82666  5.120  2.779  41.751 0.0000000000
89454  3.273  8.203  43.786 0.0000000000
72560  3.925  -3.948  50.893 0.0000000000
73889  5.259  -3.410  47.188 0.0000000000
77749  4.807  -0.267  47.154 0.0000000000
172124  6.350  3.304  45.410 0.0000000000
171542  8.511  -2.558  42.775 0.0000000000
79127  7.472  0.445  37.980 0.0000000000
167389  3.664  1.624  35.640 0.0000000000
89584  2.406  8.519  36.609 0.0000000000
82555  10.665  2.936  51.238 0.0000000000
155199  10.482  3.374  49.335 0.0000000000
81395  14.440  3.575  52.846 0.0000000000
78926  13.310  0.698  53.833 0.0000000000
82547  10.935  3.858  54.205 0.0000000000
81390  9.277  2.240  53.926 0.0000000000
88257  2.958  7.254  45.295 0.0000000000
76432  4.855  -1.483  50.894 0.0000000000
76456  4.011  -1.473  49.497 0.0000000000
79001  4.270  0.048  49.507 0.0000000000
82623  8.237  3.687  45.841 0.0000000000
81471  7.407  2.385  45.553 0.0000000000
77662  6.686  -0.417  54.008 0.0000000000
159846  7.324  -2.391  53.964 0.0000000000
76401  5.115  -1.408  53.444 0.0000000000
72546  4.598  -3.860  52.252 0.0000000000
75241  4.981  -1.969  45.194 0.0000000000
73911  7.357  -3.348  44.841 0.0000000000
77800  6.162  -0.837  43.504 0.0000000000
84964  6.010  4.883  40.809 0.0000000000
80405  7.412  1.730  40.200 0.0000000000
82714  7.330  3.509  38.319 0.0000000000
80427  5.586  1.267  36.940 0.0000000000
85012  5.850  4.736  37.329 0.0000000000
156930  6.635  1.521  51.551 0.0000000000
78980  6.866  0.968  49.887 0.0000000000
157075  8.401  1.334  49.535 0.0000000000
82602  9.582  3.334  47.323 0.0000000000
77672  15.726  -0.754  53.424 0.0000000000
76440  15.850  -0.807  50.339 0.0000000000
77690  15.045  0.110  52.147 0.0000000000
78964  12.933  0.121  50.847 0.0000000000
78946  9.789  0.271  53.024 0.0000000000
80212  8.720  1.241  53.704 0.0000000000
82639  3.601  2.898  44.595 0.0000000000
80372  4.147  1.050  42.854 0.0000000000
83799  3.373  3.847  43.671 0.0000000000
86071  3.868  5.548  42.994 0.0000000000
169295  4.415  7.244  41.739 0.0000000000
82567  14.388  2.973  49.585 0.0000000000
75115  18.675  -2.451  51.221 0.0000000000
75065  20.526  -1.945  55.058 0.0000000000
80196  16.399  1.412  54.443 0.0000000000
80235  15.805  2.038  51.626 0.0000000000
69958  3.844  -5.354  49.476 0.0000000000
69986  4.828  -5.204  48.132 0.0000000000
72571  4.698  -3.906  48.777 0.0000000000
161084  4.672  -2.108  47.570 0.0000000000
77770  5.157  -0.505  45.571 0.0000000000
79015  6.668  0.412  48.005 0.0000000000
79050  6.551  1.046  45.597 0.0000000000
80330  5.117  1.221  44.836 0.0000000000
83765  4.029  3.883  46.452 0.0000000000
70018  5.980  -5.970  45.750 0.0000000000
71299  7.261  -5.340  43.557 0.0000000000
72647  6.714  -4.088  41.019 0.0000000000
79093  6.988  0.675  42.015 0.0000000000
171161  8.736  -1.244  39.970 0.0000000000
73968  6.328  -2.906  39.165 0.0000000000
76570  4.883  -1.796  37.494 0.0000000000
77889  4.076  -0.981  36.166 0.0000000000
91695  3.420  10.007  42.389 0.0000000000
158104  4.168  8.746  39.865 0.0000000000
90648  3.278  10.078  38.546 0.0000000000
87248  3.464  7.677  37.738 0.0000000000
85027  3.426  5.035  36.105 0.0000000000
83708  11.917  3.839  50.831 0.0000000000
83714  11.664  4.034  49.820 0.0000000000
83713  12.203  4.032  50.016 0.0000000000
82560  13.188  4.072  51.428 0.0000000000
82546  12.345  4.664  54.033 0.0000000000
82561  12.329  4.185  51.746 0.0000000000
151564  11.580  4.062  52.020 0.0000000000
70110  4.693  -5.671  39.343 0.0000000000
72665  4.096  -4.520  38.643 0.0000000000
77698  5.173  -0.389  51.584 0.0000000000
77720  4.562  -0.406  50.243 0.0000000000
80255  4.847  0.397  50.650 0.0000000000
150476  16.408  -1.719  49.447 0.0000000000
77678  5.621  0.114  52.597 0.0000000000
76400  5.887  -0.994  53.788 0.0000000000
77679  5.174  -0.471  52.487 0.0000000000
75087  4.797  -1.897  52.305 0.0000000000
77786  4.803  -0.891  44.394 0.0000000000
76523  5.611  -1.218  44.029 0.0000000000
77801  5.136  -0.709  43.750 0.0000000000
157953  6.456  5.378  39.992 0.0000000000
83836  6.963  3.946  39.576 0.0000000000
176080  6.572  5.290  38.775 0.0000000000
83866  6.538  4.091  37.452 0.0000000000
85000  6.121  5.230  38.053 0.0000000000
80237  8.187  1.413  51.318 0.0000000000
155044  7.859  1.129  50.444 0.0000000000
80236  8.973  1.658  50.804 0.0000000000
82582  10.303  3.378  48.497 0.0000000000
83762  9.680  4.251  46.452 0.0000000000
78924  14.954  0.407  54.193 0.0000000000
77689  15.517  -0.344  52.539 0.0000000000
78940  14.379  0.474  52.977 0.0000000000
78927  12.376  0.586  53.300 0.0000000000
161698  13.192  0.463  52.463 0.0000000000
78943  11.860  0.428  52.032 0.0000000000
78945  10.415  0.438  52.642 0.0000000000
81398  9.317  2.175  52.807 0.0000000000
80211  9.142  1.513  54.150 0.0000000000
80223  8.340  1.493  52.549 0.0000000000
80213  7.766  1.376  53.233 0.0000000000
83781  3.516  3.854  45.589 0.0000000000
82650  3.308  2.916  43.822 0.0000000000
173522  3.038  5.109  45.216 0.0000000000
89444  3.184  7.912  44.653 0.0000000000
158574  3.280  6.104  43.831 0.0000000000
88300  3.410  7.567  43.348 0.0000000000
177323  4.456  6.220  42.161 0.0000000000
88299  3.625  7.733  42.726 0.0000000000
78904  17.052  0.038  55.347 0.0000000000
71221  3.551  -4.811  50.296 0.0000000000
165410  4.648  -4.421  48.945 0.0000000000
161379  4.154  -3.329  49.769 0.0000000000
165629  4.011  -0.723  48.364 0.0000000000
76477  4.239  -1.459  47.997 0.0000000000
77750  4.296  -0.709  47.535 0.0000000000
76486  4.741  -1.757  46.294 0.0000000000
77758  5.233  -0.392  46.289 0.0000000000
80268  7.985  0.862  48.821 0.0000000000
159606  6.912  0.525  48.559 0.0000000000
79014  7.424  0.592  48.093 0.0000000000
82625  6.902  2.872  45.356 0.0000000000
80329  6.994  1.648  45.591 0.0000000000
81472  6.696  2.117  45.348 0.0000000000
166242  5.847  1.018  45.218 0.0000000000
82626  6.002  2.612  45.208 0.0000000000
82627  4.943  2.810  45.277 0.0000000000
83764  4.921  3.835  46.216 0.0000000000
75134  14.323  -0.655  49.178 0.0000000000
75133  15.064  -0.978  49.077 0.0000000000
75103  8.450  -1.542  52.554 0.0000000000
163759  8.471  -2.452  51.953 0.0000000000
73828  8.158  -2.483  52.795 0.0000000000
157017  6.446  -3.618  53.377 0.0000000000
72535  6.953  -3.566  53.003 0.0000000000
72553  4.301  -3.958  51.728 0.0000000000
161652  3.991  -4.636  51.782 0.0000000000
71256  5.173  -4.896  47.493 0.0000000000
70006  4.951  -5.795  46.918 0.0000000000
72597  6.254  -4.361  46.723 0.0000000000
173947  7.964  -2.882  43.820 0.0000000000
72614  7.565  -4.123  44.504 0.0000000000
72628  8.149  -4.085  42.846 0.0000000000
71318  7.432  -4.953  42.233 0.0000000000
73943  8.244  -3.537  41.657 0.0000000000
81530  4.309  2.439  42.140 0.0000000000
166877  5.077  0.993  42.649 0.0000000000
80385  5.639  1.586  42.021 0.0000000000
80413  8.016  1.416  39.034 0.0000000000
79110  8.208  0.460  39.983 0.0000000000
77862  8.552  -0.483  39.322 0.0000000000
75291  7.899  -1.843  39.236 0.0000000000
76559  7.246  -1.494  38.627 0.0000000000
75302  5.421  -2.236  37.992 0.0000000000
77871  6.162  -0.676  37.629 0.0000000000
80434  5.051  1.774  36.558 0.0000000000
79142  4.318  0.348  36.425 0.0000000000
79143  3.818  0.158  35.743 0.0000000000
92767  3.360  10.970  41.358 0.0000000000
89493  3.564  9.305  41.278 0.0000000000
157002  3.418  10.326  40.406 0.0000000000
90689  3.196  9.575  37.254 0.0000000000
89544  2.612  8.984  37.256 0.0000000000
89543  3.042  8.934  37.860 0.0000000000
88407  2.730  7.676  37.107 0.0000000000
159854  3.511  6.476  36.924 0.0000000000
87278  2.484  6.888  36.065 0.0000000000
81405  10.093  2.375  51.627 0.0000000000
81415  9.613  2.037  50.254 0.0000000000
82571  10.642  3.112  50.131 0.0000000000
81385  14.533  2.644  54.159 0.0000000000
170694  14.085  1.572  54.586 0.0000000000
168778  14.247  3.275  54.212 0.0000000000
81387  11.835  2.670  55.051 0.0000000000
167286  10.653  2.007  55.067 0.0000000000
80209  10.031  1.522  54.610 0.0000000000
81396  10.021  3.555  53.709 0.0000000000
81397  9.896  2.810  52.861 0.0000000000
87149  2.754  6.143  48.311 0.0000000000
157265  2.578  5.919  45.973 0.0000000000
88245  3.232  7.911  46.650 0.0000000000
89428  3.742  8.518  46.098 0.0000000000
90577  4.235  9.221  44.709 0.0000000000
73842  4.266  -3.114  51.027 0.0000000000
73849  4.154  -2.647  49.839 0.0000000000
76446  4.319  -1.358  50.032 0.0000000000
77727  4.175  -0.376  49.615 0.0000000000
79018  4.243  0.090  48.896 0.0000000000
81460  8.479  2.612  46.473 0.0000000000
80301  8.167  1.989  46.874 0.0000000000
82616  8.076  2.894  45.859 0.0000000000
82624  7.548  3.239  45.575 0.0000000000
84914  6.086  4.019  45.803 0.0000000000
84896  5.368  4.470  46.511 0.0000000000
76398  7.975  -0.978  54.098 0.0000000000
75069  7.675  -1.789  54.157 0.0000000000
76399  7.373  -1.082  54.362 0.0000000000
75071  5.982  -1.818  54.040 0.0000000000
73823  5.076  -3.048  53.331 0.0000000000
72537  4.655  -3.960  53.315 0.0000000000
166087  4.666  -2.528  53.022 0.0000000000
152177  4.660  -2.509  51.787 0.0000000000
73901  5.318  -2.940  46.408 0.0000000000
72596  6.179  -3.491  46.644 0.0000000000
75224  6.291  -2.629  45.283 0.0000000000
75252  7.198  -1.910  44.188 0.0000000000
76521  7.680  -1.597  43.556 0.0000000000
82681  5.572  3.662  41.550 0.0000000000
81544  6.351  2.528  41.180 0.0000000000
154809  6.282  3.649  40.867 0.0000000000
82694  7.696  2.740  39.275 0.0000000000
81568  7.701  2.276  38.123 0.0000000000
79134  7.096  0.959  37.585 0.0000000000
81575  7.281  2.320  37.554 0.0000000000
81577  5.805  2.552  36.789 0.0000000000
82727  5.011  3.617  36.520 0.0000000000
89583  2.831  8.792  36.315 0.0000000000
88440  2.575  7.378  35.817 0.0000000000
163921  3.596  7.813  35.614 0.0000000000
80225  6.022  1.240  51.987 0.0000000000
80240  5.491  1.024  51.233 0.0000000000
80252  6.450  1.460  50.724 0.0000000000
158851  7.622  0.927  49.740 0.0000000000
80267  8.605  1.348  48.468 0.0000000000
81425  9.627  2.239  49.361 0.0000000000
81434  9.745  2.436  48.443 0.0000000000
81446  8.781  2.270  47.229 0.0000000000
82603  9.068  2.928  46.907 0.0000000000
76424  16.552  -0.924  51.577 0.0000000000
75117  16.439  -0.982  50.672 0.0000000000
76425  15.903  -0.579  51.353 0.0000000000
78941  13.767  0.533  52.651 0.0000000000
154434  13.700  0.140  50.767 0.0000000000
77708  13.032  -0.076  50.215 0.0000000000
76416  9.041  -1.317  51.853 0.0000000000
77696  8.823  -0.750  52.812 0.0000000000
78929  9.570  0.753  54.157 0.0000000000
77675  9.255  0.052  53.440 0.0000000000
77676  8.787  0.050  53.797 0.0000000000
78914  7.666  0.822  53.893 0.0000000000
78932  7.011  1.257  53.254 0.0000000000
80345  3.697  1.346  43.884 0.0000000000
79075  3.838  0.733  43.222 0.0000000000
80360  3.331  1.587  43.458 0.0000000000
81512  3.348  2.331  42.755 0.0000000000
82658  3.495  3.244  42.703 0.0000000000
160140  2.934  5.964  44.376 0.0000000000
84944  3.738  4.884  43.216 0.0000000000
179889  4.303  4.389  42.419 0.0000000000
84954  4.682  5.039  42.185 0.0000000000
86091  5.372  6.127  41.166 0.0000000000
87218  5.145  6.872  40.740 0.0000000000
82569  13.264  3.982  50.342 0.0000000000
171287  17.566  -2.065  51.262 0.0000000000
75080  22.125  -2.355  53.137 0.0000000000
165284  21.089  -1.812  55.266 0.0000000000
75097  20.532  -2.709  52.952 0.0000000000
164680  19.755  -2.522  52.686 0.0000000000
75084  18.369  -2.059  53.060 0.0000000000
75100  17.240  -1.864  52.310 0.0000000000
77660  15.688  -0.026  54.329 0.0000000000
80197  15.613  1.580  54.523 0.0000000000
80203  15.960  2.013  53.834 0.0000000000
81384  14.998  2.607  53.451 0.0000000000
166975  14.852  3.229  52.056 0.0000000000
82558  14.392  3.316  50.523 0.0000000000
71242  4.859  -4.654  48.521 0.0000000000
178934  4.992  -3.566  47.974 0.0000000000
75177  4.413  -2.620  48.672 0.0000000000
73868  4.809  -3.106  48.132 0.0000000000
75210  5.053  -2.796  46.893 0.0000000000
75226  4.899  -2.324  45.993 0.0000000000
76496  4.793  -1.809  45.447 0.0000000000
79052  4.882  -0.479  44.806 0.0000000000
78982  5.190  0.793  50.018 0.0000000000
78999  5.687  0.588  49.106 0.0000000000
175110  6.164  0.262  47.536 0.0000000000
80302  7.612  1.503  46.547 0.0000000000
80303  7.174  0.914  46.566 0.0000000000
77748  5.861  0.163  46.759 0.0000000000
79051  5.645  0.331  45.462 0.0000000000
79064  4.913  0.322  44.694 0.0000000000
80344  4.221  0.766  44.212 0.0000000000
81487  4.305  1.701  44.611 0.0000000000
83780  3.772  3.501  45.884 0.0000000000
84885  3.375  4.718  47.614 0.0000000000
86032  4.820  4.781  47.323 0.0000000000
84884  3.872  4.609  47.650 0.0000000000
87148  3.289  5.299  48.879 0.0000000000
72551  8.105  -3.997  51.517 0.0000000000
73829  7.850  -3.217  52.699 0.0000000000
71277  6.732  -4.562  45.670 0.0000000000
70030  6.488  -5.882  44.274 0.0000000000
72648  5.722  -4.393  40.517 0.0000000000
79084  5.379  0.343  42.919 0.0000000000
77816  6.921  -0.308  43.009 0.0000000000
77815  7.899  -0.666  42.575 0.0000000000
80397  7.059  1.542  40.948 0.0000000000
77843  8.120  -0.189  41.103 0.0000000000
76539  8.694  -1.597  41.556 0.0000000000
73958  8.357  -2.871  40.505 0.0000000000
73959  6.647  -3.243  39.885 0.0000000000
72664  5.191  -3.898  39.231 0.0000000000
73970  4.778  -3.728  38.548 0.0000000000
77879  5.471  -0.175  37.235 0.0000000000
77881  4.246  -0.841  36.722 0.0000000000
90584  4.518  9.582  44.100 0.0000000000
91693  4.858  10.572  42.899 0.0000000000
90594  3.640  9.739  43.126 0.0000000000
89477  3.523  9.027  41.909 0.0000000000
163240  4.411  8.139  40.727 0.0000000000
88370  4.766  7.587  39.458 0.0000000000
90629  3.752  9.528  39.264 0.0000000000
88371  4.255  8.193  39.154 0.0000000000
86123  5.176  6.517  38.420 0.0000000000
86122  5.266  5.868  37.756 0.0000000000
85026  4.221  4.791  36.519 0.0000000000
161574  3.865  3.740  36.036 0.0000000000
83884  2.982  4.263  35.086 0.0000000000
71340  4.843  -5.488  39.500 0.0000000000
71351  4.263  -5.048  38.948 0.0000000000
71350  4.518  -4.983  39.143 0.0000000000
78949  5.113  0.042  51.426 0.0000000000
78967  5.023  0.279  51.041 0.0000000000
80241  5.078  0.600  51.145 0.0000000000
75130  17.294  -2.061  50.333 0.0000000000
150571  17.012  -2.017  49.611 0.0000000000
75131  16.654  -1.659  50.155 0.0000000000
78947  5.414  0.602  52.025 0.0000000000
78933  5.151  -0.020  51.953 0.0000000000
77680  5.101  -0.566  52.081 0.0000000000
76524  4.934  -1.057  44.270 0.0000000000
77802  4.561  -0.491  43.912 0.0000000000
174892  6.062  5.992  39.975 0.0000000000
84987  6.536  5.482  39.296 0.0000000000
86099  6.237  5.858  39.497 0.0000000000
162958  6.027  5.865  38.733 0.0000000000
80222  8.903  1.737  51.961 0.0000000000
78913  14.888  1.383  54.464 0.0000000000
77674  14.972  0.204  53.267 0.0000000000
78925  14.355  0.866  54.140 0.0000000000
78928  11.140  0.844  53.502 0.0000000000
78966  11.600  0.126  51.448 0.0000000000
77693  11.023  0.008  51.508 0.0000000000
84915  3.320  4.596  45.839 0.0000000000
84926  3.374  4.561  44.967 0.0000000000
86044  2.914  5.213  45.959 0.0000000000
88286  3.169  7.375  44.037 0.0000000000
89465  3.421  8.388  43.046 0.0000000000
72567  3.871  -3.968  50.150 0.0000000000
77735  4.291  -0.113  48.126 0.0000000000
149863  4.753  -0.927  46.676 0.0000000000
80283  8.042  1.083  47.929 0.0000000000
83778  5.461  3.331  45.583 0.0000000000
75086  8.149  -1.832  53.733 0.0000000000
168339  3.669  -4.445  50.926 0.0000000000
72581  5.159  -3.990  47.741 0.0000000000
72598  5.434  -4.211  47.236 0.0000000000
73921  8.378  -2.686  43.363 0.0000000000
73932  8.192  -3.428  43.455 0.0000000000
73931  8.393  -3.240  42.829 0.0000000000
72627  8.299  -3.648  42.302 0.0000000000
73942  8.513  -2.948  42.071 0.0000000000
164271  4.866  2.061  42.037 0.0000000000
81529  5.757  2.353  41.654 0.0000000000
79126  7.983  0.778  38.608 0.0000000000
79120  8.206  0.635  39.350 0.0000000000
77869  7.868  -0.008  38.436 0.0000000000
172267  8.138  -0.411  38.830 0.0000000000
76567  7.528  -0.735  38.472 0.0000000000
76568  6.688  -1.098  38.136 0.0000000000
77870  7.093  -0.326  38.002 0.0000000000
175567  4.262  1.906  36.135 0.0000000000
80435  4.090  1.023  36.039 0.0000000000
92766  3.960  11.213  41.655 0.0000000000
91718  3.308  10.676  40.897 0.0000000000
90711  2.589  9.091  36.759 0.0000000000
90690  2.686  9.224  37.146 0.0000000000
89563  2.341  8.839  36.888 0.0000000000
165195  2.625  8.403  37.229 0.0000000000
88408  2.371  8.067  36.769 0.0000000000
87266  2.610  7.200  36.662 0.0000000000
88424  2.507  7.737  36.327 0.0000000000
81414  10.203  2.400  50.679 0.0000000000
83725  11.444  4.318  49.010 0.0000000000
81388  9.999  2.801  54.588 0.0000000000
82562  11.341  3.534  51.309 0.0000000000
82554  10.818  3.456  52.235 0.0000000000
88231  2.909  7.407  47.783 0.0000000000
90541  4.141  8.977  46.733 0.0000000000
90566  4.208  9.112  45.728 0.0000000000
89443  3.684  8.607  45.162 0.0000000000
90565  4.847  9.483  45.390 0.0000000000
75119  4.581  -2.275  51.061 0.0000000000
76433  4.554  -1.729  50.431 0.0000000000
78984  4.523  0.035  50.110 0.0000000000
77736  4.044  -0.254  48.945 0.0000000000
82615  8.718  3.285  46.271 0.0000000000
161116  7.572  4.118  45.669 0.0000000000
83777  6.956  3.670  45.521 0.0000000000
157640  6.981  4.491  45.708 0.0000000000
84913  6.382  4.899  46.102 0.0000000000
77661  7.568  -0.122  54.219 0.0000000000
156854  5.759  -2.506  53.705 0.0000000000
75072  5.033  -2.157  53.460 0.0000000000
75073  4.582  -1.762  53.085 0.0000000000
160300  4.921  -1.647  51.495 0.0000000000
75225  5.321  -2.470  45.570 0.0000000000
75240  5.625  -2.103  44.922 0.0000000000
76509  6.115  -1.735  44.350 0.0000000000
76522  6.672  -1.368  43.812 0.0000000000
77799  7.306  -0.956  43.306 0.0000000000
173379  5.588  4.441  41.384 0.0000000000
83827  5.983  4.208  40.984 0.0000000000
83849  7.070  4.117  38.799 0.0000000000
82706  7.379  3.419  39.060 0.0000000000
81561  7.920  2.185  38.782 0.0000000000
82713  7.705  2.871  38.554 0.0000000000
82719  7.460  2.920  37.907 0.0000000000
82721  6.413  3.252  37.145 0.0000000000
160672  5.812  3.934  36.915 0.0000000000
82726  5.630  3.217  36.720 0.0000000000
90710  3.434  9.289  36.707 0.0000000000
89582  3.974  8.812  36.318 0.0000000000
89594  3.392  8.387  35.995 0.0000000000
89593  4.443  8.185  36.045 0.0000000000
80239  6.082  1.471  51.204 0.0000000000
80251  8.503  1.361  50.375 0.0000000000
81424  10.121  2.628  49.771 0.0000000000
166702  10.099  2.782  49.051 0.0000000000
81445  9.383  2.605  47.632 0.0000000000
81435  9.071  1.945  48.025 0.0000000000
77688  16.068  -0.604  52.309 0.0000000000
175129  15.277  -0.429  51.344 0.0000000000
80206  13.781  1.710  54.975 0.0000000000
151589  13.912  0.886  54.022 0.0000000000
78942  12.725  0.304  51.745 0.0000000000
77692  13.494  0.318  51.591 0.0000000000
77709  12.355  -0.211  50.332 0.0000000000
76429  11.088  -0.666  50.138 0.0000000000
77695  9.581  -0.636  52.372 0.0000000000
80210  9.391  1.482  54.648 0.0000000000
78930  9.261  0.816  54.043 0.0000000000
169219  9.001  0.632  54.047 0.0000000000
78931  8.461  0.808  54.001 0.0000000000
77677  8.208  0.054  54.013 0.0000000000
80224  7.532  1.367  52.028 0.0000000000
161650  6.933  1.356  52.473 0.0000000000
177341  6.602  1.239  52.644 0.0000000000
176827  3.834  1.884  44.343 0.0000000000
170168  3.462  2.130  44.016 0.0000000000
162239  3.231  3.009  43.133 0.0000000000
174159  3.414  3.704  43.063 0.0000000000
87173  2.727  6.481  45.039 0.0000000000
86054  2.797  5.691  45.120 0.0000000000
86072  3.721  6.181  43.313 0.0000000000
153997  3.467  5.525  43.514 0.0000000000
84955  4.091  4.925  42.711 0.0000000000
157156  4.322  5.623  42.445 0.0000000000
87211  4.223  6.784  42.187 0.0000000000
87210  4.813  6.656  41.611 0.0000000000
88334  4.704  7.394  41.145 0.0000000000
82568  13.819  3.545  49.968 0.0000000000
82581  13.201  3.688  49.422 0.0000000000
82580  13.845  3.284  49.060 0.0000000000
176722  19.534  -2.576  50.824 0.0000000000
75114  19.045  -2.454  50.235 0.0000000000
76394  20.681  -1.756  55.301 0.0000000000
77658  21.262  -1.754  55.281 0.0000000000
75082  20.866  -2.280  54.213 0.0000000000
163724  20.076  -2.222  53.775 0.0000000000
75068  17.879  -1.617  53.771 0.0000000000
75085  17.711  -1.898  52.865 0.0000000000
78911  16.915  0.622  55.093 0.0000000000
77655  16.608  0.047  55.025 0.0000000000
157371  16.091  0.753  54.728 0.0000000000
78912  15.328  0.849  54.648 0.0000000000
80219  16.177  1.737  52.482 0.0000000000
80220  15.574  2.284  52.942 0.0000000000
81402  15.253  2.690  52.078 0.0000000000
82559  13.799  3.741  50.996 0.0000000000
69970  3.850  -6.052  49.018 0.0000000000
69969  4.349  -5.494  48.793 0.0000000000
72582  4.916  -3.905  48.280 0.0000000000
75139  4.199  -1.938  49.916 0.0000000000
75158  4.096  -2.212  49.283 0.0000000000
75176  4.559  -2.307  48.137 0.0000000000
75195  4.872  -2.669  47.534 0.0000000000
169903  4.842  -2.259  46.895 0.0000000000
77759  4.994  -1.135  45.895 0.0000000000
77771  4.866  -1.223  45.057 0.0000000000
80253  5.694  1.180  50.594 0.0000000000
78981  6.064  1.114  49.920 0.0000000000
161845  6.375  0.507  48.593 0.0000000000
79016  5.853  0.329  48.227 0.0000000000
81461  7.872  2.226  46.117 0.0000000000
80318  7.421  1.774  45.846 0.0000000000
80319  7.113  1.193  45.931 0.0000000000
79041  6.555  0.583  46.100 0.0000000000
79042  5.763  0.047  45.974 0.0000000000
83779  4.418  3.348  45.813 0.0000000000
82628  4.088  2.973  45.216 0.0000000000
83766  3.599  4.039  46.389 0.0000000000
84898  3.728  4.255  47.100 0.0000000000
75132  16.188  -1.150  49.848 0.0000000000
173327  15.658  -0.963  49.600 0.0000000000
73835  8.275  -3.248  52.013 0.0000000000
176835  8.376  -3.470  51.330 0.0000000000
154497  7.762  -2.421  53.559 0.0000000000
73821  7.368  -2.950  53.172 0.0000000000
69959  3.436  -5.653  50.689 0.0000000000
161787  3.438  -6.201  49.985 0.0000000000
70005  5.384  -5.960  46.349 0.0000000000
178843  4.995  -6.111  46.338 0.0000000000
179718  5.423  -6.321  45.841 0.0000000000
70032  5.341  -6.487  45.263 0.0000000000
73912  6.791  -3.233  45.440 0.0000000000
72606  6.635  -3.735  46.110 0.0000000000
72615  7.082  -3.957  45.242 0.0000000000
71298  7.559  -4.825  44.050 0.0000000000
165168  7.129  -5.414  44.284 0.0000000000
70057  6.842  -5.481  42.723 0.0000000000
72637  7.185  -4.657  41.631 0.0000000000
71319  6.443  -5.122  41.950 0.0000000000
72656  6.431  -3.752  40.417 0.0000000000
79085  4.362  0.387  43.123 0.0000000000
79094  6.025  0.877  42.317 0.0000000000
79083  6.491  0.296  42.680 0.0000000000
79082  7.456  0.104  42.379 0.0000000000
81543  6.870  2.214  40.755 0.0000000000
81528  6.455  1.995  41.484 0.0000000000
79109  8.454  -0.303  40.324 0.0000000000
79102  7.940  0.363  40.793 0.0000000000
161060  8.546  -0.832  41.109 0.0000000000
172636  8.781  -1.467  40.821 0.0000000000
75275  8.785  -2.200  40.854 0.0000000000
168199  8.821  -1.659  40.335 0.0000000000
75292  6.837  -2.226  38.892 0.0000000000
75283  7.253  -2.598  39.492 0.0000000000
73960  5.886  -3.457  39.394 0.0000000000
73969  5.482  -3.257  38.857 0.0000000000
75318  4.244  -2.057  37.149 0.0000000000
79135  6.089  0.735  37.267 0.0000000000
77888  4.081  -0.321  36.257 0.0000000000
77880  4.504  -0.172  36.868 0.0000000000
76614  4.244  -1.324  35.891 0.0000000000
91694  3.936  10.270  42.727 0.0000000000
166959  3.448  9.223  42.615 0.0000000000
177257  4.029  8.852  40.716 0.0000000000
89492  3.935  8.572  41.397 0.0000000000
88351  4.836  7.508  40.304 0.0000000000
88352  4.497  8.003  39.920 0.0000000000
91753  3.307  10.382  38.213 0.0000000000
91741  3.111  10.877  38.894 0.0000000000
90630  3.547  10.272  39.552 0.0000000000
88391  3.616  8.315  38.176 0.0000000000
88390  4.312  7.657  38.613 0.0000000000
87247  4.284  7.046  38.146 0.0000000000
87264  4.272  6.459  37.685 0.0000000000
85014  3.720  5.647  36.607 0.0000000000
83874  4.362  4.044  36.349 0.0000000000
83875  3.760  4.343  36.083 0.0000000000
87296  2.716  6.535  35.507 0.0000000000
82570  11.288  3.495  50.440 0.0000000000
83724  11.993  4.248  49.156 0.0000000000
82551  13.863  4.327  52.200 0.0000000000
82545  13.684  4.492  53.548 0.0000000000
82552  12.894  4.611  52.715 0.0000000000
82553  11.748  4.836  52.993 0.0000000000
175358  11.001  4.104  52.957 0.0000000000
71362  4.026  -4.601  38.252 0.0000000000
152077  5.136  -0.932  51.172 0.0000000000
151894  4.731  -0.977  50.474 0.0000000000
77712  5.020  -0.280  50.917 0.0000000000
151706  4.770  0.037  50.601 0.0000000000
78983  4.637  0.410  50.130 0.0000000000
174831  6.207  0.181  53.383 0.0000000000
77663  5.766  -0.380  53.253 0.0000000000
77664  5.219  -0.809  53.146 0.0000000000
76406  4.762  -1.068  52.673 0.0000000000
76417  5.049  -1.034  51.881 0.0000000000
76510  4.924  -1.459  44.821 0.0000000000
168240  5.232  -1.588  44.583 0.0000000000
86090  5.919  5.700  40.658 0.0000000000
83837  6.517  4.389  40.253 0.0000000000
84974  6.777  4.823  39.309 0.0000000000
83858  6.946  4.139  38.055 0.0000000000
84999  6.761  4.760  38.441 0.0000000000
85011  6.568  4.657  37.810 0.0000000000
178710  5.585  5.310  37.515 0.0000000000
80238  7.262  1.256  51.117 0.0000000000
81416  9.048  1.699  49.840 0.0000000000
82591  10.195  3.882  47.687 0.0000000000
82601  9.795  3.906  47.048 0.0000000000
77673  15.368  -0.182  53.586 0.0000000000
78965  12.221  0.049  51.060 0.0000000000
163119  8.994  1.540  53.186 0.0000000000
82629  3.650  3.364  45.218 0.0000000000
83791  3.425  3.635  44.601 0.0000000000
84935  3.373  4.487  44.250 0.0000000000
88273  3.004  7.113  44.629 0.0000000000
87183  3.064  6.621  44.235 0.0000000000
87194  3.435  6.769  43.621 0.0000000000
86080  4.072  6.206  42.680 0.0000000000
87202  3.806  6.936  42.888 0.0000000000
88318  3.968  7.474  42.191 0.0000000000
159427  19.663  -2.649  51.691 0.0000000000
76395  20.015  -1.490  54.924 0.0000000000
76397  17.249  -0.946  54.426 0.0000000000
81412  15.361  2.341  50.859 0.0000000000
71220  4.157  -4.561  49.429 0.0000000000
72566  4.361  -3.887  49.315 0.0000000000
73859  4.389  -3.109  49.144 0.0000000000
178698  3.974  -1.211  48.621 0.0000000000
76464  4.055  -1.723  48.762 0.0000000000
76476  4.564  -1.555  47.151 0.0000000000
78997  7.292  0.667  49.038 0.0000000000
78998  6.549  0.763  49.165 0.0000000000
167701  6.496  1.506  45.398 0.0000000000
81473  5.982  1.743  45.162 0.0000000000
81474  5.180  2.075  44.990 0.0000000000
76441  15.245  -0.793  49.811 0.0000000000
75102  8.822  -2.047  51.476 0.0000000000
72538  4.195  -4.575  52.809 0.0000000000
72547  4.333  -4.760  52.340 0.0000000000
71213  3.555  -5.149  51.388 0.0000000000
71241  5.030  -4.692  48.016 0.0000000000
69997  4.888  -5.451  47.662 0.0000000000
71265  5.496  -5.156  46.956 0.0000000000
71264  5.980  -5.374  46.455 0.0000000000
75238  7.491  -2.637  44.424 0.0000000000
73922  7.748  -3.425  44.111 0.0000000000
72621  7.882  -4.169  43.685 0.0000000000
71307  7.615  -4.833  43.070 0.0000000000
180603  7.804  -4.573  42.519 0.0000000000
72636  7.872  -4.242  42.062 0.0000000000
72646  7.645  -3.903  41.350 0.0000000000
80386  3.993  1.702  42.477 0.0000000000
177981  4.765  1.516  42.443 0.0000000000
80384  6.629  1.313  41.712 0.0000000000
81552  7.812  1.990  39.472 0.0000000000
80404  7.993  1.221  39.717 0.0000000000
79119  8.646  -0.001  39.619 0.0000000000
77852  8.757  -0.661  39.820 0.0000000000
75290  8.577  -1.747  39.844 0.0000000000
77863  8.094  -1.041  38.924 0.0000000000
75293  5.914  -2.601  38.544 0.0000000000
75301  6.290  -1.855  38.346 0.0000000000
76569  5.785  -1.469  37.787 0.0000000000
76578  5.197  -1.018  37.403 0.0000000000
79136  5.079  0.512  36.931 0.0000000000
80428  4.803  0.994  36.579 0.0000000000
153857  3.928  -0.329  35.706 0.0000000000
92758  4.507  10.798  42.230 0.0000000000
91705  3.652  10.561  42.006 0.0000000000
90604  3.357  9.673  41.875 0.0000000000
91706  3.347  10.300  41.637 0.0000000000
90616  3.324  9.981  41.135 0.0000000000
90615  3.754  9.574  40.319 0.0000000000
91777  3.182  9.613  37.552 0.0000000000
90665  3.053  9.471  37.723 0.0000000000
90647  3.346  9.448  38.347 0.0000000000
87265  3.415  7.064  37.384 0.0000000000
86138  2.741  6.333  36.312 0.0000000000
179610  2.965  5.694  36.011 0.0000000000
83715  11.068  3.773  49.574 0.0000000000
81386  13.171  3.090  54.721 0.0000000000
80207  12.647  1.164  55.006 0.0000000000
80208  11.659  1.060  54.696 0.0000000000
81389  9.528  2.539  54.330 0.0000000000
163100  2.627  6.002  47.032 0.0000000000
161775  2.827  6.981  46.922 0.0000000000
87161  2.659  6.697  45.998 0.0000000000
174365  3.018  7.402  46.057 0.0000000000
89416  3.680  8.477  46.917 0.0000000000
89429  3.256  7.971  45.623 0.0000000000
89453  3.530  8.744  44.242 0.0000000000
73850  4.077  -3.163  50.417 0.0000000000
75140  4.315  -2.450  50.438 0.0000000000
152689  4.211  -0.872  49.841 0.0000000000
157425  3.964  -0.919  49.119 0.0000000000
75070  7.063  -1.842  54.325 0.0000000000
175931  6.691  -1.246  54.216 0.0000000000
154872  6.615  -2.461  53.954 0.0000000000
73822  6.107  -3.028  53.537 0.0000000000
72536  5.593  -3.714  53.439 0.0000000000
170864  4.534  -3.665  52.895 0.0000000000
73830  4.674  -2.966  52.368 0.0000000000
177868  4.676  -3.059  52.090 0.0000000000
73836  4.477  -3.154  51.620 0.0000000000
73888  5.680  -3.599  47.006 0.0000000000
73900  6.039  -3.047  45.927 0.0000000000
165790  7.001  -2.776  45.005 0.0000000000
75239  6.664  -2.248  44.739 0.0000000000
75251  7.879  -2.243  43.752 0.0000000000
76520  8.413  -1.933  43.137 0.0000000000
82680  5.979  2.989  41.295 0.0000000000
82679  6.701  2.971  40.629 0.0000000000
83826  6.748  3.642  40.236 0.0000000000
82695  7.169  3.216  39.804 0.0000000000
81553  7.309  2.487  40.019 0.0000000000
80419  7.843  1.585  38.364 0.0000000000
79133  7.661  1.097  38.020 0.0000000000
80425  7.515  1.656  37.725 0.0000000000
80426  6.670  1.623  37.257 0.0000000000
82720  7.059  3.503  37.687 0.0000000000
81576  6.582  2.435  37.172 0.0000000000
159980  5.988  1.940  36.921 0.0000000000
81584  4.847  2.690  36.412 0.0000000000
81585  3.923  2.494  35.983 0.0000000000
88439  2.677  8.101  35.997 0.0000000000
88438  4.848  7.591  35.640 0.0000000000
71332  4.859  -5.694  40.100 0.0000000000
80226  5.293  0.718  51.619 0.0000000000
175130  7.214  1.011  50.431 0.0000000000
81426  9.170  1.769  48.902 0.0000000000
82614  9.298  3.607  46.666 0.0000000000
75101  16.881  -1.641  51.753 0.0000000000
75116  16.840  -1.664  50.958 0.0000000000
76426  15.474  -0.722  50.651 0.0000000000
76427  14.798  -0.475  50.237 0.0000000000
76428  13.678  -0.276  49.833 0.0000000000
77691  14.233  0.328  51.745 0.0000000000
77719  11.849  -0.551  49.920 0.0000000000
76415  9.785  -1.139  51.335 0.0000000000
77697  8.455  -0.706  53.501 0.0000000000
80221  10.004  0.777  54.139 0.0000000000
78915  6.935  0.521  53.706 0.0000000000
80214  6.215  0.803  52.840 0.0000000000
79066  3.973  0.683  43.571 0.0000000000
79074  4.258  0.202  43.555 0.0000000000
80359  3.493  1.102  43.261 0.0000000000
80373  3.526  1.227  42.920 0.0000000000
81499  3.197  2.214  43.312 0.0000000000
80374  3.293  1.598  43.010 0.0000000000
170698  3.455  1.716  42.675 0.0000000000
80387  3.714  2.154  42.443 0.0000000000
82667  3.856  2.820  42.343 0.0000000000
154744  4.546  3.235  41.930 0.0000000000
86064  3.030  5.242  44.409 0.0000000000
84945  3.395  4.874  43.735 0.0000000000
180413  3.127  5.562  43.923 0.0000000000
171749  3.594  4.306  43.301 0.0000000000
83807  3.802  4.141  42.822 0.0000000000
83817  4.052  3.648  42.288 0.0000000000
83816  4.896  4.229  41.924 0.0000000000
84965  5.431  5.199  41.519 0.0000000000
86079  4.898  5.822  41.888 0.0000000000
86100  5.685  6.430  40.296 0.0000000000
83723  12.641  3.991  49.747 0.0000000000
82590  13.267  3.557  48.579 0.0000000000
75064  21.636  -2.119  54.269 0.0000000000
176617  20.101  -2.653  52.255 0.0000000000
75098  18.946  -2.287  52.277 0.0000000000
75083  19.203  -2.160  53.395 0.0000000000
75099  18.020  -2.238  52.129 0.0000000000
76389  16.779  -0.459  54.736 0.0000000000
165952  16.297  -0.920  54.258 0.0000000000
173549  17.238  1.285  54.213 0.0000000000
80202  16.709  1.607  53.405 0.0000000000
80204  15.282  2.250  54.115 0.0000000000
81394  14.821  2.991  52.831 0.0000000000
81403  14.767  2.826  51.172 0.0000000000
81404  14.339  3.468  51.561 0.0000000000
71227  4.549  -4.965  48.885 0.0000000000
73869  4.661  -3.338  48.593 0.0000000000
73881  5.051  -3.247  47.591 0.0000000000
80254  4.934  0.784  50.726 0.0000000000
79000  4.703  0.384  49.387 0.0000000000
79017  4.881  0.253  48.549 0.0000000000
79033  5.210  0.079  47.676 0.0000000000
162806  7.956  1.456  47.263 0.0000000000
79031  7.595  0.887  47.246 0.0000000000
79032  6.851  0.542  47.159 0.0000000000
81488  3.983  2.363  44.634 0.0000000000
81475  4.467  2.405  44.983 0.0000000000
84899  3.322  4.626  46.735 0.0000000000
84897  4.373  4.190  46.993 0.0000000000
86021  3.016  5.224  48.031 0.0000000000
75151  16.219  -1.990  48.853 0.0000000000
149865  15.713  -1.427  49.126 0.0000000000
72552  7.829  -3.983  52.235 0.0000000000
70007  4.494  -6.072  47.005 0.0000000000
71278  6.431  -5.184  46.027 0.0000000000
71289  7.265  -4.775  44.853 0.0000000000
71290  6.697  -5.511  45.126 0.0000000000
70031  5.995  -6.259  44.752 0.0000000000
70045  5.173  -6.646  44.342 0.0000000000
72658  5.171  -4.487  39.747 0.0000000000
77818  4.698  -0.182  43.437 0.0000000000
77817  5.753  -0.251  43.233 0.0000000000
76533  8.052  -1.283  43.039 0.0000000000
77814  8.432  -1.381  42.439 0.0000000000
79103  7.405  0.927  41.301 0.0000000000
80396  7.706  1.043  40.475 0.0000000000
79092  7.699  0.295  41.600 0.0000000000
77832  8.062  -0.346  41.776 0.0000000000
77831  8.434  -0.930  41.904 0.0000000000
75259  8.580  -2.109  42.252 0.0000000000
75268  8.696  -2.387  41.550 0.0000000000
73949  8.540  -2.926  41.224 0.0000000000
73951  7.357  -3.417  40.640 0.0000000000
75282  8.094  -2.372  39.883 0.0000000000
155003  7.556  -2.901  40.075 0.0000000000
169447  4.530  -4.440  39.033 0.0000000000
180291  4.293  -4.118  38.359 0.0000000000
72675  4.189  -4.066  37.970 0.0000000000
77878  6.619  0.155  37.574 0.0000000000
174931  4.646  -0.691  37.100 0.0000000000
76579  4.425  -1.322  37.110 0.0000000000
76580  4.186  -1.581  36.741 0.0000000000
90576  5.034  9.645  44.577 0.0000000000
90585  3.949  9.364  43.826 0.0000000000
91684  4.343  10.023  43.481 0.0000000000
90586  3.493  8.979  43.440 0.0000000000
89476  3.663  8.324  42.197 0.0000000000
153065  4.234  7.866  41.567 0.0000000000
87229  5.285  7.040  39.828 0.0000000000
89523  3.808  8.901  38.762 0.0000000000
87238  5.004  7.074  38.971 0.0000000000
86137  4.304  5.922  37.242 0.0000000000
85013  4.894  5.255  37.086 0.0000000000
83867  5.078  4.434  36.722 0.0000000000
82728  4.235  3.289  36.200 0.0000000000
86148  2.661  6.122  35.771 0.0000000000
83876  3.302  4.578  35.656 0.0000000000
83883  3.416  3.882  35.623 0.0000000000
81592  3.429  2.356  35.418 0.0000000000
72657  5.825  -3.877  39.860 0.0000000000
73950  8.164  -3.356  41.057 0.0000000000
75281  8.635  -2.191  40.266 0.0000000000
76388  17.130  -0.207  55.149 0.0000000000
77868  8.313  0.112  39.084 0.0000000000
82733  3.618  3.151  35.775 0.0000000000
162242  8.730  -1.019  40.374 0.0000000000
172977  7.036  2.903  37.484 0.0000000000
174099  8.606  -1.162  39.472 0.0000000000
176618  2.293  8.514  36.828 0.0000000000
177521  3.004  3.620  34.596 0.0000000000
