#!ascii label  , from subject sub-v2s1x29909_ses-1 vox2ras=TkReg
2018
31376  33.671  -36.582  -12.390 0.8999999762
30262  33.718  -37.365  -12.313 0.8000000119
30289  34.212  -37.485  -12.985 0.8000000119
28368  34.342  -39.043  -12.764 0.6999999881
28374  34.690  -39.264  -14.081 0.8000000119
30263  33.296  -36.935  -11.992 0.8999999762
30290  33.996  -36.889  -12.805 1.0000000000
31436  34.551  -36.786  -14.107 1.0000000000
30302  34.551  -37.555  -13.821 0.8999999762
29299  34.663  -38.451  -13.996 0.8000000119
164514  34.610  -38.549  -15.417 0.8000000119
29311  34.559  -37.808  -15.516 0.8999999762
27485  34.616  -39.770  -14.840 0.8000000119
28387  33.965  -38.781  -16.611 0.6999999881
27504  33.893  -39.662  -16.462 0.6999999881
31356  32.101  -36.492  -11.223 0.8000000119
31377  33.170  -36.293  -11.984 0.8999999762
32481  33.026  -35.421  -11.945 0.8999999762
32472  32.047  -35.789  -11.197 0.8999999762
31345  30.060  -36.422  -10.460 0.8999999762
31408  34.095  -36.203  -12.983 0.8999999762
155273  34.571  -35.541  -14.128 1.0000000000
30313  34.614  -37.358  -15.065 0.8999999762
31480  34.575  -36.405  -15.773 1.0000000000
30343  34.422  -36.960  -16.182 0.8999999762
30326  34.387  -37.566  -16.162 0.8999999762
28383  34.329  -39.061  -15.948 0.8000000119
27509  33.310  -39.801  -17.430 0.6999999881
33636  33.591  -34.191  -12.444 0.8999999762
169949  33.163  -34.643  -12.068 0.8999999762
168015  32.053  -35.060  -11.091 0.8999999762
153072  31.501  -35.417  -10.775 0.8999999762
32463  29.707  -35.645  -10.409 0.8999999762
157098  33.589  -35.013  -12.466 0.8999999762
32498  34.043  -35.388  -12.949 0.8999999762
31452  34.634  -35.903  -14.845 1.0000000000
160517  34.010  -37.998  -16.707 0.8000000119
28390  33.574  -38.439  -17.377 0.8000000119
28391  33.147  -39.118  -17.929 0.8000000119
29331  32.619  -38.602  -18.676 0.8000000119
28394  32.180  -39.224  -19.007 0.8000000119
28395  31.426  -39.193  -19.276 0.8000000119
153448  31.971  -34.299  -10.906 0.8999999762
33609  30.119  -34.940  -10.419 0.8999999762
33610  29.266  -34.935  -10.440 0.8999999762
34786  33.519  -33.285  -12.365 0.8999999762
33624  29.597  -34.256  -10.457 0.8999999762
33625  28.802  -34.356  -10.612 0.8000000119
32465  28.203  -35.425  -10.693 0.8000000119
33648  34.021  -34.581  -12.986 0.8999999762
34772  29.097  -33.599  -10.657 0.6999999881
33626  28.131  -34.678  -11.010 0.6999999881
33627  27.639  -34.773  -11.681 0.6999999881
34814  34.383  -34.176  -13.589 0.8999999762
33637  27.862  -34.186  -11.779 0.6999999881
33638  27.569  -34.604  -12.795 0.6999999881
34813  34.666  -33.819  -14.736 1.0000000000
173289  27.865  -33.622  -13.150 0.6000000238
33683  34.696  -34.452  -15.093 1.0000000000
173953  34.677  -34.954  -15.457 1.0000000000
159217  34.648  -35.640  -15.515 1.0000000000
31481  34.347  -36.467  -16.564 1.0000000000
30344  34.051  -37.205  -16.796 0.8999999762
32576  34.551  -35.765  -16.318 1.0000000000
32577  34.268  -35.826  -17.103 0.8999999762
31487  33.911  -36.551  -17.237 0.8000000119
30361  33.611  -37.171  -17.557 0.8000000119
164903  32.820  -37.819  -18.457 0.8000000119
178398  31.914  -37.349  -19.051 0.8000000119
29332  31.794  -38.490  -19.131 0.8000000119
29333  30.951  -38.428  -19.334 0.8000000119
30375  31.391  -37.647  -19.225 0.8000000119
152623  30.485  -37.665  -19.430 0.8000000119
34787  33.062  -33.927  -11.895 0.8999999762
33623  31.269  -34.211  -10.546 0.8999999762
34768  32.453  -33.592  -11.239 0.8999999762
34769  31.644  -33.549  -10.650 0.8999999762
34770  30.796  -33.562  -10.482 0.8999999762
35900  30.263  -32.961  -10.494 0.8999999762
34800  33.983  -33.727  -13.037 0.8999999762
34773  28.381  -33.888  -11.096 0.6999999881
35940  34.363  -33.380  -13.698 0.8999999762
163742  28.588  -32.781  -11.533 0.6000000238
34788  28.150  -33.419  -12.059 0.6000000238
35939  34.582  -33.204  -14.382 1.0000000000
35942  28.047  -33.240  -14.527 0.5000000000
34849  34.745  -33.777  -15.472 1.0000000000
35959  27.990  -32.431  -14.563 0.5000000000
34862  34.734  -33.807  -16.338 1.0000000000
33705  34.643  -34.539  -16.404 1.0000000000
34874  34.629  -34.299  -17.017 1.0000000000
176952  34.350  -35.272  -17.342 1.0000000000
163857  33.747  -36.052  -17.614 0.8999999762
30362  33.124  -37.165  -18.220 0.8000000119
32594  33.307  -35.220  -18.488 0.8999999762
32595  32.774  -35.731  -18.715 0.8000000119
30374  32.424  -37.105  -18.781 0.8000000119
33720  32.701  -34.991  -19.025 0.8999999762
32596  32.164  -35.498  -19.174 0.8000000119
33732  31.992  -34.739  -19.407 0.8999999762
31503  31.078  -36.290  -19.409 0.8000000119
30392  30.020  -36.944  -19.574 0.8000000119
32608  30.056  -35.545  -19.874 0.8000000119
31505  29.591  -36.264  -19.794 0.8000000119
35899  31.122  -32.861  -10.544 0.8999999762
158221  33.002  -33.232  -11.751 0.8999999762
36981  33.418  -31.996  -12.190 0.8999999762
165540  29.668  -32.428  -10.680 0.6999999881
35901  29.062  -32.892  -10.888 0.8000000119
35925  33.951  -32.779  -13.165 0.8999999762
36992  33.777  -31.998  -12.861 0.8999999762
35913  28.604  -32.189  -12.012 0.6999999881
161873  28.283  -32.284  -12.939 0.6000000238
178256  28.117  -33.206  -14.174 0.6000000238
36984  28.520  -31.598  -12.536 0.6999999881
36993  28.261  -31.674  -13.424 0.6000000238
35941  28.151  -32.532  -13.994 0.5000000000
35958  34.727  -33.127  -15.094 1.0000000000
38039  28.220  -31.001  -13.762 0.5000000000
37009  27.857  -31.791  -14.615 0.5000000000
35977  34.828  -33.074  -15.862 1.0000000000
152747  34.668  -33.589  -17.204 1.0000000000
178058  34.475  -34.045  -17.588 1.0000000000
33719  33.241  -34.520  -18.789 0.8999999762
163960  35.047  -32.272  -17.091 1.0000000000
36012  34.298  -32.803  -18.477 0.8999999762
34883  33.934  -33.592  -18.575 0.8999999762
33731  32.581  -34.189  -19.268 0.8999999762
34884  33.327  -33.820  -19.024 0.8999999762
34897  32.062  -33.756  -19.657 0.8999999762
33748  30.928  -34.199  -19.991 0.8999999762
33734  30.511  -34.855  -19.945 0.8999999762
34896  32.728  -33.276  -19.484 0.8999999762
34898  31.366  -33.481  -20.039 0.8999999762
33749  30.210  -34.182  -20.094 0.8999999762
36036  30.750  -32.896  -20.195 0.8999999762
35897  32.681  -32.730  -11.375 0.8999999762
35898  31.980  -32.804  -10.855 0.8999999762
167555  30.533  -32.288  -10.533 0.8999999762
173551  31.439  -32.037  -10.623 0.8999999762
36972  30.696  -31.684  -10.528 1.0000000000
36974  29.420  -31.841  -10.999 0.8000000119
38018  33.161  -31.402  -11.859 0.8999999762
35912  29.026  -32.265  -11.233 0.6999999881
153816  34.360  -32.608  -13.993 0.8999999762
37007  34.118  -31.980  -13.602 0.8999999762
38019  29.176  -30.744  -11.627 0.6999999881
39029  28.765  -30.320  -12.400 0.6999999881
39041  28.358  -30.298  -13.260 0.5000000000
153893  34.618  -32.501  -14.714 1.0000000000
39049  28.024  -30.319  -13.949 0.5000000000
39050  27.580  -30.255  -14.429 0.5000000000
160770  34.823  -32.419  -15.440 1.0000000000
158192  34.986  -32.347  -16.231 1.0000000000
38082  35.031  -30.952  -16.188 1.0000000000
37057  35.158  -31.615  -16.635 1.0000000000
37070  34.785  -32.163  -17.932 1.0000000000
166104  35.112  -31.558  -17.461 1.0000000000
38097  35.148  -30.900  -17.037 1.0000000000
37078  34.352  -31.937  -18.614 0.8999999762
36025  33.089  -32.439  -19.450 0.8999999762
37092  32.572  -31.743  -19.574 0.8999999762
168670  28.004  -35.147  -22.054 0.6999999881
175829  26.779  -34.443  -21.907 0.8000000119
33767  26.057  -34.678  -21.612 0.8000000119
152261  25.866  -34.117  -21.513 0.8000000119
38017  33.638  -31.345  -12.456 0.8999999762
168287  32.982  -30.880  -11.495 1.0000000000
167742  32.541  -30.706  -11.022 1.0000000000
39014  31.815  -29.745  -10.627 1.0000000000
166283  30.769  -30.505  -10.586 0.6999999881
39015  29.910  -30.425  -11.022 0.6999999881
38038  34.337  -31.273  -13.904 0.8999999762
38026  33.988  -31.319  -13.182 0.8999999762
39016  29.276  -29.959  -11.653 0.6999999881
38066  34.819  -31.053  -15.370 1.0000000000
38053  34.614  -31.166  -14.617 0.8999999762
40100  27.265  -29.565  -14.381 0.4000000060
166891  34.919  -30.952  -17.705 1.0000000000
38108  34.270  -31.225  -18.738 1.0000000000
39112  34.299  -29.945  -18.293 1.0000000000
36040  27.671  -32.662  -20.704 0.8999999762
171269  29.912  -35.153  -22.123 0.6000000238
168351  28.655  -34.612  -22.170 0.6000000238
33765  27.650  -34.511  -22.098 0.8000000119
34933  26.158  -33.930  -21.714 0.8000000119
156092  25.964  -34.354  -21.217 0.8999999762
34901  27.212  -33.832  -20.295 0.8999999762
166164  34.049  -29.866  -12.787 0.8999999762
168121  33.409  -30.727  -12.003 0.8999999762
180826  30.465  -29.913  -10.760 0.8000000119
40058  29.930  -29.475  -11.194 0.6999999881
174843  28.922  -29.628  -12.204 0.6999999881
40080  28.335  -28.909  -12.942 0.6000000238
41105  27.146  -28.296  -13.935 0.4000000060
155331  34.682  -30.409  -14.912 1.0000000000
39047  34.513  -30.539  -14.122 0.8999999762
161655  34.815  -30.283  -15.745 1.0000000000
39098  34.942  -30.214  -16.613 1.0000000000
40144  34.459  -29.422  -17.708 1.0000000000
40155  33.665  -28.867  -18.593 1.0000000000
37103  28.951  -31.990  -20.409 0.8999999762
38129  28.648  -31.171  -20.688 0.8999999762
37104  28.164  -31.966  -20.714 0.8999999762
37106  26.728  -32.026  -21.155 0.8999999762
37105  27.230  -31.977  -21.080 0.8999999762
33779  30.977  -34.244  -22.527 0.6000000238
33763  30.382  -34.702  -22.257 0.6000000238
33781  29.159  -33.892  -22.297 0.6000000238
34951  28.679  -33.216  -22.351 0.8000000119
34932  27.127  -33.836  -22.050 0.8000000119
36048  26.079  -32.806  -21.712 0.8999999762
39028  33.084  -30.139  -11.423 0.8999999762
39013  32.449  -29.953  -10.854 0.8999999762
40056  31.425  -29.189  -10.633 0.6999999881
40054  32.873  -29.347  -11.171 0.8999999762
40055  32.184  -29.209  -10.778 0.8999999762
40067  29.300  -29.207  -11.802 0.6000000238
39038  34.385  -29.922  -13.503 1.0000000000
40079  34.289  -29.190  -13.015 1.0000000000
40065  33.887  -29.241  -12.312 1.0000000000
41082  29.224  -28.506  -12.029 0.6000000238
40068  28.809  -29.020  -12.371 0.6000000238
41093  28.088  -28.244  -13.063 0.5000000000
156437  34.609  -29.774  -14.351 1.0000000000
40088  34.634  -29.033  -14.572 1.0000000000
39065  34.688  -29.558  -15.247 1.0000000000
40117  34.655  -29.005  -15.752 1.0000000000
39081  34.748  -29.497  -16.210 1.0000000000
41157  34.520  -28.831  -17.204 1.0000000000
41158  34.128  -28.169  -17.579 1.0000000000
41167  33.738  -28.217  -18.242 1.0000000000
40169  33.083  -28.958  -19.096 1.0000000000
163161  32.780  -29.702  -19.293 1.0000000000
40170  32.164  -28.998  -19.397 1.0000000000
166651  32.040  -29.797  -19.490 1.0000000000
40171  31.287  -29.508  -19.725 1.0000000000
39135  30.886  -30.279  -20.022 0.8999999762
38120  31.366  -30.998  -19.991 0.8999999762
37102  29.447  -31.393  -20.457 0.8999999762
163615  27.872  -31.375  -20.895 0.8999999762
37113  26.296  -32.249  -21.839 0.8999999762
36064  31.534  -33.081  -23.022 0.6000000238
172988  30.268  -33.261  -22.623 0.6000000238
34950  29.570  -33.284  -22.473 0.6000000238
34952  27.584  -33.072  -22.262 0.8000000119
36069  26.797  -32.607  -22.221 0.8000000119
41079  33.663  -28.584  -11.879 0.8999999762
41068  31.750  -28.439  -10.823 0.6999999881
161415  30.304  -28.853  -11.111 0.6000000238
41071  29.762  -28.686  -11.472 0.6000000238
41091  34.503  -28.477  -13.259 0.8999999762
42158  29.409  -27.281  -12.092 0.6000000238
42159  28.812  -27.528  -12.336 0.5000000000
40078  34.540  -29.145  -13.775 1.0000000000
40099  34.648  -28.861  -15.211 1.0000000000
42180  34.679  -27.795  -14.302 0.8999999762
41128  34.606  -28.305  -15.631 1.0000000000
161102  34.518  -28.005  -16.286 1.0000000000
41146  34.430  -28.113  -16.922 1.0000000000
42227  34.111  -27.491  -17.268 1.0000000000
43347  33.758  -26.892  -17.627 1.0000000000
159820  33.474  -27.095  -18.166 1.0000000000
42249  33.409  -27.639  -18.501 1.0000000000
41179  32.665  -28.277  -19.184 1.0000000000
154972  31.333  -28.612  -19.653 1.0000000000
172629  30.738  -28.929  -19.930 1.0000000000
40177  29.583  -29.177  -20.483 0.8999999762
177530  29.169  -30.093  -20.656 0.8999999762
39142  28.035  -30.734  -20.991 0.8999999762
39147  27.537  -30.359  -21.427 0.8999999762
37127  31.439  -32.194  -23.080 0.6000000238
36065  30.776  -32.799  -22.835 0.6000000238
36066  29.962  -32.692  -22.651 0.6000000238
37129  29.515  -32.052  -22.631 0.6999999881
37130  27.960  -31.853  -22.689 0.6999999881
153734  27.285  -32.262  -22.519 0.6999999881
37119  26.356  -32.135  -21.978 0.8000000119
157144  26.488  -30.755  -22.602 0.8999999762
36081  32.184  -32.656  -23.504 0.6000000238
38157  27.787  -31.043  -22.879 0.6999999881
38158  27.018  -31.078  -22.840 0.8000000119
38168  26.589  -30.451  -22.757 0.8999999762
42144  30.831  -27.447  -11.260 0.6999999881
43262  29.951  -26.717  -11.931 0.6000000238
42156  33.943  -27.663  -12.108 0.8999999762
42157  33.191  -27.987  -11.424 0.8000000119
42142  32.694  -27.258  -11.287 0.6999999881
162462  34.644  -27.820  -13.560 0.8999999762
42171  34.474  -27.757  -12.823 0.8000000119
42191  34.657  -27.688  -15.059 1.0000000000
43288  34.698  -27.275  -13.894 0.8000000119
180592  34.711  -27.053  -15.187 0.8999999762
43300  34.717  -27.118  -14.527 0.8000000119
42206  34.576  -27.413  -15.831 1.0000000000
42226  34.397  -27.433  -16.609 1.0000000000
43335  34.178  -26.798  -16.998 1.0000000000
44434  33.913  -26.269  -17.536 1.0000000000
44451  33.615  -25.752  -18.128 1.0000000000
167045  33.091  -27.035  -18.635 1.0000000000
42260  32.395  -27.674  -19.241 1.0000000000
41180  31.935  -28.121  -19.415 1.0000000000
41182  30.656  -28.257  -19.893 1.0000000000
156815  30.128  -28.690  -20.189 0.8999999762
41188  28.929  -28.846  -20.882 0.8999999762
39141  28.707  -30.273  -20.827 0.8999999762
161583  27.794  -29.076  -21.424 0.8999999762
150300  30.493  -31.944  -22.811 0.6000000238
38156  28.871  -31.406  -22.659 0.6999999881
39148  27.068  -30.193  -22.068 0.8999999762
38167  32.434  -31.081  -23.708 0.6000000238
163789  31.889  -31.510  -23.276 0.6000000238
39170  28.166  -30.190  -23.046 0.6999999881
39171  27.290  -30.342  -23.008 0.6999999881
42143  31.568  -27.625  -11.040 0.6999999881
43248  30.596  -26.763  -11.513 0.6000000238
43259  33.935  -26.708  -12.058 0.8000000119
158762  33.396  -27.107  -11.576 0.8000000119
43247  32.173  -26.655  -11.295 0.6999999881
165655  31.392  -26.818  -11.245 0.6999999881
42170  34.651  -27.114  -13.256 0.6999999881
42155  34.459  -26.964  -12.551 0.8000000119
43299  34.954  -26.354  -14.859 0.6999999881
44414  35.432  -25.554  -16.398 0.8000000119
44432  35.235  -25.397  -17.289 0.8000000119
43346  34.611  -26.106  -16.872 0.8000000119
44433  34.382  -25.639  -17.666 0.8999999762
44450  34.168  -25.176  -18.344 0.8999999762
43358  33.365  -26.433  -18.197 1.0000000000
43359  32.862  -26.484  -18.815 1.0000000000
41181  31.230  -27.848  -19.656 1.0000000000
42263  30.631  -27.637  -19.885 1.0000000000
158560  32.295  -26.245  -19.237 1.0000000000
43371  31.586  -26.511  -19.663 1.0000000000
41187  30.039  -27.827  -20.168 1.0000000000
171429  29.500  -27.679  -20.508 1.0000000000
164387  29.537  -28.370  -20.526 0.8999999762
41194  29.042  -27.948  -20.835 0.8999999762
41195  28.422  -28.167  -21.118 0.8999999762
41196  27.820  -28.354  -21.572 0.8999999762
163344  31.199  -31.330  -22.966 0.6000000238
37128  29.880  -31.323  -22.748 0.6000000238
169355  29.472  -30.683  -22.834 0.6999999881
41197  27.385  -28.955  -22.064 0.8999999762
40207  26.770  -29.435  -22.819 0.8999999762
164542  28.529  -29.450  -23.204 0.6999999881
40206  27.569  -29.490  -23.244 0.6999999881
40217  26.825  -29.231  -23.005 0.8999999762
41220  26.752  -28.657  -23.114 0.8999999762
44347  33.786  -25.908  -12.073 0.6999999881
43260  33.306  -26.327  -11.617 0.6000000238
44349  32.175  -25.374  -11.686 0.6000000238
43261  30.408  -26.142  -11.800 0.6000000238
44364  34.829  -25.618  -13.606 0.6999999881
45370  33.521  -25.147  -12.185 0.6000000238
45404  35.137  -25.116  -14.296 0.6999999881
44386  35.305  -25.493  -14.928 0.6999999881
152253  35.631  -25.039  -15.588 0.6999999881
45450  35.719  -24.755  -17.624 0.8000000119
45451  35.039  -25.043  -18.038 0.8000000119
45482  34.901  -24.608  -18.823 0.8000000119
44452  32.939  -25.809  -18.741 1.0000000000
45467  33.343  -25.218  -18.633 0.8000000119
44467  31.764  -25.705  -19.641 1.0000000000
44468  31.172  -25.889  -19.932 1.0000000000
43379  30.015  -26.370  -20.271 1.0000000000
45486  31.254  -25.202  -20.018 1.0000000000
44477  30.464  -25.571  -20.244 1.0000000000
43380  29.373  -26.432  -20.610 1.0000000000
44485  29.004  -25.775  -21.027 1.0000000000
42277  28.645  -27.378  -21.080 1.0000000000
42278  28.120  -27.549  -21.452 0.8999999762
38155  30.267  -30.647  -22.813 0.6000000238
38154  31.788  -30.630  -23.084 0.6000000238
39167  31.306  -29.984  -22.902 0.6000000238
39168  29.968  -29.921  -22.857 0.6999999881
41205  27.217  -28.246  -22.382 0.8999999762
40205  29.386  -29.320  -23.000 0.6999999881
41231  28.044  -28.161  -23.813 0.6999999881
157789  26.753  -28.483  -23.425 0.8999999762
45372  31.816  -24.644  -12.035 0.5000000000
44365  34.161  -25.467  -12.528 0.6000000238
46537  33.190  -24.435  -12.341 0.5000000000
46583  35.156  -24.297  -14.318 0.6999999881
45405  34.807  -24.716  -13.724 0.6999999881
45422  35.995  -24.392  -15.860 0.6999999881
154815  35.753  -24.327  -15.304 0.6999999881
46630  36.412  -23.735  -17.404 0.6999999881
46644  36.413  -23.601  -18.124 0.6999999881
45466  35.620  -24.500  -18.337 0.8000000119
45481  35.563  -24.179  -18.874 0.8000000119
155062  35.230  -24.006  -19.388 0.8000000119
46664  34.424  -24.226  -19.468 0.8000000119
46683  34.774  -23.742  -20.004 0.8000000119
157645  34.044  -23.944  -19.991 0.8000000119
46685  32.482  -24.028  -20.052 0.8999999762
45485  31.908  -24.965  -19.686 1.0000000000
46684  33.262  -23.888  -20.194 0.8000000119
46686  31.918  -24.064  -20.298 0.8999999762
45499  31.509  -24.509  -20.115 1.0000000000
45500  30.682  -24.643  -20.453 1.0000000000
44478  29.648  -25.677  -20.556 1.0000000000
44486  28.420  -25.514  -21.570 1.0000000000
43386  28.317  -26.812  -21.399 0.8999999762
43387  27.926  -27.009  -21.825 0.8999999762
43392  27.408  -26.910  -22.384 0.8999999762
171142  27.566  -25.810  -22.366 0.8999999762
43393  26.533  -26.882  -22.967 0.8999999762
40202  31.635  -29.310  -22.985 0.6000000238
40203  30.767  -29.400  -22.855 0.6000000238
41219  28.848  -28.641  -23.380 0.6999999881
42309  27.719  -27.430  -24.058 0.8000000119
42311  26.262  -27.306  -23.465 0.8999999762
40214  32.332  -29.407  -23.272 0.6000000238
42295  29.841  -27.267  -23.129 0.6999999881
41230  28.757  -27.928  -23.666 0.6999999881
42310  27.209  -27.292  -24.178 0.8000000119
43405  26.175  -26.789  -23.366 0.8999999762
43418  28.091  -26.818  -24.196 0.6999999881
44527  26.470  -25.983  -23.903 0.8999999762
45393  33.895  -24.680  -12.656 0.5000000000
176724  32.938  -23.992  -12.417 0.5000000000
46596  35.121  -23.475  -14.387 0.6999999881
46585  34.099  -23.428  -13.364 0.5000000000
46610  35.965  -23.692  -15.538 0.6999999881
46595  35.520  -23.906  -14.881 0.6999999881
47880  36.253  -23.353  -16.160 0.6999999881
47901  36.551  -23.062  -17.625 0.6999999881
47913  36.571  -22.965  -18.360 0.6999999881
46662  36.335  -23.447  -18.809 0.6999999881
46682  35.628  -23.434  -19.863 0.8000000119
47944  35.046  -23.225  -20.516 0.8000000119
47945  34.132  -23.518  -20.624 0.8000000119
47957  32.968  -23.266  -21.390 0.8000000119
170713  31.777  -23.827  -20.834 0.8999999762
45511  30.647  -24.173  -20.906 1.0000000000
45501  29.906  -24.971  -20.650 1.0000000000
45513  29.378  -25.180  -20.907 1.0000000000
47956  33.740  -23.059  -21.249 0.8000000119
46704  32.143  -23.541  -21.489 0.8000000119
149740  30.302  -24.032  -21.479 0.8999999762
45525  28.962  -24.392  -21.635 1.0000000000
45514  28.922  -24.999  -21.327 1.0000000000
46722  29.810  -23.824  -22.095 0.8999999762
45526  28.332  -24.742  -21.963 1.0000000000
44493  27.850  -25.390  -22.159 1.0000000000
44494  27.080  -25.485  -22.742 1.0000000000
167635  26.348  -26.157  -23.152 0.8999999762
41217  30.236  -27.975  -22.940 0.6999999881
45528  26.698  -24.741  -22.993 0.8999999762
41216  31.213  -28.587  -22.933 0.6000000238
167605  30.987  -27.868  -22.923 0.6000000238
44515  26.186  -25.281  -23.670 0.8999999762
42294  30.595  -27.215  -22.914 0.6999999881
42296  29.090  -27.351  -23.569 0.6999999881
43417  28.786  -26.749  -23.899 0.6999999881
44513  27.715  -26.215  -24.375 0.6999999881
44526  27.145  -25.656  -24.452 0.8000000119
44512  28.449  -26.099  -24.199 0.6999999881
45575  26.600  -25.026  -24.278 0.8000000119
45555  26.216  -24.522  -23.890 0.8999999762
45574  27.353  -24.864  -24.725 0.6999999881
46584  34.714  -23.879  -13.819 0.6000000238
47853  34.525  -23.067  -13.941 0.5000000000
47869  35.544  -23.054  -15.040 0.6999999881
49093  36.428  -22.328  -17.111 0.6999999881
49079  36.226  -22.621  -16.294 0.6999999881
164038  36.645  -22.477  -17.880 0.6999999881
50271  36.204  -21.408  -17.047 0.6999999881
49114  36.780  -22.177  -18.541 0.6999999881
49123  36.672  -22.200  -19.438 0.6999999881
47928  36.520  -22.867  -19.109 0.6999999881
49134  36.447  -22.049  -20.186 0.6999999881
47943  36.236  -22.808  -19.918 0.6999999881
47954  35.974  -22.397  -20.604 0.8000000119
157577  34.549  -22.879  -21.089 0.8000000119
49143  35.622  -22.025  -21.193 0.8000000119
47964  34.106  -22.451  -21.614 0.8000000119
47965  33.368  -22.704  -21.813 0.8000000119
49152  34.490  -21.897  -22.047 0.8000000119
49154  33.038  -22.297  -22.337 0.8000000119
47966  31.623  -23.205  -22.231 0.8000000119
46721  30.655  -23.636  -22.183 0.8999999762
46737  29.253  -23.574  -22.611 0.8999999762
151278  28.452  -24.103  -22.205 1.0000000000
49163  32.784  -21.820  -22.853 0.8000000119
47972  31.571  -22.635  -22.886 0.8000000119
46724  27.895  -24.249  -22.409 1.0000000000
46739  27.798  -23.718  -22.677 1.0000000000
42293  31.392  -27.250  -23.000 0.6000000238
46725  27.214  -24.163  -22.795 1.0000000000
43404  29.435  -26.743  -23.472 0.6999999881
43416  29.360  -25.991  -23.765 0.6999999881
45540  26.208  -24.683  -23.390 0.8999999762
46741  26.443  -24.111  -23.208 1.0000000000
44524  28.798  -25.354  -24.329 0.6999999881
45573  28.298  -24.775  -24.700 0.8000000119
177462  26.816  -24.616  -24.645 0.8000000119
49106  36.587  -21.733  -17.729 0.6999999881
50279  36.404  -20.783  -17.613 0.6999999881
50285  36.817  -21.264  -18.313 0.6999999881
50289  37.013  -21.087  -19.311 0.6999999881
50298  37.003  -20.930  -19.831 0.6999999881
162899  36.816  -20.762  -20.370 0.6999999881
50309  35.881  -21.350  -21.424 0.6999999881
50308  36.454  -20.941  -20.959 0.6999999881
161401  35.500  -20.828  -22.052 0.8000000119
49144  34.902  -22.266  -21.466 0.8000000119
50319  34.047  -21.550  -22.568 0.8000000119
50327  34.275  -20.862  -22.872 0.8000000119
50328  33.419  -21.165  -22.991 0.8000000119
49166  30.268  -22.776  -23.427 0.8999999762
47974  30.052  -23.374  -22.745 0.8999999762
49165  31.095  -22.375  -23.346 0.8000000119
47992  29.566  -22.711  -23.670 0.8999999762
46738  28.561  -23.664  -22.573 0.8999999762
43402  30.998  -26.694  -23.022 0.6000000238
49182  29.175  -22.322  -24.017 0.8999999762
47993  28.856  -22.848  -23.518 0.8999999762
47976  27.420  -23.220  -23.066 1.0000000000
44510  31.860  -25.885  -23.408 0.6000000238
47977  26.606  -23.088  -23.361 0.8999999762
45572  29.047  -24.647  -24.548 0.6999999881
47978  26.020  -22.924  -23.763 0.8999999762
46773  27.828  -24.217  -24.983 0.8000000119
153044  26.520  -24.263  -24.404 0.8999999762
46752  26.083  -23.671  -24.090 0.8000000119
51287  36.806  -20.400  -18.361 0.6999999881
51286  37.090  -20.439  -19.214 0.6999999881
51298  37.049  -20.285  -19.979 0.6999999881
50317  36.066  -20.712  -21.530 0.6999999881
52369  36.387  -19.533  -21.593 0.6999999881
51319  35.491  -19.954  -22.393 0.6999999881
49164  31.901  -21.913  -23.211 0.8000000119
160920  30.681  -22.162  -23.777 0.8000000119
49180  31.231  -21.661  -23.817 0.8000000119
50350  30.864  -21.195  -24.282 0.8000000119
47994  27.979  -22.926  -23.320 0.8999999762
44501  30.312  -25.580  -23.516 0.6000000238
49181  30.042  -22.148  -24.013 0.8000000119
49193  29.534  -21.745  -24.543 0.8999999762
49184  27.393  -22.446  -23.702 0.8999999762
47995  27.144  -22.829  -23.355 0.8999999762
44511  31.193  -25.250  -23.539 0.6000000238
45554  29.606  -25.116  -24.073 0.6999999881
49167  26.404  -22.563  -23.656 0.8999999762
46772  28.616  -24.163  -24.897 0.6999999881
47996  25.678  -23.001  -24.063 0.8000000119
46790  27.408  -23.671  -25.342 0.6999999881
48033  25.855  -22.898  -25.123 0.8000000119
52335  37.086  -19.695  -19.500 0.6999999881
52353  36.966  -18.881  -20.537 0.6999999881
52354  36.651  -18.883  -21.280 0.6999999881
50329  32.535  -21.204  -23.296 0.8000000119
50330  31.870  -21.261  -23.650 0.8000000119
165530  30.973  -20.628  -24.461 0.8000000119
50366  29.810  -21.018  -24.870 0.8000000119
49194  28.683  -21.910  -24.513 0.8999999762
49195  27.799  -21.974  -24.351 0.8999999762
45553  30.448  -24.762  -23.925 0.6000000238
50351  26.794  -22.020  -24.109 0.8999999762
45571  29.734  -24.415  -24.447 0.6999999881
180507  29.217  -24.123  -24.788 0.6999999881
50352  26.046  -21.625  -24.540 0.8999999762
170918  28.044  -23.301  -25.637 0.6999999881
48032  26.804  -23.131  -25.482 0.8000000119
49196  25.140  -22.359  -24.683 0.8000000119
48052  27.310  -22.651  -25.927 0.6999999881
49212  25.393  -22.378  -25.402 0.8000000119
48034  25.192  -22.610  -25.011 0.8000000119
49211  26.377  -22.481  -25.638 0.8000000119
53429  36.834  -18.144  -19.956 0.6999999881
53440  36.759  -18.171  -20.916 0.6000000238
45552  31.393  -24.346  -23.913 0.6000000238
51367  29.309  -20.472  -25.308 0.8000000119
159988  27.619  -20.786  -25.252 0.8999999762
50369  27.221  -21.428  -24.712 0.8999999762
46751  30.442  -24.074  -24.411 0.6000000238
152239  26.647  -20.903  -25.089 0.8999999762
160281  28.288  -23.726  -25.336 0.8000000119
50353  25.320  -21.788  -24.890 0.8999999762
49213  25.120  -22.189  -25.237 0.8000000119
49231  27.789  -22.169  -26.447 0.6999999881
49234  25.377  -21.894  -25.580 0.8000000119
50379  25.234  -21.276  -25.657 0.8000000119
46771  29.739  -23.820  -24.877 0.6999999881
51368  28.487  -20.647  -25.398 0.8000000119
46788  29.710  -23.198  -25.431 0.5000000000
48030  28.772  -23.155  -25.715 0.6000000238
48050  28.849  -22.579  -26.141 0.6000000238
51371  25.198  -20.328  -25.566 0.8000000119
49230  28.573  -22.128  -26.516 0.6000000238
49246  27.446  -21.680  -26.689 0.6000000238
162138  25.955  -21.263  -26.441 0.6999999881
50393  24.916  -20.402  -26.431 0.8000000119
50371  24.969  -20.784  -25.469 0.8000000119
50392  26.706  -21.463  -26.545 0.6000000238
152175  27.921  -19.972  -25.486 0.8000000119
52416  27.319  -19.345  -25.543 0.8000000119
51370  26.082  -20.269  -25.355 0.8999999762
155781  29.965  -22.215  -26.452 0.6000000238
51384  24.292  -19.904  -26.245 0.8000000119
51372  24.588  -20.185  -25.872 0.8000000119
52418  25.512  -19.649  -25.564 0.8000000119
50409  26.386  -20.840  -26.821 0.6000000238
52426  28.183  -19.016  -25.559 0.8000000119
53499  26.718  -18.808  -25.675 0.8000000119
49244  29.069  -21.663  -27.086 0.6000000238
49245  28.194  -21.555  -26.996 0.6000000238
53517  24.544  -18.973  -26.211 0.8000000119
50408  27.391  -21.040  -27.029 0.6000000238
52444  24.485  -19.265  -26.508 0.6999999881
165312  25.143  -18.548  -26.187 0.8000000119
52441  27.259  -19.578  -27.490 0.6000000238
53525  25.559  -18.510  -27.298 0.6000000238
160160  25.219  -17.921  -27.073 0.6999999881
51391  28.545  -20.477  -27.592 0.6000000238
51392  27.752  -20.369  -27.402 0.6000000238
54665  28.530  -17.771  -26.019 0.8000000119
53510  27.008  -18.235  -25.872 0.8000000119
49243  29.906  -21.749  -27.157 0.6000000238
166322  27.880  -18.180  -25.801 0.8000000119
50405  30.745  -21.436  -27.297 0.5000000000
54668  25.689  -17.819  -26.527 0.8000000119
54667  26.523  -17.849  -26.178 0.8000000119
50407  29.569  -21.242  -27.652 0.6000000238
51390  28.838  -21.099  -27.444 0.6000000238
54678  25.468  -17.581  -27.041 0.6000000238
50425  30.118  -20.815  -28.066 0.5000000000
50426  29.351  -20.554  -27.901 0.6000000238
51408  28.869  -19.931  -27.807 0.6000000238
53524  26.690  -18.715  -27.572 0.6000000238
174354  29.438  -19.668  -28.119 0.6000000238
52453  27.754  -18.890  -27.690 0.6000000238
53536  27.148  -18.057  -27.914 0.6000000238
54695  26.546  -17.256  -28.146 0.6000000238
54676  28.298  -17.257  -26.501 0.8000000119
54666  27.249  -17.738  -26.156 0.8000000119
55953  28.812  -16.676  -26.933 0.8000000119
55964  28.192  -16.275  -27.306 0.6999999881
55954  27.867  -16.734  -26.932 0.6999999881
51407  30.048  -20.101  -28.256 0.6000000238
54684  25.741  -17.391  -27.345 0.6000000238
57312  25.974  -16.440  -27.679 0.6000000238
55956  26.167  -16.801  -27.231 0.6999999881
153202  30.001  -19.384  -28.384 0.5000000000
54696  25.924  -17.049  -27.770 0.6000000238
53533  29.558  -18.854  -28.348 0.5000000000
53535  28.158  -18.260  -28.116 0.6000000238
54694  27.630  -17.458  -28.459 0.6000000238
52464  30.329  -18.775  -28.726 0.5000000000
153596  29.668  -15.729  -27.638 0.6999999881
57321  27.912  -15.772  -27.727 0.6000000238
57311  26.422  -16.261  -27.556 0.6000000238
55965  27.365  -16.236  -27.402 0.6000000238
58582  26.432  -15.517  -28.460 0.6000000238
57337  27.646  -15.327  -28.228 0.6000000238
53549  29.706  -18.088  -28.793 0.5000000000
54710  28.465  -17.285  -29.026 0.6000000238
54711  27.541  -16.766  -29.013 0.6000000238
55975  26.918  -16.833  -28.572 0.6000000238
55977  26.034  -16.318  -28.124 0.6000000238
58599  26.817  -14.981  -28.628 0.6000000238
55993  28.165  -16.693  -29.484 0.6000000238
156851  30.057  -17.659  -29.496 0.5000000000
54709  29.338  -17.465  -29.270 0.5000000000
54727  30.483  -17.254  -30.179 0.4000000060
56009  29.252  -16.603  -30.387 0.5000000000
57320  28.881  -15.913  -27.556 0.6000000238
57336  28.510  -15.361  -28.134 0.6000000238
55994  26.692  -16.266  -28.966 0.6000000238
57355  26.383  -15.267  -29.143 0.6000000238
58598  27.983  -14.745  -28.609 0.6000000238
56011  27.370  -16.085  -29.623 0.6000000238
57370  26.744  -15.287  -30.098 0.6000000238
55992  28.922  -16.902  -29.691 0.5000000000
56010  28.412  -16.351  -30.044 0.6000000238
57382  29.229  -15.739  -31.027 0.5000000000
56008  30.030  -16.668  -30.607 0.4000000060
57367  29.934  -15.981  -30.911 0.4000000060
59912  26.377  -14.312  -30.022 0.6000000238
59893  26.981  -14.321  -29.096 0.5000000000
59891  28.801  -14.261  -28.817 0.5000000000
58597  29.016  -14.816  -28.411 0.5000000000
57371  26.404  -15.009  -29.737 0.6000000238
59926  26.651  -13.951  -30.466 0.5000000000
57369  27.796  -15.680  -30.356 0.6000000238
57383  28.303  -15.412  -30.962 0.5000000000
57381  29.740  -15.413  -31.146 0.4000000060
59908  29.523  -13.770  -29.039 0.4000000060
174624  26.625  -14.342  -30.922 0.6000000238
59939  26.947  -13.874  -31.117 0.5000000000
59938  28.201  -14.353  -31.772 0.4000000060
57384  27.034  -14.869  -30.885 0.6000000238
59952  27.360  -13.352  -31.932 0.6000000238
61029  27.124  -13.441  -30.967 0.4000000060
59937  29.274  -14.404  -31.752 0.4000000060
59950  28.622  -13.919  -32.250 0.4000000060
61028  27.750  -12.995  -30.565 0.4000000060
59951  27.641  -13.647  -32.197 0.4000000060
61040  27.325  -13.154  -31.715 0.4000000060
59936  30.149  -14.054  -31.471 0.4000000060
61052  27.458  -12.914  -32.680 0.4000000060
61025  30.390  -12.596  -29.925 0.4000000060
62088  29.206  -12.211  -30.703 0.4000000060
62115  27.288  -12.623  -32.142 0.4000000060
61050  29.301  -13.476  -32.529 0.4000000060
61051  28.095  -13.308  -32.786 0.4000000060
61063  27.704  -12.590  -33.353 0.4000000060
61064  27.449  -12.246  -33.110 0.4000000060
180433  29.983  -12.238  -30.354 0.4000000060
62102  29.311  -11.766  -31.288 0.4000000060
62103  28.556  -12.003  -31.500 0.4000000060
61062  28.787  -12.991  -33.255 0.3000000119
63236  27.539  -11.660  -33.291 0.4000000060
63215  27.966  -11.862  -32.425 0.4000000060
62087  29.974  -11.830  -30.869 0.4000000060
63214  28.851  -11.570  -31.992 0.4000000060
33756  26.006  -34.929  -21.287 0.8000000119
34902  26.453  -34.415  -20.547 0.8999999762
34900  28.201  -34.149  -20.127 0.8999999762
173776  27.266  -34.601  -20.164 0.8999999762
33737  27.993  -34.929  -20.073 0.8999999762
36024  33.807  -32.287  -19.067 0.8999999762
39132  33.277  -30.395  -19.246 1.0000000000
40168  33.661  -29.652  -18.929 1.0000000000
34914  30.567  -33.578  -20.154 0.8999999762
159706  32.005  -33.112  -19.880 0.8999999762
37093  31.814  -31.735  -19.916 0.8999999762
39133  32.436  -30.392  -19.457 1.0000000000
34915  29.910  -33.563  -20.156 0.8999999762
36027  31.453  -32.524  -20.096 0.8999999762
173020  30.730  -32.242  -20.208 0.8999999762
38119  32.108  -31.041  -19.663 1.0000000000
34916  29.392  -33.611  -20.128 0.8999999762
38126  30.584  -30.980  -20.183 0.8999999762
59910  27.578  -13.781  -29.491 0.4000000060
61015  27.265  -13.544  -30.175 0.4000000060
61013  29.087  -13.175  -29.610 0.4000000060
61012  29.994  -13.136  -29.486 0.4000000060
158829  33.638  -35.822  -12.419 0.8999999762
31466  34.619  -36.654  -14.943 1.0000000000
27508  33.604  -39.274  -17.134 0.8000000119
160360  31.493  -36.170  -10.863 0.8999999762
33647  34.425  -34.991  -13.517 1.0000000000
29320  33.353  -37.790  -17.862 0.8000000119
33718  33.793  -34.700  -18.245 0.8999999762
31488  33.465  -36.563  -17.913 0.8000000119
31494  31.650  -36.796  -19.177 0.8000000119
30376  30.832  -36.926  -19.407 0.8000000119
35991  34.846  -32.993  -16.700 1.0000000000
32606  31.596  -35.310  -19.461 0.8999999762
31504  30.415  -36.246  -19.616 0.8000000119
33735  29.660  -34.759  -20.050 0.8999999762
32609  29.181  -35.564  -19.962 0.8000000119
36013  33.582  -33.063  -19.101 0.8999999762
175262  30.166  -33.071  -20.211 0.8999999762
38008  32.684  -31.412  -11.272 0.8999999762
38010  31.171  -31.199  -10.586 1.0000000000
39040  28.514  -29.623  -12.767 0.6000000238
162509  27.703  -29.744  -14.028 0.4000000060
40081  27.935  -28.812  -13.398 0.4000000060
38107  34.763  -31.427  -18.168 1.0000000000
38118  32.889  -31.068  -19.415 0.8999999762
31546  26.461  -36.106  -21.299 0.6999999881
34934  26.019  -33.235  -21.609 0.8000000119
40066  33.438  -29.345  -11.661 0.8999999762
36039  28.490  -32.667  -20.369 0.8999999762
168180  29.184  -35.274  -22.099 0.6000000238
34919  26.531  -33.691  -20.848 0.8999999762
41069  30.916  -28.656  -10.904 0.6999999881
41094  27.633  -28.310  -13.523 0.4000000060
172643  29.635  -32.059  -20.350 0.8999999762
38136  27.299  -31.182  -21.296 0.8999999762
38137  26.788  -31.041  -21.947 0.8999999762
36067  29.136  -32.670  -22.495 0.6999999881
152440  28.750  -32.125  -22.548 0.6999999881
41067  32.637  -28.609  -11.077 0.8000000119
41092  34.174  -28.485  -12.539 0.8999999762
42250  32.936  -27.653  -18.973 1.0000000000
37094  31.037  -31.684  -20.139 0.8999999762
40176  30.306  -29.549  -20.133 0.8999999762
38127  29.919  -30.976  -20.348 0.8999999762
37101  30.213  -31.673  -20.286 0.8999999762
157605  29.779  -26.089  -12.111 0.5000000000
175740  28.142  -30.107  -21.062 0.8999999762
163632  34.804  -26.512  -13.914 0.6999999881
43311  35.269  -25.884  -15.593 0.8000000119
43312  34.801  -26.627  -15.650 0.8999999762
43334  34.544  -26.750  -16.330 0.8999999762
39169  29.058  -30.051  -22.953 0.6999999881
166092  26.841  -28.855  -22.747 0.8999999762
40215  27.373  -28.699  -23.569 0.8000000119
44330  30.983  -26.239  -11.509 0.6000000238
173137  34.358  -26.199  -12.475 0.8000000119
44348  33.015  -25.602  -11.792 0.6000000238
44377  35.019  -25.811  -14.322 0.6999999881
45434  35.839  -24.883  -16.256 0.6999999881
160931  35.784  -24.898  -16.887 0.6999999881
151341  32.480  -24.794  -19.363 1.0000000000
42276  29.189  -27.186  -20.732 1.0000000000
42297  26.142  -27.460  -23.080 0.8999999762
46538  32.527  -24.219  -12.213 0.6000000238
45373  30.843  -24.855  -12.052 0.5000000000
45433  36.152  -24.417  -16.495 0.6999999881
46666  32.792  -24.302  -19.624 0.8999999762
46565  32.570  -23.620  -12.463 0.5000000000
46663  35.873  -23.740  -19.165 0.8000000119
168133  27.196  -26.238  -22.636 0.8999999762
47870  34.911  -22.669  -14.544 0.6000000238
49037  34.233  -22.293  -14.116 0.5000000000
47881  35.965  -22.908  -15.666 0.6999999881
46705  31.195  -23.853  -21.409 0.8999999762
49153  33.740  -22.106  -22.168 0.8000000119
49155  32.287  -22.497  -22.622 0.8000000119
160908  26.215  -24.090  -23.597 0.8999999762
169058  34.574  -21.864  -14.662 0.5000000000
49080  35.757  -22.173  -15.778 0.6999999881
49142  36.239  -21.742  -20.846 0.6999999881
50318  34.782  -21.247  -22.389 0.8000000119
47973  30.888  -23.045  -22.842 0.8999999762
153237  29.438  -23.122  -23.164 0.8999999762
46774  27.032  -24.191  -24.821 0.8000000119
52344  36.757  -19.556  -20.949 0.6999999881
51335  33.024  -20.528  -23.474 0.8000000119
174696  25.436  -22.163  -24.359 0.8999999762
50368  28.160  -21.345  -24.895 0.8999999762
53416  36.738  -18.468  -19.099 0.6000000238
49232  26.945  -22.066  -26.222 0.6999999881
51369  27.042  -20.159  -25.403 0.8999999762
51395  24.848  -19.921  -26.727 0.6999999881
51393  26.795  -20.255  -27.215 0.6000000238
52442  26.132  -19.417  -27.358 0.6000000238
53516  24.969  -18.397  -26.738 0.8000000119
53538  25.490  -17.810  -27.261 0.6000000238
55942  26.544  -17.312  -26.616 0.6999999881
52452  28.734  -19.086  -27.943 0.6000000238
55995  26.362  -15.929  -28.772 0.6000000238
53534  28.985  -18.296  -28.379 0.6000000238
59894  26.379  -14.466  -29.428 0.6000000238
61026  29.597  -12.700  -30.064 0.4000000060
61014  28.143  -13.250  -29.827 0.4000000060
62086  30.659  -11.918  -30.309 0.4000000060
61069  27.653  -11.865  -33.699 0.4000000060
34899  29.105  -34.151  -20.083 0.8999999762
157988  31.161  -44.980  -8.049 0.4000000060
23790  30.618  -43.769  -7.409 0.4000000060
23774  29.364  -43.929  -6.788 0.4000000060
23835  32.116  -43.449  -9.222 0.4000000060
24638  30.218  -43.034  -7.313 0.4000000060
24625  29.583  -43.333  -6.942 0.4000000060
24685  32.992  -42.976  -10.354 0.3000000119
24658  31.807  -42.994  -8.657 0.4000000060
24716  33.621  -42.594  -11.603 0.4000000060
178738  33.928  -42.468  -12.923 0.4000000060
24770  33.589  -42.342  -14.013 0.4000000060
25694  32.933  -41.912  -15.334 0.4000000060
25545  30.757  -42.385  -7.754 0.5000000000
25546  30.036  -42.213  -7.596 0.4000000060
24686  32.212  -42.676  -9.231 0.4000000060
25568  31.801  -42.208  -8.669 0.4000000060
25621  33.821  -41.923  -11.808 0.5000000000
25647  34.142  -41.953  -12.576 0.4000000060
25683  33.867  -41.784  -14.276 0.4000000060
25693  33.623  -41.581  -15.015 0.5000000000
154035  33.166  -41.052  -16.432 0.5000000000
25718  32.700  -41.546  -16.893 0.6000000238
25719  32.183  -41.912  -17.342 0.5000000000
177884  32.145  -41.684  -18.051 0.6000000238
175397  31.241  -41.383  -19.177 0.4000000060
25569  30.592  -41.624  -7.896 0.5000000000
162649  29.816  -41.548  -7.920 0.5000000000
24660  27.891  -42.445  -8.127 0.5000000000
24661  27.219  -42.639  -8.569 0.5000000000
26541  32.628  -41.552  -9.725 0.6000000238
26519  31.765  -41.369  -8.821 0.6000000238
158389  33.274  -41.359  -10.701 0.5000000000
26568  33.228  -40.713  -10.832 0.6000000238
26585  34.026  -41.137  -12.090 0.5000000000
25673  34.317  -41.349  -12.946 0.5000000000
26613  34.259  -41.097  -14.634 0.4000000060
152418  33.906  -41.023  -15.323 0.6000000238
26629  33.418  -40.299  -16.853 0.6000000238
177635  33.061  -40.323  -17.511 0.6000000238
26634  32.743  -40.697  -17.966 0.6000000238
162957  31.909  -39.888  -19.124 0.6000000238
159487  31.115  -39.921  -19.348 0.6000000238
26637  32.270  -41.114  -18.402 0.6000000238
27514  31.706  -40.749  -19.100 0.6000000238
166976  30.814  -40.653  -19.347 0.6000000238
161919  29.984  -40.592  -19.389 0.6000000238
26521  30.243  -40.997  -8.343 0.5000000000
26522  29.406  -41.056  -8.460 0.5000000000
26523  28.640  -41.298  -8.708 0.5000000000
24687  27.095  -42.354  -9.251 0.5000000000
158821  32.434  -41.020  -9.660 0.6000000238
26542  31.995  -40.820  -9.357 0.6000000238
27461  34.039  -40.268  -12.109 0.6000000238
27444  33.212  -39.959  -10.997 0.6000000238
26597  34.322  -40.711  -12.612 0.5000000000
173533  34.066  -39.577  -12.218 0.6000000238
26603  34.547  -40.678  -13.969 0.6000000238
27486  34.365  -40.506  -15.213 0.6000000238
27512  32.863  -39.932  -18.154 0.6000000238
27515  30.257  -39.869  -19.407 0.6000000238
28397  29.733  -39.092  -19.412 0.6999999881
27399  29.797  -40.379  -8.866 0.6000000238
26545  28.344  -41.092  -9.208 0.5000000000
172406  27.012  -42.028  -9.712 0.5000000000
26556  32.355  -40.484  -9.828 0.6000000238
27418  31.772  -40.176  -9.528 0.6000000238
27398  30.670  -40.442  -8.807 0.6000000238
26557  27.295  -41.052  -10.265 0.5000000000
25606  26.840  -41.560  -10.595 0.5000000000
28328  32.689  -39.477  -10.599 0.6000000238
27477  34.642  -40.007  -14.056 0.6000000238
29334  30.109  -38.388  -19.432 0.6999999881
27420  30.368  -39.847  -9.222 0.6000000238
165887  29.728  -39.806  -9.329 0.6000000238
27422  28.403  -40.574  -9.501 0.6000000238
28311  31.547  -39.473  -9.750 0.6000000238
28314  29.222  -39.467  -9.708 0.6000000238
28315  28.475  -39.869  -9.833 0.6000000238
27436  27.271  -40.258  -10.520 0.6000000238
26558  26.854  -40.935  -10.869 0.6000000238
28330  31.285  -38.706  -10.100 0.6000000238
25648  26.127  -41.361  -11.936 0.5000000000
28344  33.195  -39.170  -11.206 0.6000000238
26586  26.078  -40.682  -12.270 0.6000000238
29335  29.241  -38.328  -19.433 0.6999999881
28312  30.808  -39.299  -9.583 0.6000000238
28333  28.515  -39.021  -10.143 0.6000000238
29246  31.384  -38.001  -10.401 0.6000000238
28331  30.392  -38.694  -9.942 0.6000000238
28332  29.493  -38.797  -9.998 0.6000000238
27446  26.788  -40.083  -11.090 0.6000000238
28345  32.580  -38.700  -10.876 0.6000000238
28347  26.702  -39.255  -11.304 0.6000000238
29265  33.151  -38.341  -11.437 0.6000000238
29293  34.464  -38.242  -13.230 0.6000000238
30378  28.771  -37.648  -19.509 0.6999999881
30379  28.054  -37.136  -19.695 0.6999999881
29266  32.465  -37.791  -11.190 0.6000000238
29249  28.947  -38.221  -10.268 0.6999999881
28334  27.669  -38.868  -10.501 0.6999999881
29289  33.162  -37.553  -11.731 0.6000000238
31507  27.354  -36.382  -19.949 0.6999999881
29247  30.740  -38.040  -10.257 0.6999999881
172953  32.120  -37.127  -11.149 0.6999999881
30228  31.779  -37.573  -10.754 0.6999999881
30210  29.308  -37.505  -10.367 0.6999999881
30211  28.433  -37.577  -10.450 0.6999999881
27445  27.177  -39.435  -10.738 0.6000000238
28346  27.082  -38.682  -10.916 0.6999999881
30230  27.289  -37.282  -11.067 0.6000000238
29269  26.574  -38.406  -11.650 0.5000000000
33751  26.139  -35.032  -20.794 0.8000000119
30229  31.604  -36.887  -10.837 0.6999999881
30209  30.237  -37.290  -10.409 0.6999999881
152223  28.786  -36.879  -10.426 0.6999999881
30212  27.706  -37.704  -10.659 0.6999999881
28369  26.220  -38.608  -12.902 0.5000000000
31347  28.430  -36.163  -10.530 0.6999999881
31358  27.303  -36.565  -11.187 0.6000000238
31379  26.743  -37.023  -12.258 0.6000000238
51365  30.696  -20.140  -24.712 0.6999999881
51320  34.952  -20.490  -22.694 0.6999999881
51334  33.802  -20.362  -23.264 0.6999999881
51355  32.648  -19.969  -23.859 0.6999999881
179864  35.919  -19.512  -22.048 0.6000000238
52370  35.593  -19.068  -22.498 0.6000000238
51356  31.926  -20.097  -24.104 0.6999999881
52412  31.061  -19.438  -24.712 0.6999999881
51366  30.053  -20.271  -24.989 0.6999999881
52414  29.595  -19.701  -25.346 0.6999999881
167468  36.232  -18.923  -21.921 0.6000000238
52385  35.124  -18.849  -22.994 0.6000000238
52387  34.182  -19.580  -23.460 0.6999999881
52403  32.230  -19.435  -24.192 0.6999999881
53454  36.500  -18.245  -21.663 0.6000000238
52413  30.307  -19.567  -24.995 0.6999999881
53498  29.898  -19.024  -25.309 0.6999999881
53509  28.761  -18.373  -25.704 0.6999999881
53455  35.971  -18.327  -22.223 0.6000000238
53467  35.462  -18.316  -22.778 0.6000000238
53481  34.381  -18.320  -23.627 0.6000000238
53483  33.240  -18.712  -24.096 0.6999999881
52411  31.738  -19.033  -24.566 0.6999999881
164389  30.774  -18.453  -25.162 0.6999999881
53507  30.004  -17.951  -25.681 0.6999999881
54664  29.278  -17.871  -25.865 0.6999999881
168119  36.230  -17.762  -21.983 0.6000000238
54616  35.781  -17.686  -22.482 0.6000000238
55918  34.517  -16.998  -23.865 0.5000000000
54642  34.033  -17.667  -23.995 0.6000000238
55933  32.527  -17.213  -25.038 0.5000000000
54653  31.227  -18.096  -25.090 0.6999999881
55940  31.134  -16.935  -25.991 0.6999999881
55952  29.685  -16.845  -26.640 0.6999999881
61038  32.005  -12.865  -31.205 0.3000000119
61039  31.244  -13.035  -31.481 0.3000000119
59949  29.616  -13.896  -32.021 0.3000000119
22947  30.945  -44.375  -7.659 0.4000000060
171419  29.806  -44.384  -6.803 0.3000000119
157410  28.484  -44.976  -6.449 0.4000000060
22983  31.947  -44.283  -9.160 0.3000000119
23791  28.058  -43.616  -6.859 0.4000000060
23866  33.116  -43.510  -10.960 0.4000000060
24640  28.194  -42.886  -7.312 0.4000000060
155436  33.308  -43.473  -12.577 0.4000000060
24771  32.927  -42.824  -14.166 0.4000000060
24782  32.497  -42.479  -14.944 0.4000000060
25706  32.779  -41.700  -16.082 0.5000000000
25722  31.701  -42.183  -17.957 0.4000000060
176919  26.733  -42.957  -8.151 0.4000000060
26638  30.537  -41.421  -19.341 0.5000000000
24689  25.798  -42.346  -9.352 0.5000000000
27516  29.308  -39.852  -19.356 0.6000000238
24688  26.534  -42.217  -9.580 0.5000000000
25594  26.696  -41.896  -10.149 0.5000000000
158353  25.531  -41.888  -10.712 0.5000000000
28398  28.782  -39.017  -19.344 0.6000000238
25624  25.955  -41.684  -11.458 0.5000000000
25674  25.342  -41.549  -12.998 0.4000000060
177272  28.131  -37.685  -19.505 0.6999999881
27471  26.022  -39.684  -12.698 0.5000000000
168854  26.872  -37.149  -19.737 0.6999999881
166945  26.262  -36.196  -20.172 0.8000000119
31532  26.229  -36.282  -20.594 0.6999999881
29295  26.379  -38.434  -14.372 0.5000000000
156769  26.585  -37.855  -13.996 0.6000000238
49094  36.017  -21.853  -16.456 0.6000000238
168622  35.608  -16.923  -22.739 0.5000000000
153326  34.904  -16.262  -23.751 0.5000000000
57280  34.297  -16.412  -24.245 0.5000000000
55932  33.174  -16.882  -24.888 0.5000000000
57301  32.379  -16.151  -25.918 0.5000000000
55950  31.673  -16.318  -26.197 0.5000000000
57309  30.933  -15.804  -27.004 0.5000000000
61037  32.851  -12.676  -31.012 0.3000000119
61048  31.674  -12.571  -31.717 0.3000000119
61061  30.026  -13.087  -32.782 0.3000000119
29294  34.011  -38.159  -12.515 0.6000000238
28360  33.735  -38.859  -11.931 0.6000000238
27470  34.413  -40.020  -12.809 0.6000000238
31346  29.226  -36.265  -10.421 0.8000000119
28396  30.596  -39.153  -19.418 0.6999999881
30377  29.646  -37.650  -19.521 0.6999999881
31506  28.634  -36.328  -19.897 0.6999999881
51333  34.448  -20.187  -23.069 0.6999999881
52415  28.790  -19.835  -25.556 0.6999999881
57310  29.640  -16.278  -27.235 0.6000000238
156981  30.367  -13.352  -31.885 0.3000000119
167747  26.450  -36.060  -20.045 0.8000000119
30420  26.595  -36.891  -21.033 0.6999999881
52402  32.955  -19.285  -23.988 0.6999999881
23807  31.782  -43.660  -8.670 0.4000000060
23851  32.803  -43.623  -10.322 0.3000000119
179594  33.148  -42.386  -10.461 0.5000000000
25548  28.651  -42.210  -7.768 0.5000000000
153464  32.206  -42.072  -16.497 0.3000000119
25726  31.054  -42.191  -18.773 0.4000000060
24663  25.513  -42.765  -8.620 0.5000000000
30231  26.768  -37.557  -11.590 0.6000000238
53496  31.178  -18.697  -24.865 0.6999999881
52425  29.138  -19.047  -25.512 0.6999999881
52386  34.618  -18.927  -23.331 0.6999999881
53468  34.923  -18.289  -23.223 0.6000000238
53482  33.783  -18.452  -23.914 0.6999999881
53484  32.511  -18.661  -24.365 0.6999999881
54627  35.276  -17.650  -23.048 0.6000000238
171939  33.003  -17.448  -24.691 0.6000000238
156685  31.804  -18.322  -24.752 0.6999999881
54654  30.677  -18.022  -25.466 0.6999999881
54674  29.833  -17.436  -26.144 0.6999999881
55917  35.330  -16.417  -23.204 0.5000000000
55931  33.754  -16.614  -24.622 0.5000000000
54661  31.835  -17.643  -25.063 0.5000000000
54662  31.223  -17.535  -25.506 0.5000000000
55951  31.005  -16.377  -26.525 0.5000000000
55941  30.433  -16.924  -26.352 0.6999999881
55887  35.961  -16.407  -22.111 0.5000000000
57293  34.004  -15.905  -24.735 0.5000000000
57294  33.401  -16.207  -25.094 0.5000000000
57308  32.063  -15.581  -26.465 0.5000000000
30394  26.143  -37.574  -19.669 0.6000000238
30395  26.077  -37.334  -19.748 0.6000000238
31544  28.711  -36.456  -21.872 0.5000000000
29370  26.683  -37.964  -20.717 0.6000000238
30428  27.133  -36.688  -21.420 0.6000000238
173710  30.605  -36.799  -21.691 0.5000000000
31543  29.520  -36.490  -21.900 0.5000000000
31545  27.797  -36.252  -21.789 0.6000000238
33649  27.841  -34.839  -14.429 0.5000000000
32643  26.860  -35.941  -21.790 0.6000000238
31541  30.928  -36.195  -21.786 0.5000000000
32640  29.778  -35.790  -22.015 0.5000000000
32638  31.324  -35.539  -21.917 0.5000000000
34816  27.882  -34.172  -14.593 0.4000000060
33668  27.798  -34.884  -14.468 0.4000000060
34833  27.774  -33.400  -14.617 0.4000000060
32639  30.542  -35.519  -22.036 0.5000000000
165513  32.033  -35.443  -21.769 0.5000000000
33762  31.106  -34.919  -22.201 0.5000000000
37025  27.565  -32.161  -14.760 0.4000000060
34948  31.703  -33.833  -22.782 0.5000000000
169074  31.687  -34.511  -22.420 0.5000000000
161469  27.448  -31.467  -14.863 0.4000000060
43264  28.802  -26.818  -12.423 0.4000000060
42172  28.283  -27.456  -12.778 0.4000000060
42173  27.789  -27.739  -13.224 0.4000000060
42181  27.345  -27.685  -13.589 0.3000000119
47832  32.657  -23.013  -12.926 0.4000000060
164877  31.920  -23.250  -12.639 0.4000000060
44351  30.236  -25.487  -12.013 0.4000000060
44352  29.543  -25.462  -12.292 0.4000000060
49014  32.210  -22.343  -13.306 0.4000000060
45374  29.986  -24.820  -12.276 0.4000000060
44366  28.915  -25.477  -12.651 0.4000000060
46567  29.999  -23.558  -12.773 0.4000000060
45375  29.296  -24.843  -12.556 0.4000000060
166560  28.556  -26.121  -12.747 0.4000000060
158323  27.891  -26.165  -13.108 0.4000000060
46540  31.166  -24.078  -12.292 0.4000000060
47834  31.202  -22.952  -12.929 0.4000000060
46541  30.397  -24.158  -12.410 0.4000000060
49013  33.062  -22.452  -13.344 0.4000000060
49015  31.419  -22.326  -13.309 0.4000000060
49016  30.706  -22.419  -13.352 0.4000000060
46566  30.750  -23.523  -12.642 0.4000000060
47835  30.396  -22.965  -13.044 0.4000000060
47836  29.564  -22.918  -13.199 0.4000000060
45395  28.654  -24.832  -12.877 0.4000000060
157349  29.589  -22.226  -13.642 0.4000000060
47837  28.694  -23.211  -13.260 0.4000000060
44367  28.250  -25.471  -12.973 0.4000000060
49063  35.268  -22.194  -15.136 0.4000000060
180347  32.584  -20.945  -14.553 0.4000000060
50225  32.013  -21.260  -14.211 0.4000000060
50226  31.131  -21.378  -14.126 0.4000000060
49064  34.835  -21.511  -15.132 0.4000000060
50242  33.323  -20.961  -14.625 0.4000000060
50244  31.281  -20.879  -14.574 0.4000000060
50245  30.602  -21.018  -14.495 0.4000000060
49041  30.912  -21.899  -13.734 0.4000000060
49042  30.216  -22.010  -13.727 0.4000000060
50228  29.600  -21.605  -14.094 0.4000000060
47856  28.930  -22.494  -13.572 0.4000000060
50272  35.727  -21.123  -16.514 0.5000000000
166328  35.609  -21.520  -16.065 0.5000000000
165882  34.806  -20.343  -15.896 0.5000000000
50241  34.201  -21.063  -14.887 0.4000000060
51224  33.588  -20.512  -15.025 0.4000000060
51225  32.717  -20.417  -14.977 0.4000000060
50243  31.969  -20.680  -14.735 0.4000000060
50227  30.388  -21.480  -14.100 0.4000000060
51269  35.385  -20.332  -16.538 0.5000000000
51223  34.191  -20.382  -15.369 0.4000000060
51248  32.302  -19.840  -15.487 0.4000000060
171714  31.954  -20.214  -15.108 0.4000000060
51270  34.757  -19.744  -16.309 0.4000000060
52263  34.165  -19.379  -16.229 0.4000000060
52264  33.463  -19.338  -16.041 0.4000000060
52265  32.616  -19.343  -15.971 0.4000000060
52266  31.774  -19.356  -15.945 0.4000000060
160757  34.375  -17.872  -17.359 0.4000000060
54552  33.529  -17.520  -17.481 0.4000000060
53378  32.902  -17.942  -17.240 0.4000000060
53367  32.310  -18.332  -16.972 0.4000000060
169423  32.141  -17.800  -17.503 0.4000000060
51281  36.377  -20.074  -17.796 0.5000000000
53375  35.663  -18.372  -17.736 0.5000000000
53364  34.837  -18.556  -17.100 0.4000000060
55822  32.863  -17.053  -17.841 0.4000000060
171759  32.663  -17.530  -17.596 0.4000000060
54554  31.352  -17.623  -17.823 0.3000000119
51291  36.977  -19.723  -18.785 0.5000000000
52283  34.509  -19.123  -16.591 0.4000000060
53366  33.240  -18.438  -16.793 0.4000000060
52285  32.866  -18.867  -16.452 0.4000000060
52286  32.039  -18.872  -16.467 0.4000000060
53365  34.052  -18.627  -16.767 0.4000000060
53397  35.948  -17.900  -18.210 0.5000000000
53376  35.060  -17.820  -17.575 0.5000000000
55821  33.808  -16.778  -17.815 0.4000000060
54553  32.099  -17.303  -17.902 0.3000000119
177897  36.637  -17.891  -19.328 0.5000000000
157630  35.556  -17.706  -17.928 0.5000000000
54551  34.493  -17.279  -17.652 0.4000000060
55831  33.092  -16.417  -18.137 0.4000000060
55832  32.243  -16.720  -18.246 0.3000000119
54562  31.471  -17.014  -18.294 0.3000000119
55833  30.851  -16.709  -18.682 0.3000000119
55829  36.136  -16.880  -18.865 0.5000000000
54573  36.515  -17.295  -19.553 0.4000000060
54592  36.636  -17.433  -20.499 0.5000000000
167840  34.945  -16.001  -18.396 0.3000000119
54561  34.757  -16.579  -18.015 0.4000000060
57197  33.309  -15.832  -18.373 0.4000000060
57206  32.090  -15.507  -18.816 0.3000000119
159989  31.609  -16.244  -18.641 0.3000000119
55842  30.875  -16.067  -19.032 0.3000000119
55843  30.278  -16.445  -19.064 0.3000000119
55840  35.867  -16.254  -18.954 0.3000000119
55839  36.214  -16.469  -19.466 0.4000000060
55857  36.430  -16.703  -20.200 0.4000000060
57237  36.353  -16.228  -20.795 0.4000000060
55886  36.316  -16.662  -21.465 0.4000000060
54615  36.095  -17.139  -22.051 0.4000000060
57203  34.625  -15.380  -18.653 0.3000000119
57204  33.846  -15.472  -18.528 0.3000000119
57205  33.061  -15.282  -18.642 0.3000000119
57207  31.375  -15.569  -19.082 0.3000000119
174138  30.819  -15.488  -19.301 0.3000000119
57209  29.595  -16.144  -19.403 0.3000000119
57210  28.763  -16.293  -19.571 0.3000000119
57196  35.401  -15.699  -18.812 0.3000000119
58466  30.403  -15.098  -19.572 0.3000000119
57217  29.775  -15.329  -19.696 0.3000000119
171389  28.516  -15.273  -20.225 0.3000000119
57202  35.868  -15.815  -19.395 0.3000000119
57215  36.204  -15.976  -20.061 0.3000000119
58469  36.201  -15.298  -20.688 0.3000000119
57255  35.965  -15.693  -22.135 0.4000000060
166473  35.631  -16.103  -22.721 0.4000000060
57278  35.377  -15.751  -23.344 0.4000000060
57292  34.585  -15.701  -24.286 0.4000000060
55938  32.758  -16.553  -25.376 0.4000000060
57219  28.292  -15.742  -20.007 0.3000000119
169281  35.167  -14.432  -19.368 0.3000000119
58463  34.609  -14.661  -18.979 0.3000000119
58462  35.518  -15.182  -19.365 0.3000000119
58470  35.733  -14.731  -19.928 0.3000000119
58492  35.991  -14.342  -20.641 0.3000000119
159947  36.048  -14.966  -22.085 0.3000000119
57266  35.712  -15.324  -22.777 0.4000000060
59836  35.598  -13.923  -23.127 0.3000000119
58539  35.408  -14.818  -23.539 0.4000000060
58551  34.310  -15.040  -24.854 0.4000000060
57299  33.642  -15.433  -25.313 0.4000000060
58561  33.154  -15.081  -25.874 0.4000000060
57300  33.010  -15.832  -25.613 0.4000000060
57307  32.662  -15.519  -26.086 0.4000000060
59837  35.270  -13.898  -23.915 0.3000000119
59843  34.347  -14.331  -25.139 0.4000000060
58560  33.810  -14.468  -25.602 0.4000000060
59850  33.200  -14.427  -26.192 0.4000000060
59873  32.535  -13.709  -27.224 0.4000000060
59861  32.268  -14.368  -27.014 0.4000000060
58579  30.917  -15.120  -27.519 0.4000000060
58580  30.110  -15.239  -27.852 0.5000000000
60941  35.514  -13.167  -23.349 0.3000000119
60942  35.243  -12.985  -24.074 0.3000000119
59849  34.518  -13.698  -25.117 0.3000000119
60961  34.414  -12.992  -25.490 0.4000000060
60962  33.911  -13.014  -26.047 0.4000000060
60973  33.530  -13.038  -26.546 0.4000000060
59860  32.859  -14.054  -26.664 0.4000000060
60974  33.076  -13.366  -26.849 0.3000000119
60986  32.249  -13.417  -27.817 0.4000000060
59889  30.882  -13.994  -28.406 0.3000000119
58595  30.544  -14.644  -28.127 0.3000000119
58581  29.353  -15.345  -28.029 0.4000000060
59907  30.460  -13.610  -28.966 0.3000000119
59890  30.126  -14.180  -28.555 0.3000000119
61997  35.427  -12.338  -23.451 0.3000000119
167239  34.915  -11.420  -24.862 0.3000000119
62030  34.283  -12.357  -25.858 0.3000000119
62041  33.836  -12.371  -26.512 0.3000000119
62050  33.621  -12.054  -27.213 0.3000000119
62051  33.100  -12.423  -27.647 0.3000000119
60997  32.576  -12.799  -28.093 0.3000000119
59888  31.587  -13.718  -28.129 0.3000000119
60999  31.215  -13.358  -28.720 0.3000000119
60998  31.927  -13.094  -28.436 0.3000000119
174300  35.134  -11.116  -24.045 0.3000000119
62015  34.700  -12.246  -25.187 0.3000000119
177696  34.258  -11.827  -26.204 0.3000000119
63154  34.069  -11.611  -26.761 0.3000000119
157875  33.917  -11.383  -27.451 0.3000000119
62061  32.901  -12.142  -28.339 0.3000000119
61010  31.569  -12.751  -29.119 0.3000000119
61011  30.821  -12.997  -29.355 0.3000000119
62073  31.909  -12.046  -29.512 0.3000000119
62074  31.121  -12.362  -29.733 0.3000000119
63199  31.229  -11.389  -30.492 0.3000000119
51282  35.864  -20.024  -17.279 0.5000000000
30380  27.274  -37.791  -19.544 0.6000000238
29346  26.060  -38.170  -19.736 0.5000000000
29354  26.034  -38.741  -20.027 0.5000000000
175458  28.620  -38.395  -21.300 0.5000000000
29369  27.589  -38.234  -21.134 0.5000000000
31531  31.199  -36.773  -21.446 0.5000000000
30416  30.656  -37.518  -21.485 0.5000000000
174719  29.159  -37.891  -21.476 0.5000000000
158125  27.296  -35.869  -11.564 0.6000000238
31378  26.998  -36.427  -12.983 0.6000000238
179013  27.208  -35.846  -12.590 0.6000000238
160455  27.370  -35.950  -13.965 0.5000000000
30314  27.222  -36.671  -14.776 0.5000000000
32528  27.351  -35.637  -14.545 0.5000000000
33669  27.170  -34.646  -14.347 0.4000000060
35943  26.897  -33.246  -14.492 0.4000000060
161475  26.263  -32.739  -14.621 0.4000000060
37026  26.887  -31.849  -15.010 0.4000000060
40091  26.950  -28.868  -14.326 0.3000000119
42182  26.819  -27.620  -13.990 0.3000000119
167844  27.073  -27.084  -13.677 0.4000000060
46586  27.906  -23.506  -13.414 0.4000000060
44378  27.527  -25.452  -13.333 0.4000000060
47857  28.170  -22.736  -13.632 0.4000000060
51226  31.333  -20.337  -14.990 0.4000000060
49043  29.087  -21.969  -13.888 0.4000000060
50248  28.352  -21.013  -14.628 0.4000000060
175687  30.204  -20.692  -14.769 0.4000000060
50246  29.925  -21.065  -14.503 0.4000000060
52267  30.961  -19.426  -15.916 0.4000000060
51228  29.597  -20.488  -14.939 0.4000000060
53379  31.647  -18.081  -17.378 0.4000000060
52287  31.235  -18.942  -16.447 0.4000000060
53380  30.987  -18.134  -17.445 0.4000000060
54563  30.723  -17.306  -18.330 0.3000000119
165737  29.786  -16.777  -19.060 0.3000000119
55835  29.570  -17.245  -18.824 0.3000000119
31539  32.421  -35.915  -21.289 0.5000000000
39066  27.090  -30.069  -14.761 0.4000000060
50230  28.101  -21.600  -14.197 0.4000000060
51250  30.666  -19.972  -15.364 0.4000000060
51251  29.848  -19.929  -15.398 0.4000000060
38054  27.278  -30.735  -14.859 0.4000000060
32641  28.444  -35.723  -22.007 0.5000000000
47831  33.465  -23.050  -13.155 0.4000000060
155300  36.546  -19.645  -18.176 0.5000000000
55875  36.476  -16.889  -20.885 0.5000000000
49065  33.834  -21.553  -14.317 0.4000000060
52325  36.644  -19.075  -18.564 0.5000000000
57279  35.053  -15.517  -23.848 0.4000000060
58570  31.520  -15.334  -26.984 0.4000000060
58568  32.618  -14.858  -26.467 0.4000000060
30419  27.464  -37.473  -21.253 0.6000000238
30425  30.009  -37.048  -21.743 0.5000000000
46568  29.225  -23.697  -12.917 0.4000000060
46569  28.451  -24.062  -13.086 0.4000000060
45396  27.977  -24.785  -13.172 0.4000000060
49081  35.265  -21.546  -15.595 0.5000000000
50247  29.181  -21.040  -14.573 0.4000000060
50229  28.802  -21.519  -14.192 0.4000000060
51247  34.165  -19.805  -15.837 0.4000000060
52282  35.217  -19.464  -16.815 0.5000000000
52305  36.157  -19.049  -17.968 0.5000000000
52306  35.653  -19.185  -17.428 0.5000000000
54560  35.816  -17.306  -18.360 0.5000000000
53396  36.360  -17.702  -18.769 0.5000000000
54550  35.251  -17.169  -17.934 0.4000000060
55830  35.519  -16.523  -18.453 0.4000000060
57254  36.238  -15.926  -21.470 0.4000000060
179657  36.206  -15.308  -21.550 0.3000000119
177392  35.095  -14.509  -24.066 0.4000000060
59842  34.769  -14.307  -24.559 0.4000000060
59745  35.399  -13.895  -20.014 0.3000000119
59859  33.504  -13.717  -26.248 0.4000000060
156047  34.928  -13.564  -24.513 0.3000000119
60985  32.813  -13.074  -27.444 0.3000000119
59875  31.265  -14.372  -27.854 0.4000000060
61998  35.159  -12.082  -24.314 0.3000000119
60952  34.839  -12.931  -24.813 0.3000000119
62029  34.569  -11.638  -25.619 0.3000000119
63153  34.486  -11.083  -26.202 0.3000000119
62085  31.838  -11.426  -30.069 0.3000000119
26598  25.381  -41.165  -13.439 0.4000000060
27463  25.699  -40.535  -13.099 0.4000000060
26606  25.088  -41.022  -14.183 0.4000000060
27478  25.498  -39.633  -14.762 0.3000000119
160132  25.673  -39.722  -13.717 0.4000000060
28379  25.895  -38.894  -15.173 0.3000000119
26640  28.578  -41.073  -19.379 0.5000000000
29300  26.723  -37.898  -14.889 0.5000000000
29308  26.039  -38.349  -15.369 0.3000000119
164731  28.230  -39.688  -19.309 0.5000000000
28399  27.000  -39.724  -19.474 0.5000000000
27518  27.739  -40.372  -19.394 0.5000000000
31409  27.238  -36.416  -13.911 0.5000000000
30303  27.273  -36.779  -14.714 0.4000000060
163980  27.676  -39.018  -19.340 0.5000000000
27521  26.694  -40.409  -19.665 0.5000000000
27529  26.409  -40.245  -19.790 0.3000000119
29345  26.222  -38.340  -19.618 0.5000000000
28406  26.117  -39.726  -19.701 0.4000000060
28413  25.942  -39.602  -19.831 0.4000000060
26672  27.158  -40.763  -20.469 0.3000000119
27546  26.461  -40.170  -20.040 0.3000000119
180401  28.861  -40.117  -21.111 0.3000000119
28433  27.719  -39.082  -21.033 0.3000000119
28432  29.771  -39.007  -21.315 0.3000000119
27544  29.469  -39.749  -21.186 0.3000000119
163465  28.988  -39.054  -21.243 0.4000000060
153061  26.676  -38.719  -20.696 0.4000000060
33670  25.770  -34.410  -13.680 0.3000000119
29366  31.194  -38.193  -21.191 0.4000000060
29367  30.340  -38.479  -21.353 0.4000000060
29368  29.499  -38.426  -21.399 0.4000000060
155453  25.487  -33.722  -13.849 0.3000000119
37041  26.351  -31.604  -15.383 0.3000000119
43289  27.105  -26.273  -13.599 0.3000000119
45406  27.306  -24.712  -13.550 0.3000000119
164788  26.770  -25.353  -13.875 0.3000000119
46587  27.148  -23.947  -13.732 0.3000000119
45407  26.762  -24.600  -13.904 0.3000000119
47858  27.376  -23.057  -13.774 0.3000000119
51252  29.119  -19.990  -15.416 0.3000000119
51229  28.803  -20.495  -14.999 0.3000000119
51230  28.188  -20.447  -15.039 0.3000000119
51231  27.677  -20.682  -14.839 0.3000000119
157066  26.948  -21.019  -14.649 0.3000000119
52288  30.456  -19.045  -16.447 0.3000000119
52268  30.164  -19.479  -15.891 0.3000000119
52269  29.411  -19.501  -15.880 0.3000000119
52270  28.697  -19.530  -15.894 0.3000000119
51253  28.407  -20.033  -15.453 0.3000000119
53369  30.720  -18.549  -16.936 0.3000000119
53370  29.961  -18.634  -16.922 0.3000000119
53371  29.231  -18.716  -16.923 0.3000000119
152249  28.992  -19.145  -16.421 0.3000000119
52290  28.298  -19.159  -16.491 0.3000000119
53382  29.482  -18.347  -17.482 0.3000000119
52307  28.680  -18.461  -17.545 0.3000000119
174944  28.624  -18.809  -16.899 0.3000000119
54555  30.495  -17.792  -17.918 0.3000000119
53381  30.230  -18.234  -17.465 0.3000000119
53399  28.400  -18.100  -18.342 0.3000000119
26639  29.667  -41.307  -19.365 0.5000000000
30417  29.821  -37.776  -21.571 0.4000000060
35944  25.860  -33.213  -14.188 0.3000000119
52289  29.699  -19.093  -16.417 0.3000000119
158000  27.148  -20.433  -15.047 0.3000000119
30315  26.835  -37.125  -15.035 0.3000000119
31438  26.941  -36.457  -14.844 0.3000000119
32529  26.444  -35.845  -14.361 0.3000000119
24642  26.027  -43.100  -8.068 0.4000000060
24664  24.658  -42.843  -8.426 0.4000000060
24691  24.056  -42.415  -8.920 0.4000000060
25599  22.341  -42.166  -9.823 0.4000000060
25609  22.758  -41.922  -10.577 0.3000000119
157776  24.484  -42.118  -9.573 0.4000000060
25597  23.831  -42.084  -9.686 0.4000000060
176900  23.894  -41.874  -10.768 0.4000000060
24800  31.632  -42.424  -16.981 0.3000000119
25596  25.209  -42.076  -9.870 0.4000000060
160662  23.549  -41.782  -11.804 0.3000000119
25651  24.126  -41.776  -12.554 0.3000000119
25626  24.106  -41.839  -11.230 0.4000000060
25685  23.762  -41.798  -14.581 0.3000000119
25677  23.127  -41.800  -13.577 0.3000000119
25684  24.390  -41.492  -15.125 0.3000000119
157170  24.337  -41.792  -11.886 0.4000000060
160168  24.733  -41.693  -13.248 0.3000000119
25675  25.043  -41.442  -13.819 0.3000000119
24665  23.235  -42.780  -8.578 0.4000000060
158361  23.376  -42.281  -9.172 0.4000000060
25695  24.498  -40.868  -15.795 0.3000000119
23793  26.615  -43.433  -7.490 0.3000000119
25696  23.793  -41.555  -15.849 0.3000000119
22095  31.577  -44.969  -8.754 0.3000000119
22933  29.845  -45.016  -6.698 0.3000000119
22934  29.240  -44.611  -6.616 0.3000000119
22935  28.631  -44.115  -6.669 0.4000000060
22948  30.355  -44.538  -7.134 0.4000000060
22965  31.460  -44.202  -8.291 0.4000000060
23773  30.015  -43.816  -7.014 0.4000000060
23775  28.846  -43.388  -6.910 0.4000000060
23789  31.104  -43.770  -7.819 0.4000000060
23808  31.438  -43.395  -8.181 0.4000000060
23809  25.194  -43.255  -7.972 0.4000000060
23834  32.612  -43.172  -9.750 0.3000000119
23852  32.403  -43.906  -9.811 0.3000000119
23876  33.187  -43.729  -11.863 0.4000000060
23905  33.063  -43.381  -13.346 0.4000000060
24637  30.941  -43.147  -7.720 0.4000000060
24639  29.279  -42.689  -7.273 0.4000000060
24641  27.349  -42.945  -7.763 0.4000000060
24659  31.352  -42.650  -8.165 0.4000000060
24662  26.445  -42.661  -8.841 0.5000000000
24690  24.946  -42.377  -9.093 0.4000000060
24717  33.348  -42.784  -10.946 0.4000000060
24727  33.860  -42.525  -12.306 0.4000000060
24728  33.536  -43.085  -12.108 0.4000000060
24749  34.050  -42.033  -13.436 0.4000000060
24750  33.611  -42.976  -12.798 0.4000000060
25547  29.351  -42.035  -7.697 0.5000000000
25570  29.007  -41.626  -8.121 0.5000000000
25571  28.295  -41.882  -8.451 0.5000000000
25572  27.663  -42.177  -8.880 0.5000000000
25590  32.750  -42.352  -9.828 0.5000000000
25591  32.235  -41.900  -9.257 0.6000000238
25592  28.037  -41.630  -9.104 0.5000000000
25593  27.456  -41.869  -9.450 0.5000000000
25595  26.061  -42.051  -10.098 0.5000000000
25598  23.095  -42.101  -9.778 0.4000000060
25604  33.032  -41.781  -10.305 0.5000000000
25605  27.196  -41.648  -9.995 0.5000000000
25607  26.364  -41.823  -10.789 0.5000000000
25608  24.447  -41.930  -10.455 0.4000000060
25622  33.471  -42.018  -10.984 0.5000000000
25623  26.487  -41.481  -11.244 0.6000000238
25625  25.004  -41.803  -11.488 0.5000000000
25649  25.609  -41.587  -12.210 0.5000000000
25650  24.940  -41.756  -12.426 0.4000000060
25652  23.296  -41.756  -12.685 0.3000000119
25676  23.942  -41.770  -13.439 0.3000000119
25707  32.285  -42.239  -15.684 0.3000000119
25708  23.326  -41.453  -16.552 0.3000000119
25725  31.743  -41.603  -18.655 0.6000000238
26520  31.021  -41.117  -8.457 0.5000000000
26543  31.415  -40.623  -9.013 0.6000000238
26544  28.952  -40.748  -9.035 0.5000000000
26546  27.780  -41.191  -9.637 0.5000000000
26555  32.825  -41.007  -10.195 0.6000000238
26567  33.618  -41.270  -11.288 0.5000000000
26569  26.460  -40.842  -11.531 0.6000000238
26587  25.730  -41.248  -12.660 0.6000000238
26596  34.498  -40.742  -13.252 0.5000000000
26604  34.345  -41.332  -13.772 0.4000000060
26605  25.358  -40.427  -13.997 0.4000000060
26612  34.549  -40.454  -14.569 0.6000000238
26619  33.780  -40.536  -15.959 0.6000000238
26620  33.370  -41.322  -15.703 0.5000000000
26635  32.573  -41.363  -17.676 0.6000000238
27419  31.100  -39.962  -9.301 0.6000000238
27421  29.111  -40.131  -9.376 0.6000000238
27423  27.817  -40.426  -9.982 0.6000000238
27433  32.755  -40.228  -10.400 0.6000000238
27434  32.186  -39.816  -10.069 0.6000000238
27435  27.796  -39.637  -10.274 0.6000000238
27443  33.670  -40.499  -11.453 0.6000000238
27462  26.404  -39.945  -11.772 0.6000000238
27469  34.611  -40.217  -13.488 0.5000000000
27488  25.024  -40.375  -15.010 0.3000000119
27495  34.345  -39.829  -15.664 0.6000000238
27513  32.373  -40.375  -18.661 0.6000000238
27517  28.677  -40.283  -19.329 0.5000000000
27545  27.285  -39.964  -20.778 0.3000000119
28313  30.024  -39.293  -9.601 0.6000000238
28329  32.037  -39.085  -10.319 0.6000000238
28361  26.369  -39.177  -11.995 0.5000000000
28367  34.620  -39.580  -13.425 0.6000000238
28370  25.927  -39.068  -13.563 0.4000000060
28375  25.910  -38.977  -14.562 0.5000000000
28378  34.705  -38.880  -14.743 0.8000000119
28393  32.682  -39.337  -18.561 0.6000000238
28434  26.434  -39.411  -20.353 0.4000000060
29248  29.867  -38.104  -10.222 0.6999999881
29250  28.103  -38.271  -10.433 0.6999999881
29251  27.527  -38.289  -10.673 0.6999999881
29267  31.921  -38.312  -10.587 0.6000000238
29268  27.158  -37.987  -11.050 0.6000000238
29288  33.560  -38.046  -11.971 0.8000000119
29301  26.344  -38.302  -15.154 0.3000000119
29306  34.643  -37.966  -14.725 0.8999999762
29307  26.629  -37.763  -15.193 0.3000000119
29312  34.353  -38.290  -16.072 0.8000000119
29321  33.126  -38.361  -18.089 0.8000000119
29336  27.181  -38.481  -19.442 0.5000000000
29355  26.165  -37.776  -20.144 0.5000000000
29381  26.498  -37.400  -20.695 0.6999999881
30208  31.127  -37.394  -10.514 0.6999999881
30227  32.696  -36.898  -11.574 0.6999999881
30264  26.482  -37.731  -12.560 0.5000000000
30291  26.766  -37.044  -13.550 0.5000000000
30304  26.998  -37.228  -14.930 0.4000000060
30325  34.561  -37.127  -15.609 0.8999999762
30393  29.149  -36.983  -19.676 0.6999999881
30407  26.176  -37.049  -20.274 0.6000000238
30418  28.410  -37.682  -21.405 0.5000000000
30426  29.150  -37.201  -21.701 0.5000000000
30427  28.159  -36.938  -21.520 0.6000000238
31344  30.886  -36.649  -10.601 0.6999999881
31348  27.908  -36.873  -10.645 0.6999999881
31355  32.597  -36.062  -11.578 0.8999999762
31357  27.742  -36.010  -10.872 0.8000000119
31359  26.916  -36.955  -11.531 0.6000000238
31407  34.465  -36.215  -13.702 1.0000000000
31437  27.395  -36.247  -14.695 0.5000000000
31453  27.386  -36.174  -14.635 0.5000000000
31492  32.907  -36.472  -18.476 0.8000000119
31493  32.263  -36.262  -18.961 0.8000000119
31502  31.608  -35.950  -19.295 0.8000000119
31508  26.140  -36.785  -19.795 0.8000000119
31521  26.146  -36.736  -19.990 0.8000000119
31540  31.630  -36.077  -21.546 0.5000000000
31542  30.247  -36.329  -21.879 0.5000000000
32462  30.697  -35.739  -10.528 0.8999999762
32464  28.881  -35.556  -10.453 0.8999999762
32471  32.498  -35.405  -11.448 0.8999999762
32473  30.962  -34.886  -10.525 0.8999999762
32474  27.682  -35.310  -11.235 0.6000000238
32482  27.425  -35.264  -12.124 0.6999999881
32497  34.377  -35.674  -13.421 0.8999999762
32499  27.387  -35.299  -13.423 0.5000000000
32527  27.391  -35.617  -14.549 0.5000000000
32567  34.626  -35.072  -16.053 1.0000000000
32585  34.547  -35.085  -16.856 1.0000000000
32586  33.883  -35.405  -17.796 0.8999999762
32587  33.350  -35.921  -18.183 0.8999999762
32607  30.928  -35.568  -19.617 0.8999999762
32610  28.244  -35.599  -20.011 0.6999999881
32611  27.145  -35.452  -20.097 0.8000000119
32612  26.264  -35.608  -20.343 0.8000000119
32623  26.194  -35.607  -20.725 0.8000000119
32630  26.194  -35.641  -21.102 0.8000000119
32642  27.552  -35.692  -21.946 0.6999999881
32644  26.280  -35.427  -21.529 0.6999999881
33611  28.619  -34.966  -10.564 0.8000000119
33621  32.631  -34.625  -11.481 0.8999999762
33622  31.582  -34.774  -10.704 0.8999999762
33667  34.606  -34.567  -14.281 1.0000000000
33695  34.687  -34.430  -15.789 1.0000000000
33733  31.615  -34.208  -19.730 0.8999999762
33736  28.777  -34.864  -20.015 0.8000000119
33738  26.506  -35.020  -20.336 0.8999999762
33750  29.669  -34.063  -20.110 0.8999999762
33764  29.586  -34.562  -22.216 0.6000000238
33766  26.956  -35.159  -21.887 0.6000000238
33778  32.215  -34.267  -22.604 0.5000000000
33780  30.129  -33.922  -22.445 0.6000000238
34771  29.943  -33.599  -10.459 0.8999999762
34789  27.769  -33.975  -12.605 0.6000000238
34801  27.720  -34.128  -13.613 0.6000000238
34815  28.117  -33.688  -14.344 0.4000000060
34817  27.781  -34.066  -14.596 0.4000000060
34818  26.418  -33.814  -14.096 0.4000000060
34875  34.145  -34.126  -18.110 0.8999999762
34882  34.437  -33.517  -17.965 0.8999999762
34917  28.778  -33.437  -20.172 0.8999999762
34918  27.198  -33.235  -20.531 0.8999999762
34926  25.939  -33.577  -21.543 0.8999999762
34931  28.181  -33.851  -22.218 0.8000000119
34949  30.909  -33.534  -22.718 0.6000000238
34953  26.569  -33.195  -21.949 0.8000000119
35910  33.594  -32.539  -12.494 0.8999999762
35911  33.208  -32.636  -11.951 0.8999999762
35926  28.067  -33.055  -13.267 0.6000000238
35960  27.795  -32.821  -14.646 0.4000000060
35961  27.090  -32.578  -14.748 0.4000000060
36002  34.716  -32.895  -17.569 1.0000000000
36026  32.280  -32.470  -19.744 0.8999999762
36028  27.945  -33.294  -20.309 0.8999999762
36037  30.155  -32.459  -20.261 0.8999999762
36038  29.433  -32.845  -20.235 0.8999999762
36041  26.828  -32.984  -20.970 0.8999999762
36052  26.146  -32.643  -21.764 0.8000000119
36068  28.236  -32.543  -22.479 0.6999999881
36070  26.161  -32.889  -22.183 0.8000000119
36971  32.344  -32.067  -11.027 0.8999999762
36973  30.022  -31.766  -10.688 0.8000000119
36982  32.933  -32.043  -11.597 0.8999999762
36983  28.988  -31.550  -11.640 0.6999999881
37006  34.477  -31.887  -14.324 0.8999999762
37008  28.113  -31.747  -14.233 0.5000000000
37040  34.970  -31.693  -15.797 1.0000000000
37079  33.934  -31.661  -19.049 0.8999999762
37091  33.355  -31.723  -19.345 0.8999999762
37131  27.020  -31.545  -22.712 0.8000000119
38009  32.032  -31.329  -10.820 1.0000000000
38011  30.336  -31.134  -10.651 1.0000000000
38012  29.596  -31.238  -11.041 0.6999999881
38020  28.784  -31.029  -12.259 0.6999999881
38027  28.473  -30.974  -12.967 0.6999999881
38040  27.867  -31.051  -14.451 0.5000000000
38055  26.782  -31.194  -15.173 0.3000000119
38117  33.645  -31.096  -19.159 1.0000000000
38128  29.355  -30.581  -20.551 0.8999999762
38144  26.512  -31.587  -22.091 0.8999999762
38159  26.452  -31.006  -22.511 0.8999999762
39027  33.647  -29.986  -12.118 0.8999999762
39039  33.896  -30.598  -12.710 0.8999999762
39048  34.250  -30.663  -13.420 0.8999999762
39111  34.796  -30.216  -17.528 1.0000000000
39120  34.566  -30.700  -18.247 1.0000000000
39121  33.975  -30.498  -18.812 1.0000000000
39134  31.678  -30.335  -19.730 0.8999999762
39140  30.081  -30.357  -20.270 0.8999999762
39155  26.598  -29.994  -22.690 0.8999999762
39166  31.938  -29.879  -23.097 0.6000000238
39172  26.559  -29.963  -22.713 0.8999999762
39183  26.925  -29.875  -23.242 0.6999999881
40057  30.675  -29.315  -10.809 0.8000000119
40089  28.101  -29.536  -13.498 0.4000000060
40090  27.532  -29.021  -13.878 0.4000000060
40143  34.765  -29.534  -17.012 1.0000000000
40178  28.477  -29.575  -20.955 0.8999999762
40183  28.197  -28.940  -21.141 0.8999999762
40184  27.968  -29.608  -21.218 0.8999999762
40185  27.522  -29.645  -21.798 0.8999999762
40192  26.831  -29.417  -22.181 0.8999999762
40204  30.073  -29.195  -22.898 0.6999999881
40216  26.987  -29.140  -23.296 0.8000000119
41070  30.347  -28.149  -11.277 0.6999999881
41080  33.203  -28.784  -11.420 0.8999999762
41081  29.675  -27.987  -11.805 0.6000000238
41083  28.628  -28.217  -12.472 0.5000000000
41104  34.628  -28.449  -14.034 0.8999999762
41111  34.651  -28.366  -14.812 1.0000000000
41145  34.593  -28.712  -16.399 1.0000000000
41168  33.300  -28.261  -18.835 1.0000000000
41215  32.068  -28.664  -23.154 0.6000000238
41218  29.432  -27.962  -23.189 0.6999999881
41232  27.196  -27.982  -23.815 0.8000000119
41233  26.556  -27.700  -23.606 0.8999999762
42145  30.125  -27.391  -11.661 0.6000000238
42237  33.766  -27.573  -17.895 1.0000000000
42261  31.833  -27.305  -19.466 1.0000000000
42262  31.062  -27.145  -19.798 1.0000000000
42268  30.339  -27.086  -20.058 1.0000000000
42269  29.703  -27.089  -20.334 1.0000000000
42285  27.619  -27.598  -22.061 0.8999999762
42286  26.916  -27.543  -22.749 0.8999999762
42308  28.411  -27.417  -23.922 0.6999999881
42321  26.450  -27.178  -23.699 0.8999999762
43258  34.642  -26.354  -13.082 0.6999999881
43263  29.404  -26.601  -12.186 0.5000000000
43277  28.246  -26.705  -12.855 0.4000000060
43278  27.660  -27.005  -13.220 0.4000000060
43370  32.513  -27.020  -19.129 1.0000000000
43372  30.762  -26.432  -19.998 1.0000000000
43385  28.840  -26.618  -21.029 1.0000000000
43401  31.681  -26.603  -23.152 0.6000000238
43403  30.225  -26.472  -23.168 0.6000000238
43419  27.425  -26.814  -24.180 0.6999999881
43420  26.243  -26.725  -23.564 0.8999999762
43429  26.723  -26.742  -24.003 0.8000000119
44328  32.527  -26.069  -11.446 0.6999999881
44329  31.652  -25.971  -11.435 0.6000000238
44350  30.922  -25.634  -11.726 0.6000000238
44353  29.157  -26.095  -12.390 0.4000000060
44397  35.007  -26.216  -16.143 0.8000000119
44466  32.349  -25.434  -19.259 1.0000000000
44487  27.934  -26.215  -21.937 0.8999999762
44500  31.043  -26.048  -23.198 0.6000000238
44502  26.286  -25.418  -23.285 0.8999999762
44514  27.092  -26.290  -24.228 0.8000000119
44525  27.985  -25.502  -24.561 0.6999999881
45371  32.703  -24.895  -12.022 0.6000000238
45392  34.484  -25.075  -13.056 0.6999999881
45394  29.654  -24.216  -12.587 0.4000000060
45413  35.454  -24.682  -14.860 0.6999999881
45449  36.201  -24.355  -17.173 0.6999999881
45483  33.916  -24.729  -18.987 0.8000000119
45484  33.125  -24.752  -19.163 0.8999999762
45498  32.144  -24.361  -19.785 1.0000000000
45512  30.057  -24.405  -20.952 1.0000000000
45527  27.553  -24.748  -22.513 1.0000000000
46539  31.886  -23.859  -12.309 0.5000000000
46563  34.289  -24.257  -13.215 0.5000000000
46564  33.434  -23.782  -12.784 0.5000000000
46570  27.752  -24.190  -13.383 0.4000000060
46609  36.210  -23.946  -16.123 0.6999999881
46619  36.341  -23.842  -16.690 0.6999999881
46631  36.150  -24.188  -17.882 0.6999999881
46645  36.041  -23.957  -18.544 0.6999999881
46665  33.573  -24.291  -19.543 0.8000000119
46687  31.238  -24.094  -20.567 1.0000000000
46702  33.346  -23.510  -20.882 0.8000000119
46703  32.550  -23.711  -20.727 0.8000000119
46706  29.583  -24.183  -21.496 0.8999999762
46723  29.092  -23.965  -22.080 0.8999999762
46740  26.885  -23.612  -23.065 0.8999999762
46775  26.381  -23.593  -24.846 0.8000000119
46789  29.038  -23.698  -25.199 0.6999999881
47833  31.877  -22.765  -13.013 0.4000000060
47854  33.845  -22.698  -13.588 0.5000000000
47855  30.101  -22.484  -13.383 0.4000000060
47892  36.433  -23.150  -16.851 0.6999999881
47929  36.163  -23.293  -19.398 0.8000000119
47955  35.329  -22.645  -20.903 0.8000000119
47975  28.675  -23.257  -22.987 0.8999999762
47997  25.487  -22.556  -24.040 0.8999999762
48013  30.413  -23.469  -24.862 0.6000000238
48014  25.598  -23.042  -24.553 0.8000000119
48031  27.563  -23.128  -25.694 0.6999999881
48049  29.434  -22.657  -26.028 0.6000000238
48051  28.144  -22.759  -26.019 0.6999999881
49038  33.462  -22.017  -13.837 0.4000000060
49039  32.561  -21.877  -13.766 0.4000000060
49040  31.691  -21.836  -13.745 0.4000000060
49044  28.467  -22.067  -13.906 0.4000000060
49113  36.948  -21.554  -19.014 0.6999999881
49151  35.250  -21.663  -21.840 0.8000000119
49162  33.426  -21.809  -22.622 0.8000000119
49183  28.319  -22.416  -23.876 0.8999999762
49192  30.268  -21.470  -24.460 0.8000000119
49229  29.309  -22.164  -26.550 0.6000000238
49233  26.096  -21.922  -26.159 0.8000000119
50224  32.971  -21.393  -14.166 0.4000000060
50263  35.280  -20.952  -15.997 0.5000000000
50264  34.789  -20.948  -15.458 0.5000000000
50280  35.933  -20.719  -16.977 0.5000000000
50284  37.027  -20.957  -18.835 0.6999999881
50290  36.797  -21.542  -19.695 0.6999999881
50299  36.636  -21.349  -20.337 0.6999999881
50348  32.258  -20.649  -23.751 0.8000000119
50349  31.475  -20.803  -24.059 0.8000000119
50365  30.471  -20.799  -24.662 0.6999999881
50367  29.016  -21.229  -24.988 0.8000000119
50370  25.710  -20.981  -25.156 0.8000000119
50372  24.676  -20.522  -25.965 0.8000000119
50380  24.608  -20.479  -26.043 0.8000000119
50406  30.202  -21.247  -27.676 0.5000000000
50410  25.618  -20.794  -26.586 0.8000000119
51227  30.710  -20.533  -14.865 0.4000000060
51249  31.489  -19.835  -15.446 0.4000000060
51299  36.804  -20.237  -20.658 0.6999999881
51309  36.429  -20.191  -21.276 0.6999999881
51318  35.973  -20.126  -21.835 0.6999999881
51332  34.942  -19.600  -22.971 0.6000000238
51354  33.408  -19.822  -23.678 0.6999999881
51357  31.299  -20.140  -24.442 0.6999999881
51379  24.261  -19.996  -26.089 0.8000000119
51394  25.611  -20.144  -26.976 0.6000000238
52284  33.705  -18.954  -16.466 0.4000000060
52336  36.968  -19.177  -19.122 0.5000000000
52343  37.015  -19.605  -20.238 0.6999999881
52400  34.138  -18.891  -23.649 0.6999999881
52401  33.641  -19.130  -23.813 0.6999999881
52404  31.661  -19.636  -24.436 0.6999999881
52417  26.448  -19.515  -25.509 0.8999999762
52419  24.762  -19.779  -25.742 0.8000000119
52427  27.447  -18.691  -25.656 0.8000000119
52428  24.261  -19.598  -25.991 0.8000000119
52433  24.259  -19.492  -26.204 0.8000000119
52440  28.181  -19.732  -27.626 0.6000000238
52443  25.035  -19.232  -27.031 0.6000000238
53368  31.482  -18.467  -16.947 0.4000000060
53374  36.281  -18.423  -18.355 0.5000000000
53377  33.810  -18.139  -17.089 0.4000000060
53428  37.037  -18.982  -19.745 0.6999999881
53495  33.240  -18.019  -24.343 0.6000000238
53497  30.238  -18.481  -25.369 0.6999999881
53500  25.777  -18.944  -25.740 0.8000000119
53501  24.836  -19.203  -25.889 0.8000000119
53508  29.549  -18.447  -25.565 0.6999999881
53526  24.860  -18.523  -26.909 0.6999999881
53527  24.545  -19.004  -26.490 0.6999999881
53537  26.188  -17.849  -27.602 0.6000000238
54601  36.498  -17.467  -21.385 0.4000000060
54628  34.711  -17.657  -23.540 0.5000000000
54651  33.550  -17.273  -24.477 0.6000000238
54652  32.465  -17.872  -24.681 0.5000000000
54663  30.554  -17.491  -25.868 0.6999999881
54675  29.072  -17.334  -26.363 0.8000000119
54677  27.497  -17.243  -26.548 0.6999999881
54693  28.507  -17.804  -28.504 0.6000000238
54708  30.341  -18.177  -29.221 0.5000000000
54728  29.690  -17.139  -30.037 0.5000000000
55834  30.199  -17.025  -18.732 0.3000000119
55841  34.092  -16.034  -18.242 0.3000000119
55844  29.226  -16.851  -19.206 0.3000000119
55900  35.060  -16.989  -23.366 0.6000000238
55919  34.024  -16.986  -24.225 0.5000000000
55939  31.927  -16.914  -25.570 0.5000000000
55943  25.823  -17.243  -26.973 0.8000000119
55955  26.941  -16.725  -27.010 0.6000000238
55957  25.875  -17.033  -27.361 0.6000000238
55966  25.945  -16.691  -27.716 0.6000000238
55976  26.300  -16.515  -28.323 0.6000000238
57198  32.533  -16.021  -18.472 0.3000000119
57208  30.297  -15.770  -19.347 0.3000000119
57216  35.909  -15.396  -19.866 0.3000000119
57218  29.020  -15.492  -19.956 0.3000000119
57319  30.288  -15.774  -27.380 0.5000000000
57322  26.988  -15.728  -27.914 0.6000000238
57323  26.145  -15.957  -28.011 0.6000000238
57324  25.951  -16.182  -27.953 0.6000000238
57338  26.329  -15.774  -28.441 0.6000000238
57354  26.570  -15.576  -29.361 0.6000000238
57368  28.775  -16.035  -30.615 0.6000000238
58452  35.106  -15.038  -18.978 0.3000000119
58540  34.878  -14.997  -24.207 0.4000000060
58569  32.021  -14.948  -26.847 0.4000000060
58578  31.671  -14.704  -27.322 0.4000000060
58596  29.791  -14.771  -28.282 0.4000000060
58600  26.410  -15.013  -29.021 0.6000000238
58612  26.332  -14.686  -29.612 0.6000000238
58624  26.439  -14.608  -30.293 0.6000000238
58635  29.917  -14.780  -31.284 0.4000000060
58636  28.970  -15.093  -31.454 0.5000000000
58637  27.951  -14.780  -31.300 0.4000000060
59874  31.929  -14.039  -27.555 0.4000000060
59892  28.024  -14.172  -29.047 0.4000000060
59909  28.564  -13.721  -29.281 0.4000000060
59911  26.666  -14.024  -29.769 0.5000000000
59927  26.501  -14.253  -30.575 0.5000000000
60984  33.315  -12.712  -27.026 0.3000000119
61027  28.662  -12.748  -30.238 0.4000000060
61053  27.284  -12.670  -32.454 0.4000000060
62062  32.275  -12.471  -28.769 0.3000000119
62072  32.660  -11.845  -29.052 0.3000000119
62089  28.197  -12.490  -31.008 0.4000000060
62101  32.335  -12.336  -31.614 0.3000000119
62104  27.659  -12.355  -31.929 0.4000000060
62105  27.467  -12.878  -31.440 0.4000000060
62114  27.423  -12.188  -32.798 0.4000000060
62125  29.503  -12.743  -33.773 0.3000000119
62126  27.505  -11.835  -33.405 0.4000000060
62133  28.176  -11.549  -34.332 0.4000000060
63245  27.755  -11.636  -33.847 0.4000000060
150413  30.347  -16.352  -26.874 0.6999999881
150848  34.091  -28.800  -17.931 1.0000000000
151116  26.155  -23.483  -23.561 1.0000000000
151370  33.601  -42.704  -13.458 0.4000000060
152125  24.544  -41.632  -14.199 0.3000000119
153696  34.657  -35.179  -14.881 1.0000000000
153911  29.054  -24.327  -12.804 0.4000000060
154195  29.458  -24.651  -21.123 1.0000000000
154516  25.992  -39.040  -19.781 0.5000000000
154763  30.650  -21.750  -24.112 0.8000000119
155138  27.210  -14.112  -31.452 0.6000000238
155471  34.745  -31.787  -15.034 1.0000000000
155530  31.460  -25.265  -11.741 0.6000000238
155663  32.587  -22.942  -21.993 0.8000000119
155980  30.552  -18.931  -25.024 0.6999999881
156367  32.338  -27.849  -11.053 0.6999999881
156952  34.057  -13.650  -25.676 0.4000000060
157281  23.462  -41.832  -11.009 0.4000000060
157756  30.769  -45.003  -7.487 0.4000000060
158356  33.680  -34.152  -18.544 0.8999999762
159027  23.578  -41.924  -10.372 0.4000000060
159716  30.454  -34.233  -10.454 0.8999999762
159774  32.810  -25.202  -19.002 1.0000000000
159834  31.439  -15.867  -26.633 0.5000000000
160032  32.967  -40.895  -17.218 0.6000000238
160189  31.366  -23.500  -12.510 0.4000000060
160208  29.284  -40.593  -19.363 0.5000000000
160618  28.697  -30.686  -22.861 0.6999999881
161036  27.020  -37.338  -14.738 0.5000000000
161299  27.909  -17.649  -26.185 0.8000000119
161327  26.478  -39.070  -19.553 0.5000000000
161742  31.264  -34.816  -19.721 0.8999999762
161836  32.173  -37.835  -18.927 0.8000000119
161898  29.576  -33.081  -10.562 0.8999999762
162090  31.070  -28.052  -11.028 0.6999999881
162744  28.160  -40.403  -20.950 0.3000000119
163198  26.649  -28.129  -23.081 0.8999999762
163526  34.365  -36.844  -13.372 1.0000000000
163672  26.544  -35.086  -14.042 0.3000000119
163851  23.954  -42.944  -8.318 0.4000000060
163874  31.138  -29.859  -10.593 0.6999999881
164057  29.060  -29.652  -20.715 0.8999999762
164250  33.274  -42.195  -14.657 0.4000000060
164307  29.136  -27.905  -12.140 0.6000000238
164308  26.985  -36.429  -11.931 0.6000000238
164409  29.741  -28.627  -22.998 0.6999999881
164495  29.572  -29.896  -20.460 0.8999999762
164506  26.575  -31.694  -21.602 0.8999999762
164734  26.597  -31.966  -22.226 0.8000000119
165209  26.105  -18.302  -25.983 0.8000000119
165521  33.303  -19.895  -15.475 0.4000000060
165582  26.450  -27.925  -23.390 0.8999999762
166078  34.609  -38.912  -13.477 0.6999999881
166153  30.455  -28.678  -22.885 0.6999999881
166282  31.733  -30.486  -10.660 1.0000000000
166621  24.996  -21.851  -24.955 0.8000000119
166722  26.143  -26.088  -23.466 0.8999999762
166851  33.682  -39.715  -11.616 0.6000000238
166968  28.485  -26.167  -21.342 1.0000000000
167175  30.974  -30.639  -22.861 0.6000000238
167576  31.223  -41.870  -8.258 0.6000000238
167838  25.268  -21.161  -26.053 0.8000000119
167891  29.141  -35.963  -21.994 0.6000000238
167948  32.448  -39.765  -18.783 0.8000000119
167999  35.680  -22.921  -20.380 0.8000000119
169040  34.596  -36.224  -14.339 1.0000000000
169142  31.706  -35.041  -22.091 0.5000000000
169902  29.458  -16.290  -30.814 0.5000000000
170233  28.463  -39.720  -21.089 0.3000000119
170546  28.054  -28.903  -23.534 0.6999999881
170620  28.169  -20.951  -27.329 0.6000000238
171469  28.001  -33.823  -14.577 0.5000000000
172746  29.533  -36.885  -10.417 0.6999999881
173122  34.609  -37.254  -14.527 0.8999999762
173194  32.025  -27.234  -11.173 0.6999999881
173378  28.204  -38.255  -19.399 0.6999999881
173695  28.320  -32.738  -12.337 0.6000000238
173724  24.769  -41.201  -14.726 0.4000000060
173890  28.089  -23.330  -22.887 0.8999999762
174058  30.579  -31.173  -22.814 0.6000000238
174759  30.194  -20.313  -15.055 0.4000000060
174816  34.350  -34.718  -17.588 1.0000000000
174869  26.850  -37.284  -21.066 0.6999999881
175385  29.042  -17.766  -28.736 0.6000000238
175566  26.101  -22.198  -24.009 0.8999999762
175693  34.047  -29.323  -18.306 1.0000000000
175776  29.471  -14.339  -28.595 0.3000000119
175947  34.206  -14.043  -25.420 0.4000000060
176008  30.662  -30.117  -22.822 0.6000000238
176040  30.713  -28.276  -22.886 0.6000000238
176250  34.534  -25.744  -12.916 0.8000000119
176481  33.582  -39.769  -16.973 0.6999999881
176516  34.669  -29.146  -16.711 1.0000000000
176595  32.053  -34.219  -19.494 0.8999999762
176956  28.603  -35.182  -22.094 0.6000000238
177224  28.586  -33.282  -11.139 0.6999999881
177328  26.444  -30.463  -22.659 0.8999999762
177509  34.591  -39.237  -15.344 0.8000000119
177923  25.207  -22.719  -24.416 0.8000000119
178246  26.558  -14.678  -29.086 0.6000000238
178284  33.726  -37.726  -17.270 0.8000000119
178558  31.994  -32.064  -23.405 0.6000000238
178640  32.891  -43.915  -10.715 0.4000000060
178645  34.161  -30.263  -13.096 0.8999999762
178883  34.546  -33.823  -14.127 1.0000000000
179316  34.641  -36.157  -15.272 1.0000000000
179347  35.683  -22.582  -15.375 0.6999999881
179711  33.421  -43.162  -11.479 0.4000000060
179808  32.224  -41.313  -9.342 0.6000000238
180053  32.060  -26.777  -19.366 1.0000000000
180448  36.128  -19.592  -17.711 0.5000000000
180477  32.842  -26.683  -11.410 0.6000000238
180812  31.357  -11.852  -30.052 0.3000000119
