#!ascii label  , from subject sub-v2s1x29880_ses-1 vox2ras=TkReg
1380
29581  6.936  -17.753  46.201 0.1111110002
29582  6.176  -17.673  46.300 0.2222220004
28774  9.146  -18.234  48.018 0.1111110002
29570  8.163  -18.431  46.617 0.1111110002
29580  7.747  -17.893  46.048 0.1111110002
29568  9.643  -17.935  47.375 0.1111110002
29569  9.051  -18.318  46.918 0.1111110002
29567  10.511  -16.982  47.979 0.2222220004
29577  10.152  -17.522  47.299 0.2222220004
29579  8.728  -17.824  46.055 0.1111110002
29592  6.690  -17.215  45.774 0.3333329856
29593  5.852  -17.205  45.678 0.4444440007
29594  5.052  -17.394  45.519 0.4444440007
29606  4.763  -17.055  44.878 0.2222220004
29591  7.427  -17.366  45.706 0.1111110002
29578  9.618  -17.817  46.555 0.2222220004
98651  8.114  -17.525  45.602 0.1111110002
100435  10.679  -17.048  47.103 0.2222220004
30280  10.165  -17.359  46.370 0.2222220004
30293  7.270  -16.835  45.145 0.4444440007
30288  11.340  -16.687  45.439 0.2222220004
30294  6.384  -16.630  45.063 0.4444440007
30295  5.480  -16.765  45.086 0.4444440007
30303  5.841  -16.317  44.723 0.4444440007
30305  4.628  -16.725  44.344 0.2222220004
30314  4.152  -16.688  43.923 0.3333329856
29619  2.957  -17.386  43.499 0.2222220004
30281  9.458  -17.359  45.760 0.2222220004
30282  8.725  -17.189  45.360 0.2222220004
30287  11.880  -16.609  44.931 0.2222220004
86191  10.800  -16.929  46.088 0.2222220004
30289  10.046  -16.929  45.492 0.3333329856
30290  9.357  -16.748  45.036 0.3333329856
30291  8.599  -16.468  44.850 0.3333329856
30302  7.110  -16.278  44.761 0.5555559993
98647  6.438  -16.193  44.716 0.5555559993
30300  11.290  -16.276  44.809 0.2222220004
30898  9.894  -16.296  44.916 0.3333329856
90561  11.688  -16.041  44.141 0.4444440007
30304  5.168  -16.483  44.594 0.4444440007
30313  12.278  -16.082  43.578 0.2222220004
28808  2.760  -18.153  43.500 0.1111110002
30292  8.001  -17.030  45.154 0.4444440007
30301  7.842  -16.344  44.783 0.5555559993
30905  8.401  -15.762  44.634 0.5555559993
30906  7.609  -15.716  44.630 0.5555559993
30897  10.628  -16.433  45.032 0.3333329856
30899  9.280  -15.807  44.679 0.5555559993
30907  6.810  -15.683  44.814 0.6666669846
30903  10.932  -15.733  44.421 0.3333329856
30904  10.170  -15.676  44.597 0.3333329856
31483  9.814  -14.937  44.562 0.6666669846
31487  6.390  -14.905  45.225 0.6666669846
91925  5.920  -15.595  45.061 0.6666669846
30908  5.301  -15.692  44.813 0.5555559993
30914  12.727  -15.490  43.137 0.3333329856
30915  12.011  -15.365  43.564 0.4444440007
29626  2.016  -17.517  43.264 0.1111110002
30918  4.022  -15.977  43.608 0.2222220004
30326  2.567  -16.764  43.174 0.2222220004
31484  8.908  -15.096  44.599 0.5555559993
32070  8.539  -14.478  44.904 0.5555559993
31486  7.342  -15.083  44.826 0.5555559993
31482  10.623  -15.014  44.347 0.6666669846
92921  8.026  -13.897  45.391 0.7777780294
31477  7.187  -14.365  45.316 0.7777780294
102501  5.386  -14.689  45.218 0.5555559993
30916  11.347  -15.167  43.965 0.5555559993
32067  11.166  -14.108  44.144 0.7777780294
88434  10.419  -14.351  44.438 0.8888890147
31478  6.376  -14.047  45.308 0.6666669846
30909  4.791  -16.077  44.104 0.4444440007
30925  13.307  -15.205  42.665 0.6666669846
31493  12.525  -14.645  43.408 0.7777780294
31494  11.927  -14.436  43.794 0.7777780294
30315  3.429  -16.671  43.508 0.2222220004
91652  9.942  -14.063  44.590 0.8888890147
32061  8.962  -13.731  45.146 0.8888890147
32068  10.515  -13.347  44.424 0.8888890147
32060  9.716  -13.479  44.767 0.8888890147
32703  9.502  -13.108  45.316 0.8888890147
102748  12.794  -14.191  43.243 0.6666669846
32075  12.379  -13.794  43.380 0.7777780294
32080  13.639  -14.516  42.393 0.6666669846
31501  13.032  -14.606  42.989 0.6666669846
32709  11.054  -12.730  43.876 0.8888890147
32701  10.829  -12.260  44.428 0.8888890147
32702  10.364  -12.836  44.928 0.7777780294
32076  11.678  -13.365  43.676 0.8888890147
31500  14.243  -15.022  41.796 0.7777780294
32088  13.197  -13.732  41.790 0.7777780294
32081  12.765  -13.720  42.645 0.7777780294
31520  15.084  -14.899  40.863 0.7777780294
32086  14.419  -14.736  41.079 0.7777780294
32087  13.721  -14.409  41.454 0.7777780294
32713  11.939  -12.858  43.197 0.8888890147
32708  11.486  -12.310  43.550 0.8888890147
33509  11.225  -11.788  44.058 0.7777780294
31519  15.701  -14.782  40.469 0.5555559993
32094  14.561  -14.520  40.232 0.7777780294
32106  13.600  -13.796  40.026 0.7777780294
32093  15.393  -14.364  39.639 0.7777780294
32730  14.281  -13.743  39.354 0.7777780294
32102  18.754  -14.356  39.425 0.3333329856
32120  18.326  -13.886  38.874 0.4444440007
32712  12.343  -12.624  42.627 0.8888890147
33514  12.035  -12.082  43.369 0.8888890147
31534  16.634  -14.608  39.962 0.4444440007
31518  16.587  -15.161  40.858 0.3333329856
32720  13.189  -13.529  40.974 0.7777780294
32716  12.845  -12.914  42.073 0.8888890147
33519  13.075  -12.307  42.255 0.8888890147
32725  13.460  -13.056  40.527 0.8888890147
32105  16.081  -13.990  39.202 0.6666669846
101721  15.263  -13.841  39.222 0.7777780294
32729  15.206  -13.370  38.918 0.7777780294
31532  18.424  -14.708  39.802 0.3333329856
31516  18.315  -15.049  40.406 0.2222220004
31533  17.718  -14.707  39.822 0.3333329856
32103  18.082  -14.379  39.222 0.3333329856
33549  18.803  -13.316  38.441 0.4444440007
97136  18.706  -13.600  38.748 0.4444440007
31517  17.468  -15.124  40.555 0.3333329856
33513  12.748  -11.901  43.119 0.7777780294
33508  11.739  -11.582  43.946 0.6666669846
32104  17.258  -14.078  39.231 0.3333329856
100432  13.715  -12.633  41.118 0.8888890147
32721  13.356  -12.759  41.593 0.8888890147
33563  19.097  -13.059  37.913 0.5555559993
32724  13.776  -12.741  40.241 0.8888890147
32728  16.566  -13.558  38.874 0.6666669846
33534  14.704  -12.796  39.200 0.8888890147
32723  14.070  -12.442  39.424 0.7777780294
32745  15.858  -13.326  38.801 0.7777780294
102881  17.854  -13.977  38.916 0.5555559993
33524  13.939  -12.138  41.788 0.7777780294
32743  18.178  -13.373  38.495 0.5555559993
32744  17.600  -13.572  38.709 0.5555559993
33530  14.154  -12.262  40.975 0.8888890147
34334  18.758  -12.957  36.930 0.5555559993
98909  18.016  -12.779  37.653 0.5555559993
33564  18.021  -12.855  38.031 0.5555559993
33529  14.636  -11.847  40.723 0.8888890147
34341  19.547  -12.487  36.251 0.5555559993
34335  17.963  -11.658  37.992 0.6666669846
33550  17.706  -13.030  38.336 0.7777780294
90966  17.037  -13.286  38.717 0.7777780294
98414  14.478  -11.975  39.978 0.8888890147
34353  19.280  -11.360  34.527 0.6666669846
34346  18.946  -11.775  35.173 0.6666669846
34342  18.354  -12.179  36.085 0.6666669846
34343  18.238  -12.360  36.974 0.6666669846
33565  17.877  -12.151  37.932 0.7777780294
33551  17.333  -12.961  38.419 0.7777780294
99697  16.423  -13.285  38.715 0.7777780294
33552  15.128  -13.052  38.787 0.7777780294
35764  23.249  -9.898  35.399 0.5555559993
35069  22.468  -10.671  35.995 0.5555559993
35765  22.260  -10.217  35.326 0.7777780294
35072  20.826  -11.521  34.988 0.6666669846
35074  20.027  -10.363  34.453 0.6666669846
79146  18.843  -10.981  34.880 0.6666669846
84750  18.018  -11.228  35.358 0.7777780294
35772  21.585  -9.988  35.339 0.7777780294
35773  20.728  -9.777  35.475 0.6666669846
35774  20.121  -9.678  35.623 0.7777780294
33523  14.781  -11.792  41.642 0.8888890147
84349  17.807  -11.610  37.179 0.7777780294
79137  14.462  -12.219  39.675 0.8888890147
35770  23.952  -9.501  35.047 0.5555559993
79145  17.416  -11.468  36.132 0.6666669846
79138  17.896  -11.598  38.000 0.7777780294
87535  16.882  -12.077  36.549 0.7777780294
82250  16.299  -12.855  37.944 0.7777780294
96598  15.063  -12.360  37.482 0.8888890147
35771  23.535  -9.315  34.948 0.8888890147
90839  22.587  -9.477  35.131 0.8888890147
85781  19.334  -10.137  35.036 0.6666669846
95523  19.559  -9.380  35.874 0.7777780294
82849  18.796  -10.082  35.736 0.8888890147
81258  18.125  -10.095  36.416 0.8888890147
82485  17.424  -11.565  36.387 0.8888890147
93737  16.416  -11.573  35.912 0.8888890147
94210  15.164  -11.571  36.363 0.8888890147
36467  21.949  -8.910  35.388 0.8888890147
36469  20.223  -8.702  35.794 0.8888890147
95538  19.315  -8.595  35.833 0.8888890147
36468  21.187  -9.044  35.546 0.8888890147
37149  21.093  -8.183  35.741 0.8888890147
33522  15.514  -11.475  41.436 0.8888890147
96634  14.734  -11.658  40.200 0.8888890147
84922  15.111  -11.642  40.811 0.8888890147
94211  14.013  -12.043  38.967 0.8888890147
35776  24.368  -9.180  34.647 0.6666669846
93505  14.188  -11.502  37.349 0.8888890147
36474  23.636  -8.751  34.800 0.8888890147
36466  22.826  -8.718  35.119 0.8888890147
35766  18.751  -9.063  36.026 0.8888890147
81318  17.962  -11.102  36.923 0.8888890147
93321  17.808  -10.270  36.973 0.7777780294
94439  17.354  -10.643  36.094 0.8888890147
81540  15.981  -10.692  36.440 0.7777780294
36473  24.163  -8.940  34.587 0.8888890147
89877  22.699  -7.910  35.773 0.8888890147
37140  20.756  -7.371  36.256 0.7777780294
37150  19.980  -7.669  35.755 0.8888890147
37148  22.028  -8.091  35.676 0.8888890147
96633  15.168  -10.874  40.860 0.7777780294
34314  16.177  -10.972  41.660 0.4444440007
81795  14.106  -10.749  38.443 0.7777780294
36460  25.026  -8.704  36.895 0.4444440007
35762  24.831  -9.248  35.808 0.5555559993
35769  24.600  -9.366  35.013 0.5555559993
35768  25.340  -9.123  34.833 0.5555559993
94281  17.257  -9.259  37.700 0.7777780294
93736  16.381  -10.117  37.889 0.7777780294
94911  14.819  -10.719  37.213 0.7777780294
36471  25.581  -8.752  34.405 0.7777780294
36472  24.793  -8.858  34.429 0.8888890147
93247  18.592  -7.917  35.515 0.8888890147
96365  18.352  -8.258  35.822 0.8888890147
93929  18.253  -8.903  36.512 0.7777780294
81841  17.813  -9.490  37.044 0.7777780294
93882  17.165  -10.073  37.229 0.7777780294
37156  25.239  -8.472  34.312 0.8888890147
88780  24.872  -7.984  34.703 0.8888890147
37146  24.066  -7.523  35.729 0.8888890147
37137  23.137  -7.390  36.203 0.7777780294
37138  22.326  -7.302  36.369 0.7777780294
37787  21.882  -6.337  36.588 0.7777780294
37798  19.182  -7.065  34.801 0.7777780294
37139  21.511  -7.341  36.356 0.7777780294
93931  13.830  -10.702  39.780 0.5555559993
86545  25.727  -8.512  37.050 0.2222220004
81569  14.214  -10.053  39.507 0.5555559993
36458  26.294  -8.283  36.007 0.2222220004
36459  25.539  -8.681  35.843 0.5555559993
94212  15.339  -10.124  38.623 0.4444440007
36465  26.069  -8.702  34.746 0.6666669846
36449  16.623  -9.254  38.527 0.7777780294
91969  25.898  -8.351  34.288 0.8888890147
93361  17.706  -8.105  36.026 0.7777780294
81634  17.844  -8.444  37.290 0.6666669846
37145  25.662  -7.979  34.433 0.8888890147
37797  25.035  -7.322  35.511 0.8888890147
37785  23.564  -6.610  36.463 0.7777780294
91414  22.526  -5.650  36.549 0.7777780294
37788  20.933  -6.553  36.394 0.7777780294
37789  20.137  -6.852  35.977 0.7777780294
38430  19.380  -6.435  35.559 0.7777780294
82286  18.232  -7.338  34.741 0.6666669846
39752  19.124  -4.217  39.015 0.3333329856
39030  18.681  -4.749  38.821 0.2222220004
37763  18.769  -6.385  38.683 0.1111110002
37112  18.237  -7.142  39.068 0.1111110002
37113  17.636  -7.940  39.047 0.1111110002
37114  16.926  -8.357  39.660 0.2222220004
39764  20.647  -3.702  38.048 0.1111110002
39041  19.625  -4.029  38.179 0.3333329856
98193  18.462  -5.246  38.131 0.2222220004
38383  17.996  -5.870  37.886 0.2222220004
93924  18.125  -6.777  38.033 0.2222220004
102762  17.043  -8.644  39.049 0.2222220004
93796  15.865  -9.272  39.475 0.2222220004
36453  26.634  -8.340  37.115 0.2222220004
91726  21.727  -3.183  37.888 0.1111110002
39042  18.839  -4.501  38.282 0.2222220004
93928  18.072  -7.673  38.238 0.2222220004
91318  26.985  -7.930  36.123 0.3333329856
87552  23.150  -2.974  37.282 0.1111110002
39773  22.400  -3.092  36.998 0.2222220004
39774  21.260  -3.683  37.152 0.2222220004
39775  20.240  -4.013  37.212 0.3333329856
39051  18.731  -5.033  37.548 0.2222220004
82060  17.948  -5.655  37.022 0.2222220004
81631  17.307  -6.239  36.846 0.2222220004
94157  17.541  -8.502  38.365 0.3333329856
36463  27.099  -7.905  34.922 0.4444440007
36464  26.664  -8.334  34.909 0.5555559993
36470  26.405  -8.314  34.534 0.6666669846
39047  24.404  -5.057  37.562 0.5555559993
39048  23.448  -5.110  37.623 0.4444440007
39049  23.484  -3.788  36.894 0.4444440007
39780  22.361  -3.644  36.473 0.4444440007
39781  20.895  -4.131  36.437 0.4444440007
39064  20.020  -4.645  36.668 0.5555559993
39065  19.004  -5.245  36.697 0.4444440007
102278  17.614  -6.196  36.241 0.4444440007
94971  17.505  -7.316  37.048 0.5555559993
37154  27.045  -7.620  34.807 0.6666669846
38400  24.159  -5.381  37.077 0.7777780294
38401  23.311  -5.065  37.143 0.6666669846
39062  22.755  -4.322  36.467 0.6666669846
39063  21.668  -4.342  36.126 0.6666669846
86975  20.655  -4.851  36.162 0.6666669846
38418  19.208  -5.832  35.911 0.5555559993
93923  18.064  -5.953  35.890 0.5555559993
93927  17.295  -6.777  35.337 0.4444440007
37155  26.500  -7.850  34.500 0.8888890147
37796  25.910  -7.169  35.204 0.8888890147
37783  25.256  -6.436  35.996 0.8888890147
38413  24.723  -5.801  36.552 0.7777780294
38414  23.931  -5.791  36.732 0.7777780294
38415  23.138  -5.641  36.767 0.7777780294
38417  21.201  -5.371  36.130 0.6666669846
37795  26.717  -6.997  35.041 0.8888890147
36457  27.483  -8.073  36.796 0.3333329856
37153  27.857  -7.434  35.040 0.5555559993
38399  24.950  -5.392  37.050 0.7777780294
37806  27.140  -7.408  34.749 0.7777780294
38412  25.496  -5.743  36.396 0.7777780294
37794  27.489  -6.852  34.931 0.8888890147
38429  26.081  -6.304  35.680 0.8888890147
89285  27.510  -7.714  35.853 0.4444440007
39037  25.722  -4.322  38.057 0.3333329856
37136  28.005  -7.741  36.280 0.4444440007
39046  25.253  -4.932  37.532 0.5555559993
91476  26.187  -4.628  37.339 0.5555559993
37805  27.838  -7.201  34.697 0.6666669846
39061  25.797  -5.256  36.935 0.6666669846
39060  26.650  -5.137  36.817 0.6666669846
37793  28.367  -6.734  34.892 0.6666669846
38427  27.781  -6.250  35.332 0.8888890147
38428  26.896  -6.247  35.485 0.8888890147
38409  28.033  -5.735  36.180 1.0000000000
38410  27.180  -5.710  36.214 1.0000000000
86429  25.893  -3.950  38.786 0.2222220004
36456  28.331  -8.360  36.768 0.2222220004
99087  26.424  -4.076  38.376 0.4444440007
39038  24.651  -4.657  38.160 0.3333329856
39771  26.663  -4.252  37.808 0.4444440007
37144  28.546  -7.477  35.833 0.4444440007
88499  27.056  -4.561  37.217 0.6666669846
39045  27.940  -4.454  37.095 1.0000000000
37804  28.418  -6.902  34.952 0.7777780294
39059  27.515  -5.081  36.725 1.0000000000
38426  28.645  -6.235  35.256 1.0000000000
40441  26.745  -3.252  40.075 0.1111110002
40449  26.257  -3.598  39.419 0.2222220004
39744  26.713  -3.868  38.901 0.3333329856
39759  27.167  -4.059  38.398 0.4444440007
39770  27.591  -4.208  37.761 0.6666669846
37143  29.005  -7.322  36.745 0.3333329856
37135  28.692  -7.869  36.511 0.3333329856
97321  28.519  -4.197  37.751 0.8888890147
37792  28.949  -6.834  35.509 0.8888890147
97383  28.679  -4.451  37.017 1.0000000000
38435  28.718  -6.553  34.969 1.0000000000
87385  28.775  -5.727  36.179 1.0000000000
39058  28.415  -5.006  36.602 1.0000000000
40440  27.637  -3.172  40.052 0.1111110002
40448  27.128  -3.469  39.445 0.2222220004
39742  28.101  -3.931  38.553 0.6666669846
40452  29.041  -3.793  38.289 0.6666669846
37134  29.252  -7.253  37.098 0.2222220004
37782  29.159  -6.860  36.993 0.6666669846
38408  29.439  -6.120  36.516 1.0000000000
39758  29.716  -3.620  37.924 1.0000000000
38425  29.108  -6.315  35.503 1.0000000000
86066  28.941  -5.222  36.294 1.0000000000
39779  29.254  -4.689  36.503 1.0000000000
39768  30.140  -3.941  37.058 1.0000000000
39769  29.399  -4.107  37.513 1.0000000000
40439  28.428  -3.018  39.854 0.2222220004
40447  27.901  -3.421  39.305 0.2222220004
40438  29.064  -2.761  39.485 0.2222220004
40446  28.626  -3.328  39.014 0.4444440007
39743  27.422  -3.810  38.931 0.6666669846
37774  29.598  -6.897  37.291 0.5555559993
40451  29.741  -2.774  37.882 1.0000000000
39057  29.399  -5.122  36.045 1.0000000000
40456  30.059  -3.193  37.392 1.0000000000
41096  29.645  -2.156  37.910 1.0000000000
41098  29.929  -2.504  37.225 1.0000000000
41777  29.550  -1.931  37.338 1.0000000000
40445  29.258  -2.972  38.532 0.5555559993
38398  30.106  -6.657  37.177 0.5555559993
40444  29.574  -2.345  38.359 0.8888890147
100556  30.151  -5.863  36.301 0.5555559993
38424  29.931  -5.300  35.763 0.6666669846
39778  30.035  -4.715  35.858 0.8888890147
40459  30.420  -3.118  36.860 1.0000000000
41093  29.538  -2.314  39.066 0.4444440007
38407  31.040  -6.068  36.776 0.2222220004
38423  30.557  -5.453  35.615 0.3333329856
39075  30.457  -5.004  35.552 0.6666669846
39074  31.101  -4.930  35.218 0.3333329856
39085  31.812  -4.917  34.526 0.3333329856
39785  30.873  -4.520  35.366 0.7777780294
39777  30.794  -3.803  36.268 1.0000000000
39086  31.487  -4.342  34.748 0.3333329856
40458  30.794  -2.897  36.128 1.0000000000
41101  30.173  -2.422  36.465 1.0000000000
41099  29.542  -1.922  36.638 1.0000000000
41778  29.225  -1.286  37.055 0.8888890147
40461  31.206  -3.465  35.448 1.0000000000
41105  30.388  -2.288  35.749 1.0000000000
41782  29.200  -1.280  36.141 1.0000000000
39784  31.712  -3.454  34.704 0.7777780294
40464  31.257  -2.964  34.967 1.0000000000
41104  30.914  -2.639  35.402 0.8888890147
41785  29.960  -1.850  35.322 1.0000000000
41781  29.661  -1.886  35.901 1.0000000000
42453  28.853  -0.513  35.653 1.0000000000
41109  30.937  -2.519  34.686 1.0000000000
41110  30.481  -2.136  35.039 1.0000000000
41786  29.468  -1.200  35.264 1.0000000000
41092  29.923  -1.750  38.811 0.4444440007
41773  29.593  -1.516  37.943 0.7777780294
39084  32.598  -5.021  34.704 0.2222220004
39073  32.167  -5.093  35.895 0.2222220004
38422  31.661  -5.476  36.579 0.2222220004
102388  32.323  -4.899  34.005 0.2222220004
39798  32.521  -4.561  33.811 0.3333329856
39792  32.021  -4.467  34.102 0.3333329856
42454  28.365  0.115  36.020 1.0000000000
42450  28.821  -0.562  36.466 0.8888890147
42451  28.526  0.107  36.800 0.8888890147
40467  32.340  -3.382  33.996 0.6666669846
41108  31.569  -2.878  34.384 0.7777780294
41791  29.963  -1.611  34.622 1.0000000000
43035  28.603  0.270  35.319 1.0000000000
41114  31.040  -2.434  33.831 1.0000000000
41790  30.380  -2.062  34.181 1.0000000000
42457  29.744  -0.785  34.432 1.0000000000
42458  29.141  -0.302  34.888 1.0000000000
41770  29.792  -0.854  38.563 0.5555559993
41774  29.361  -0.851  37.809 0.8888890147
39092  33.023  -4.778  33.933 0.2222220004
42446  28.655  0.213  37.460 0.7777780294
42445  28.956  -0.425  37.281 0.8888890147
43036  28.326  0.718  35.748 0.8888890147
43040  29.063  0.501  34.756 1.0000000000
41796  30.158  -1.207  33.899 1.0000000000
43044  29.538  0.033  34.299 1.0000000000
41795  30.405  -1.841  33.245 1.0000000000
42462  30.027  -0.371  33.794 1.0000000000
42439  29.396  0.015  38.821 0.5555559993
42442  29.025  -0.029  38.110 0.7777780294
39072  33.363  -5.020  36.294 0.1111110002
39083  33.816  -4.764  35.457 0.1111110002
43029  28.409  0.767  37.860 0.7777780294
43644  28.372  1.569  36.857 0.7777780294
43033  28.194  0.791  36.507 0.8888890147
91514  28.321  0.611  37.186 0.7777780294
43041  28.676  0.951  35.209 0.7777780294
43646  28.517  1.307  35.966 0.6666669846
93009  33.090  -3.731  33.440 0.2222220004
43655  29.538  0.669  34.330 1.0000000000
41112  32.718  -2.952  33.380 0.4444440007
41113  31.939  -2.693  33.647 0.7777780294
41794  31.272  -2.198  32.991 0.8888890147
43027  28.906  0.596  38.407 0.4444440007
43628  29.050  1.519  38.190 0.3333329856
44281  28.763  2.050  37.400 0.3333329856
43638  28.380  1.504  37.657 0.6666669846
88530  28.208  1.062  37.246 0.4444440007
39791  34.183  -4.475  34.503 0.2222220004
44312  29.817  2.108  35.800 0.4444440007
99143  29.085  2.018  36.416 0.3333329856
98968  29.894  1.546  34.756 0.7777780294
90378  29.332  1.550  35.420 0.5555559993
43043  29.904  0.466  33.819 1.0000000000
43654  29.955  1.148  34.128 0.8888890147
42461  30.643  -0.711  33.400 1.0000000000
42466  30.306  0.175  33.224 1.0000000000
39082  34.980  -4.937  35.644 0.1111110002
44279  30.550  2.107  36.988 0.2222220004
44280  29.605  2.196  37.134 0.3333329856
44296  30.896  2.384  36.331 0.3333329856
44297  30.059  2.265  36.390 0.3333329856
39797  33.715  -4.599  33.269 0.3333329856
44322  30.245  2.165  35.143 0.4444440007
41118  32.218  -2.453  32.892 0.5555559993
41800  31.033  -1.239  32.737 0.8888890147
43047  30.277  0.952  33.361 0.8888890147
41799  31.646  -1.881  32.138 0.8888890147
42465  30.781  -0.320  32.650 0.8888890147
43653  30.507  1.544  33.740 0.8888890147
44311  30.462  2.482  35.752 0.4444440007
44334  30.504  1.807  34.393 0.7777780294
44961  30.876  2.724  35.212 0.4444440007
29583  5.378  -17.750  46.197 0.4444440007
88693  11.248  -16.845  46.883 0.2222220004
29607  4.027  -17.333  44.480 0.2222220004
29618  3.589  -17.201  43.861 0.2222220004
29608  3.190  -17.804  44.203 0.2222220004
28803  3.118  -18.540  44.374 0.2222220004
32069  9.308  -14.312  44.725 0.5555559993
98852  4.952  -15.289  44.583 0.5555559993
30327  1.529  -16.830  43.032 0.1111110002
30919  3.151  -16.015  43.152 0.2222220004
31485  8.108  -15.128  44.615 0.5555559993
31476  7.848  -14.599  45.070 0.5555559993
32704  8.637  -13.237  45.670 0.7777780294
30917  4.607  -15.310  43.810 0.5555559993
102826  12.335  -13.278  42.963 0.8888890147
32095  13.645  -14.245  40.632 0.7777780294
33512  13.742  -11.654  42.833 0.5555559993
33518  14.756  -11.542  42.388 0.5555559993
34352  19.662  -11.458  34.124 0.6666669846
89334  16.979  -12.585  37.526 0.7777780294
84820  20.382  -11.737  33.538 0.6666669846
35073  20.645  -10.447  34.302 0.7777780294
85383  19.486  -10.907  34.369 0.6666669846
33568  16.968  -12.219  36.739 0.7777780294
96599  16.951  -12.069  36.409 0.8888890147
92984  16.415  -12.237  36.844 0.7777780294
35775  24.962  -9.111  34.538 0.7777780294
37157  24.284  -8.447  34.660 0.8888890147
37147  23.365  -8.166  35.216 0.8888890147
37151  19.125  -7.705  35.296 0.8888890147
96632  17.881  -7.635  35.077 0.6666669846
37784  24.419  -6.585  36.233 0.7777780294
37786  22.749  -6.524  36.573 0.7777780294
38416  22.003  -5.060  36.226 0.7777780294
90407  20.184  -5.855  36.125 0.7777780294
38431  18.437  -6.590  35.014 0.6666669846
39751  20.122  -3.872  38.997 0.2222220004
39028  19.679  -4.201  39.676 0.2222220004
100144  18.648  -5.431  38.732 0.2222220004
39029  19.033  -4.893  39.547 0.1111110002
39750  21.172  -3.341  38.938 0.1111110002
39749  21.964  -3.001  39.108 0.1111110002
39763  22.690  -2.771  37.518 0.1111110002
39050  19.400  -4.536  37.429 0.3333329856
39772  22.957  -3.207  36.824 0.3333329856
40453  22.871  -2.854  37.055 0.3333329856
99732  21.735  -3.775  36.552 0.2222220004
90019  19.845  -5.268  36.315 0.5555559993
38411  26.304  -5.695  36.272 0.8888890147
40432  27.242  -2.951  40.767 0.1111110002
43649  29.311  1.063  34.726 1.0000000000
44262  28.689  1.836  37.952 0.3333329856
44310  31.103  2.623  35.774 0.4444440007
32071  5.815  -13.554  44.946 0.2222220004
87674  5.806  -13.048  44.969 0.2222220004
32072  5.220  -13.877  44.673 0.2222220004
32062  7.122  -13.689  45.569 0.6666669846
32706  6.868  -13.292  45.812 0.3333329856
32705  7.778  -13.319  45.886 0.6666669846
32707  6.063  -13.077  45.497 0.2222220004
32699  6.450  -13.032  46.162 0.3333329856
32697  8.354  -12.795  46.238 0.6666669846
32063  6.305  -13.423  45.345 0.3333329856
32698  7.465  -12.932  46.296 0.6666669846
32691  8.006  -12.441  46.919 0.6666669846
32696  9.242  -12.781  46.034 0.6666669846
33501  8.917  -12.327  46.678 0.6666669846
32695  10.176  -12.667  45.721 0.4444440007
33500  9.801  -12.300  46.443 0.5555559993
33494  8.756  -12.136  47.463 0.3333329856
33484  9.415  -11.993  48.119 0.3333329856
33493  9.524  -12.059  47.213 0.2222220004
33505  10.895  -12.146  45.228 0.3333329856
33504  11.202  -11.547  44.868 0.4444440007
33498  11.211  -11.501  45.691 0.2222220004
33499  10.666  -12.068  46.085 0.2222220004
33492  10.348  -11.944  46.973 0.1111110002
33497  11.363  -10.773  45.460 0.1111110002
34298  12.124  -11.075  44.488 0.1111110002
33503  11.603  -11.200  44.647 0.2222220004
33507  12.398  -11.461  43.850 0.4444440007
34305  13.209  -11.340  43.710 0.2222220004
35757  23.263  -10.294  36.386 0.3333329856
35064  23.010  -11.119  36.690 0.2222220004
79192  21.399  -2.763  40.197 0.1111110002
39024  20.500  -3.676  39.796 0.1111110002
34311  14.679  -11.260  43.056 0.2222220004
34315  15.697  -11.263  42.049 0.5555559993
34310  15.593  -11.017  42.848 0.2222220004
34309  16.450  -10.615  42.551 0.3333329856
39745  25.317  -3.597  39.305 0.1111110002
39746  24.318  -3.683  39.256 0.2222220004
39761  24.049  -4.263  38.709 0.2222220004
39760  25.014  -4.101  38.720 0.2222220004
39762  23.219  -3.768  38.359 0.2222220004
39040  23.168  -4.509  37.941 0.3333329856
39039  23.781  -4.722  38.143 0.3333329856
89768  30.739  0.692  32.648 0.8888890147
43051  31.266  0.801  31.885 0.7777780294
43660  31.162  1.535  32.427 0.7777780294
90366  29.951  -1.908  39.486 0.3333329856
44336  31.701  2.998  32.770 0.7777780294
44337  31.328  2.252  33.039 0.6666669846
43657  30.770  1.586  33.117 0.6666669846
45707  32.145  4.615  31.978 0.6666669846
45023  31.617  4.109  32.359 0.6666669846
45718  32.702  4.655  31.301 0.7777780294
44341  31.882  2.657  32.059 0.7777780294
44342  31.507  2.195  32.372 0.7777780294
41768  30.044  -1.365  39.649 0.3333329856
102949  29.976  -1.178  39.130 0.3333329856
97312  34.094  3.852  32.651 0.3333329856
45692  32.366  4.297  32.760 0.4444440007
45680  32.036  4.081  33.008 0.4444440007
45007  31.598  3.050  33.549 0.7777780294
44333  31.051  2.228  33.853 0.5555559993
45705  33.678  4.379  31.914 0.4444440007
45691  33.067  4.360  32.379 0.5555559993
45693  31.938  4.583  32.598 0.5555559993
45006  32.197  3.829  33.040 0.6666669846
45706  32.685  4.759  31.803 0.6666669846
45721  33.329  4.962  30.472 0.7777780294
45717  33.296  4.803  31.245 0.7777780294
45724  33.810  4.378  29.805 0.7777780294
44985  35.610  3.243  33.666 0.1111110002
44321  30.918  2.475  34.611 0.4444440007
45004  34.369  3.338  33.269 0.2222220004
45005  33.431  3.573  33.174 0.3333329856
44968  33.306  3.113  33.980 0.2222220004
44988  31.939  3.477  33.721 0.3333329856
44989  31.388  2.904  34.199 0.3333329856
45690  38.670  3.729  32.459 0.1111110002
45019  37.118  4.102  32.597 0.1111110002
45021  35.576  3.789  32.353 0.5555559993
45003  35.065  3.421  32.942 0.3333329856
45702  37.456  4.314  32.136 0.1111110002
90847  36.701  4.661  32.131 0.2222220004
45703  35.951  4.438  32.128 0.4444440007
45022  34.673  4.001  32.157 0.5555559993
45713  37.361  4.643  31.829 0.1111110002
45714  35.957  4.464  31.371 0.3333329856
45704  35.110  4.214  31.533 0.6666669846
46322  33.943  4.674  29.851 0.7777780294
45716  34.023  4.755  30.936 0.7777780294
43024  29.177  1.018  38.535 0.2222220004
44986  34.904  3.070  33.753 0.1111110002
44971  31.302  2.805  34.766 0.3333329856
44332  34.138  2.987  33.813 0.2222220004
44969  32.462  3.249  34.281 0.2222220004
44261  29.247  1.954  37.832 0.2222220004
44331  34.570  2.616  34.259 0.1111110002
44970  31.804  2.996  34.535 0.2222220004
102543  33.950  2.646  34.312 0.1111110002
44319  33.316  2.698  34.669 0.1111110002
44320  32.513  2.706  35.040 0.1111110002
44960  31.657  2.744  35.363 0.2222220004
44295  31.710  2.464  36.230 0.2222220004
44309  32.459  2.434  35.813 0.2222220004
35070  21.746  -11.515  35.087 0.4444440007
43629  28.653  1.241  38.156 0.2222220004
31488  4.895  -14.613  44.490 0.4444440007
92343  32.222  4.768  32.212 0.5555559993
45038  32.930  3.613  30.615 0.7777780294
45722  33.169  4.483  30.838 0.7777780294
42438  29.972  -0.649  39.331 0.3333329856
44987  32.447  3.744  33.517 0.4444440007
87231  34.153  4.415  31.512 0.6666669846
45037  33.523  3.961  30.286 0.7777780294
46327  32.595  5.580  29.886 0.7777780294
45018  37.868  3.876  32.519 0.1111110002
45020  36.309  4.139  32.650 0.5555559993
45002  35.925  3.549  33.023 0.5555559993
45715  35.020  4.645  30.755 0.5555559993
46326  34.871  5.134  30.183 0.7777780294
100383  33.321  5.894  30.298 0.7777780294
28796  4.665  -18.062  45.915 0.3333329856
30927  2.035  -15.999  42.865 0.1111110002
30926  3.935  -15.284  43.083 0.2222220004
97226  3.035  -15.533  42.708 0.1111110002
31495  4.632  -14.608  43.264 0.2222220004
29557  9.824  -17.510  48.308 0.1111110002
30260  12.130  -16.760  48.165 0.1111110002
29555  11.240  -16.469  49.366 0.1111110002
29566  10.967  -16.602  48.522 0.1111110002
30261  11.571  -16.448  48.639 0.1111110002
30270  12.016  -16.808  47.118 0.1111110002
30271  11.269  -16.722  47.779 0.1111110002
33487  7.102  -12.451  48.468 0.4444440007
33495  7.234  -12.486  47.556 0.6666669846
29565  12.626  -17.143  47.613 0.1111110002
33475  7.024  -12.813  50.100 0.2222220004
99794  6.192  -13.196  50.993 0.2222220004
33481  7.121  -12.723  49.316 0.3333329856
30279  11.615  -16.808  46.250 0.1111110002
90578  8.126  -12.237  47.716 0.4444440007
101212  11.949  -16.792  45.640 0.1111110002
29576  13.407  -17.625  46.528 0.1111110002
30269  12.858  -17.092  46.859 0.1111110002
30278  12.376  -16.838  46.232 0.1111110002
33472  6.825  -12.740  50.992 0.1111110002
29590  13.609  -17.490  45.777 0.1111110002
99939  13.112  -17.047  46.080 0.1111110002
30286  12.535  -16.917  45.380 0.1111110002
85740  14.458  -17.963  44.837 0.1111110002
99468  14.015  -17.951  45.391 0.1111110002
29605  14.155  -17.455  44.056 0.1111110002
30285  13.727  -17.552  44.981 0.1111110002
89794  13.207  -17.185  45.216 0.1111110002
30299  13.380  -17.257  44.334 0.1111110002
87549  12.555  -16.841  44.171 0.1111110002
30311  13.506  -16.784  43.458 0.1111110002
30312  12.829  -16.352  43.352 0.1111110002
30913  13.349  -15.990  42.856 0.1111110002
29604  15.025  -17.707  44.268 0.1111110002
30946  18.101  -15.449  41.070 0.2222220004
29617  14.871  -17.337  43.619 0.1111110002
33562  20.331  -13.313  37.718 0.2222220004
91155  15.303  -16.969  43.013 0.1111110002
30324  14.786  -16.466  42.671 0.1111110002
87996  14.422  -16.942  43.182 0.1111110002
30325  14.082  -16.313  42.699 0.2222220004
30923  14.736  -15.779  42.149 0.3333329856
30924  13.894  -15.464  42.358 0.4444440007
30931  17.878  -15.862  41.719 0.2222220004
30331  17.563  -16.461  42.320 0.1111110002
29624  17.385  -17.067  42.964 0.1111110002
29625  16.647  -17.354  43.009 0.1111110002
30932  17.218  -16.047  41.783 0.2222220004
30323  16.933  -16.851  42.580 0.1111110002
99642  16.012  -17.445  43.091 0.1111110002
29615  16.281  -17.682  43.578 0.1111110002
33561  21.546  -13.567  37.772 0.1111110002
30947  17.311  -15.609  41.240 0.2222220004
30332  16.747  -16.343  42.146 0.1111110002
87861  16.163  -16.765  42.599 0.1111110002
30922  15.454  -16.280  42.396 0.1111110002
34333  19.927  -13.105  37.032 0.4444440007
33560  22.693  -12.952  37.849 0.1111110002
33546  21.766  -13.669  38.111 0.1111110002
34331  22.360  -13.137  37.140 0.1111110002
34332  21.190  -13.239  37.053 0.2222220004
30948  16.488  -15.739  41.605 0.1111110002
30333  16.097  -16.132  42.136 0.1111110002
31508  15.748  -15.248  41.167 0.3333329856
30933  15.590  -15.723  41.814 0.2222220004
34340  20.829  -12.743  36.349 0.4444440007
31509  14.958  -15.255  41.437 0.6666669846
34339  22.033  -12.781  36.371 0.2222220004
34345  20.327  -12.058  35.639 0.4444440007
33545  22.648  -13.226  38.271 0.1111110002
33559  23.256  -12.428  38.331 0.1111110002
34330  23.155  -12.450  37.445 0.1111110002
35066  21.613  -12.189  35.683 0.4444440007
34344  20.836  -11.788  35.039 0.4444440007
87284  19.681  -11.713  34.721 0.5555559993
33543  23.851  -12.212  39.048 0.1111110002
34338  22.735  -12.101  36.802 0.1111110002
35065  22.488  -11.940  35.913 0.1111110002
34351  19.981  -11.720  34.228 0.5555559993
85152  24.193  -12.549  39.416 0.1111110002
34329  23.740  -11.578  37.828 0.1111110002
34337  23.300  -11.667  37.158 0.1111110002
99033  14.511  -9.586  40.178 0.1111110002
33528  25.347  -11.407  41.679 0.1111110002
81732  24.057  -11.626  41.180 0.1111110002
78812  24.612  -12.110  40.259 0.1111110002
84512  24.574  -12.893  39.400 0.1111110002
34308  16.928  -10.115  42.424 0.2222220004
87883  25.598  -10.894  41.437 0.1111110002
83404  24.735  -11.203  41.974 0.1111110002
95609  24.273  -11.874  39.973 0.1111110002
93797  16.155  -10.244  41.569 0.2222220004
35047  25.585  -10.130  41.317 0.1111110002
35045  25.266  -10.812  41.378 0.1111110002
35049  24.087  -10.947  41.176 0.1111110002
78815  24.240  -11.404  39.852 0.1111110002
83399  23.990  -11.752  38.631 0.1111110002
93935  13.926  -9.907  40.560 0.1111110002
35051  25.900  -10.174  40.189 0.1111110002
35052  24.871  -10.163  39.905 0.1111110002
88698  24.327  -10.649  40.016 0.1111110002
89085  24.162  -10.983  38.741 0.1111110002
35057  26.131  -9.973  39.157 0.1111110002
35744  25.097  -9.699  39.317 0.1111110002
89622  23.987  -10.126  38.994 0.1111110002
35748  26.380  -9.432  38.410 0.1111110002
35749  25.064  -8.869  38.712 0.1111110002
36451  24.418  -8.872  38.295 0.1111110002
35058  24.023  -10.620  37.941 0.1111110002
35063  23.826  -11.039  37.237 0.1111110002
35753  25.820  -8.699  37.877 0.1111110002
86258  23.678  -10.574  37.030 0.1111110002
35754  24.985  -8.680  37.843 0.1111110002
35745  24.265  -9.283  38.889 0.1111110002
35746  23.679  -9.778  38.355 0.1111110002
35750  23.716  -10.170  37.669 0.1111110002
35755  24.307  -9.028  37.345 0.2222220004
36452  23.957  -9.344  38.057 0.1111110002
35756  23.825  -9.817  37.158 0.1111110002
35763  23.964  -9.698  35.900 0.1111110002
41798  32.438  -2.273  32.176 0.6666669846
41804  32.308  -1.847  31.427 0.6666669846
102191  31.765  -1.356  31.695 0.7777780294
42464  31.426  -0.770  32.035 0.7777780294
42469  32.489  -1.230  30.718 0.6666669846
42470  31.838  -0.944  31.280 0.6666669846
43046  30.990  0.073  31.995 0.6666669846
43049  31.839  -0.410  30.383 0.6666669846
43054  31.996  0.452  30.746 0.6666669846
98427  31.696  0.857  31.334 0.6666669846
43053  32.338  0.062  30.010 0.6666669846
43662  32.052  1.351  31.094 0.6666669846
44354  32.054  2.234  31.350 0.6666669846
43659  31.570  1.667  31.709 0.6666669846
42476  35.295  -0.941  29.687 0.5555559993
41827  34.553  -1.163  29.741 0.5555559993
42472  33.463  -1.175  29.632 0.6666669846
45033  32.450  3.871  31.269 0.6666669846
43057  34.893  -0.251  29.442 0.5555559993
42477  33.930  -0.384  29.497 0.6666669846
43052  32.999  -0.263  29.565 0.6666669846
43661  32.590  1.035  30.623 0.6666669846
43058  34.305  0.299  29.403 0.5555559993
43059  33.701  0.439  29.668 0.6666669846
43060  33.123  0.735  30.100 0.6666669846
43067  35.517  0.273  29.020 0.5555559993
43068  34.840  0.638  29.095 0.5555559993
44366  32.995  2.004  30.404 0.6666669846
44353  32.551  2.731  31.012 0.6666669846
43670  34.235  1.068  29.332 0.6666669846
43671  33.665  1.476  29.801 0.6666669846
44365  33.571  2.698  29.962 0.6666669846
43066  36.283  0.080  28.891 0.4444440007
43681  35.959  0.788  28.634 0.4444440007
100610  35.377  0.962  28.833 0.5555559993
43682  34.855  1.560  28.865 0.6666669846
45041  34.173  3.177  29.612 0.6666669846
44369  34.195  2.052  29.367 0.6666669846
45001  36.718  3.656  33.074 0.3333329856
43083  36.672  0.658  28.449 0.3333329856
43691  36.302  1.238  28.280 0.4444440007
43692  35.642  1.525  28.406 0.5555559993
44372  35.250  2.212  28.403 0.6666669846
44368  34.661  2.560  28.902 0.6666669846
43082  37.343  0.596  28.229 0.3333329856
43690  37.034  1.324  28.027 0.3333329856
43698  37.707  1.623  27.675 0.3333329856
44371  36.276  1.931  27.971 0.4444440007
45044  35.741  2.668  27.927 0.6666669846
45040  34.476  3.682  29.129 0.6666669846
87027  35.452  3.684  28.012 0.6666669846
45045  35.058  3.084  28.443 0.6666669846
45728  34.617  4.144  28.537 0.6666669846
45720  35.820  4.594  30.673 0.5555559993
46924  32.990  6.533  29.319 0.5555559993
46918  32.808  6.373  29.779 0.6666669846
45049  35.637  4.449  27.532 0.6666669846
46340  33.536  6.231  28.060 0.6666669846
44375  38.130  2.111  27.287 0.2222220004
45046  37.778  2.745  26.963 0.4444440007
45047  36.957  2.977  27.137 0.5555559993
45048  36.233  3.444  27.443 0.6666669846
45727  34.879  4.555  28.012 0.6666669846
92626  33.347  4.962  29.049 0.6666669846
44376  37.158  2.172  27.499 0.3333329856
47554  33.966  6.751  28.839 0.5555559993
46929  35.005  6.728  28.529 0.4444440007
100849  40.002  2.143  26.606 0.2222220004
43696  39.162  1.248  27.322 0.2222220004
44381  38.941  1.964  27.152 0.2222220004
97972  34.855  6.107  26.843 0.6666669846
47571  34.676  7.221  26.628 0.5555559993
47565  34.639  7.415  26.806 0.5555559993
43704  40.294  1.520  26.660 0.1111110002
45053  37.488  3.431  26.613 0.5555559993
45731  36.411  4.368  27.003 0.6666669846
46339  35.621  5.451  26.808 0.6666669846
46344  35.089  6.839  26.342 0.6666669846
45051  39.065  2.991  26.299 0.2222220004
45052  38.249  3.195  26.405 0.4444440007
45737  36.605  5.234  26.337 0.5555559993
46928  35.824  6.795  28.102 0.5555559993
90573  40.634  2.119  26.328 0.1111110002
47559  35.475  7.448  26.993 0.5555559993
44379  41.483  2.075  26.051 0.1111110002
44387  39.967  2.739  26.176 0.1111110002
44380  39.396  2.367  26.684 0.2222220004
102269  36.013  6.067  26.068 0.5555559993
46938  35.975  6.691  25.861 0.5555559993
45062  41.854  3.383  25.185 0.2222220004
45056  41.110  3.305  25.516 0.1111110002
44386  40.873  2.746  25.950 0.1111110002
45058  39.440  3.590  25.768 0.2222220004
45734  38.686  3.583  26.038 0.4444440007
46343  37.444  5.081  26.011 0.5555559993
46937  36.761  6.295  25.460 0.5555559993
97679  42.557  3.167  24.936 0.2222220004
45740  40.687  3.765  25.266 0.2222220004
46347  38.916  4.969  25.592 0.5555559993
46348  38.201  4.931  25.789 0.5555559993
99521  37.626  5.746  25.616 0.5555559993
46946  37.358  6.464  25.457 0.5555559993
99531  36.031  6.565  25.985 0.5555559993
46947  36.620  6.824  25.565 0.5555559993
45061  43.069  3.257  24.500 0.1111110002
45745  42.392  3.725  24.639 0.2222220004
45746  41.667  4.080  24.747 0.2222220004
45741  40.050  4.182  25.345 0.3333329856
46346  39.612  4.994  25.428 0.5555559993
46945  38.324  5.836  25.597 0.5555559993
47577  37.436  6.847  25.824 0.4444440007
45752  44.571  3.735  23.890 0.1111110002
45753  43.700  4.185  23.724 0.1111110002
46354  41.501  4.769  24.383 0.2222220004
46355  40.842  5.189  24.501 0.3333329856
46356  40.233  5.023  25.016 0.4444440007
46944  39.191  5.750  25.566 0.5555559993
99277  38.032  6.516  25.654 0.4444440007
46364  42.927  4.746  23.690 0.2222220004
46955  40.444  5.879  24.872 0.4444440007
45757  44.325  4.482  23.182 0.1111110002
48183  37.938  8.222  27.238 0.3333329856
47563  37.348  8.034  27.596 0.3333329856
47564  36.905  6.968  27.066 0.3333329856
47567  38.353  7.937  26.611 0.4444440007
47568  37.766  7.103  26.834 0.4444440007
48196  38.979  7.520  26.008 0.4444440007
47576  38.301  6.948  26.228 0.4444440007
47569  36.913  7.270  25.827 0.4444440007
90205  38.761  6.510  25.777 0.5555559993
46954  40.975  5.995  24.343 0.5555559993
47575  39.423  6.636  25.556 0.5555559993
46371  46.244  5.077  23.265 0.1111110002
45756  45.019  4.402  23.348 0.1111110002
46373  44.750  4.883  22.563 0.1111110002
99452  43.625  4.740  23.293 0.2222220004
46365  42.075  5.089  23.858 0.2222220004
46366  41.376  5.433  23.989 0.3333329856
46363  45.901  4.555  24.103 0.1111110002
48182  38.991  7.981  27.273 0.3333329856
48189  38.418  8.176  26.829 0.3333329856
48187  39.628  7.935  26.076 0.4444440007
48188  38.895  8.029  26.511 0.4444440007
48202  40.344  7.361  24.875 0.4444440007
48195  39.832  7.528  25.402 0.5555559993
47581  40.641  6.691  24.658 0.5555559993
47582  40.077  6.711  25.144 0.5555559993
46372  45.416  4.921  22.788 0.1111110002
46374  43.984  5.115  22.818 0.2222220004
46375  42.535  5.456  23.134 0.2222220004
46957  41.422  6.146  23.806 0.4444440007
47584  41.110  6.757  24.111 0.5555559993
99514  46.925  5.148  23.275 0.1111110002
46963  45.858  5.517  22.624 0.1111110002
46382  44.358  5.627  22.419 0.2222220004
46964  43.582  5.751  22.276 0.2222220004
46978  42.880  6.367  21.644 0.3333329856
46967  41.799  6.289  23.287 0.4444440007
47587  41.554  6.761  23.562 0.5555559993
46961  47.278  5.484  22.791 0.2222220004
46381  45.140  5.358  22.193 0.2222220004
46976  43.858  6.211  21.592 0.2222220004
46965  42.913  5.856  22.186 0.2222220004
47593  47.342  6.490  21.745 0.4444440007
46973  46.812  6.108  22.266 0.3333329856
46974  46.161  6.009  22.524 0.4444440007
48201  40.915  7.366  24.461 0.4444440007
48206  42.053  7.575  23.681 0.4444440007
48200  41.567  7.575  24.274 0.4444440007
46966  42.339  6.143  22.610 0.4444440007
48211  42.350  7.292  22.650 0.4444440007
88402  45.587  6.105  22.454 0.3333329856
46975  44.734  6.187  22.288 0.3333329856
46977  43.257  6.285  21.243 0.3333329856
47598  42.628  6.774  21.973 0.4444440007
47594  46.668  6.872  21.877 0.4444440007
46982  44.037  6.642  21.612 0.4444440007
46983  43.606  6.670  20.693 0.4444440007
47597  43.051  6.902  20.843 0.3333329856
48209  43.584  7.784  22.616 0.4444440007
48205  42.692  7.704  23.208 0.4444440007
47617  43.773  7.246  21.486 0.4444440007
48219  43.288  7.412  21.356 0.4444440007
92403  46.130  6.573  22.325 0.4444440007
48216  46.064  7.325  22.163 0.4444440007
47595  45.463  6.844  22.512 0.4444440007
47596  44.672  7.013  22.542 0.4444440007
47608  43.527  7.258  20.581 0.4444440007
47605  47.164  7.090  21.270 0.4444440007
48226  47.644  7.276  20.720 0.4444440007
48227  47.183  7.654  20.945 0.4444440007
49442  44.791  9.556  23.629 0.1111110002
49447  44.723  9.425  22.722 0.2222220004
49448  44.249  9.044  23.194 0.3333329856
48840  44.466  8.764  22.674 0.2222220004
48841  43.947  8.441  23.050 0.4444440007
99406  43.750  8.735  23.490 0.4444440007
48846  44.222  8.076  22.742 0.4444440007
48842  43.309  8.130  23.265 0.4444440007
48230  44.497  7.719  22.530 0.4444440007
48233  47.659  8.064  20.511 0.3333329856
48228  46.611  7.638  21.449 0.4444440007
48217  45.312  7.630  22.309 0.4444440007
49979  45.995  10.544  23.774 0.1111110002
49441  45.361  10.009  23.325 0.1111110002
49446  45.238  9.960  22.491 0.1111110002
49451  45.231  9.841  21.686 0.2222220004
102713  44.676  8.482  22.376 0.3333329856
83213  46.056  9.382  21.132 0.2222220004
49460  45.499  9.219  21.527 0.2222220004
98504  45.236  8.488  21.955 0.2222220004
48854  46.037  8.717  21.531 0.3333329856
98645  48.270  8.211  20.083 0.3333329856
48864  47.431  9.022  20.806 0.1111110002
48865  46.829  8.985  21.305 0.2222220004
48853  46.448  8.258  21.323 0.4444440007
48229  45.959  8.031  21.794 0.4444440007
49988  45.675  10.664  23.021 0.1111110002
50525  45.655  10.907  22.688 0.1111110002
82730  45.515  10.566  22.190 0.1111110002
83312  45.543  9.820  21.119 0.2222220004
97177  46.590  9.730  20.523 0.2222220004
95698  46.007  9.924  20.709 0.2222220004
86212  46.918  10.481  23.278 0.1111110002
49978  46.699  10.037  23.756 0.1111110002
49987  46.336  10.686  23.284 0.1111110002
99775  46.315  11.418  22.164 0.1111110002
50524  45.975  11.035  22.976 0.1111110002
82306  46.702  11.547  21.415 0.1111110002
97043  45.845  11.040  21.524 0.1111110002
93380  46.344  11.055  20.556 0.1111110002
94178  45.525  10.367  21.458 0.1111110002
93381  46.791  10.873  19.481 0.1111110002
100864  46.563  10.921  19.971 0.1111110002
49467  47.336  9.678  19.978 0.2222220004
46362  46.896  4.621  23.978 0.1111110002
45749  47.266  3.946  24.516 0.1111110002
45755  48.245  4.347  23.436 0.1111110002
46972  47.673  5.890  22.223 0.3333329856
46370  47.588  4.915  23.464 0.1111110002
34360  20.009  -10.975  34.000 0.5555559993
32692  7.087  -12.807  46.764 0.4444440007
45034  32.108  3.360  31.672 0.5555559993
32684  6.430  -13.211  49.464 0.2222220004
32682  6.343  -13.174  50.288 0.2222220004
33480  7.764  -12.224  49.142 0.2222220004
29616  15.540  -17.518  43.652 0.1111110002
30322  18.126  -16.563  42.981 0.2222220004
35048  24.598  -10.450  41.260 0.1111110002
43050  31.317  0.011  31.150 0.6666669846
42473  32.514  -0.772  29.818 0.6666669846
91039  32.448  1.850  30.887 0.6666669846
41826  35.298  -1.418  29.962 0.5555559993
41812  34.267  -1.723  30.156 0.6666669846
101319  35.708  2.068  28.151 0.5555559993
44377  36.428  2.593  27.530 0.4444440007
46917  33.788  6.320  29.821 0.6666669846
46333  34.539  5.543  27.442 0.6666669846
46334  33.601  5.299  28.277 0.6666669846
46934  34.439  7.017  27.357 0.6666669846
46328  32.486  6.380  29.301 0.5555559993
46335  32.612  6.019  28.842 0.6666669846
46930  32.697  6.334  28.927 0.5555559993
44382  38.624  2.564  26.805 0.3333329856
43697  38.434  1.467  27.521 0.2222220004
45730  36.851  3.656  26.960 0.6666669846
47560  34.529  7.203  27.706 0.5555559993
47561  33.574  6.762  28.433 0.5555559993
43705  39.646  1.773  26.999 0.2222220004
46933  34.431  6.646  26.993 0.6666669846
45736  37.172  4.261  26.559 0.5555559993
47570  35.003  6.815  26.470 0.5555559993
45735  38.006  4.051  26.154 0.5555559993
43703  41.249  1.116  26.251 0.1111110002
45057  40.336  3.351  25.640 0.1111110002
45742  38.741  4.199  25.728 0.5555559993
45063  41.217  3.777  25.114 0.2222220004
45747  40.841  4.377  24.866 0.2222220004
88286  39.344  4.361  25.535 0.5555559993
45070  43.024  3.958  24.158 0.1111110002
45754  42.267  4.414  24.280 0.2222220004
45069  43.760  3.416  24.110 0.1111110002
46943  39.865  5.806  25.347 0.5555559993
88416  43.231  5.254  22.918 0.2222220004
46376  41.907  5.734  23.487 0.4444440007
48194  40.589  7.627  25.038 0.4444440007
48207  41.402  7.260  23.857 0.4444440007
46962  46.527  5.568  22.798 0.1111110002
47586  42.064  6.736  22.918 0.4444440007
48212  41.796  7.165  23.306 0.4444440007
46380  48.078  5.185  22.723 0.1111110002
48220  42.882  7.240  21.623 0.4444440007
47606  44.106  7.115  22.121 0.4444440007
47607  44.043  7.082  20.867 0.4444440007
48210  43.018  7.566  22.309 0.4444440007
48836  42.693  8.158  23.939 0.4444440007
48218  43.867  7.453  22.393 0.4444440007
48852  46.995  8.248  20.978 0.4444440007
49452  44.883  9.180  21.988 0.2222220004
48835  43.336  8.663  24.031 0.4444440007
51075  45.834  11.191  22.457 0.1111110002
79757  46.414  10.463  20.224 0.1111110002
50523  46.558  11.087  22.871 0.1111110002
95000  45.963  10.429  20.926 0.1111110002
93704  46.767  10.276  19.790 0.1111110002
46361  47.740  4.462  24.193 0.1111110002
29595  4.346  -17.724  45.211 0.1111110002
32688  6.139  -12.739  47.718 0.1111110002
32686  6.285  -12.907  48.624 0.1111110002
32685  5.721  -13.507  49.645 0.1111110002
94829  13.789  -9.027  41.087 0.1111110002
35042  16.837  -9.694  42.236 0.1111110002
35039  17.138  -10.007  42.922 0.1111110002
95790  14.555  -9.508  41.235 0.1111110002
32679  6.346  -12.985  51.715 0.1111110002
82890  17.241  -9.617  43.316 0.1111110002
35038  17.260  -9.687  42.890 0.1111110002
82114  14.670  -9.128  41.869 0.1111110002
34303  15.186  -10.784  43.494 0.1111110002
34304  14.163  -11.130  43.606 0.1111110002
35035  16.732  -9.531  43.971 0.1111110002
88266  15.750  -10.077  43.994 0.1111110002
39796  34.466  -4.607  33.394 0.3333329856
102451  34.179  -4.259  32.785 0.3333329856
41116  33.665  -2.960  32.220 0.3333329856
41125  33.092  -2.390  31.784 0.4444440007
41117  32.948  -2.686  32.650 0.5555559993
88215  34.322  -3.554  32.129 0.3333329856
40477  34.788  -3.062  31.639 0.2222220004
41124  33.853  -2.514  31.450 0.4444440007
41803  33.236  -1.934  30.962 0.5555559993
41122  35.139  -2.662  31.215 0.2222220004
41134  34.780  -2.129  30.771 0.3333329856
41123  34.518  -2.564  31.274 0.3333329856
41811  35.015  -1.730  30.279 0.2222220004
41802  34.099  -2.091  30.847 0.5555559993
42468  33.051  -1.411  30.205 0.5555559993
41133  35.458  -2.215  30.772 0.2222220004
41810  35.733  -1.796  30.300 0.3333329856
42475  36.011  -1.315  29.713 0.2222220004
97501  35.752  -0.525  29.269 0.4444440007
43065  37.209  -0.093  28.684 0.1111110002
43081  38.090  0.143  28.166 0.1111110002
43092  38.656  0.715  27.704 0.1111110002
43689  37.865  0.990  27.902 0.1111110002
43695  39.848  0.976  27.064 0.1111110002
46325  36.144  4.948  30.304 0.4444440007
46331  35.526  5.481  29.611 0.4444440007
46923  34.846  6.360  29.197 0.4444440007
46922  36.095  5.940  28.969 0.3333329856
46927  36.649  6.723  27.896 0.2222220004
28797  4.026  -18.500  45.510 0.1111110002
28802  3.660  -18.141  44.845 0.1111110002
32693  6.089  -12.957  46.821 0.1111110002
33548  19.702  -13.540  38.272 0.3333329856
47558  37.244  7.722  28.104 0.3333329856
32683  5.701  -13.517  50.470 0.1111110002
32038  5.045  -14.039  50.607 0.1111110002
34302  16.465  -10.223  43.323 0.1111110002
40466  33.720  -3.714  32.805 0.3333329856
40478  34.268  -2.934  31.700 0.3333329856
41813  33.650  -1.692  30.322 0.5555559993
42487  36.618  -0.718  29.200 0.2222220004
28004  16.753  -19.967  46.071 0.1111110002
33547  20.761  -13.600  38.200 0.1111110002
32741  20.137  -13.732  38.399 0.1111110002
32101  19.362  -14.467  39.348 0.1111110002
31458  20.060  -14.826  49.285 0.1111110002
32118  19.663  -14.084  38.776 0.2222220004
31531  19.215  -14.878  40.147 0.2222220004
30945  18.932  -15.174  40.974 0.1111110002
100296  19.244  -15.462  42.237 0.1111110002
30911  19.682  -15.232  43.532 0.1111110002
31470  20.434  -14.705  46.071 0.1111110002
32742  19.294  -13.705  38.626 0.2222220004
32119  18.994  -13.953  39.008 0.2222220004
33485  8.675  -12.079  48.286 0.1111110002
86018  16.675  -18.264  47.841 0.1111110002
28763  17.667  -18.041  48.094 0.1111110002
29553  18.049  -17.355  48.327 0.1111110002
31459  19.431  -15.229  49.198 0.1111110002
30912  18.860  -15.813  43.110 0.1111110002
88066  19.432  -15.664  45.280 0.1111110002
90916  18.644  -15.513  41.632 0.1111110002
102798  16.803  -17.666  47.493 0.1111110002
81874  16.419  -17.990  47.528 0.1111110002
83424  16.871  -17.880  47.887 0.1111110002
30259  17.752  -17.239  48.113 0.1111110002
30888  17.962  -16.534  48.393 0.1111110002
30887  18.642  -15.838  48.858 0.1111110002
30893  18.578  -15.974  46.687 0.1111110002
30896  18.686  -15.990  45.761 0.1111110002
92914  17.163  -17.186  46.967 0.1111110002
30275  18.179  -16.320  46.219 0.1111110002
30283  18.168  -16.456  45.473 0.1111110002
88708  18.797  -16.144  44.963 0.1111110002
30309  18.461  -16.498  43.677 0.1111110002
40442  25.773  -3.271  39.994 0.1111110002
40472  33.237  -3.158  32.954 0.3333329856
40471  35.068  -3.691  32.009 0.1111110002
97710  36.509  4.936  31.330 0.1111110002
30921  18.377  -15.955  42.335 0.1111110002
27991  17.025  -19.445  46.695 0.1111110002
30250  19.092  -15.677  49.092 0.1111110002
30884  20.273  -15.161  49.347 0.1111110002
31467  19.672  -14.825  47.694 0.1111110002
92762  19.468  -15.353  41.378 0.1111110002
101448  19.369  -15.343  42.905 0.1111110002
31481  20.457  -14.388  44.112 0.1111110002
31474  20.344  -14.728  45.074 0.1111110002
31475  19.816  -15.234  45.841 0.1111110002
32056  21.157  -14.390  46.434 0.1111110002
31466  20.402  -14.505  47.074 0.1111110002
28764  16.993  -18.153  48.021 0.1111110002
27980  16.757  -18.768  47.366 0.1111110002
28773  17.146  -18.549  47.875 0.1111110002
95463  17.404  -17.761  48.029 0.1111110002
88904  18.635  -17.093  48.737 0.1111110002
30258  18.319  -16.492  48.817 0.1111110002
31464  19.062  -15.261  48.422 0.1111110002
30901  19.790  -15.466  44.458 0.1111110002
30895  19.184  -15.568  46.201 0.1111110002
101810  19.310  -15.928  44.699 0.1111110002
30267  17.437  -17.254  47.709 0.1111110002
30266  17.891  -16.560  47.172 0.1111110002
30891  18.434  -15.910  47.876 0.1111110002
31471  19.730  -15.055  46.649 0.1111110002
30902  19.125  -16.140  44.124 0.1111110002
30276  17.612  -16.737  46.216 0.1111110002
30298  18.181  -16.636  44.521 0.1111110002
45000  37.520  3.448  33.007 0.1111110002
100039  36.672  6.189  28.580 0.2222220004
47557  37.611  8.113  27.989 0.1111110002
48180  40.510  8.175  26.661 0.2222220004
48821  41.217  8.379  26.341 0.2222220004
48828  41.410  7.959  25.649 0.2222220004
48833  41.501  7.761  24.917 0.2222220004
48827  41.882  8.770  25.989 0.1111110002
48832  42.546  9.002  25.565 0.1111110002
98331  42.038  8.429  25.234 0.2222220004
48837  42.114  8.031  24.503 0.2222220004
46971  48.386  5.602  21.930 0.2222220004
47592  47.946  6.194  21.655 0.2222220004
49422  43.867  9.351  25.356 0.1111110002
49435  43.160  9.121  25.243 0.1111110002
46981  48.471  6.233  21.134 0.2222220004
46992  49.187  6.001  20.689 0.3333329856
47616  48.169  6.840  20.688 0.3333329856
47615  48.783  6.684  20.403 0.3333329856
49434  43.552  9.093  24.666 0.1111110002
47604  47.789  6.693  21.194 0.3333329856
47614  49.514  6.427  20.055 0.2222220004
49443  44.040  9.216  23.963 0.3333329856
98500  48.296  7.455  20.237 0.3333329856
47631  49.094  7.261  19.724 0.2222220004
48232  48.681  7.925  19.811 0.2222220004
48878  48.650  8.717  19.615 0.1111110002
48863  48.043  8.950  20.212 0.1111110002
102743  49.181  8.744  19.016 0.1111110002
84066  49.747  8.776  18.481 0.1111110002
82110  50.491  8.359  18.062 0.1111110002
48257  49.593  8.269  18.934 0.1111110002
48247  49.132  8.075  19.344 0.1111110002
94030  48.377  9.899  18.640 0.1111110002
84842  48.700  9.275  19.047 0.1111110002
79736  48.016  9.617  19.346 0.1111110002
94860  48.927  10.126  18.113 0.1111110002
79735  49.099  9.371  18.576 0.1111110002
48181  39.854  7.996  27.173 0.2222220004
48186  40.471  7.904  25.765 0.2222220004
48831  42.730  8.719  24.727 0.2222220004
27985  6.374  -19.156  47.310 0.1111110002
27986  5.503  -19.223  47.360 0.1111110002
28777  6.768  -18.776  46.973 0.1111110002
28778  5.995  -18.678  47.037 0.1111110002
28786  6.442  -18.201  46.657 0.1111110002
28779  5.237  -18.766  47.088 0.1111110002
27987  4.563  -19.486  47.240 0.1111110002
28787  5.714  -18.210  46.702 0.1111110002
28788  4.986  -18.388  46.565 0.1111110002
28789  4.230  -18.844  46.312 0.1111110002
41091  28.999  -2.595  40.367 0.1111110002
43626  30.683  1.323  38.253 0.1111110002
95301  31.834  1.566  38.214 0.1111110002
101530  31.384  1.307  38.033 0.1111110002
43627  29.719  1.432  38.277 0.1111110002
43637  30.166  1.842  37.691 0.1111110002
44294  32.361  2.335  36.529 0.1111110002
84594  31.490  1.961  36.871 0.1111110002
46324  36.831  5.379  30.827 0.1111110002
46916  37.340  5.824  30.312 0.1111110002
46330  36.609  5.342  29.750 0.1111110002
46921  36.987  6.115  29.439 0.1111110002
46378  49.519  4.414  21.899 0.1111110002
45766  50.048  4.203  21.444 0.1111110002
46979  49.437  5.382  20.855 0.1111110002
46980  48.978  5.523  21.318 0.1111110002
40431  28.182  -2.809  40.786 0.1111110002
27974  5.991  -19.752  47.577 0.1111110002
27995  4.078  -19.345  46.879 0.1111110002
28780  4.644  -18.944  46.872 0.1111110002
82236  31.254  0.893  38.683 0.1111110002
43636  31.072  1.640  37.537 0.1111110002
46379  48.980  4.953  22.011 0.1111110002
46386  49.459  4.919  21.355 0.1111110002
46396  49.910  4.925  20.807 0.1111110002
45778  50.422  4.450  20.812 0.1111110002
33488  5.200  -12.771  47.623 0.1111110002
33506  5.802  -12.672  45.299 0.1111110002
32710  5.564  -13.077  44.528 0.1111110002
41084  29.960  -1.801  40.052 0.1111110002
39790  35.206  -4.655  34.629 0.1111110002
39804  34.803  -4.233  32.639 0.1111110002
39795  35.412  -4.443  33.474 0.1111110002
32077  4.949  -13.799  43.634 0.1111110002
41090  29.555  -2.233  39.877 0.1111110002
32700  5.508  -12.788  46.144 0.1111110002
41809  36.571  -1.922  30.206 0.1111110002
96102  56.374  1.751  12.517 0.1111110002
93275  56.885  2.805  12.199 0.1111110002
96331  57.659  2.754  11.875 0.1111110002
46406  51.449  5.018  19.306 0.1111110002
47000  50.897  5.705  19.313 0.1111110002
45128  54.774  3.234  19.361 0.1111110002
46416  51.922  4.895  18.728 0.1111110002
45807  54.219  3.736  17.710 0.1111110002
45146  54.865  3.133  17.607 0.1111110002
44486  56.275  1.886  16.336 0.1111110002
45179  56.223  2.515  14.862 0.1111110002
96627  55.625  3.060  11.895 0.1111110002
85541  53.590  4.057  12.425 0.1111110002
45165  54.495  3.485  16.866 0.1111110002
45164  55.880  3.162  16.485 0.1111110002
45848  56.355  3.473  14.490 0.1111110002
81746  56.866  3.392  13.453 0.1111110002
99914  55.184  3.164  16.817 0.1111110002
46991  49.851  5.606  20.302 0.1111110002
46990  50.422  5.451  19.850 0.1111110002
47001  50.218  6.120  19.709 0.1111110002
45798  53.833  3.831  18.436 0.1111110002
46415  52.425  4.752  18.256 0.1111110002
46999  51.524  5.550  18.691 0.1111110002
47629  50.560  6.545  19.103 0.1111110002
93951  53.046  4.732  12.684 0.1111110002
45809  53.136  4.544  17.950 0.1111110002
95062  55.677  4.021  11.693 0.1111110002
45832  55.360  3.939  15.723 0.1111110002
95510  56.821  4.508  14.692 0.1111110002
94140  57.014  4.428  13.472 0.1111110002
79704  54.465  4.021  16.475 0.1111110002
45850  55.152  4.726  15.478 0.1111110002
47630  49.873  6.852  19.412 0.1111110002
101290  53.709  4.300  17.698 0.1111110002
46423  51.993  5.366  18.034 0.1111110002
45818  54.077  4.240  17.122 0.1111110002
45808  53.435  4.939  17.220 0.1111110002
47017  52.167  5.883  17.318 0.1111110002
83565  54.152  4.767  16.706 0.1111110002
93849  56.046  1.910  12.153 0.1111110002
45790  51.922  4.291  19.340 0.1111110002
46407  50.931  5.007  19.825 0.1111110002
45127  54.757  3.291  18.596 0.1111110002
45180  56.014  3.359  15.860 0.1111110002
44478  56.082  2.282  17.199 0.1111110002
93839  54.190  4.394  10.849 0.1111110002
45849  56.261  4.330  15.293 0.1111110002
100414  54.731  3.872  16.037 0.1111110002
45799  52.932  4.138  18.587 0.1111110002
47010  51.192  6.293  18.696 0.1111110002
46422  52.582  5.187  17.541 0.1111110002
47009  51.726  6.070  18.062 0.1111110002
83779  52.817  5.708  16.810 0.1111110002
30885  19.670  -15.133  49.395 0.1111110002
30890  19.051  -15.408  47.227 0.1111110002
31463  19.763  -14.687  48.838 0.1111110002
32053  21.021  -14.198  47.478 0.1111110002
33486  7.919  -12.221  48.390 0.4444440007
34350  20.843  -11.633  34.200 0.6666669846
34358  20.452  -11.686  33.781 0.6666669846
34359  20.122  -11.720  33.669 0.6666669846
34367  20.251  -12.018  33.450 0.6666669846
34368  20.224  -11.463  33.690 0.6666669846
34380  20.161  -11.803  33.118 0.6666669846
34381  20.119  -11.659  33.200 0.6666669846
43804  56.386  1.692  12.625 0.1111110002
45145  55.780  2.960  17.407 0.1111110002
45163  56.170  2.511  15.916 0.1111110002
45181  54.947  3.401  16.169 0.1111110002
45831  56.125  3.606  15.342 0.1111110002
46336  32.389  6.135  29.105 0.5555559993
79197  20.571  -11.549  34.396 0.6666669846
79198  20.134  -11.380  34.753 0.6666669846
82934  54.670  4.457  16.084 0.1111110002
93189  56.688  2.310  12.345 0.1111110002
94141  56.250  1.684  12.777 0.1111110002
96250  56.526  1.964  12.619 0.1111110002
98599  56.055  2.623  16.687 0.1111110002
99694  20.181  -10.800  34.021 0.6666669846
