#!ascii label  , from subject sub-v2s1x29880_ses-1 vox2ras=TkReg
124
42910  30.650  -0.206  -22.148 0.0000000000
40313  25.887  -4.074  -20.512 0.0000000000
101069  32.797  1.933  -21.346 0.0000000000
88838  37.030  4.683  -18.486 0.0000000000
39635  24.005  -5.268  -20.791 0.0000000000
87479  33.894  0.156  -20.183 0.0000000000
44014  35.752  1.039  -18.853 0.0000000000
43494  28.612  0.771  -22.985 0.0000000000
41676  28.354  -2.061  -21.990 0.0000000000
101323  30.281  -2.098  -21.632 0.0000000000
42331  32.683  -1.768  -22.147 0.0000000000
40977  31.842  -2.942  -23.165 0.0000000000
43485  31.830  1.318  -21.466 0.0000000000
91164  33.524  -0.809  -21.220 0.0000000000
85167  36.304  3.702  -18.733 0.0000000000
92268  37.094  1.712  -18.634 0.0000000000
40954  27.464  -3.226  -20.662 0.0000000000
44022  34.897  0.959  -19.186 0.0000000000
44015  35.387  1.784  -18.944 0.0000000000
42920  29.514  0.736  -22.595 0.0000000000
42335  29.409  -1.221  -22.188 0.0000000000
89557  30.128  -1.557  -21.962 0.0000000000
40314  25.218  -4.353  -20.645 0.0000000000
44084  32.340  1.779  -21.376 0.0000000000
43484  32.623  0.840  -21.553 0.0000000000
98048  33.128  1.033  -21.295 0.0000000000
43431  34.823  -0.025  -19.398 0.0000000000
101277  34.360  -0.871  -20.195 0.0000000000
84857  36.581  4.806  -18.555 0.0000000000
79336  36.248  4.208  -18.780 0.0000000000
46095  36.830  4.173  -18.469 0.0000000000
46104  38.451  3.349  -18.999 0.0000000000
45449  37.945  2.709  -18.655 0.0000000000
44733  37.163  2.424  -18.578 0.0000000000
44732  37.677  1.870  -18.663 0.0000000000
44012  37.393  1.172  -18.633 0.0000000000
40979  29.152  -2.389  -21.190 0.0000000000
90110  27.992  -2.912  -21.005 0.0000000000
89357  23.020  -5.502  -20.816 0.0000000000
43474  33.539  0.245  -20.867 0.0000000000
43454  33.744  0.862  -20.199 0.0000000000
43453  34.309  0.491  -19.755 0.0000000000
43430  35.431  0.254  -18.900 0.0000000000
42343  27.255  -1.149  -23.028 0.0000000000
42342  28.087  -0.993  -22.712 0.0000000000
41675  29.526  -1.867  -21.617 0.0000000000
40978  30.031  -2.615  -21.229 0.0000000000
89850  31.443  -0.509  -21.879 0.0000000000
42333  30.857  -1.287  -22.075 0.0000000000
41672  32.253  -2.407  -22.795 0.0000000000
44101  30.215  1.828  -21.728 0.0000000000
44802  31.081  2.996  -22.278 0.0000000000
43486  31.206  0.722  -21.731 0.0000000000
42909  32.022  0.251  -21.727 0.0000000000
42902  32.955  -0.885  -21.653 0.0000000000
41664  33.607  -1.656  -21.269 0.0000000000
42885  33.938  -0.501  -20.494 0.0000000000
42305  33.988  -1.209  -20.606 0.0000000000
84813  35.877  2.413  -18.772 0.0000000000
46094  37.602  4.215  -18.502 0.0000000000
45450  37.181  3.366  -18.479 0.0000000000
85199  36.461  2.892  -18.645 0.0000000000
102137  36.020  1.706  -18.721 0.0000000000
44013  36.596  1.206  -18.685 0.0000000000
43420  36.205  0.430  -18.654 0.0000000000
40321  26.104  -3.645  -21.190 0.0000000000
41677  27.346  -2.196  -22.253 0.0000000000
41674  30.739  -2.106  -22.150 0.0000000000
85403  30.247  -3.365  -21.966 0.0000000000
42911  29.983  -0.013  -22.334 0.0000000000
42334  30.044  -0.814  -22.213 0.0000000000
100996  22.933  -5.865  -20.203 0.0000000000
42866  35.213  -0.644  -18.903 0.0000000000
42867  34.744  -0.801  -19.689 0.0000000000
44011  37.968  1.281  -18.749 0.0000000000
40963  29.389  -2.926  -20.903 0.0000000000
40964  28.748  -2.833  -20.818 0.0000000000
40968  24.818  -3.640  -21.883 0.0000000000
44043  34.285  1.352  -19.763 0.0000000000
79335  36.903  5.305  -18.544 0.0000000000
42921  27.715  -0.273  -23.138 0.0000000000
88234  28.636  -0.169  -22.848 0.0000000000
42336  28.625  -1.528  -22.290 0.0000000000
39622  24.296  -4.956  -19.536 0.0000000000
42332  31.813  -1.515  -22.154 0.0000000000
90721  29.598  1.830  -22.510 0.0000000000
44099  31.646  1.027  -21.932 0.0000000000
99293  30.994  1.320  -21.419 0.0000000000
43493  30.832  1.727  -21.169 0.0000000000
43475  33.102  0.016  -21.384 0.0000000000
42908  32.654  -0.127  -21.676 0.0000000000
42324  33.267  -1.481  -21.763 0.0000000000
86180  35.894  3.760  -18.821 0.0000000000
79321  35.804  3.199  -18.785 0.0000000000
46093  37.920  3.527  -18.608 0.0000000000
79329  36.539  2.056  -18.648 0.0000000000
43419  37.021  0.504  -18.548 0.0000000000
40967  25.577  -3.439  -21.903 0.0000000000
42337  27.726  -1.700  -22.568 0.0000000000
41688  26.934  -1.668  -22.784 0.0000000000
40965  27.211  -2.836  -21.612 0.0000000000
40955  26.742  -3.297  -21.118 0.0000000000
41673  31.439  -2.149  -22.573 0.0000000000
97368  31.135  -2.712  -22.687 0.0000000000
42912  29.386  -0.437  -22.473 0.0000000000
39634  24.835  -4.866  -20.424 0.0000000000
39620  26.195  -4.789  -19.254 0.0000000000
42884  34.383  -0.292  -19.979 0.0000000000
40980  28.126  -2.502  -21.564 0.0000000000
39623  23.387  -5.637  -20.325 0.0000000000
40315  24.548  -4.422  -21.164 0.0000000000
40322  25.331  -3.904  -21.190 0.0000000000
96947  32.953  2.012  -21.337 0.0000000000
44067  33.471  1.283  -20.957 0.0000000000
42852  35.854  -0.190  -18.598 0.0000000000
46675  36.558  5.568  -18.334 0.0000000000
42913  28.814  -0.911  -22.520 0.0000000000
43487  30.399  0.811  -22.016 0.0000000000
90618  30.773  2.326  -21.501 0.0000000000
89979  32.280  -0.783  -21.858 0.0000000000
41666  26.516  -2.588  -22.233 0.0000000000
40966  26.304  -3.147  -21.816 0.0000000000
87287  30.576  -2.746  -22.151 0.0000000000
44100  30.776  1.528  -21.698 0.0000000000
