#!ascii label  , from subject sub-v2s1x29866_ses-1 vox2ras=TkReg
1223
103133  -51.999  29.886  29.083 0.0000000000
113811  -39.854  43.837  17.919 0.0000000000
106961  -42.048  34.896  24.168 0.0000000000
107012  -50.474  34.472  18.288 0.0000000000
115060  -44.846  45.895  17.128 0.0000000000
111183  -45.722  39.767  18.112 0.0000000000
110578  -48.500  39.099  13.529 0.0000000000
105772  -44.345  32.870  16.990 0.0000000000
100173  -45.508  25.408  33.000 0.0000000000
103115  -47.514  29.548  30.186 0.0000000000
117381  -36.212  49.381  17.470 0.0000000000
127036  -39.839  47.710  13.643 0.0000000000
116868  -45.177  48.962  9.993 0.0000000000
107541  -47.488  35.568  28.215 0.0000000000
110503  -40.376  39.020  20.817 0.0000000000
127771  -46.204  35.514  21.590 0.0000000000
106966  -51.657  33.428  24.106 0.0000000000
105703  -46.599  33.216  23.215 0.0000000000
105676  -41.472  32.460  23.341 0.0000000000
103146  -50.075  29.397  27.973 0.0000000000
115064  -46.435  45.856  15.695 0.0000000000
113111  -47.977  43.089  17.539 0.0000000000
112486  -46.259  41.957  15.136 0.0000000000
110562  -45.255  38.674  15.307 0.0000000000
130568  -46.286  27.574  31.247 0.0000000000
103112  -44.746  28.900  29.760 0.0000000000
143365  -36.949  50.565  21.508 0.0000000000
116831  -42.744  48.275  12.098 0.0000000000
106243  -44.954  34.856  28.420 0.0000000000
106940  -45.200  35.021  26.027 0.0000000000
113796  -36.566  43.870  18.691 0.0000000000
111796  -40.442  41.493  19.769 0.0000000000
108472  -47.606  36.900  16.855 0.0000000000
108447  -45.779  36.811  18.891 0.0000000000
127968  -48.710  35.590  19.636 0.0000000000
108398  -50.213  36.888  22.428 0.0000000000
106996  -51.469  34.412  21.153 0.0000000000
105686  -49.758  32.998  23.478 0.0000000000
106331  -48.723  33.700  20.322 0.0000000000
105729  -43.191  33.243  20.686 0.0000000000
115041  -42.210  45.182  17.274 0.0000000000
112440  -42.860  41.930  19.028 0.0000000000
139640  -45.489  42.912  18.409 0.0000000000
110554  -48.636  39.940  16.127 0.0000000000
107742  -48.971  35.782  14.208 0.0000000000
128137  -47.542  33.585  17.200 0.0000000000
108483  -46.770  35.609  14.736 0.0000000000
107723  -43.772  35.487  17.042 0.0000000000
100174  -48.072  25.334  32.979 0.0000000000
101768  -48.954  27.662  31.971 0.0000000000
103793  -50.180  30.260  30.398 0.0000000000
139585  -36.549  47.886  22.829 0.0000000000
116771  -34.806  47.693  19.706 0.0000000000
115585  -36.722  46.126  17.215 0.0000000000
115601  -39.664  46.256  16.455 0.0000000000
116210  -42.496  46.999  15.681 0.0000000000
116808  -45.267  47.887  14.500 0.0000000000
142354  -48.019  46.621  12.479 0.0000000000
115717  -47.273  46.159  8.445 0.0000000000
105046  -45.005  31.695  28.388 0.0000000000
105048  -47.309  32.426  28.759 0.0000000000
105629  -49.875  33.171  28.754 0.0000000000
108396  -40.807  36.244  21.932 0.0000000000
147821  -43.136  39.710  19.452 0.0000000000
108421  -43.123  36.650  20.507 0.0000000000
107624  -44.379  35.395  22.920 0.0000000000
107587  -47.194  35.737  24.352 0.0000000000
107578  -50.610  36.759  26.400 0.0000000000
105637  -51.663  32.228  27.177 0.0000000000
105071  -50.107  32.010  25.859 0.0000000000
136664  -47.536  32.057  25.692 0.0000000000
105066  -44.975  31.606  25.415 0.0000000000
127744  -46.064  33.728  20.632 0.0000000000
105701  -44.402  33.112  22.936 0.0000000000
134892  -42.815  30.378  24.853 0.0000000000
102470  -51.899  28.592  30.385 0.0000000000
102492  -51.525  28.700  28.969 0.0000000000
103821  -51.774  30.206  28.562 0.0000000000
115073  -45.893  44.921  14.417 0.0000000000
113840  -46.211  43.308  15.457 0.0000000000
151236  -45.638  43.028  14.881 0.0000000000
147446  -44.775  41.065  14.938 0.0000000000
106949  -43.504  34.851  24.586 0.0000000000
113798  -38.101  43.639  18.372 0.0000000000
107717  -48.740  35.676  17.064 0.0000000000
107707  -48.480  35.655  18.442 0.0000000000
128938  -50.126  35.350  18.613 0.0000000000
132144  -50.869  35.460  20.277 0.0000000000
107006  -51.345  34.242  19.046 0.0000000000
106321  -50.653  33.797  20.870 0.0000000000
106345  -50.199  33.875  19.271 0.0000000000
115059  -43.747  45.675  17.072 0.0000000000
113815  -43.582  43.928  18.034 0.0000000000
113816  -45.061  44.144  17.908 0.0000000000
111860  -48.629  41.322  15.783 0.0000000000
112451  -48.958  41.553  17.165 0.0000000000
110565  -49.125  39.356  14.823 0.0000000000
109900  -49.588  37.899  14.358 0.0000000000
109187  -49.557  37.635  13.066 0.0000000000
107741  -48.187  35.015  13.982 0.0000000000
109175  -47.537  36.892  13.697 0.0000000000
150270  -44.817  37.109  16.181 0.0000000000
102467  -46.743  28.581  30.716 0.0000000000
148802  -47.444  27.524  31.679 0.0000000000
102451  -48.194  28.440  31.175 0.0000000000
103101  -49.409  29.027  31.048 0.0000000000
143142  -48.212  29.757  30.304 0.0000000000
117906  -36.427  50.052  19.417 0.0000000000
117897  -35.874  49.476  20.495 0.0000000000
149234  -35.344  48.406  18.690 0.0000000000
116187  -35.131  46.898  17.867 0.0000000000
116794  -35.771  48.070  17.095 0.0000000000
135032  -38.829  47.430  14.450 0.0000000000
116207  -38.361  47.133  15.084 0.0000000000
115632  -40.201  46.916  15.072 0.0000000000
141675  -41.341  46.575  16.082 0.0000000000
116224  -41.327  47.213  14.540 0.0000000000
116845  -43.919  48.711  11.244 0.0000000000
127350  -44.163  48.075  13.429 0.0000000000
128022  -45.153  48.236  12.439 0.0000000000
116835  -46.879  48.005  13.198 0.0000000000
116860  -47.019  48.049  10.905 0.0000000000
115689  -48.339  46.474  10.316 0.0000000000
116884  -47.020  47.745  9.242 0.0000000000
134953  -41.938  33.497  28.052 0.0000000000
105620  -41.481  32.574  27.782 0.0000000000
105043  -42.663  32.100  28.001 0.0000000000
105045  -43.801  31.489  28.217 0.0000000000
105622  -43.903  33.148  28.155 0.0000000000
107540  -46.602  35.306  28.352 0.0000000000
105625  -46.637  33.055  28.397 0.0000000000
105626  -47.694  33.691  28.561 0.0000000000
105607  -48.720  32.863  28.972 0.0000000000
106247  -48.817  34.212  28.457 0.0000000000
110491  -38.977  38.998  21.576 0.0000000000
109111  -39.401  37.652  21.843 0.0000000000
109113  -40.859  37.350  21.036 0.0000000000
111813  -44.595  40.875  18.682 0.0000000000
111800  -43.370  40.832  19.192 0.0000000000
131375  -44.606  39.644  18.696 0.0000000000
107693  -45.908  35.910  19.784 0.0000000000
108434  -44.900  36.577  19.669 0.0000000000
107676  -44.930  35.787  20.637 0.0000000000
128840  -43.904  35.598  21.575 0.0000000000
130588  -45.296  35.518  21.872 0.0000000000
107605  -45.972  35.511  23.790 0.0000000000
107626  -47.113  35.635  23.076 0.0000000000
107609  -50.977  36.083  23.743 0.0000000000
108370  -50.568  37.353  24.236 0.0000000000
106952  -51.148  34.867  25.091 0.0000000000
106259  -51.287  34.026  26.425 0.0000000000
106264  -51.637  33.129  25.995 0.0000000000
144445  -51.247  31.815  26.663 0.0000000000
105664  -51.246  32.612  24.656 0.0000000000
105705  -48.326  33.264  23.231 0.0000000000
105661  -48.343  32.769  24.626 0.0000000000
105660  -47.446  32.703  24.614 0.0000000000
147334  -46.400  31.908  25.570 0.0000000000
105658  -45.816  32.589  24.454 0.0000000000
105774  -45.746  33.230  16.950 0.0000000000
128752  -46.377  33.647  18.609 0.0000000000
106340  -45.000  33.422  18.934 0.0000000000
128994  -42.193  33.025  21.613 0.0000000000
105718  -43.613  33.305  21.850 0.0000000000
105699  -42.661  32.851  23.014 0.0000000000
105106  -43.450  32.374  24.254 0.0000000000
105104  -42.105  31.568  24.253 0.0000000000
103857  -42.112  30.256  24.492 0.0000000000
101015  -50.641  26.511  30.765 0.0000000000
103823  -48.786  29.704  27.440 0.0000000000
115608  -45.913  46.443  16.509 0.0000000000
114458  -46.662  44.780  17.513 0.0000000000
142296  -46.921  44.915  16.716 0.0000000000
112476  -46.990  42.361  15.904 0.0000000000
127792  -47.096  40.626  14.831 0.0000000000
109899  -46.601  38.525  14.543 0.0000000000
111210  -45.796  39.848  14.811 0.0000000000
135983  -46.366  26.074  32.599 0.0000000000
101765  -44.726  27.202  30.971 0.0000000000
103114  -46.143  29.507  29.792 0.0000000000
118468  -37.564  50.766  18.338 0.0000000000
116248  -41.681  47.979  12.750 0.0000000000
116880  -43.543  48.625  9.783 0.0000000000
116286  -44.761  48.128  9.221 0.0000000000
106242  -44.460  34.128  28.378 0.0000000000
106931  -45.296  35.051  27.009 0.0000000000
107564  -46.783  35.562  26.816 0.0000000000
151305  -40.497  40.655  20.218 0.0000000000
149690  -46.375  38.228  17.486 0.0000000000
109853  -45.787  38.001  18.018 0.0000000000
108459  -46.685  36.862  17.929 0.0000000000
107695  -47.290  35.725  19.389 0.0000000000
127967  -47.647  35.561  20.441 0.0000000000
107644  -48.349  35.735  21.842 0.0000000000
107664  -49.341  35.805  21.241 0.0000000000
108400  -50.603  36.432  21.581 0.0000000000
106294  -51.492  33.493  22.499 0.0000000000
105687  -51.102  32.870  23.956 0.0000000000
106293  -51.419  33.384  22.420 0.0000000000
106308  -49.738  33.534  21.659 0.0000000000
151818  -47.924  33.602  22.101 0.0000000000
105761  -43.796  32.969  18.477 0.0000000000
107619  -40.214  35.739  23.481 0.0000000000
114452  -41.091  44.647  17.494 0.0000000000
113801  -40.930  43.339  18.281 0.0000000000
113803  -42.472  43.332  18.339 0.0000000000
113102  -43.787  42.687  18.551 0.0000000000
111814  -45.422  41.098  18.407 0.0000000000
113107  -47.480  43.466  18.146 0.0000000000
111830  -47.685  41.398  17.616 0.0000000000
110543  -46.770  39.684  17.197 0.0000000000
109165  -47.935  37.903  15.979 0.0000000000
108484  -48.557  36.492  15.295 0.0000000000
107023  -49.636  34.286  15.953 0.0000000000
139004  -49.546  33.649  17.368 0.0000000000
106380  -48.848  34.153  15.555 0.0000000000
144899  -47.232  33.849  15.130 0.0000000000
106379  -45.831  33.777  15.480 0.0000000000
109173  -46.198  37.496  15.030 0.0000000000
107022  -45.490  35.118  15.855 0.0000000000
101752  -47.685  26.138  32.916 0.0000000000
100984  -48.681  26.142  32.784 0.0000000000
101002  -49.573  26.366  32.136 0.0000000000
101770  -50.550  27.282  31.773 0.0000000000
103103  -51.209  28.909  31.014 0.0000000000
103794  -51.260  30.196  30.330 0.0000000000
115567  -35.685  46.529  21.859 0.0000000000
116758  -35.311  48.081  21.050 0.0000000000
115569  -34.741  45.937  20.688 0.0000000000
114437  -34.874  45.030  18.988 0.0000000000
114447  -36.603  44.969  17.940 0.0000000000
115036  -37.905  45.334  17.343 0.0000000000
117396  -36.779  48.731  15.959 0.0000000000
116196  -36.726  47.157  16.305 0.0000000000
115599  -37.919  46.355  16.545 0.0000000000
115038  -39.434  45.125  17.239 0.0000000000
115056  -41.062  45.745  16.868 0.0000000000
115604  -42.414  46.275  16.535 0.0000000000
115620  -43.817  46.971  16.303 0.0000000000
116237  -42.715  47.394  14.316 0.0000000000
116227  -44.142  47.534  15.164 0.0000000000
116213  -45.239  47.360  15.750 0.0000000000
116230  -46.369  47.367  15.064 0.0000000000
115639  -46.946  46.227  14.354 0.0000000000
115658  -46.848  46.387  12.081 0.0000000000
147963  -46.202  46.726  10.068 0.0000000000
143901  -46.067  46.764  7.841 0.0000000000
103804  -45.045  30.182  29.156 0.0000000000
103806  -46.487  30.617  29.251 0.0000000000
105624  -45.371  33.038  28.295 0.0000000000
105047  -46.503  32.146  28.575 0.0000000000
103807  -47.200  30.608  29.469 0.0000000000
104407  -48.669  30.944  29.782 0.0000000000
104423  -50.288  31.434  29.669 0.0000000000
105034  -51.654  31.565  28.927 0.0000000000
148063  -41.623  35.405  22.774 0.0000000000
112433  -41.658  41.791  19.326 0.0000000000
111156  -42.137  40.324  19.745 0.0000000000
110504  -41.511  39.147  20.248 0.0000000000
109841  -44.305  38.310  19.183 0.0000000000
149926  -43.321  37.740  19.922 0.0000000000
109120  -42.123  37.557  20.377 0.0000000000
108410  -41.931  36.342  21.229 0.0000000000
107640  -42.180  35.509  22.244 0.0000000000
106976  -43.294  35.058  23.359 0.0000000000
107585  -44.851  35.290  24.352 0.0000000000
127287  -46.190  35.473  24.956 0.0000000000
107565  -47.400  35.778  26.077 0.0000000000
107608  -49.044  36.509  23.584 0.0000000000
108346  -49.085  36.709  25.952 0.0000000000
141743  -49.165  36.628  27.485 0.0000000000
106248  -50.125  34.503  27.934 0.0000000000
105630  -51.187  32.974  28.037 0.0000000000
104442  -51.834  31.102  28.567 0.0000000000
104444  -51.403  31.113  27.704 0.0000000000
104451  -49.940  31.147  26.959 0.0000000000
104450  -48.973  31.073  26.830 0.0000000000
105663  -50.294  32.706  24.656 0.0000000000
105060  -48.554  31.632  26.360 0.0000000000
103830  -47.523  30.348  26.831 0.0000000000
104447  -46.421  30.706  26.399 0.0000000000
104446  -45.643  30.614  26.130 0.0000000000
106356  -48.438  33.748  18.786 0.0000000000
106330  -47.737  33.696  20.361 0.0000000000
106305  -46.415  33.639  21.966 0.0000000000
144879  -44.565  33.530  20.260 0.0000000000
106303  -44.986  33.575  21.689 0.0000000000
105702  -45.268  33.116  23.141 0.0000000000
105657  -45.031  32.578  24.385 0.0000000000
104477  -43.880  30.915  25.278 0.0000000000
102471  -52.033  29.462  29.742 0.0000000000
102483  -52.099  28.579  29.674 0.0000000000
103132  -51.973  29.253  29.264 0.0000000000
103143  -51.615  29.483  28.720 0.0000000000
113839  -45.605  43.606  14.764 0.0000000000
114478  -45.326  44.262  14.475 0.0000000000
127765  -43.120  34.756  25.285 0.0000000000
106948  -42.613  34.789  24.733 0.0000000000
113810  -39.148  43.985  17.892 0.0000000000
142067  -38.740  43.647  18.271 0.0000000000
113799  -39.332  43.408  18.303 0.0000000000
107719  -50.075  34.604  17.666 0.0000000000
107708  -49.561  35.158  18.076 0.0000000000
107709  -50.512  35.028  18.328 0.0000000000
107710  -50.906  34.695  18.735 0.0000000000
148417  -51.153  34.235  18.770 0.0000000000
106346  -51.276  34.096  19.099 0.0000000000
106359  -50.616  34.133  18.585 0.0000000000
115043  -44.437  45.194  17.436 0.0000000000
115044  -45.380  45.344  17.435 0.0000000000
111212  -48.771  39.947  14.503 0.0000000000
111872  -48.819  40.265  15.116 0.0000000000
111219  -48.984  39.288  13.970 0.0000000000
109901  -49.656  38.204  13.679 0.0000000000
109912  -49.109  38.412  13.300 0.0000000000
129634  -48.412  37.231  13.470 0.0000000000
109911  -48.445  38.214  13.451 0.0000000000
133892  -46.814  25.194  33.458 0.0000000000
134119  -46.764  29.235  30.215 0.0000000000
102468  -47.424  28.864  30.609 0.0000000000
102469  -48.092  29.202  30.624 0.0000000000
117913  -36.475  50.020  18.602 0.0000000000
117912  -35.986  49.550  18.903 0.0000000000
143667  -35.708  48.982  18.415 0.0000000000
116786  -35.541  48.284  17.829 0.0000000000
117380  -35.906  48.753  17.124 0.0000000000
116815  -40.251  48.789  13.056 0.0000000000
116814  -39.587  48.763  13.660 0.0000000000
116233  -39.359  47.876  13.899 0.0000000000
116222  -39.529  47.228  14.413 0.0000000000
116223  -40.404  47.268  14.137 0.0000000000
115633  -40.862  46.994  15.015 0.0000000000
116858  -44.453  48.905  10.501 0.0000000000
116846  -44.869  48.392  11.526 0.0000000000
127470  -45.416  48.649  10.845 0.0000000000
130313  -46.154  48.518  11.207 0.0000000000
116859  -46.025  48.746  10.391 0.0000000000
116870  -46.951  48.060  10.040 0.0000000000
116869  -45.937  48.733  9.622 0.0000000000
106239  -42.427  34.542  28.400 0.0000000000
137275  -42.697  33.577  28.135 0.0000000000
105621  -42.283  32.723  27.976 0.0000000000
136069  -43.068  32.827  28.059 0.0000000000
105044  -43.481  32.173  28.102 0.0000000000
106910  -47.050  35.257  28.440 0.0000000000
106245  -47.240  34.540  28.455 0.0000000000
106911  -47.748  35.296  28.413 0.0000000000
106246  -48.073  34.411  28.454 0.0000000000
107542  -48.330  35.984  28.393 0.0000000000
111143  -40.004  39.728  20.820 0.0000000000
110492  -39.720  39.072  21.145 0.0000000000
109818  -39.548  38.370  21.439 0.0000000000
109827  -40.710  38.245  20.814 0.0000000000
111172  -45.113  40.235  18.472 0.0000000000
111171  -44.466  40.227  18.759 0.0000000000
133929  -45.128  39.472  18.391 0.0000000000
128984  -46.092  35.555  20.817 0.0000000000
107677  -45.652  35.709  20.405 0.0000000000
107661  -45.453  35.578  21.089 0.0000000000
107625  -46.696  35.554  22.399 0.0000000000
106965  -51.420  34.556  24.046 0.0000000000
107589  -50.900  35.972  24.679 0.0000000000
106268  -51.547  34.036  24.745 0.0000000000
106263  -51.551  33.831  25.440 0.0000000000
106269  -51.704  33.304  24.756 0.0000000000
105651  -51.639  32.933  25.297 0.0000000000
105688  -51.551  32.949  24.289 0.0000000000
105704  -47.427  33.168  23.287 0.0000000000
105684  -47.902  32.945  23.933 0.0000000000
105683  -47.027  32.936  23.945 0.0000000000
105659  -46.604  32.659  24.570 0.0000000000
105682  -46.236  32.883  23.908 0.0000000000
105773  -45.066  32.995  16.983 0.0000000000
147253  -45.489  33.234  17.653 0.0000000000
105763  -44.868  33.116  17.933 0.0000000000
105698  -41.874  32.750  22.894 0.0000000000
145260  -42.371  32.967  22.356 0.0000000000
105677  -42.198  32.548  23.528 0.0000000000
105105  -42.628  32.080  24.114 0.0000000000
142378  -41.824  32.069  23.799 0.0000000000
105103  -41.434  31.582  23.923 0.0000000000
152243  -41.242  32.019  23.567 0.0000000000
101016  -51.546  26.666  30.374 0.0000000000
103145  -49.247  29.101  27.752 0.0000000000
141103  -49.514  29.816  27.724 0.0000000000
115062  -46.328  45.959  16.465 0.0000000000
114461  -46.701  45.316  17.009 0.0000000000
114464  -46.671  45.366  16.225 0.0000000000
113147  -46.391  42.648  15.506 0.0000000000
113125  -46.911  43.139  16.236 0.0000000000
112487  -47.133  41.623  15.476 0.0000000000
132494  -46.680  41.219  14.950 0.0000000000
111869  -46.227  40.571  14.876 0.0000000000
138043  -45.718  41.190  14.972 0.0000000000
101764  -43.953  26.936  30.833 0.0000000000
102466  -45.226  28.543  30.141 0.0000000000
103113  -45.435  29.184  29.811 0.0000000000
146874  -37.482  50.861  19.752 0.0000000000
116865  -42.456  49.885  10.595 0.0000000000
116284  -43.169  47.609  9.552 0.0000000000
116283  -42.370  47.385  9.821 0.0000000000
106939  -44.514  34.897  25.681 0.0000000000
106930  -44.611  34.912  26.803 0.0000000000
152720  -45.699  35.181  27.300 0.0000000000
107563  -45.932  35.218  26.519 0.0000000000
113785  -35.576  43.812  19.566 0.0000000000
111785  -40.138  40.973  20.202 0.0000000000
109148  -47.061  37.240  17.322 0.0000000000
109147  -46.418  37.560  17.662 0.0000000000
108460  -47.373  36.552  17.563 0.0000000000
107696  -48.089  35.641  19.174 0.0000000000
107706  -47.573  35.831  18.710 0.0000000000
107679  -47.072  35.619  20.054 0.0000000000
129932  -48.626  35.636  20.376 0.0000000000
131140  -51.332  34.621  20.292 0.0000000000
107666  -50.953  35.544  20.931 0.0000000000
107647  -51.090  35.579  21.667 0.0000000000
107629  -51.123  35.613  22.326 0.0000000000
106987  -51.507  34.447  21.999 0.0000000000
106310  -51.500  33.747  21.802 0.0000000000
106332  -49.914  33.707  20.161 0.0000000000
106320  -49.263  33.593  20.941 0.0000000000
106307  -48.530  33.666  21.642 0.0000000000
106319  -48.159  33.699  20.991 0.0000000000
114453  -41.733  44.580  17.554 0.0000000000
113813  -42.038  43.958  17.918 0.0000000000
113814  -42.816  43.950  17.958 0.0000000000
113805  -44.765  43.415  18.251 0.0000000000
113804  -43.884  43.317  18.374 0.0000000000
113103  -44.455  42.753  18.478 0.0000000000
141491  -44.989  41.510  18.592 0.0000000000
112443  -45.809  41.980  18.414 0.0000000000
113822  -47.579  43.633  17.749 0.0000000000
113818  -46.931  43.997  17.742 0.0000000000
148442  -47.875  43.215  18.125 0.0000000000
111197  -48.884  40.889  16.455 0.0000000000
111845  -48.613  41.164  17.497 0.0000000000
111196  -48.509  40.698  16.960 0.0000000000
111185  -47.469  40.498  17.389 0.0000000000
110544  -47.667  39.745  16.813 0.0000000000
110553  -47.777  39.042  16.364 0.0000000000
109886  -47.980  38.536  15.992 0.0000000000
108494  -49.223  36.950  14.126 0.0000000000
109166  -48.491  37.377  15.181 0.0000000000
107732  -49.019  35.444  15.259 0.0000000000
107733  -49.093  34.739  15.197 0.0000000000
107028  -49.248  34.445  15.465 0.0000000000
107034  -48.876  34.766  14.654 0.0000000000
151215  -47.702  35.422  14.170 0.0000000000
107032  -47.514  34.292  14.544 0.0000000000
107031  -46.541  34.099  14.897 0.0000000000
105789  -46.322  33.728  15.558 0.0000000000
110572  -45.820  39.004  14.851 0.0000000000
149476  -46.547  37.923  14.602 0.0000000000
109885  -45.476  37.969  15.488 0.0000000000
108470  -44.591  36.645  16.543 0.0000000000
108481  -45.295  36.751  15.916 0.0000000000
101001  -46.550  26.658  32.103 0.0000000000
137727  -48.117  27.581  31.833 0.0000000000
101753  -48.068  26.689  32.511 0.0000000000
101754  -48.871  26.847  32.562 0.0000000000
100985  -49.180  26.485  32.495 0.0000000000
101755  -49.406  27.021  32.423 0.0000000000
101003  -50.257  26.761  31.687 0.0000000000
101769  -49.876  27.649  31.964 0.0000000000
103117  -49.732  29.642  30.738 0.0000000000
103102  -50.395  29.031  31.258 0.0000000000
103118  -50.810  29.647  30.806 0.0000000000
103119  -51.673  29.514  30.450 0.0000000000
145341  -37.040  48.479  23.609 0.0000000000
116737  -37.073  47.824  23.333 0.0000000000
116137  -36.838  47.154  22.815 0.0000000000
135437  -36.311  46.767  22.314 0.0000000000
131049  -36.216  47.542  22.379 0.0000000000
142374  -37.318  50.896  21.977 0.0000000000
137069  -36.486  50.001  21.547 0.0000000000
116764  -35.129  48.261  20.264 0.0000000000
138013  -35.498  48.840  20.788 0.0000000000
116757  -34.863  47.513  20.517 0.0000000000
116155  -34.778  46.717  20.657 0.0000000000
115572  -34.593  46.288  20.042 0.0000000000
115016  -34.613  45.613  20.042 0.0000000000
146317  -34.572  46.523  19.462 0.0000000000
115584  -35.941  46.304  17.475 0.0000000000
115034  -35.468  45.824  17.883 0.0000000000
115035  -36.235  45.633  17.655 0.0000000000
114448  -37.423  44.795  17.750 0.0000000000
133044  -37.101  45.475  17.487 0.0000000000
116205  -36.589  47.650  16.069 0.0000000000
116206  -37.156  47.498  15.659 0.0000000000
115615  -39.090  46.639  15.699 0.0000000000
115614  -38.204  46.695  15.913 0.0000000000
115600  -38.764  46.274  16.474 0.0000000000
115054  -39.190  45.785  16.895 0.0000000000
115055  -40.118  45.645  16.919 0.0000000000
115602  -40.659  46.273  16.371 0.0000000000
115618  -42.059  46.643  16.103 0.0000000000
115619  -42.910  46.814  16.243 0.0000000000
115605  -43.305  46.429  16.650 0.0000000000
116211  -43.343  47.121  15.820 0.0000000000
137014  -42.123  48.342  12.175 0.0000000000
116236  -41.917  47.426  13.922 0.0000000000
116249  -42.526  47.762  13.240 0.0000000000
136547  -44.511  47.936  14.097 0.0000000000
116817  -43.873  47.836  14.019 0.0000000000
116807  -44.365  47.756  14.646 0.0000000000
116212  -44.274  47.320  15.782 0.0000000000
116228  -44.855  47.574  15.201 0.0000000000
147168  -45.860  47.430  15.664 0.0000000000
116229  -45.696  47.692  15.206 0.0000000000
116836  -47.525  47.301  13.259 0.0000000000
116239  -47.467  47.034  13.674 0.0000000000
115647  -47.724  46.635  13.152 0.0000000000
115646  -47.056  46.151  13.593 0.0000000000
134317  -47.283  46.354  12.810 0.0000000000
115659  -47.989  46.512  11.901 0.0000000000
115704  -48.182  46.588  9.512 0.0000000000
142475  -48.073  46.350  10.595 0.0000000000
115703  -47.495  46.294  8.793 0.0000000000
115687  -46.480  46.389  9.385 0.0000000000
138166  -46.833  45.788  8.606 0.0000000000
116298  -44.910  47.341  8.568 0.0000000000
103817  -43.003  30.280  28.489 0.0000000000
104438  -44.505  31.314  28.396 0.0000000000
103819  -44.594  30.640  28.748 0.0000000000
153022  -45.146  30.603  28.960 0.0000000000
103805  -45.673  30.487  29.135 0.0000000000
104418  -46.011  31.076  28.947 0.0000000000
136084  -45.163  33.870  28.353 0.0000000000
153137  -47.327  33.133  28.564 0.0000000000
105029  -46.969  31.783  28.889 0.0000000000
104420  -46.998  31.180  29.157 0.0000000000
139775  -47.608  31.737  29.171 0.0000000000
104421  -47.792  31.065  29.483 0.0000000000
131933  -48.436  31.630  29.393 0.0000000000
105608  -49.506  32.759  29.160 0.0000000000
105032  -49.875  32.080  29.384 0.0000000000
105033  -50.898  31.903  29.219 0.0000000000
153035  -39.874  37.287  21.718 0.0000000000
107637  -40.282  35.902  22.869 0.0000000000
113100  -41.936  42.804  18.597 0.0000000000
112438  -41.445  42.423  18.891 0.0000000000
112439  -42.161  42.187  19.011 0.0000000000
111157  -42.893  40.257  19.449 0.0000000000
111799  -42.609  40.886  19.408 0.0000000000
110516  -42.598  39.675  19.708 0.0000000000
110505  -42.017  39.649  19.988 0.0000000000
110506  -42.318  39.033  20.010 0.0000000000
109140  -45.432  37.465  18.671 0.0000000000
109852  -45.089  38.200  18.600 0.0000000000
109139  -44.834  37.615  19.078 0.0000000000
109122  -44.269  36.752  19.863 0.0000000000
152007  -44.142  37.238  19.620 0.0000000000
109121  -43.630  37.114  20.021 0.0000000000
109830  -42.732  38.200  20.018 0.0000000000
135085  -42.878  37.325  20.240 0.0000000000
108420  -42.358  36.792  20.606 0.0000000000
107642  -44.504  35.505  22.099 0.0000000000
146637  -43.428  35.581  21.754 0.0000000000
107641  -43.673  35.435  22.257 0.0000000000
107622  -42.938  35.259  22.693 0.0000000000
107623  -43.670  35.268  22.945 0.0000000000
107602  -43.979  35.194  23.494 0.0000000000
107603  -44.624  35.341  23.671 0.0000000000
107606  -46.701  35.619  23.723 0.0000000000
128537  -46.378  35.561  24.369 0.0000000000
145366  -46.694  35.626  24.887 0.0000000000
107575  -46.554  35.524  25.655 0.0000000000
107576  -47.292  35.758  25.184 0.0000000000
107645  -49.385  36.133  22.112 0.0000000000
107628  -49.234  36.349  22.827 0.0000000000
108384  -50.009  36.988  23.169 0.0000000000
108348  -50.560  37.119  25.812 0.0000000000
108355  -49.732  36.997  24.992 0.0000000000
108347  -50.227  37.182  25.910 0.0000000000
108339  -49.706  36.964  26.765 0.0000000000
108334  -49.813  36.831  27.292 0.0000000000
107557  -49.589  35.657  27.971 0.0000000000
106932  -50.386  35.476  27.377 0.0000000000
105642  -51.551  33.285  26.647 0.0000000000
137052  -51.269  33.684  27.034 0.0000000000
105636  -51.520  32.965  27.282 0.0000000000
105052  -51.693  31.723  28.275 0.0000000000
153110  -51.667  31.845  27.698 0.0000000000
144490  -51.740  31.366  27.991 0.0000000000
105056  -51.528  31.724  27.279 0.0000000000
105062  -50.493  31.673  26.500 0.0000000000
104452  -50.937  31.365  27.083 0.0000000000
103824  -49.447  30.471  27.398 0.0000000000
105061  -49.473  31.613  26.420 0.0000000000
143555  -50.496  33.151  23.554 0.0000000000
134875  -49.953  32.878  24.011 0.0000000000
105089  -47.875  32.464  25.223 0.0000000000
105647  -48.722  32.509  25.256 0.0000000000
105069  -48.231  32.078  25.785 0.0000000000
104449  -48.102  31.019  26.660 0.0000000000
105059  -47.653  31.595  26.250 0.0000000000
149663  -47.002  30.689  26.555 0.0000000000
104448  -46.923  31.228  26.339 0.0000000000
105067  -45.763  31.769  25.490 0.0000000000
104463  -46.207  31.364  26.010 0.0000000000
141827  -45.514  31.268  25.763 0.0000000000
103845  -44.884  30.063  25.798 0.0000000000
104462  -44.997  30.900  25.692 0.0000000000
106366  -48.518  33.797  17.352 0.0000000000
146282  -48.865  33.732  18.000 0.0000000000
127532  -47.922  33.639  18.051 0.0000000000
106342  -46.583  33.730  19.357 0.0000000000
127499  -47.307  33.725  19.689 0.0000000000
127534  -46.796  33.760  20.395 0.0000000000
106318  -47.283  33.723  21.032 0.0000000000
147851  -46.463  33.725  21.214 0.0000000000
105751  -43.576  33.059  19.196 0.0000000000
106315  -43.982  33.421  20.600 0.0000000000
146767  -43.834  33.215  22.478 0.0000000000
105719  -44.384  33.398  22.141 0.0000000000
106287  -45.115  33.435  22.436 0.0000000000
105681  -45.491  32.847  23.834 0.0000000000
105680  -44.715  32.834  23.728 0.0000000000
143602  -43.219  31.783  24.608 0.0000000000
142631  -43.660  31.466  24.936 0.0000000000
104476  -43.148  31.079  24.857 0.0000000000
103859  -43.397  30.451  25.152 0.0000000000
101794  -52.179  27.603  30.035 0.0000000000
146251  -51.029  27.374  28.370 0.0000000000
130766  -46.297  44.999  15.242 0.0000000000
114479  -46.341  44.329  15.653 0.0000000000
135524  -45.857  44.342  14.808 0.0000000000
113146  -45.774  42.580  15.006 0.0000000000
112485  -45.270  41.898  14.932 0.0000000000
106938  -43.802  34.795  25.431 0.0000000000
106950  -44.337  34.970  24.855 0.0000000000
113797  -37.343  43.726  18.507 0.0000000000
113097  -37.769  43.186  18.859 0.0000000000
150205  -39.573  42.390  19.184 0.0000000000
108461  -48.015  36.269  17.009 0.0000000000
107716  -47.968  35.940  17.867 0.0000000000
129328  -48.845  35.557  17.754 0.0000000000
129124  -49.790  35.500  19.405 0.0000000000
129287  -49.935  35.752  20.259 0.0000000000
107681  -50.716  35.478  19.570 0.0000000000
107682  -51.160  34.759  19.638 0.0000000000
106334  -51.413  34.118  19.646 0.0000000000
106322  -51.447  34.059  20.454 0.0000000000
106333  -51.147  33.913  19.834 0.0000000000
106344  -49.251  33.639  19.723 0.0000000000
115042  -43.005  45.138  17.390 0.0000000000
114455  -43.269  44.487  17.685 0.0000000000
114456  -44.154  44.484  17.777 0.0000000000
113806  -45.576  43.667  18.213 0.0000000000
112478  -48.813  41.650  16.587 0.0000000000
112460  -48.582  42.279  17.245 0.0000000000
111861  -48.840  41.061  16.020 0.0000000000
111205  -48.930  40.105  15.447 0.0000000000
110564  -49.062  39.353  15.317 0.0000000000
109887  -48.808  38.450  15.287 0.0000000000
109888  -49.338  38.737  14.566 0.0000000000
109176  -49.688  37.578  13.461 0.0000000000
108504  -48.976  36.665  13.468 0.0000000000
107754  -48.757  35.485  13.404 0.0000000000
108503  -48.703  35.843  13.172 0.0000000000
108502  -48.405  36.236  13.227 0.0000000000
108493  -47.604  36.095  13.914 0.0000000000
109162  -44.984  37.566  15.942 0.0000000000
139726  -47.910  25.442  33.226 0.0000000000
101783  -46.281  28.202  30.783 0.0000000000
101767  -47.112  27.103  31.954 0.0000000000
102449  -46.825  27.904  31.227 0.0000000000
102450  -47.409  28.170  31.135 0.0000000000
102452  -49.121  28.410  31.403 0.0000000000
103100  -48.664  28.996  31.021 0.0000000000
103116  -48.805  29.510  30.673 0.0000000000
103792  -48.982  30.195  30.254 0.0000000000
117319  -36.864  49.102  23.429 0.0000000000
118442  -36.802  50.453  20.841 0.0000000000
117891  -36.302  49.877  20.881 0.0000000000
117905  -35.910  49.539  19.700 0.0000000000
117360  -35.486  48.943  19.983 0.0000000000
116779  -34.926  47.813  18.933 0.0000000000
141701  -34.784  46.720  18.431 0.0000000000
116178  -34.936  47.305  18.396 0.0000000000
143347  -35.569  47.502  17.428 0.0000000000
115597  -36.333  46.771  16.923 0.0000000000
116813  -38.825  48.503  14.227 0.0000000000
116220  -37.769  47.596  15.071 0.0000000000
116208  -39.056  47.026  14.952 0.0000000000
115616  -40.010  46.587  15.782 0.0000000000
115617  -40.784  46.686  15.660 0.0000000000
116209  -41.578  46.935  15.485 0.0000000000
116225  -42.159  47.194  14.912 0.0000000000
116844  -42.874  49.356  11.033 0.0000000000
116816  -43.380  47.915  13.189 0.0000000000
116832  -43.737  48.260  12.255 0.0000000000
116833  -44.592  48.159  12.900 0.0000000000
134109  -45.311  48.165  13.145 0.0000000000
116819  -46.007  48.200  13.785 0.0000000000
116834  -45.986  48.339  12.908 0.0000000000
132897  -46.674  48.143  12.515 0.0000000000
116861  -48.032  47.144  11.410 0.0000000000
116268  -48.293  46.500  10.746 0.0000000000
116871  -48.058  47.143  10.410 0.0000000000
116885  -47.966  47.142  9.672 0.0000000000
116288  -47.637  46.921  8.703 0.0000000000
106903  -41.498  35.651  28.965 0.0000000000
106238  -41.648  34.493  28.353 0.0000000000
135169  -41.132  33.367  27.913 0.0000000000
104437  -43.388  30.925  28.314 0.0000000000
136062  -44.366  32.148  28.222 0.0000000000
106909  -46.056  35.044  28.441 0.0000000000
139835  -45.611  34.589  28.414 0.0000000000
106244  -46.439  34.242  28.408 0.0000000000
145083  -47.070  33.688  28.438 0.0000000000
105049  -47.948  32.979  28.798 0.0000000000
105030  -48.181  32.294  29.057 0.0000000000
105627  -48.414  33.570  28.670 0.0000000000
105628  -49.172  33.420  28.795 0.0000000000
132821  -49.603  33.934  28.444 0.0000000000
109807  -39.027  38.286  21.828 0.0000000000
109112  -40.089  37.715  21.306 0.0000000000
108408  -40.313  36.868  21.617 0.0000000000
111811  -43.565  41.592  18.944 0.0000000000
144389  -42.972  41.355  19.216 0.0000000000
111170  -43.993  40.499  18.957 0.0000000000
111159  -44.088  39.872  19.055 0.0000000000
110517  -43.627  39.467  19.309 0.0000000000
108435  -45.531  36.421  19.445 0.0000000000
109133  -45.195  37.010  19.212 0.0000000000
108423  -45.254  36.079  20.017 0.0000000000
108422  -44.547  36.238  20.242 0.0000000000
128853  -43.828  36.430  20.376 0.0000000000
108412  -43.396  36.177  20.845 0.0000000000
107675  -44.058  35.880  20.887 0.0000000000
107660  -44.669  35.604  21.332 0.0000000000
127745  -45.109  35.491  22.644 0.0000000000
153264  -45.000  35.474  23.261 0.0000000000
127448  -45.585  35.506  23.188 0.0000000000
128199  -46.300  35.547  23.109 0.0000000000
146977  -47.423  35.742  23.647 0.0000000000
108385  -50.576  37.129  22.821 0.0000000000
142267  -50.610  37.194  23.572 0.0000000000
108357  -50.677  37.171  24.417 0.0000000000
108349  -50.694  37.045  25.151 0.0000000000
107579  -50.795  36.122  25.686 0.0000000000
107568  -50.705  35.778  26.565 0.0000000000
106941  -51.022  34.873  25.968 0.0000000000
105643  -51.665  32.643  26.541 0.0000000000
105063  -51.550  32.118  26.542 0.0000000000
105073  -51.613  32.457  25.847 0.0000000000
105072  -51.211  32.094  25.959 0.0000000000
105649  -50.699  32.376  25.274 0.0000000000
105706  -49.351  33.114  23.055 0.0000000000
105685  -48.952  32.960  23.861 0.0000000000
105088  -46.984  32.303  25.262 0.0000000000
105068  -46.934  31.787  25.922 0.0000000000
105087  -46.159  32.221  25.029 0.0000000000
105086  -45.401  32.144  24.928 0.0000000000
106365  -46.562  33.566  17.067 0.0000000000
106355  -46.936  33.652  17.965 0.0000000000
106364  -46.112  33.495  17.814 0.0000000000
106341  -45.823  33.589  19.149 0.0000000000
144376  -45.363  33.606  19.590 0.0000000000
140272  -42.994  33.194  21.351 0.0000000000
144622  -43.630  33.358  21.190 0.0000000000
145395  -42.866  33.118  21.917 0.0000000000
136651  -43.139  33.106  22.449 0.0000000000
105700  -43.488  32.973  23.047 0.0000000000
105679  -43.876  32.768  23.684 0.0000000000
105678  -43.021  32.662  23.668 0.0000000000
104475  -42.430  30.983  24.571 0.0000000000
104488  -41.787  30.983  24.232 0.0000000000
103871  -41.524  30.431  24.125 0.0000000000
100210  -50.106  26.026  30.181 0.0000000000
115061  -45.850  45.872  17.002 0.0000000000
144555  -46.263  45.293  17.347 0.0000000000
113821  -47.039  44.383  17.254 0.0000000000
113110  -47.560  43.675  17.151 0.0000000000
113825  -46.918  44.071  16.528 0.0000000000
113126  -47.855  42.908  16.858 0.0000000000
153165  -47.688  41.316  15.817 0.0000000000
111870  -47.660  40.918  15.294 0.0000000000
131445  -48.048  40.230  14.597 0.0000000000
109910  -47.519  38.797  14.021 0.0000000000
111211  -46.886  40.065  14.598 0.0000000000
140907  -46.675  39.302  14.522 0.0000000000
111868  -45.428  40.549  14.917 0.0000000000
111209  -44.896  40.186  15.009 0.0000000000
100981  -45.535  26.050  32.362 0.0000000000
101000  -45.506  26.696  31.722 0.0000000000
101766  -45.552  27.382  31.143 0.0000000000
101780  -44.085  27.535  30.357 0.0000000000
101781  -44.851  27.899  30.465 0.0000000000
101782  -45.686  28.066  30.629 0.0000000000
134123  -46.030  28.758  30.253 0.0000000000
118443  -37.392  50.938  21.195 0.0000000000
118454  -36.892  50.525  19.980 0.0000000000
118461  -37.035  50.596  19.074 0.0000000000
117914  -36.893  50.402  18.265 0.0000000000
116235  -41.078  47.568  13.453 0.0000000000
116843  -42.113  49.588  11.268 0.0000000000
116856  -42.567  49.775  10.577 0.0000000000
116857  -43.330  49.336  10.392 0.0000000000
116867  -44.164  49.065  10.022 0.0000000000
116882  -45.177  48.742  9.581 0.0000000000
116881  -44.163  48.898  9.729 0.0000000000
116296  -43.492  47.013  8.959 0.0000000000
137328  -44.920  35.110  27.768 0.0000000000
106908  -45.401  35.063  28.398 0.0000000000
107539  -45.890  35.127  28.336 0.0000000000
107554  -46.179  35.387  27.736 0.0000000000
107555  -47.090  35.686  27.869 0.0000000000
111142  -39.543  40.413  20.784 0.0000000000
111144  -40.764  39.636  20.442 0.0000000000
109862  -46.126  38.672  17.670 0.0000000000
109861  -45.545  38.905  18.169 0.0000000000
109141  -46.029  37.181  18.256 0.0000000000
108448  -46.405  36.565  18.578 0.0000000000
108449  -47.117  36.285  18.287 0.0000000000
107705  -46.832  36.054  18.961 0.0000000000
108436  -46.170  36.276  19.212 0.0000000000
107694  -46.580  35.828  19.587 0.0000000000
107662  -46.916  35.532  20.833 0.0000000000
107643  -47.267  35.567  21.686 0.0000000000
107663  -47.986  35.604  21.075 0.0000000000
107646  -50.340  36.603  21.704 0.0000000000
107665  -50.535  36.185  20.943 0.0000000000
108399  -50.516  36.863  22.201 0.0000000000
143805  -50.880  36.500  22.873 0.0000000000
106977  -51.381  34.773  22.941 0.0000000000
141558  -51.581  33.464  23.368 0.0000000000
106277  -51.559  33.117  23.757 0.0000000000
106276  -51.510  33.253  23.241 0.0000000000
105707  -50.378  33.360  23.081 0.0000000000
106309  -51.045  33.550  21.732 0.0000000000
106292  -50.085  33.462  22.426 0.0000000000
106291  -48.756  33.521  22.420 0.0000000000
106290  -47.745  33.440  22.667 0.0000000000
149537  -47.095  33.433  22.783 0.0000000000
132572  -44.054  32.906  17.765 0.0000000000
132717  -43.294  32.784  17.578 0.0000000000
105760  -43.034  32.838  18.303 0.0000000000
105750  -42.737  32.931  19.183 0.0000000000
105739  -42.676  33.033  20.138 0.0000000000
105728  -41.744  32.939  20.991 0.0000000000
105717  -41.621  32.864  22.186 0.0000000000
105697  -41.178  32.603  22.702 0.0000000000
142808  -40.427  44.381  17.611 0.0000000000
147762  -40.508  43.754  18.021 0.0000000000
113812  -41.190  43.975  17.824 0.0000000000
113802  -41.636  43.391  18.240 0.0000000000
113101  -42.656  42.583  18.690 0.0000000000
145402  -43.171  43.482  18.208 0.0000000000
132222  -43.204  42.934  18.445 0.0000000000
130381  -43.360  42.308  18.738 0.0000000000
136365  -44.318  41.534  18.690 0.0000000000
111173  -45.900  40.594  18.070 0.0000000000
114457  -45.804  44.801  17.673 0.0000000000
136409  -46.427  43.565  18.165 0.0000000000
113104  -46.659  42.847  18.266 0.0000000000
136748  -48.144  42.636  17.871 0.0000000000
112445  -47.948  42.285  18.097 0.0000000000
112444  -47.000  42.174  18.266 0.0000000000
111815  -46.375  41.359  18.285 0.0000000000
111184  -46.434  40.114  17.717 0.0000000000
110542  -46.212  39.346  17.643 0.0000000000
109874  -46.778  38.901  16.983 0.0000000000
109875  -47.424  38.332  16.517 0.0000000000
109154  -47.433  37.591  16.652 0.0000000000
109155  -47.976  37.174  16.106 0.0000000000
145674  -48.076  36.578  16.320 0.0000000000
107726  -48.637  35.951  16.190 0.0000000000
107727  -49.395  34.992  16.166 0.0000000000
107016  -49.826  34.431  16.772 0.0000000000
106368  -49.776  33.886  17.076 0.0000000000
106375  -49.794  34.069  16.575 0.0000000000
142031  -49.015  33.908  16.168 0.0000000000
106374  -48.213  33.755  16.537 0.0000000000
107033  -48.347  34.645  14.465 0.0000000000
106384  -48.034  34.123  14.997 0.0000000000
106373  -47.108  33.625  16.129 0.0000000000
105783  -46.035  33.359  16.182 0.0000000000
105788  -45.527  33.415  15.815 0.0000000000
105787  -44.829  33.227  15.904 0.0000000000
109185  -47.376  37.851  13.981 0.0000000000
109174  -46.889  37.401  14.396 0.0000000000
132116  -46.867  36.729  14.586 0.0000000000
109163  -45.629  37.319  15.585 0.0000000000
108482  -45.873  35.862  15.639 0.0000000000
100982  -47.433  25.596  33.189 0.0000000000
100983  -48.163  25.756  32.928 0.0000000000
100175  -48.402  25.717  32.711 0.0000000000
100195  -49.218  25.972  31.568 0.0000000000
100196  -49.847  26.243  31.196 0.0000000000
101004  -51.109  26.987  31.214 0.0000000000
101771  -51.248  27.596  31.213 0.0000000000
149104  -49.939  28.469  31.478 0.0000000000
102453  -50.729  28.169  31.561 0.0000000000
102454  -51.419  28.245  31.051 0.0000000000
103795  -51.823  30.013  29.951 0.0000000000
117333  -36.477  49.187  22.732 0.0000000000
117354  -35.963  49.390  21.235 0.0000000000
117345  -35.723  48.690  21.570 0.0000000000
116749  -35.692  47.870  21.799 0.0000000000
116146  -35.811  47.184  21.971 0.0000000000
115570  -35.132  46.301  21.289 0.0000000000
115014  -35.059  45.545  21.300 0.0000000000
114419  -34.856  44.614  20.293 0.0000000000
114426  -34.827  44.767  19.620 0.0000000000
113795  -35.818  44.103  18.928 0.0000000000
115033  -34.930  46.146  18.219 0.0000000000
115023  -35.102  45.408  18.408 0.0000000000
114439  -36.166  44.501  18.412 0.0000000000
114440  -36.979  44.322  18.228 0.0000000000
114449  -38.180  44.675  17.617 0.0000000000
114450  -38.917  44.585  17.554 0.0000000000
141502  -36.337  49.255  16.907 0.0000000000
116795  -36.016  48.252  16.669 0.0000000000
116195  -36.077  47.545  16.681 0.0000000000
115598  -37.086  46.510  16.643 0.0000000000
134089  -37.745  47.137  15.540 0.0000000000
115052  -37.546  45.949  17.033 0.0000000000
115053  -38.359  45.834  16.929 0.0000000000
115037  -38.669  45.217  17.231 0.0000000000
114451  -39.632  44.454  17.546 0.0000000000
143824  -40.059  44.946  17.308 0.0000000000
115039  -40.696  45.107  17.242 0.0000000000
115040  -41.443  45.217  17.255 0.0000000000
115603  -41.566  46.263  16.501 0.0000000000
115057  -41.900  45.756  16.873 0.0000000000
115058  -42.749  45.753  16.951 0.0000000000
115606  -44.299  46.451  16.683 0.0000000000
116226  -42.967  47.237  15.151 0.0000000000
148054  -43.201  47.583  13.884 0.0000000000
116238  -43.534  47.472  14.637 0.0000000000
115621  -44.796  47.071  16.317 0.0000000000
115607  -45.273  46.529  16.682 0.0000000000
115622  -45.708  47.078  16.202 0.0000000000
115623  -46.208  46.585  16.037 0.0000000000
115634  -46.597  46.543  15.214 0.0000000000
147763  -46.936  47.425  14.386 0.0000000000
115635  -47.102  46.921  14.453 0.0000000000
115074  -46.422  45.631  14.797 0.0000000000
115084  -46.369  45.609  14.059 0.0000000000
115674  -48.233  46.477  10.989 0.0000000000
116259  -47.609  46.402  11.242 0.0000000000
116287  -45.751  47.896  8.662 0.0000000000
116299  -46.544  47.052  8.173 0.0000000000
115716  -46.883  46.390  7.822 0.0000000000
102482  -44.179  29.193  29.393 0.0000000000
103818  -43.802  30.407  28.643 0.0000000000
103803  -44.334  29.951  29.086 0.0000000000
103129  -44.894  29.533  29.450 0.0000000000
103130  -45.580  29.809  29.435 0.0000000000
103131  -46.156  30.060  29.440 0.0000000000
103791  -46.863  29.985  29.741 0.0000000000
105623  -44.741  33.085  28.239 0.0000000000
134989  -45.184  32.341  28.289 0.0000000000
135396  -45.858  33.531  28.328 0.0000000000
143275  -45.888  32.592  28.382 0.0000000000
104440  -45.757  31.743  28.552 0.0000000000
147558  -46.483  31.077  29.056 0.0000000000
145155  -47.865  30.300  29.885 0.0000000000
104408  -49.672  30.918  30.049 0.0000000000
105031  -49.012  32.202  29.282 0.0000000000
104422  -49.317  31.577  29.679 0.0000000000
104409  -50.767  30.826  30.030 0.0000000000
104410  -51.647  30.601  29.782 0.0000000000
104425  -51.833  30.867  29.139 0.0000000000
108383  -39.764  36.187  23.116 0.0000000000
107620  -40.904  35.565  23.006 0.0000000000
107601  -41.576  35.154  23.518 0.0000000000
113800  -40.142  43.199  18.400 0.0000000000
113094  -40.807  42.060  19.249 0.0000000000
112434  -42.367  41.534  19.283 0.0000000000
111798  -41.906  41.095  19.573 0.0000000000
111797  -41.186  41.364  19.700 0.0000000000
111786  -40.860  40.378  20.210 0.0000000000
111145  -41.457  39.981  20.109 0.0000000000
110531  -44.782  38.946  18.634 0.0000000000
110518  -44.202  39.197  19.085 0.0000000000
140340  -43.729  38.851  19.355 0.0000000000
149594  -44.620  37.118  19.446 0.0000000000
109131  -43.857  37.705  19.591 0.0000000000
109840  -43.493  38.299  19.607 0.0000000000
109829  -41.888  38.374  20.275 0.0000000000
109828  -41.274  38.488  20.461 0.0000000000
131025  -41.391  37.819  20.573 0.0000000000
109114  -41.612  37.037  20.808 0.0000000000
108409  -41.134  36.621  21.334 0.0000000000
108411  -42.747  36.256  21.023 0.0000000000
107658  -42.473  35.837  21.561 0.0000000000
107657  -41.857  35.884  21.765 0.0000000000
107621  -42.187  35.185  22.986 0.0000000000
106974  -42.234  34.962  23.552 0.0000000000
106963  -43.578  34.987  23.892 0.0000000000
106964  -44.173  35.078  24.134 0.0000000000
106951  -45.049  35.147  25.116 0.0000000000
107604  -45.273  35.455  23.810 0.0000000000
107586  -45.627  35.414  24.542 0.0000000000
107574  -45.752  35.295  25.429 0.0000000000
146839  -47.644  35.847  27.086 0.0000000000
130585  -47.659  35.641  22.432 0.0000000000
107627  -48.143  35.900  23.137 0.0000000000
107607  -48.077  36.023  23.962 0.0000000000
108369  -49.918  37.077  24.067 0.0000000000
108368  -48.856  36.585  24.390 0.0000000000
107588  -47.988  36.028  24.737 0.0000000000
107577  -48.045  36.125  25.548 0.0000000000
107566  -48.414  36.403  27.437 0.0000000000
108333  -48.661  36.347  28.115 0.0000000000
107543  -48.873  35.959  28.388 0.0000000000
106913  -49.239  34.908  28.243 0.0000000000
106249  -50.328  33.490  28.205 0.0000000000
106925  -50.763  34.360  27.198 0.0000000000
106256  -50.875  33.661  27.613 0.0000000000
147109  -50.570  32.883  28.491 0.0000000000
105051  -51.351  32.323  28.587 0.0000000000
103808  -52.028  30.524  28.816 0.0000000000
103826  -51.111  30.453  27.998 0.0000000000
103825  -50.274  30.066  27.699 0.0000000000
104443  -50.562  30.726  27.422 0.0000000000
105648  -49.686  32.344  25.225 0.0000000000
105662  -49.287  32.671  24.597 0.0000000000
105070  -49.109  32.024  25.811 0.0000000000
103159  -47.138  29.531  26.857 0.0000000000
103829  -46.751  30.119  26.608 0.0000000000
143305  -46.119  30.100  26.420 0.0000000000
106357  -49.701  33.721  18.360 0.0000000000
148686  -49.205  33.670  19.167 0.0000000000
106343  -48.318  33.725  19.641 0.0000000000
127533  -47.326  33.697  18.846 0.0000000000
152210  -47.827  33.687  19.264 0.0000000000
106306  -47.649  33.672  21.588 0.0000000000
130339  -46.985  33.705  21.599 0.0000000000
106289  -46.633  33.521  22.566 0.0000000000
105762  -44.416  33.109  18.506 0.0000000000
106302  -44.244  33.486  21.410 0.0000000000
106316  -44.787  33.598  20.925 0.0000000000
106317  -45.625  33.674  21.195 0.0000000000
106304  -45.696  33.591  21.933 0.0000000000
106288  -45.943  33.397  22.660 0.0000000000
139453  -44.631  32.071  24.816 0.0000000000
105656  -44.242  32.519  24.320 0.0000000000
105085  -44.238  31.541  25.135 0.0000000000
150487  -44.491  31.129  25.450 0.0000000000
100986  -49.793  26.862  32.195 0.0000000000
103796  -51.936  30.213  29.373 0.0000000000
104419  -46.457  31.485  28.851 0.0000000000
104424  -51.346  31.263  29.537 0.0000000000
104439  -45.249  31.065  28.701 0.0000000000
104441  -51.777  30.835  28.329 0.0000000000
105050  -50.320  32.513  28.942 0.0000000000
105083  -42.682  31.525  24.532 0.0000000000
105084  -43.898  31.972  24.684 0.0000000000
105631  -51.593  32.334  27.859 0.0000000000
105650  -51.448  32.482  25.263 0.0000000000
105665  -51.567  32.828  24.819 0.0000000000
105740  -43.390  33.171  19.958 0.0000000000
105781  -44.591  32.992  16.304 0.0000000000
105782  -45.277  33.085  16.237 0.0000000000
106329  -46.079  33.709  19.909 0.0000000000
106354  -45.599  33.429  18.382 0.0000000000
106358  -50.014  34.004  17.827 0.0000000000
106367  -49.602  33.824  16.630 0.0000000000
106378  -45.079  33.633  15.695 0.0000000000
106381  -49.594  34.098  16.001 0.0000000000
106912  -48.494  35.256  28.450 0.0000000000
106924  -45.416  35.203  28.025 0.0000000000
106933  -50.829  34.867  26.718 0.0000000000
106962  -42.832  34.894  23.924 0.0000000000
106975  -42.678  35.030  23.283 0.0000000000
107017  -50.036  34.260  17.324 0.0000000000
107027  -48.695  34.453  15.036 0.0000000000
107040  -48.769  35.085  13.762 0.0000000000
107556  -47.982  36.045  28.021 0.0000000000
107567  -50.380  36.554  27.023 0.0000000000
107659  -43.263  35.799  21.355 0.0000000000
107678  -46.351  35.647  20.228 0.0000000000
107680  -47.851  35.583  19.851 0.0000000000
107697  -49.062  35.482  18.891 0.0000000000
107698  -50.640  35.304  18.874 0.0000000000
107699  -51.001  34.964  19.185 0.0000000000
107718  -49.495  34.999  17.217 0.0000000000
107740  -47.219  34.692  14.495 0.0000000000
107752  -48.470  35.553  13.273 0.0000000000
107753  -48.682  35.421  13.343 0.0000000000
108323  -49.182  36.392  27.971 0.0000000000
108338  -48.911  36.642  26.840 0.0000000000
108340  -50.307  37.056  26.571 0.0000000000
108354  -48.666  36.559  25.102 0.0000000000
108356  -50.541  37.343  24.997 0.0000000000
108371  -50.651  37.205  23.574 0.0000000000
108386  -50.713  36.642  22.183 0.0000000000
108397  -41.409  36.145  21.682 0.0000000000
108471  -45.097  35.915  16.191 0.0000000000
109102  -39.625  36.948  22.093 0.0000000000
109132  -44.356  37.594  19.370 0.0000000000
109164  -46.150  36.660  15.339 0.0000000000
109177  -49.622  37.890  13.113 0.0000000000
109186  -49.253  37.691  13.037 0.0000000000
109188  -49.677  37.791  13.038 0.0000000000
109198  -49.652  37.909  13.061 0.0000000000
109839  -43.075  39.024  19.613 0.0000000000
109863  -46.891  37.986  17.105 0.0000000000
109898  -45.931  38.280  14.971 0.0000000000
109913  -49.400  38.516  13.462 0.0000000000
110563  -48.422  39.059  15.810 0.0000000000
110573  -47.755  39.627  14.089 0.0000000000
110574  -49.278  38.956  14.159 0.0000000000
110579  -48.931  39.012  13.574 0.0000000000
111158  -43.523  40.116  19.248 0.0000000000
111213  -49.036  39.651  14.647 0.0000000000
111218  -48.609  39.621  13.879 0.0000000000
111787  -41.410  40.699  19.947 0.0000000000
111812  -43.965  41.061  18.876 0.0000000000
111816  -47.171  41.618  18.117 0.0000000000
111829  -46.848  40.887  18.011 0.0000000000
111831  -48.733  41.827  17.488 0.0000000000
111846  -48.930  41.320  17.188 0.0000000000
111847  -48.961  41.312  16.812 0.0000000000
111871  -48.658  40.608  15.178 0.0000000000
112432  -39.995  42.006  19.430 0.0000000000
112441  -44.052  42.147  18.646 0.0000000000
112442  -44.833  42.116  18.531 0.0000000000
112461  -48.906  41.732  17.110 0.0000000000
112462  -48.946  41.522  16.784 0.0000000000
112477  -47.843  41.917  16.315 0.0000000000
113099  -40.795  42.748  18.692 0.0000000000
113108  -47.789  42.963  18.275 0.0000000000
113786  -36.238  43.521  19.275 0.0000000000
113809  -38.458  44.103  17.944 0.0000000000
113817  -46.152  44.212  17.927 0.0000000000
114427  -35.231  44.441  19.261 0.0000000000
114438  -35.430  44.752  18.659 0.0000000000
114441  -37.734  44.171  18.031 0.0000000000
114454  -42.492  44.543  17.622 0.0000000000
115019  -34.656  45.330  19.445 0.0000000000
115024  -35.792  45.168  18.138 0.0000000000
115574  -34.546  45.931  19.404 0.0000000000
115576  -34.606  46.315  18.857 0.0000000000
115583  -35.370  46.413  17.763 0.0000000000
115596  -35.721  46.918  17.372 0.0000000000
115613  -37.444  46.874  16.096 0.0000000000
115631  -39.590  46.876  15.225 0.0000000000
115640  -47.389  46.635  13.846 0.0000000000
115660  -48.130  46.594  11.826 0.0000000000
115688  -47.760  46.338  9.856 0.0000000000
115718  -47.765  46.566  8.820 0.0000000000
116156  -35.292  47.176  21.322 0.0000000000
116165  -34.641  46.985  19.932 0.0000000000
116171  -34.670  47.068  19.091 0.0000000000
116179  -35.254  47.537  17.944 0.0000000000
116214  -46.129  47.095  15.690 0.0000000000
116232  -38.899  47.958  14.198 0.0000000000
116250  -47.989  46.785  12.826 0.0000000000
116267  -46.896  46.462  10.607 0.0000000000
116276  -48.389  46.601  9.915 0.0000000000
116285  -43.982  47.798  9.170 0.0000000000
116289  -48.107  46.790  9.211 0.0000000000
116300  -47.284  46.587  8.279 0.0000000000
116736  -36.618  48.484  23.092 0.0000000000
116750  -36.158  48.434  22.364 0.0000000000
116772  -35.183  48.369  19.454 0.0000000000
116780  -35.204  47.877  18.361 0.0000000000
116801  -36.388  48.128  16.226 0.0000000000
116809  -46.254  47.881  14.557 0.0000000000
116818  -44.969  48.034  13.649 0.0000000000
116820  -46.954  47.785  13.905 0.0000000000
116847  -45.878  48.491  11.944 0.0000000000
116848  -46.955  48.099  11.797 0.0000000000
116849  -47.776  47.306  12.502 0.0000000000
116866  -43.271  49.333  10.354 0.0000000000
116883  -46.015  48.389  9.102 0.0000000000
116895  -46.639  47.496  8.652 0.0000000000
117367  -35.567  49.001  19.184 0.0000000000
117372  -35.863  48.992  17.773 0.0000000000
117373  -36.127  49.478  18.163 0.0000000000
117387  -36.305  48.777  16.507 0.0000000000
117898  -36.378  49.995  20.237 0.0000000000
117919  -36.554  49.938  17.844 0.0000000000
118429  -36.827  50.405  21.998 0.0000000000
127420  -45.856  35.516  22.473 0.0000000000
128812  -42.460  33.051  20.870 0.0000000000
129156  -41.338  42.922  18.494 0.0000000000
129185  -44.432  48.317  12.117 0.0000000000
134353  -48.941  36.869  13.379 0.0000000000
134708  -42.971  35.547  21.945 0.0000000000
134800  -48.193  36.276  26.468 0.0000000000
134853  -48.542  35.900  22.478 0.0000000000
135174  -43.053  31.500  28.101 0.0000000000
135623  -51.440  33.885  21.210 0.0000000000
135951  -34.786  45.139  20.656 0.0000000000
136477  -44.270  43.866  18.129 0.0000000000
136648  -37.424  50.904  20.450 0.0000000000
137846  -38.650  43.093  18.695 0.0000000000
138354  -40.234  40.354  20.438 0.0000000000
139656  -46.614  35.059  28.523 0.0000000000
139762  -38.730  37.861  22.240 0.0000000000
140227  -34.684  45.083  20.012 0.0000000000
141019  -45.905  33.078  23.338 0.0000000000
141446  -44.017  30.956  28.423 0.0000000000
142096  -43.638  47.314  15.326 0.0000000000
142623  -34.678  45.655  18.827 0.0000000000
142821  -47.182  33.608  22.179 0.0000000000
143837  -43.698  45.000  17.485 0.0000000000
144309  -48.068  33.834  15.656 0.0000000000
145965  -40.923  38.900  20.539 0.0000000000
146111  -44.939  44.794  17.674 0.0000000000
147751  -49.652  37.941  13.200 0.0000000000
148501  -47.435  30.992  26.543 0.0000000000
149135  -48.910  35.053  14.180 0.0000000000
149366  -40.092  38.487  21.098 0.0000000000
149469  -40.765  40.933  20.030 0.0000000000
150832  -49.212  35.576  19.958 0.0000000000
150999  -46.051  33.684  21.592 0.0000000000
151018  -49.048  35.163  14.665 0.0000000000
151877  -39.841  40.702  20.467 0.0000000000
152280  -46.677  33.768  19.846 0.0000000000
152443  -41.456  32.032  27.747 0.0000000000
152462  -46.638  34.706  14.683 0.0000000000
152673  -49.880  36.294  27.563 0.0000000000
152770  -49.088  33.775  16.794 0.0000000000
153224  -50.396  37.468  24.570 0.0000000000
153253  -48.741  36.210  28.290 0.0000000000
