#!ascii label  , from subject sub-v2s1x29866_ses-1 vox2ras=TkReg
652
64200  24.684  -5.740  65.766 0.0000000000
72254  40.904  -0.495  52.413 0.0000000000
133808  49.499  0.959  50.683 0.0000000000
66425  40.676  -5.201  59.315 0.0000000000
60296  30.825  -9.411  62.473 0.0000000000
61511  28.586  -8.019  66.296 0.0000000000
73307  44.809  0.944  52.118 0.0000000000
72204  45.401  0.120  56.848 0.0000000000
66405  36.958  -4.129  62.372 0.0000000000
57875  34.746  -11.597  64.137 0.0000000000
133921  51.166  8.818  46.256 0.0000000000
76682  47.900  3.108  47.896 0.0000000000
68590  37.539  -2.703  57.116 0.0000000000
72187  40.675  -0.628  58.757 0.0000000000
64211  28.548  -7.172  63.674 0.0000000000
65330  26.043  -5.866  66.374 0.0000000000
73298  43.023  0.404  52.521 0.0000000000
74356  45.164  1.339  55.101 0.0000000000
136007  43.141  0.318  55.014 0.0000000000
60310  38.481  -10.132  61.147 0.0000000000
60242  32.082  -9.846  65.961 0.0000000000
57877  32.807  -11.674  63.311 0.0000000000
146250  33.523  -12.129  65.729 0.0000000000
82337  48.416  7.552  45.471 0.0000000000
80299  50.938  6.303  46.489 0.0000000000
80267  49.767  5.435  47.461 0.0000000000
74409  46.153  1.301  49.186 0.0000000000
75490  45.769  1.906  47.258 0.0000000000
75464  48.687  1.984  49.090 0.0000000000
74426  48.980  1.738  48.639 0.0000000000
72299  47.125  0.040  48.447 0.0000000000
65393  38.219  -5.426  59.338 0.0000000000
67481  37.084  -3.227  60.859 0.0000000000
67478  38.405  -2.861  60.001 0.0000000000
71019  37.961  -1.401  58.187 0.0000000000
68549  40.375  -2.833  59.778 0.0000000000
68546  42.763  -2.935  59.375 0.0000000000
66416  42.606  -5.683  59.533 0.0000000000
62856  30.195  -7.904  64.069 0.0000000000
132353  44.205  0.537  49.470 0.0000000000
74382  47.832  1.350  52.262 0.0000000000
73280  47.988  0.712  54.184 0.0000000000
72234  46.542  -0.416  55.278 0.0000000000
61553  36.375  -7.906  63.464 0.0000000000
62868  37.661  -7.375  63.118 0.0000000000
61600  37.844  -7.858  60.561 0.0000000000
147946  40.147  -8.447  59.076 0.0000000000
60349  42.981  -9.125  58.741 0.0000000000
59034  35.274  -10.844  62.014 0.0000000000
59007  36.639  -10.807  63.949 0.0000000000
136512  50.000  8.375  44.232 0.0000000000
79131  46.800  4.609  46.071 0.0000000000
76658  49.688  3.305  48.549 0.0000000000
75504  46.969  1.898  46.063 0.0000000000
72227  40.927  -0.684  54.969 0.0000000000
73248  42.789  0.199  57.686 0.0000000000
68586  44.178  -2.166  57.662 0.0000000000
64186  24.960  -6.102  66.941 0.0000000000
65345  25.792  -5.825  65.376 0.0000000000
64174  25.626  -6.277  67.037 0.0000000000
73299  42.311  0.185  52.779 0.0000000000
131890  43.132  0.390  53.526 0.0000000000
73290  42.294  0.125  53.628 0.0000000000
57833  32.829  -11.042  65.875 0.0000000000
81328  47.760  6.974  45.405 0.0000000000
81316  49.609  6.824  46.656 0.0000000000
80286  47.811  5.773  46.197 0.0000000000
137627  48.504  1.331  50.409 0.0000000000
74408  47.535  1.722  49.511 0.0000000000
74399  48.920  1.133  49.946 0.0000000000
154886  48.708  1.189  48.951 0.0000000000
65392  39.218  -5.867  58.910 0.0000000000
143582  38.378  -4.471  59.527 0.0000000000
67486  39.227  -3.592  59.602 0.0000000000
131468  39.398  -2.958  59.749 0.0000000000
145728  41.150  -4.436  59.658 0.0000000000
67475  41.941  -3.975  59.740 0.0000000000
65384  42.117  -6.073  59.755 0.0000000000
62858  29.220  -7.512  63.512 0.0000000000
62829  29.511  -7.660  65.738 0.0000000000
62814  30.421  -8.229  66.225 0.0000000000
139562  43.321  0.480  51.142 0.0000000000
73327  43.422  0.408  49.574 0.0000000000
134481  44.626  0.798  51.218 0.0000000000
73316  45.192  0.957  50.800 0.0000000000
129126  46.657  1.436  52.458 0.0000000000
74373  47.586  1.402  53.140 0.0000000000
74374  46.530  1.443  53.357 0.0000000000
74338  45.533  1.199  55.969 0.0000000000
74337  46.320  0.961  55.724 0.0000000000
72214  45.875  -0.230  56.369 0.0000000000
71045  45.099  -1.181  55.995 0.0000000000
71034  44.992  -1.327  56.849 0.0000000000
143470  37.297  -9.052  63.846 0.0000000000
62854  36.458  -7.255  63.592 0.0000000000
61570  37.991  -8.862  63.118 0.0000000000
60325  38.508  -9.498  60.568 0.0000000000
133379  38.548  -8.223  59.270 0.0000000000
57876  33.631  -11.679  64.064 0.0000000000
152677  34.236  -12.036  62.337 0.0000000000
57889  35.407  -10.990  62.923 0.0000000000
59021  36.003  -10.367  63.451 0.0000000000
57857  35.502  -11.524  64.199 0.0000000000
83343  48.931  8.877  45.032 0.0000000000
83341  50.905  9.174  45.482 0.0000000000
77907  50.005  4.488  46.457 0.0000000000
75489  46.617  2.182  47.642 0.0000000000
76712  45.632  2.953  46.304 0.0000000000
76711  46.358  3.206  46.610 0.0000000000
77910  46.113  4.287  45.775 0.0000000000
77868  47.171  3.481  47.030 0.0000000000
77866  49.149  3.878  48.243 0.0000000000
76681  48.980  3.297  48.599 0.0000000000
74428  47.223  0.981  47.193 0.0000000000
75488  48.355  1.923  47.354 0.0000000000
66401  36.146  -4.490  62.929 0.0000000000
66412  35.967  -4.327  61.814 0.0000000000
67493  37.313  -3.584  58.659 0.0000000000
66442  37.347  -4.450  57.861 0.0000000000
72199  39.134  -1.087  58.282 0.0000000000
71026  38.485  -1.295  56.886 0.0000000000
72218  39.505  -1.097  56.794 0.0000000000
72228  40.193  -1.046  55.151 0.0000000000
72207  40.890  -0.670  57.306 0.0000000000
152107  42.084  -0.015  57.179 0.0000000000
72196  42.224  -0.136  58.154 0.0000000000
143415  43.055  -4.034  58.612 0.0000000000
68557  43.702  -2.778  58.478 0.0000000000
68570  43.383  -3.234  58.327 0.0000000000
69778  42.649  -2.577  57.085 0.0000000000
132344  27.146  -6.303  64.890 0.0000000000
64172  27.141  -6.926  66.381 0.0000000000
62830  27.838  -7.614  66.321 0.0000000000
62819  26.299  -7.035  66.653 0.0000000000
131952  43.590  0.582  52.305 0.0000000000
74375  45.581  1.308  53.535 0.0000000000
73289  44.076  0.712  54.029 0.0000000000
73281  44.391  0.944  54.906 0.0000000000
73264  44.265  0.924  56.583 0.0000000000
138704  31.458  -9.581  64.160 0.0000000000
59035  31.640  -10.762  62.820 0.0000000000
146086  32.631  -10.601  65.042 0.0000000000
57859  33.234  -11.251  64.919 0.0000000000
57844  34.275  -11.930  64.627 0.0000000000
56656  34.765  -12.338  64.819 0.0000000000
55480  34.270  -12.816  65.087 0.0000000000
83323  50.359  8.953  46.162 0.0000000000
82334  51.470  8.205  46.826 0.0000000000
81326  50.344  7.583  46.643 0.0000000000
81304  51.080  6.672  47.146 0.0000000000
79103  50.532  4.930  47.508 0.0000000000
73347  44.866  0.960  48.035 0.0000000000
74418  45.759  1.284  48.311 0.0000000000
75476  47.291  2.073  48.419 0.0000000000
75475  48.443  2.490  49.007 0.0000000000
75474  48.885  2.356  48.881 0.0000000000
74415  48.852  1.699  48.963 0.0000000000
73344  48.587  1.208  48.471 0.0000000000
150498  37.263  -4.204  61.565 0.0000000000
66421  36.519  -3.732  61.237 0.0000000000
66419  37.706  -3.968  60.807 0.0000000000
135425  37.440  -2.768  60.649 0.0000000000
69734  37.510  -2.021  60.007 0.0000000000
131449  37.549  -1.689  58.267 0.0000000000
70990  38.049  -1.636  59.814 0.0000000000
70989  38.742  -1.507  59.814 0.0000000000
70987  40.541  -1.378  59.686 0.0000000000
71007  41.998  -1.006  59.046 0.0000000000
153387  41.633  -2.730  59.792 0.0000000000
132444  42.726  -3.776  59.435 0.0000000000
66434  42.789  -5.293  58.536 0.0000000000
62872  28.816  -7.547  62.448 0.0000000000
62885  29.664  -7.955  62.472 0.0000000000
61554  30.454  -8.353  63.594 0.0000000000
61536  31.320  -8.849  65.346 0.0000000000
60232  31.345  -9.728  66.738 0.0000000000
73326  45.096  0.865  49.482 0.0000000000
74391  47.656  1.446  50.895 0.0000000000
74390  49.116  1.093  51.088 0.0000000000
73304  49.038  0.812  52.242 0.0000000000
72241  48.079  0.106  53.430 0.0000000000
72242  47.517  -0.154  54.188 0.0000000000
74354  47.050  1.291  54.616 0.0000000000
72223  47.384  0.078  54.805 0.0000000000
61588  35.867  -8.286  62.389 0.0000000000
147567  35.876  -6.821  63.340 0.0000000000
65357  36.129  -5.604  63.520 0.0000000000
65364  37.015  -5.365  63.170 0.0000000000
133562  38.184  -9.352  62.183 0.0000000000
62883  37.883  -7.174  62.388 0.0000000000
64255  37.544  -6.196  61.195 0.0000000000
64269  37.763  -6.683  59.870 0.0000000000
64280  38.745  -6.580  58.933 0.0000000000
64279  39.723  -6.716  58.858 0.0000000000
62918  42.298  -7.417  59.683 0.0000000000
140557  41.251  -8.539  59.243 0.0000000000
138958  35.952  -9.252  62.505 0.0000000000
60279  36.509  -9.785  63.680 0.0000000000
57855  37.083  -10.998  63.910 0.0000000000
148402  36.003  -12.440  64.465 0.0000000000
55505  37.034  -12.574  63.636 0.0000000000
84290  50.754  9.771  44.184 0.0000000000
79155  46.957  5.371  45.770 0.0000000000
79130  48.501  5.378  46.828 0.0000000000
79088  50.234  4.259  47.896 0.0000000000
76708  49.851  3.385  47.404 0.0000000000
75487  49.192  2.246  48.316 0.0000000000
75502  48.749  2.416  47.169 0.0000000000
76710  48.120  2.779  46.217 0.0000000000
140151  36.751  -4.981  58.954 0.0000000000
72246  40.332  -0.940  53.571 0.0000000000
72245  41.005  -0.525  53.206 0.0000000000
73275  42.517  0.101  55.522 0.0000000000
73265  43.346  0.637  56.623 0.0000000000
73256  44.243  0.186  57.419 0.0000000000
71006  42.903  -1.161  58.812 0.0000000000
71018  44.102  -1.550  58.100 0.0000000000
71025  44.816  -1.268  57.262 0.0000000000
69793  44.246  -1.795  56.988 0.0000000000
62938  43.002  -7.786  59.002 0.0000000000
64289  42.914  -6.774  58.460 0.0000000000
64201  24.155  -5.751  66.274 0.0000000000
65332  25.280  -5.768  66.250 0.0000000000
72253  41.568  -0.077  52.245 0.0000000000
72244  41.672  -0.120  53.056 0.0000000000
80300  48.246  6.512  46.049 0.0000000000
80301  47.131  6.221  45.452 0.0000000000
74398  49.678  0.908  50.508 0.0000000000
135061  49.134  0.949  50.103 0.0000000000
73325  49.033  0.708  50.275 0.0000000000
66426  39.655  -5.184  59.005 0.0000000000
67485  40.036  -4.408  59.314 0.0000000000
66418  41.698  -5.337  59.712 0.0000000000
65390  41.220  -6.001  59.553 0.0000000000
64170  28.638  -7.680  66.083 0.0000000000
64183  28.876  -7.381  65.165 0.0000000000
62816  29.189  -7.985  66.364 0.0000000000
61523  28.952  -8.475  66.309 0.0000000000
73308  43.909  0.653  51.692 0.0000000000
73317  43.873  0.556  50.807 0.0000000000
73306  45.650  1.174  51.646 0.0000000000
74383  45.651  1.264  52.668 0.0000000000
73263  45.106  0.913  56.531 0.0000000000
73262  45.844  0.621  56.290 0.0000000000
71033  45.609  -0.834  56.322 0.0000000000
71024  45.364  -0.776  56.868 0.0000000000
59019  37.832  -10.167  63.431 0.0000000000
60277  37.768  -9.350  63.570 0.0000000000
57890  34.286  -11.883  63.098 0.0000000000
136662  34.781  -11.630  62.356 0.0000000000
149700  34.991  -11.473  63.236 0.0000000000
57874  35.579  -11.149  63.781 0.0000000000
83322  50.816  9.316  45.930 0.0000000000
83342  49.835  9.306  45.501 0.0000000000
83321  50.861  9.329  45.748 0.0000000000
82354  51.256  8.620  46.111 0.0000000000
76683  46.902  2.848  47.345 0.0000000000
77867  48.170  3.727  47.606 0.0000000000
73355  46.793  0.383  47.446 0.0000000000
66400  36.677  -4.460  62.882 0.0000000000
66406  36.406  -4.140  62.409 0.0000000000
68572  37.452  -2.959  58.206 0.0000000000
67509  37.525  -3.585  56.470 0.0000000000
72198  39.990  -0.842  58.255 0.0000000000
139975  39.593  -1.014  57.885 0.0000000000
72208  40.089  -0.965  57.496 0.0000000000
139288  40.502  -0.971  56.709 0.0000000000
72197  40.798  -0.614  57.953 0.0000000000
73249  41.506  -0.242  57.574 0.0000000000
140062  41.507  -0.234  58.202 0.0000000000
67491  42.841  -4.611  58.437 0.0000000000
149697  42.913  -3.919  58.231 0.0000000000
142619  42.112  -3.738  57.680 0.0000000000
65344  26.352  -5.960  65.636 0.0000000000
65343  26.855  -6.255  65.787 0.0000000000
64197  27.828  -6.670  65.161 0.0000000000
65320  26.537  -6.388  66.442 0.0000000000
62818  27.042  -7.139  66.484 0.0000000000
64173  26.292  -6.565  66.666 0.0000000000
73310  42.327  0.248  51.820 0.0000000000
73319  42.103  0.223  51.062 0.0000000000
73309  43.122  0.446  51.748 0.0000000000
73297  43.782  0.648  53.092 0.0000000000
73282  43.603  0.533  54.523 0.0000000000
129688  43.923  0.754  55.403 0.0000000000
74348  44.622  1.159  55.593 0.0000000000
73273  44.086  0.896  56.061 0.0000000000
60265  31.755  -9.556  64.974 0.0000000000
59009  32.046  -10.295  64.377 0.0000000000
146619  32.306  -10.078  65.500 0.0000000000
56642  33.110  -11.652  65.924 0.0000000000
57846  32.976  -10.783  65.503 0.0000000000
129014  33.274  -11.205  65.638 0.0000000000
57845  33.501  -11.374  65.287 0.0000000000
57832  33.582  -11.665  65.484 0.0000000000
55469  33.927  -12.228  65.246 0.0000000000
82357  47.579  7.554  44.757 0.0000000000
82356  48.747  8.191  45.323 0.0000000000
82336  49.693  8.037  46.116 0.0000000000
80284  50.400  6.383  47.249 0.0000000000
80266  50.628  6.099  47.280 0.0000000000
132146  50.828  5.762  47.279 0.0000000000
134194  50.426  5.137  47.561 0.0000000000
74407  48.456  1.548  49.445 0.0000000000
74417  46.819  1.667  48.704 0.0000000000
74416  48.058  2.033  49.187 0.0000000000
73345  48.096  0.660  48.544 0.0000000000
73346  47.222  0.312  48.002 0.0000000000
65385  37.645  -5.510  60.143 0.0000000000
66428  38.159  -3.359  60.206 0.0000000000
67479  37.588  -2.646  60.664 0.0000000000
68552  37.567  -2.330  60.425 0.0000000000
69710  37.678  -2.035  60.210 0.0000000000
68551  37.761  -2.239  60.431 0.0000000000
69708  39.094  -1.772  59.985 0.0000000000
69707  40.027  -1.895  59.902 0.0000000000
70988  39.592  -1.356  59.789 0.0000000000
69706  41.069  -2.229  59.817 0.0000000000
141748  42.112  -4.838  59.737 0.0000000000
67474  42.604  -4.793  59.489 0.0000000000
67484  42.862  -4.737  58.878 0.0000000000
66424  42.754  -5.468  59.126 0.0000000000
64231  27.781  -7.055  62.705 0.0000000000
62873  28.157  -7.410  62.238 0.0000000000
64229  28.882  -7.435  63.046 0.0000000000
62857  29.748  -7.644  63.805 0.0000000000
62870  29.724  -7.739  63.107 0.0000000000
61555  30.028  -7.910  63.461 0.0000000000
61574  30.013  -8.107  62.911 0.0000000000
60266  31.076  -8.823  64.378 0.0000000000
61537  30.811  -8.274  65.019 0.0000000000
73337  44.572  0.669  48.742 0.0000000000
130931  46.934  1.437  51.582 0.0000000000
74392  46.143  1.272  50.710 0.0000000000
142798  48.110  1.336  51.555 0.0000000000
74381  49.061  1.016  51.916 0.0000000000
74363  48.082  1.139  53.637 0.0000000000
74362  48.685  0.857  53.118 0.0000000000
73287  48.387  0.683  53.545 0.0000000000
72233  47.932  0.330  54.135 0.0000000000
74366  45.423  1.329  54.371 0.0000000000
74365  46.459  1.458  54.294 0.0000000000
74355  45.881  1.459  54.914 0.0000000000
72224  46.808  0.012  55.457 0.0000000000
73272  47.048  0.583  55.232 0.0000000000
131317  46.665  -0.479  54.478 0.0000000000
71056  45.793  -0.805  54.751 0.0000000000
146230  35.757  -7.421  62.734 0.0000000000
61572  35.966  -7.654  63.192 0.0000000000
62853  37.171  -7.539  63.620 0.0000000000
64210  36.024  -6.444  63.653 0.0000000000
64208  37.202  -6.792  63.394 0.0000000000
65356  36.535  -5.616  63.486 0.0000000000
64227  37.406  -6.483  62.981 0.0000000000
136497  38.294  -10.236  61.878 0.0000000000
61599  38.169  -8.628  60.794 0.0000000000
62900  38.076  -7.968  61.595 0.0000000000
62901  37.744  -7.047  61.391 0.0000000000
62920  37.522  -6.941  60.400 0.0000000000
136439  39.165  -8.318  59.084 0.0000000000
62943  38.405  -7.370  59.152 0.0000000000
62942  39.337  -7.490  58.895 0.0000000000
62941  40.314  -7.568  58.994 0.0000000000
59022  32.166  -10.971  63.491 0.0000000000
57878  32.176  -11.609  62.668 0.0000000000
59050  35.172  -10.583  61.163 0.0000000000
59049  35.608  -9.953  61.788 0.0000000000
60311  35.775  -9.114  61.757 0.0000000000
59033  35.765  -10.170  62.662 0.0000000000
59008  36.233  -10.764  63.856 0.0000000000
60264  36.704  -10.145  63.836 0.0000000000
59006  37.045  -10.226  63.895 0.0000000000
56655  35.544  -12.431  64.645 0.0000000000
56680  37.562  -12.164  63.268 0.0000000000
84277  50.880  9.631  44.978 0.0000000000
83354  50.346  8.951  44.371 0.0000000000
83355  49.655  8.422  43.500 0.0000000000
130708  51.440  7.404  46.995 0.0000000000
75491  45.030  1.656  46.960 0.0000000000
75505  45.357  2.267  46.604 0.0000000000
79156  46.230  4.982  45.508 0.0000000000
79106  47.632  4.999  46.478 0.0000000000
77851  49.743  3.772  48.348 0.0000000000
79104  49.801  4.470  48.007 0.0000000000
76657  50.030  3.733  48.112 0.0000000000
76707  50.184  3.738  47.804 0.0000000000
76680  49.850  3.214  47.977 0.0000000000
76659  49.336  2.963  48.750 0.0000000000
74440  47.530  1.595  46.883 0.0000000000
75503  47.807  2.161  46.511 0.0000000000
66430  36.717  -3.805  60.130 0.0000000000
71028  37.754  -1.501  57.775 0.0000000000
71036  38.985  -1.291  56.136 0.0000000000
72216  40.790  -0.781  55.877 0.0000000000
72237  40.325  -0.973  54.349 0.0000000000
72236  40.972  -0.622  54.101 0.0000000000
72226  41.666  -0.295  54.756 0.0000000000
72215  41.642  -0.351  55.728 0.0000000000
73258  42.702  0.282  57.177 0.0000000000
150525  43.233  0.447  57.241 0.0000000000
73257  43.849  0.565  57.083 0.0000000000
73247  43.563  0.191  57.675 0.0000000000
69733  42.608  -1.944  59.192 0.0000000000
68569  43.757  -2.568  58.077 0.0000000000
69758  43.999  -2.199  58.004 0.0000000000
72194  44.532  -1.071  57.746 0.0000000000
71017  44.485  -1.764  57.651 0.0000000000
69776  44.571  -1.655  57.371 0.0000000000
62939  42.399  -8.372  59.551 0.0000000000
61611  42.764  -7.613  59.451 0.0000000000
61624  43.037  -8.603  58.864 0.0000000000
65331  25.709  -5.865  66.401 0.0000000000
65322  25.865  -5.889  66.779 0.0000000000
64175  25.424  -6.049  66.980 0.0000000000
72264  41.598  0.016  51.363 0.0000000000
148606  42.888  0.277  54.223 0.0000000000
58982  31.849  -10.183  66.501 0.0000000000
58988  32.441  -10.403  65.915 0.0000000000
57820  32.198  -10.868  66.303 0.0000000000
56643  32.328  -11.965  66.077 0.0000000000
81327  48.890  7.235  46.030 0.0000000000
80285  48.975  6.060  46.741 0.0000000000
74400  47.118  1.551  50.098 0.0000000000
136846  48.172  1.484  49.948 0.0000000000
74406  48.705  1.246  49.371 0.0000000000
73334  48.748  0.877  49.296 0.0000000000
150578  38.875  -5.116  59.050 0.0000000000
66427  39.027  -4.391  59.255 0.0000000000
137568  38.655  -2.347  59.944 0.0000000000
67477  40.230  -3.648  59.598 0.0000000000
67476  41.011  -3.617  59.732 0.0000000000
66417  42.414  -5.502  59.725 0.0000000000
151775  28.887  -7.389  64.019 0.0000000000
62843  29.161  -7.457  64.243 0.0000000000
62842  29.817  -7.632  64.701 0.0000000000
62828  30.326  -7.899  65.543 0.0000000000
62815  29.859  -8.034  66.326 0.0000000000
140363  43.138  0.416  50.410 0.0000000000
135794  43.825  0.493  50.108 0.0000000000
133946  44.568  0.679  50.294 0.0000000000
132671  45.302  0.965  50.221 0.0000000000
154814  47.359  1.300  54.153 0.0000000000
74347  45.198  1.350  55.650 0.0000000000
74346  45.894  1.384  55.401 0.0000000000
72213  46.434  0.254  55.871 0.0000000000
72225  46.230  -0.388  55.868 0.0000000000
71044  45.837  -0.891  55.644 0.0000000000
71046  44.336  -1.476  56.206 0.0000000000
61552  36.888  -8.340  63.852 0.0000000000
61551  37.538  -8.516  63.673 0.0000000000
61571  37.766  -8.078  63.331 0.0000000000
61612  38.394  -8.728  59.932 0.0000000000
62919  38.016  -7.641  59.808 0.0000000000
61629  39.227  -9.119  59.520 0.0000000000
130153  33.402  -11.976  63.009 0.0000000000
57905  34.205  -12.010  61.789 0.0000000000
141406  36.116  -11.411  64.157 0.0000000000
84266  50.870  10.119  45.374 0.0000000000
82374  50.611  8.440  45.025 0.0000000000
79153  50.432  5.332  46.383 0.0000000000
76684  46.072  2.550  46.931 0.0000000000
77893  45.902  3.614  46.016 0.0000000000
77892  46.591  3.895  46.358 0.0000000000
77891  47.447  4.205  46.778 0.0000000000
77852  49.462  3.405  48.692 0.0000000000
74427  48.353  1.419  47.892 0.0000000000
65372  35.794  -4.815  62.746 0.0000000000
67487  37.006  -3.041  59.959 0.0000000000
66429  37.116  -4.296  58.926 0.0000000000
66446  37.519  -4.437  56.918 0.0000000000
72189  38.795  -1.129  59.048 0.0000000000
72210  38.423  -1.263  57.770 0.0000000000
72209  39.179  -1.137  57.513 0.0000000000
71048  39.392  -1.305  55.328 0.0000000000
72217  39.909  -1.073  56.001 0.0000000000
72206  41.436  -0.432  56.717 0.0000000000
149423  42.147  0.025  57.679 0.0000000000
68558  43.210  -3.413  58.880 0.0000000000
69732  43.310  -2.686  58.922 0.0000000000
68587  43.596  -2.714  57.809 0.0000000000
68571  42.889  -3.229  57.805 0.0000000000
144365  27.891  -6.760  63.377 0.0000000000
138290  27.195  -6.439  63.939 0.0000000000
133385  27.977  -6.626  64.214 0.0000000000
64171  28.084  -7.012  65.927 0.0000000000
62817  27.819  -7.463  66.342 0.0000000000
128892  44.261  0.808  52.601 0.0000000000
146758  44.987  0.984  52.898 0.0000000000
73296  44.699  0.928  53.589 0.0000000000
73288  44.760  1.059  54.443 0.0000000000
74339  44.784  1.168  56.055 0.0000000000
59032  38.041  -10.614  62.844 0.0000000000
60281  31.011  -9.227  63.375 0.0000000000
60295  31.245  -9.934  62.890 0.0000000000
60280  31.574  -10.100  63.533 0.0000000000
57860  32.720  -11.137  64.279 0.0000000000
57858  33.917  -11.579  64.752 0.0000000000
57843  35.456  -11.961  64.397 0.0000000000
54319  34.420  -13.440  65.007 0.0000000000
82335  51.202  8.522  46.896 0.0000000000
82325  51.389  7.696  47.019 0.0000000000
81314  51.325  7.223  47.149 0.0000000000
81315  51.066  7.159  47.187 0.0000000000
80283  51.103  6.610  47.138 0.0000000000
79152  50.857  5.841  46.932 0.0000000000
79129  50.535  4.944  46.988 0.0000000000
77890  49.490  3.731  46.587 0.0000000000
74430  44.686  1.151  47.302 0.0000000000
74429  45.407  1.356  47.600 0.0000000000
75477  46.236  1.685  47.947 0.0000000000
76661  47.643  2.609  48.242 0.0000000000
76660  48.730  2.838  48.886 0.0000000000
73354  47.779  0.752  47.898 0.0000000000
65377  37.390  -5.065  61.840 0.0000000000
66411  36.646  -3.783  61.867 0.0000000000
66420  36.956  -3.622  61.311 0.0000000000
67480  37.385  -3.122  60.832 0.0000000000
68559  37.312  -2.481  59.604 0.0000000000
138171  37.454  -2.208  58.280 0.0000000000
69759  37.440  -1.838  59.167 0.0000000000
71012  37.643  -1.706  59.634 0.0000000000
71011  38.061  -1.378  59.117 0.0000000000
135929  38.523  -1.295  59.529 0.0000000000
71010  39.216  -1.111  59.538 0.0000000000
71009  40.097  -0.927  59.471 0.0000000000
71008  41.057  -0.873  59.310 0.0000000000
69705  41.540  -1.515  59.599 0.0000000000
145996  41.973  -2.404  59.652 0.0000000000
68548  41.375  -3.099  59.814 0.0000000000
68547  42.122  -3.169  59.703 0.0000000000
148550  42.902  -4.159  59.084 0.0000000000
61589  30.282  -8.982  61.982 0.0000000000
61590  29.944  -8.380  62.212 0.0000000000
61573  30.402  -8.673  62.744 0.0000000000
60253  31.835  -9.378  65.703 0.0000000000
61522  30.885  -8.379  65.829 0.0000000000
61521  31.329  -8.917  66.113 0.0000000000
60243  31.645  -9.491  66.316 0.0000000000
73336  45.256  0.989  48.720 0.0000000000
74401  45.873  1.170  49.902 0.0000000000
73315  49.275  0.747  51.007 0.0000000000
73314  49.327  0.855  51.284 0.0000000000
73305  49.153  0.762  51.891 0.0000000000
72250  48.307  0.255  52.430 0.0000000000
74372  48.647  1.050  52.811 0.0000000000
73295  48.817  0.733  52.804 0.0000000000
74353  47.794  1.095  54.200 0.0000000000
74345  46.725  1.189  55.139 0.0000000000
74344  47.437  0.962  54.685 0.0000000000
148401  47.748  0.395  54.391 0.0000000000
62884  35.667  -7.545  61.798 0.0000000000
62869  35.644  -6.637  62.469 0.0000000000
62855  36.107  -7.125  63.490 0.0000000000
64228  35.820  -5.726  63.254 0.0000000000
65366  35.984  -4.981  63.283 0.0000000000
65365  36.339  -4.979  63.296 0.0000000000
65371  37.149  -4.828  62.639 0.0000000000
135183  38.069  -9.892  62.786 0.0000000000
62867  38.058  -8.216  62.529 0.0000000000
61587  38.240  -8.952  61.491 0.0000000000
64244  37.511  -6.002  62.275 0.0000000000
64270  37.485  -5.841  60.650 0.0000000000
64281  38.064  -6.383  59.401 0.0000000000
65391  40.181  -5.962  59.023 0.0000000000
64278  40.740  -6.757  59.161 0.0000000000
62940  41.486  -7.569  59.475 0.0000000000
61625  42.776  -9.020  59.152 0.0000000000
61627  41.192  -9.538  59.167 0.0000000000
61626  42.225  -9.408  59.348 0.0000000000
59036  31.199  -10.294  62.246 0.0000000000
57906  32.215  -12.019  61.883 0.0000000000
60294  36.141  -8.517  63.139 0.0000000000
137587  36.208  -9.439  63.238 0.0000000000
138577  36.557  -8.846  63.605 0.0000000000
60263  36.903  -9.400  63.918 0.0000000000
60278  37.415  -9.756  63.802 0.0000000000
59020  37.479  -10.542  63.680 0.0000000000
56654  36.039  -11.952  64.371 0.0000000000
57856  36.569  -11.470  64.108 0.0000000000
56665  36.501  -12.118  64.140 0.0000000000
56664  37.123  -11.763  63.897 0.0000000000
150172  24.210  -5.911  64.918 0.0000000000
84298  50.643  9.785  43.171 0.0000000000
79105  48.646  4.611  47.440 0.0000000000
77865  50.350  4.143  47.828 0.0000000000
77889  50.306  4.174  47.357 0.0000000000
150888  49.672  2.837  48.459 0.0000000000
75486  49.534  2.777  47.769 0.0000000000
76709  49.068  3.028  46.804 0.0000000000
75519  47.288  2.521  45.724 0.0000000000
72266  40.316  -0.818  51.925 0.0000000000
65394  36.320  -4.876  59.881 0.0000000000
71061  39.679  -1.310  54.544 0.0000000000
72255  40.295  -0.905  52.753 0.0000000000
72235  41.640  -0.223  53.855 0.0000000000
73283  42.333  0.078  54.485 0.0000000000
73266  42.414  0.130  56.494 0.0000000000
151289  42.941  0.382  56.182 0.0000000000
73274  43.356  0.544  55.860 0.0000000000
132481  44.659  0.478  57.042 0.0000000000
72186  41.627  -0.428  58.724 0.0000000000
72185  42.451  -0.477  58.599 0.0000000000
72195  42.958  -0.165  58.119 0.0000000000
69731  43.614  -1.995  58.639 0.0000000000
71005  43.539  -1.185  58.458 0.0000000000
149368  43.763  -0.625  58.110 0.0000000000
149469  44.235  -0.301  57.718 0.0000000000
72205  44.850  -0.420  57.320 0.0000000000
150222  43.713  -1.709  56.297 0.0000000000
69777  43.570  -2.244  57.157 0.0000000000
71035  43.489  -1.943  56.633 0.0000000000
64268  41.775  -6.747  59.662 0.0000000000
64267  42.518  -6.802  59.670 0.0000000000
65383  42.605  -6.195  59.588 0.0000000000
62964  43.183  -8.219  58.641 0.0000000000
64288  42.948  -6.915  58.924 0.0000000000
65382  42.768  -6.230  59.302 0.0000000000
65399  42.851  -6.072  58.747 0.0000000000
57834  31.846  -11.478  66.398 0.0000000000
60234  30.803  -9.687  66.859 0.0000000000
61508  30.777  -8.617  66.532 0.0000000000
62831  27.135  -7.398  66.398 0.0000000000
62841  30.405  -7.904  64.708 0.0000000000
62965  43.052  -8.146  58.280 0.0000000000
64184  27.271  -6.688  65.951 0.0000000000
64209  36.526  -6.450  63.555 0.0000000000
64230  28.361  -7.217  62.901 0.0000000000
64266  42.827  -6.913  59.375 0.0000000000
65321  26.170  -6.066  66.723 0.0000000000
65355  36.974  -6.120  63.376 0.0000000000
66407  35.908  -4.415  62.412 0.0000000000
68550  39.521  -2.299  59.896 0.0000000000
69709  38.185  -1.905  60.053 0.0000000000
69794  42.919  -2.143  56.604 0.0000000000
71020  37.695  -1.553  58.717 0.0000000000
72184  43.113  -0.657  58.445 0.0000000000
72188  39.643  -0.890  58.995 0.0000000000
72190  38.415  -1.250  58.485 0.0000000000
73271  47.561  0.539  54.608 0.0000000000
73286  48.317  0.899  53.737 0.0000000000
74364  47.253  1.392  53.795 0.0000000000
80265  50.851  5.891  47.116 0.0000000000
83320  51.036  9.845  45.257 0.0000000000
85195  51.034  10.581  45.400 0.0000000000
138456  33.917  -13.187  65.286 0.0000000000
139142  30.590  -8.192  64.336 0.0000000000
143870  43.150  -7.573  58.586 0.0000000000
150179  42.854  -8.337  59.215 0.0000000000
150894  41.284  -0.291  52.722 0.0000000000
150904  46.393  1.404  54.932 0.0000000000
153950  32.119  -10.105  64.970 0.0000000000
155008  32.473  -11.380  66.112 0.0000000000
