#!ascii label  , from subject sub-v2s1x29866_ses-1 vox2ras=TkReg
996
69826  19.886  -2.663  55.457 0.0000000000
74279  29.585  1.130  62.707 0.0000000000
80374  35.261  6.150  41.157 0.0000000000
72306  26.629  -0.755  47.965 0.0000000000
71040  30.700  -1.702  55.913 0.0000000000
85298  46.087  10.502  34.498 0.0000000000
77942  35.656  3.872  43.668 0.0000000000
74510  31.422  1.374  42.782 0.0000000000
134377  16.683  -6.248  54.827 0.0000000000
69743  24.726  -2.284  58.945 0.0000000000
68597  26.896  -3.137  56.903 0.0000000000
69888  22.251  -2.496  52.068 0.0000000000
137831  40.553  8.971  37.705 0.0000000000
70955  22.661  -1.392  61.527 0.0000000000
69724  18.388  -2.070  59.809 0.0000000000
84314  39.253  9.304  41.819 0.0000000000
65396  15.312  -6.347  58.654 0.0000000000
60377  11.828  -8.926  58.460 0.0000000000
129363  30.616  1.329  46.913 0.0000000000
71094  28.412  -0.892  52.391 0.0000000000
67560  30.874  -4.670  51.494 0.0000000000
128857  29.388  -4.581  54.782 0.0000000000
75525  36.173  2.419  45.118 0.0000000000
147067  33.505  2.343  43.104 0.0000000000
74477  33.627  1.488  44.825 0.0000000000
79160  37.839  4.494  45.204 0.0000000000
67556  18.890  -4.267  52.926 0.0000000000
64336  17.344  -6.416  52.863 0.0000000000
67538  18.137  -4.408  54.557 0.0000000000
69784  22.516  -2.246  57.477 0.0000000000
129272  23.292  -2.301  55.816 0.0000000000
147345  20.610  -2.578  53.672 0.0000000000
67577  19.783  -4.351  51.232 0.0000000000
81424  35.429  6.681  39.366 0.0000000000
81379  37.168  6.887  42.871 0.0000000000
82416  37.342  7.606  40.940 0.0000000000
82438  37.357  7.654  39.028 0.0000000000
69684  17.657  -2.414  62.638 0.0000000000
67489  16.252  -3.980  59.483 0.0000000000
143538  16.096  -4.577  61.889 0.0000000000
62864  12.385  -7.752  63.408 0.0000000000
62897  13.220  -7.981  61.540 0.0000000000
61609  10.682  -8.977  61.063 0.0000000000
60334  8.691  -9.654  60.905 0.0000000000
60289  8.201  -9.194  63.144 0.0000000000
74368  29.173  1.152  53.965 0.0000000000
72238  29.565  -1.248  54.879 0.0000000000
69885  29.696  -2.767  51.992 0.0000000000
69852  30.419  -3.102  53.968 0.0000000000
130771  25.767  -3.190  53.912 0.0000000000
67526  28.098  -3.702  55.700 0.0000000000
67554  26.668  -4.151  52.783 0.0000000000
66490  27.625  -5.399  51.873 0.0000000000
73351  28.142  0.758  47.518 0.0000000000
73386  28.229  0.560  45.186 0.0000000000
72355  26.842  -0.855  45.094 0.0000000000
87439  49.503  11.595  33.263 0.0000000000
85314  47.049  10.382  32.587 0.0000000000
79224  35.120  5.352  42.190 0.0000000000
77965  32.813  3.915  41.633 0.0000000000
80347  37.294  5.845  43.894 0.0000000000
73221  27.662  -0.066  61.108 0.0000000000
70994  28.821  -1.479  60.069 0.0000000000
130457  26.066  -2.811  58.111 0.0000000000
68637  24.717  -2.638  54.579 0.0000000000
68677  23.804  -3.005  51.392 0.0000000000
85262  42.004  10.274  39.945 0.0000000000
151832  42.588  9.904  38.347 0.0000000000
85290  43.407  9.835  36.692 0.0000000000
84391  44.107  9.624  34.284 0.0000000000
69747  21.235  -2.065  58.872 0.0000000000
154513  19.071  -2.518  57.782 0.0000000000
70981  20.214  -1.355  60.471 0.0000000000
70999  23.570  -1.985  60.313 0.0000000000
84359  39.819  8.884  39.638 0.0000000000
67494  17.182  -3.732  57.616 0.0000000000
131630  15.926  -6.213  56.841 0.0000000000
61665  14.506  -8.237  56.636 0.0000000000
64257  14.627  -6.625  60.933 0.0000000000
61639  13.627  -8.207  58.557 0.0000000000
59016  5.036  -10.499  64.532 0.0000000000
75512  33.450  1.669  46.822 0.0000000000
74404  28.485  1.005  49.719 0.0000000000
147796  28.939  1.204  51.830 0.0000000000
73321  27.576  -0.111  50.927 0.0000000000
69909  28.361  -2.619  50.288 0.0000000000
67583  29.607  -4.370  49.958 0.0000000000
64374  29.025  -6.549  49.201 0.0000000000
69738  29.859  -2.555  59.193 0.0000000000
68574  31.092  -3.037  57.606 0.0000000000
68606  31.056  -2.879  55.826 0.0000000000
66477  30.869  -5.273  53.030 0.0000000000
65469  28.650  -5.974  50.837 0.0000000000
74479  31.060  1.325  44.830 0.0000000000
73431  29.031  0.347  42.246 0.0000000000
75509  35.733  2.027  45.529 0.0000000000
75541  34.845  1.821  44.624 0.0000000000
75527  34.315  1.584  45.224 0.0000000000
76739  36.864  2.664  45.327 0.0000000000
68639  19.332  -3.277  54.249 0.0000000000
67547  18.503  -4.355  53.729 0.0000000000
68627  18.757  -3.455  55.506 0.0000000000
69803  20.945  -2.331  56.312 0.0000000000
69824  21.320  -2.259  55.699 0.0000000000
69842  20.483  -2.475  54.813 0.0000000000
68653  19.665  -3.266  53.432 0.0000000000
81414  34.917  6.378  39.722 0.0000000000
81393  35.869  6.467  41.484 0.0000000000
81391  37.015  7.058  42.130 0.0000000000
81401  36.328  6.869  41.062 0.0000000000
144866  35.977  6.889  39.744 0.0000000000
154374  11.126  -8.136  63.348 0.0000000000
62880  11.762  -8.281  62.341 0.0000000000
61583  10.255  -8.738  62.482 0.0000000000
60333  9.487  -9.436  60.718 0.0000000000
60305  9.100  -9.215  62.233 0.0000000000
60335  8.127  -9.731  61.320 0.0000000000
73277  29.334  0.483  55.399 0.0000000000
142034  30.203  -1.682  55.297 0.0000000000
71080  30.168  -2.463  54.103 0.0000000000
71052  30.655  -2.313  55.314 0.0000000000
73205  30.378  -0.200  62.222 0.0000000000
67563  25.087  -3.585  51.427 0.0000000000
68648  26.077  -3.566  53.204 0.0000000000
67572  25.481  -4.023  51.055 0.0000000000
67571  26.187  -4.368  51.368 0.0000000000
73352  27.405  0.375  47.943 0.0000000000
73373  27.512  0.303  46.348 0.0000000000
85293  45.548  10.456  35.670 0.0000000000
86265  47.037  11.337  36.274 0.0000000000
86281  47.306  11.086  34.700 0.0000000000
86295  47.433  10.964  33.915 0.0000000000
85303  46.868  10.578  33.367 0.0000000000
77952  35.233  4.319  43.099 0.0000000000
77963  34.151  4.488  42.237 0.0000000000
77953  34.549  4.072  42.851 0.0000000000
74509  32.171  1.663  42.786 0.0000000000
75570  32.461  2.361  42.424 0.0000000000
74522  31.598  1.622  42.214 0.0000000000
77930  36.697  3.758  44.489 0.0000000000
79206  36.465  4.900  43.669 0.0000000000
79214  36.104  5.273  43.107 0.0000000000
65429  16.979  -6.128  54.171 0.0000000000
63030  15.722  -7.424  54.910 0.0000000000
70974  26.371  -1.350  60.517 0.0000000000
150552  26.812  -1.814  59.863 0.0000000000
69742  25.555  -2.479  58.743 0.0000000000
136972  22.774  -2.253  54.064 0.0000000000
131463  24.056  -2.401  55.724 0.0000000000
69838  23.505  -2.325  54.140 0.0000000000
68664  24.036  -2.716  52.761 0.0000000000
152510  22.768  -2.545  51.874 0.0000000000
68691  21.865  -3.050  50.936 0.0000000000
68715  27.927  -3.628  48.821 0.0000000000
84357  41.004  9.337  39.037 0.0000000000
85261  42.508  10.343  39.468 0.0000000000
84367  41.295  9.190  38.262 0.0000000000
130574  42.160  9.297  36.000 0.0000000000
84394  42.154  9.114  34.908 0.0000000000
84392  43.812  9.681  35.070 0.0000000000
129934  21.597  -1.669  60.118 0.0000000000
71014  20.526  -1.944  59.088 0.0000000000
142482  21.344  -1.340  60.772 0.0000000000
70978  23.128  -1.763  60.927 0.0000000000
151360  22.547  -2.052  59.641 0.0000000000
85264  40.608  9.779  40.459 0.0000000000
84345  39.582  9.014  40.268 0.0000000000
82450  37.895  7.880  38.782 0.0000000000
69750  18.546  -2.201  59.029 0.0000000000
68599  17.844  -3.387  57.279 0.0000000000
68565  17.343  -2.975  58.824 0.0000000000
65395  15.748  -5.205  59.381 0.0000000000
66438  16.082  -5.163  57.876 0.0000000000
64292  15.724  -5.885  58.099 0.0000000000
64300  15.492  -6.860  57.109 0.0000000000
62973  14.780  -7.320  57.896 0.0000000000
64234  14.557  -6.389  62.430 0.0000000000
61620  12.187  -8.552  59.789 0.0000000000
62932  13.426  -8.174  60.037 0.0000000000
61640  13.031  -8.426  58.815 0.0000000000
61654  13.152  -8.504  58.066 0.0000000000
139486  30.218  1.507  49.688 0.0000000000
72247  28.459  0.185  53.244 0.0000000000
142138  29.150  1.213  53.122 0.0000000000
146035  28.393  0.388  52.600 0.0000000000
73320  28.029  0.448  51.148 0.0000000000
72268  27.858  -0.091  51.568 0.0000000000
71138  27.826  -1.853  50.526 0.0000000000
71108  28.386  -1.324  51.733 0.0000000000
68673  30.341  -3.776  51.218 0.0000000000
68686  29.754  -3.467  50.804 0.0000000000
67569  30.562  -4.422  50.875 0.0000000000
66509  29.883  -5.193  49.887 0.0000000000
65467  30.237  -5.487  50.442 0.0000000000
140386  28.079  -2.319  59.111 0.0000000000
69714  29.366  -2.140  59.686 0.0000000000
68577  28.631  -3.029  58.018 0.0000000000
67525  29.108  -4.119  55.486 0.0000000000
68594  29.991  -3.302  57.305 0.0000000000
67511  30.352  -3.710  55.687 0.0000000000
148507  31.009  -3.057  56.201 0.0000000000
67523  30.447  -4.062  54.809 0.0000000000
67522  30.649  -3.900  54.448 0.0000000000
66460  30.419  -4.977  54.037 0.0000000000
130926  27.252  -6.018  50.085 0.0000000000
65454  28.455  -5.788  51.640 0.0000000000
139487  32.056  1.482  47.162 0.0000000000
147823  32.373  1.381  45.986 0.0000000000
129318  30.745  1.332  46.196 0.0000000000
72370  27.827  -0.081  43.732 0.0000000000
73418  28.321  0.276  43.474 0.0000000000
86325  49.759  11.291  31.767 0.0000000000
76768  35.447  3.064  43.934 0.0000000000
76783  34.290  3.345  43.186 0.0000000000
76756  35.182  2.326  44.220 0.0000000000
133826  33.687  1.572  44.107 0.0000000000
146133  32.465  1.397  43.840 0.0000000000
77913  38.234  4.008  45.718 0.0000000000
77915  37.135  3.297  45.005 0.0000000000
152069  18.089  -5.441  52.854 0.0000000000
65428  17.444  -5.549  54.100 0.0000000000
66454  17.044  -5.648  54.918 0.0000000000
69765  23.252  -2.304  57.869 0.0000000000
69783  23.869  -2.409  57.411 0.0000000000
129292  22.550  -2.223  55.979 0.0000000000
69840  22.222  -2.245  54.576 0.0000000000
69856  21.321  -2.402  53.577 0.0000000000
68665  20.914  -2.970  51.922 0.0000000000
68666  20.474  -3.002  52.488 0.0000000000
130673  19.382  -4.167  52.123 0.0000000000
137389  39.607  8.316  36.579 0.0000000000
152284  22.227  -0.978  62.798 0.0000000000
82390  38.023  7.869  42.882 0.0000000000
82403  37.890  8.011  42.114 0.0000000000
83397  38.391  8.339  40.911 0.0000000000
83409  38.465  8.238  40.086 0.0000000000
82426  37.269  7.577  40.157 0.0000000000
81423  36.044  6.953  39.154 0.0000000000
69698  17.666  -2.421  60.974 0.0000000000
68553  17.148  -2.870  59.646 0.0000000000
68538  17.171  -2.898  61.382 0.0000000000
67471  16.280  -3.978  60.567 0.0000000000
65387  15.542  -5.464  60.187 0.0000000000
64236  13.678  -7.379  62.800 0.0000000000
62898  12.338  -8.132  61.878 0.0000000000
61594  11.853  -8.446  61.274 0.0000000000
60344  10.998  -9.160  59.632 0.0000000000
60345  10.449  -9.318  59.938 0.0000000000
154643  29.090  0.679  54.630 0.0000000000
135679  28.602  -0.342  53.718 0.0000000000
71107  29.091  -1.901  52.226 0.0000000000
69853  29.618  -2.081  53.556 0.0000000000
69884  30.346  -3.297  52.409 0.0000000000
68661  30.853  -3.936  52.766 0.0000000000
68623  26.233  -3.083  55.259 0.0000000000
68608  27.397  -3.284  56.287 0.0000000000
68635  26.838  -3.346  54.881 0.0000000000
136370  27.863  -4.125  54.432 0.0000000000
67544  27.670  -4.329  53.802 0.0000000000
66472  28.250  -4.967  53.375 0.0000000000
66481  27.138  -4.748  52.363 0.0000000000
65470  26.922  -5.539  50.604 0.0000000000
74436  29.435  1.219  47.338 0.0000000000
135658  29.294  1.163  45.958 0.0000000000
73372  28.181  0.657  45.969 0.0000000000
131848  27.334  -0.258  45.110 0.0000000000
87420  48.666  11.531  34.217 0.0000000000
86314  48.296  11.024  32.959 0.0000000000
80368  34.828  5.662  41.532 0.0000000000
80376  33.989  5.625  40.526 0.0000000000
79226  33.791  4.854  41.595 0.0000000000
75569  33.068  2.723  42.657 0.0000000000
75583  31.945  2.690  41.667 0.0000000000
80305  38.561  5.788  45.004 0.0000000000
81345  38.393  6.550  44.544 0.0000000000
81364  37.977  7.002  43.909 0.0000000000
80358  36.906  6.236  43.191 0.0000000000
80359  36.379  5.887  42.809 0.0000000000
73207  28.710  0.431  61.609 0.0000000000
73219  29.122  -0.082  61.447 0.0000000000
70972  28.014  -0.994  60.364 0.0000000000
69716  27.545  -2.019  59.381 0.0000000000
68579  26.482  -3.045  57.523 0.0000000000
129813  24.399  -2.481  56.989 0.0000000000
154433  25.175  -2.649  56.418 0.0000000000
130328  25.840  -2.931  55.833 0.0000000000
130234  25.014  -2.890  53.973 0.0000000000
68663  24.767  -3.054  52.686 0.0000000000
67574  23.991  -3.614  50.313 0.0000000000
86253  43.780  10.677  38.364 0.0000000000
137081  41.722  9.263  37.056 0.0000000000
85281  43.063  9.850  37.353 0.0000000000
86261  44.162  10.561  37.704 0.0000000000
85288  44.689  10.308  36.382 0.0000000000
85294  44.937  10.293  35.649 0.0000000000
85306  44.812  9.990  34.182 0.0000000000
85316  45.563  10.034  33.208 0.0000000000
69804  20.414  -2.423  56.732 0.0000000000
69806  19.144  -2.918  56.533 0.0000000000
69767  20.126  -2.278  57.958 0.0000000000
71015  19.819  -1.852  59.299 0.0000000000
71004  18.941  -1.667  60.286 0.0000000000
72157  20.557  -0.779  61.964 0.0000000000
70983  18.827  -1.596  61.064 0.0000000000
70942  18.677  -1.553  62.618 0.0000000000
75317  29.269  1.816  63.019 0.0000000000
74293  27.449  1.031  61.793 0.0000000000
72150  26.497  -0.238  61.353 0.0000000000
70975  25.578  -1.427  60.687 0.0000000000
72171  25.300  -1.011  61.304 0.0000000000
70998  24.320  -1.975  60.340 0.0000000000
143168  23.247  -2.104  59.539 0.0000000000
129404  21.348  -2.257  57.591 0.0000000000
85252  41.670  10.484  40.613 0.0000000000
84343  40.811  9.530  39.757 0.0000000000
84358  40.345  9.103  39.318 0.0000000000
83421  38.477  8.198  39.275 0.0000000000
145972  39.000  8.427  38.933 0.0000000000
83443  39.212  8.347  37.351 0.0000000000
68612  18.648  -3.348  56.209 0.0000000000
67515  17.615  -4.141  56.215 0.0000000000
66448  16.856  -4.998  56.192 0.0000000000
67495  16.647  -4.139  57.976 0.0000000000
65407  16.378  -5.035  57.260 0.0000000000
65416  16.233  -6.221  56.111 0.0000000000
63010  15.547  -7.393  55.852 0.0000000000
61677  14.549  -8.431  55.730 0.0000000000
66408  15.723  -5.056  61.449 0.0000000000
65380  15.101  -6.097  60.494 0.0000000000
149882  14.148  -7.362  60.037 0.0000000000
62954  14.467  -7.265  58.663 0.0000000000
62974  14.158  -7.809  58.229 0.0000000000
60292  6.313  -9.789  63.858 0.0000000000
130472  34.323  1.816  46.657 0.0000000000
74420  30.967  1.439  48.322 0.0000000000
74422  29.690  1.304  48.103 0.0000000000
74413  28.889  1.159  48.809 0.0000000000
73342  27.345  0.285  48.740 0.0000000000
74394  29.175  1.315  51.129 0.0000000000
73330  27.763  0.489  49.956 0.0000000000
151741  26.929  -0.252  49.049 0.0000000000
71151  26.921  -1.489  49.463 0.0000000000
69919  27.991  -2.834  49.692 0.0000000000
68708  28.343  -3.424  49.408 0.0000000000
69886  28.990  -2.199  51.532 0.0000000000
68687  29.150  -3.051  50.601 0.0000000000
67595  29.091  -4.329  49.418 0.0000000000
66524  29.278  -5.007  49.305 0.0000000000
65485  29.333  -5.741  49.355 0.0000000000
71030  31.531  -1.579  56.970 0.0000000000
70952  30.345  -1.143  61.142 0.0000000000
69696  30.672  -1.971  60.285 0.0000000000
69712  31.075  -2.220  59.688 0.0000000000
146642  29.192  -3.236  57.486 0.0000000000
68575  30.627  -3.114  57.858 0.0000000000
69735  31.705  -2.384  58.406 0.0000000000
69760  31.743  -2.504  57.650 0.0000000000
69796  31.563  -2.436  56.651 0.0000000000
71051  31.065  -2.348  55.842 0.0000000000
69835  30.570  -3.243  54.466 0.0000000000
66468  31.044  -4.569  53.200 0.0000000000
66488  30.669  -5.437  52.201 0.0000000000
66479  28.824  -5.426  52.812 0.0000000000
65452  30.050  -5.862  51.923 0.0000000000
146700  30.177  -5.762  51.154 0.0000000000
65486  28.948  -6.113  49.940 0.0000000000
74462  33.601  1.472  45.499 0.0000000000
74478  31.831  1.337  44.426 0.0000000000
130052  31.053  1.297  44.055 0.0000000000
129647  29.562  1.212  45.208 0.0000000000
74496  29.424  0.942  43.582 0.0000000000
74511  30.548  1.127  42.701 0.0000000000
85315  46.239  10.148  32.765 0.0000000000
141732  35.752  1.970  46.250 0.0000000000
75526  35.117  1.745  45.298 0.0000000000
154959  35.306  1.797  45.876 0.0000000000
75508  36.475  2.208  45.857 0.0000000000
68640  18.852  -3.473  54.860 0.0000000000
68626  19.300  -3.104  55.088 0.0000000000
143185  20.192  -2.483  56.163 0.0000000000
69825  20.663  -2.365  55.549 0.0000000000
131760  19.873  -2.795  54.604 0.0000000000
81403  35.048  6.330  40.460 0.0000000000
80385  34.445  6.026  39.498 0.0000000000
147595  34.480  6.003  40.144 0.0000000000
81402  35.701  6.593  40.772 0.0000000000
81413  35.538  6.655  40.070 0.0000000000
61565  10.453  -8.214  63.670 0.0000000000
61564  10.714  -8.422  62.964 0.0000000000
61597  9.791  -9.068  62.018 0.0000000000
61584  9.571  -8.946  62.701 0.0000000000
72220  30.307  -0.743  56.330 0.0000000000
72229  29.758  -0.794  55.596 0.0000000000
74278  30.287  0.697  62.997 0.0000000000
73194  29.912  0.443  62.467 0.0000000000
67562  25.681  -3.812  51.868 0.0000000000
72305  26.858  -0.182  48.366 0.0000000000
72316  26.863  -0.096  47.562 0.0000000000
85292  46.057  10.568  35.345 0.0000000000
86271  46.553  10.968  35.795 0.0000000000
86282  46.660  10.846  34.990 0.0000000000
86296  46.748  10.749  34.171 0.0000000000
77943  34.965  3.611  43.444 0.0000000000
74523  31.007  1.298  42.143 0.0000000000
145029  30.645  1.197  41.572 0.0000000000
77941  36.293  4.175  43.924 0.0000000000
79185  36.860  4.539  44.231 0.0000000000
79207  35.865  4.609  43.395 0.0000000000
134851  16.566  -6.708  54.230 0.0000000000
135128  16.187  -7.204  54.355 0.0000000000
64316  16.297  -6.790  54.909 0.0000000000
70996  25.898  -1.915  60.108 0.0000000000
69718  25.330  -2.193  59.551 0.0000000000
151585  22.423  -2.275  53.097 0.0000000000
69854  22.980  -2.297  53.397 0.0000000000
69870  22.734  -2.368  52.587 0.0000000000
69869  23.411  -2.419  52.852 0.0000000000
68678  22.351  -2.735  51.401 0.0000000000
68679  21.613  -2.761  51.800 0.0000000000
67605  28.071  -4.155  48.531 0.0000000000
84368  40.466  8.989  38.538 0.0000000000
84393  42.668  9.271  34.628 0.0000000000
70979  22.206  -1.612  60.715 0.0000000000
70956  21.775  -1.177  61.420 0.0000000000
71000  22.202  -1.904  60.026 0.0000000000
84313  39.872  9.625  41.499 0.0000000000
84332  40.001  9.488  40.742 0.0000000000
84333  39.403  9.164  41.028 0.0000000000
69770  18.037  -2.597  58.509 0.0000000000
69751  17.812  -2.458  59.305 0.0000000000
135799  15.602  -5.750  58.844 0.0000000000
64293  15.359  -6.697  57.895 0.0000000000
135751  14.928  -6.855  58.431 0.0000000000
65359  14.591  -6.282  63.230 0.0000000000
61642  11.628  -8.831  59.279 0.0000000000
61641  12.340  -8.605  59.035 0.0000000000
61655  12.502  -8.677  58.269 0.0000000000
72257  28.216  -0.083  52.607 0.0000000000
73311  28.189  0.328  51.983 0.0000000000
135149  28.076  -0.236  52.084 0.0000000000
72267  28.090  -0.629  51.803 0.0000000000
133430  30.692  -3.909  51.985 0.0000000000
66508  30.294  -4.759  50.409 0.0000000000
66498  30.606  -5.109  50.925 0.0000000000
68564  27.708  -2.947  58.219 0.0000000000
68563  28.304  -2.703  58.698 0.0000000000
148206  27.920  -3.152  57.656 0.0000000000
67512  29.674  -3.928  56.003 0.0000000000
67524  29.921  -4.238  55.211 0.0000000000
67534  30.157  -4.649  54.518 0.0000000000
66461  29.757  -5.063  54.183 0.0000000000
74447  31.322  1.370  46.864 0.0000000000
76755  35.833  2.686  44.499 0.0000000000
75542  34.201  1.664  44.524 0.0000000000
74493  33.085  1.526  43.664 0.0000000000
151182  32.830  1.384  44.478 0.0000000000
76754  36.487  3.011  44.761 0.0000000000
66474  17.966  -4.970  53.927 0.0000000000
66462  17.573  -4.989  54.749 0.0000000000
69801  22.459  -2.225  56.720 0.0000000000
69841  21.306  -2.313  54.922 0.0000000000
69823  21.985  -2.232  55.443 0.0000000000
137667  21.580  -2.297  54.181 0.0000000000
69872  20.905  -2.610  53.008 0.0000000000
68652  20.253  -2.907  53.216 0.0000000000
68667  19.473  -3.687  52.869 0.0000000000
66482  18.727  -4.788  52.292 0.0000000000
82382  37.636  7.335  43.270 0.0000000000
82391  37.480  7.507  42.534 0.0000000000
82405  36.904  7.180  41.368 0.0000000000
82404  37.390  7.605  41.740 0.0000000000
82415  37.826  8.042  41.321 0.0000000000
83382  38.314  8.446  41.727 0.0000000000
82425  37.882  7.908  40.499 0.0000000000
82427  36.587  7.243  39.770 0.0000000000
69689  17.656  -2.425  61.808 0.0000000000
68539  16.783  -3.441  61.833 0.0000000000
67468  16.404  -3.996  61.441 0.0000000000
139209  16.003  -4.493  60.467 0.0000000000
67472  16.071  -4.524  61.086 0.0000000000
64220  12.902  -7.571  63.794 0.0000000000
64219  13.026  -7.699  63.109 0.0000000000
61595  11.173  -8.637  61.506 0.0000000000
61581  11.647  -8.416  61.866 0.0000000000
61608  11.334  -8.692  60.785 0.0000000000
61621  11.483  -8.746  60.052 0.0000000000
61622  10.868  -9.050  60.356 0.0000000000
146306  9.688  -9.579  59.752 0.0000000000
60306  8.397  -9.354  62.444 0.0000000000
60307  7.609  -9.566  62.659 0.0000000000
72230  29.130  -0.201  54.858 0.0000000000
72239  28.975  -0.716  54.286 0.0000000000
131378  29.010  -1.161  53.658 0.0000000000
71067  29.572  -1.684  54.223 0.0000000000
150383  30.173  -2.730  53.518 0.0000000000
68647  30.517  -3.312  53.226 0.0000000000
68636  26.298  -3.253  54.472 0.0000000000
67545  26.864  -3.975  53.498 0.0000000000
67553  27.395  -4.572  53.081 0.0000000000
66500  26.560  -4.970  50.973 0.0000000000
74437  28.786  1.067  47.083 0.0000000000
73360  28.152  0.715  46.748 0.0000000000
72339  27.041  -0.319  45.901 0.0000000000
73387  27.648  0.227  45.572 0.0000000000
86315  47.584  10.804  33.149 0.0000000000
86294  48.130  11.181  33.693 0.0000000000
85313  47.781  10.599  32.410 0.0000000000
79235  34.172  5.410  41.215 0.0000000000
79225  34.471  5.089  41.882 0.0000000000
77964  33.462  4.239  41.958 0.0000000000
76800  32.175  3.559  41.240 0.0000000000
76770  34.029  2.583  43.441 0.0000000000
76784  33.673  3.049  42.894 0.0000000000
75584  31.617  2.048  41.751 0.0000000000
75597  31.362  2.338  41.027 0.0000000000
79159  38.502  4.673  45.488 0.0000000000
153878  38.697  5.229  45.333 0.0000000000
79183  38.186  5.167  44.995 0.0000000000
79205  36.964  5.180  43.934 0.0000000000
80324  37.936  5.805  44.511 0.0000000000
81346  37.777  6.385  44.102 0.0000000000
81365  37.431  6.637  43.548 0.0000000000
79215  35.471  5.003  42.815 0.0000000000
80360  35.752  5.631  42.511 0.0000000000
80367  35.489  5.920  41.842 0.0000000000
73208  27.906  0.509  61.443 0.0000000000
73220  28.448  -0.038  61.212 0.0000000000
72168  27.450  -0.595  60.745 0.0000000000
144439  26.889  -2.351  59.356 0.0000000000
69740  27.404  -2.621  58.901 0.0000000000
69800  23.773  -2.369  56.538 0.0000000000
69782  24.593  -2.508  57.642 0.0000000000
69820  24.364  -2.462  55.104 0.0000000000
146423  24.677  -2.509  55.629 0.0000000000
69798  25.249  -2.683  55.887 0.0000000000
68610  25.682  -2.900  56.514 0.0000000000
68625  25.031  -2.672  55.201 0.0000000000
68624  25.574  -2.877  55.367 0.0000000000
69887  23.451  -2.615  52.113 0.0000000000
129070  24.270  -2.979  52.070 0.0000000000
68676  24.512  -3.270  51.421 0.0000000000
68688  24.083  -3.325  50.886 0.0000000000
68680  20.428  -3.329  51.785 0.0000000000
152561  21.060  -3.223  51.219 0.0000000000
67564  20.397  -3.736  51.209 0.0000000000
86220  42.458  11.311  40.651 0.0000000000
85272  42.666  10.139  38.826 0.0000000000
86244  42.967  10.716  39.276 0.0000000000
86254  43.234  10.506  38.762 0.0000000000
86243  43.526  11.077  39.017 0.0000000000
85277  43.081  10.121  38.208 0.0000000000
83450  40.638  8.677  36.173 0.0000000000
84375  41.246  9.077  37.384 0.0000000000
84382  42.699  9.541  36.449 0.0000000000
85276  43.593  10.244  37.786 0.0000000000
85279  44.441  10.408  37.071 0.0000000000
85289  44.005  10.060  36.510 0.0000000000
85300  44.531  10.018  34.964 0.0000000000
129258  20.783  -2.297  57.754 0.0000000000
69785  20.266  -2.375  57.306 0.0000000000
128805  20.662  -2.171  58.408 0.0000000000
71002  20.358  -1.618  59.778 0.0000000000
71003  19.646  -1.561  60.014 0.0000000000
72156  21.333  -0.843  62.032 0.0000000000
72139  20.215  -0.781  62.647 0.0000000000
70959  19.389  -1.303  61.530 0.0000000000
70941  19.252  -1.283  62.279 0.0000000000
70960  18.738  -1.581  61.843 0.0000000000
146705  28.721  1.435  62.386 0.0000000000
72170  26.050  -0.861  61.074 0.0000000000
70977  23.998  -1.846  61.027 0.0000000000
70976  24.795  -1.599  60.877 0.0000000000
69720  23.934  -2.111  59.812 0.0000000000
69722  21.888  -1.969  59.399 0.0000000000
69746  21.930  -2.187  58.604 0.0000000000
131970  21.312  -2.211  58.180 0.0000000000
130852  20.980  -2.331  57.072 0.0000000000
79241  33.492  5.202  40.130 0.0000000000
84344  40.188  9.292  40.029 0.0000000000
83429  39.711  8.688  38.915 0.0000000000
82437  37.806  7.848  39.627 0.0000000000
82462  37.900  7.879  37.846 0.0000000000
144847  38.498  8.211  38.491 0.0000000000
83431  38.595  8.263  37.802 0.0000000000
83430  39.155  8.432  38.257 0.0000000000
69787  19.080  -2.721  57.216 0.0000000000
68598  18.525  -3.146  56.920 0.0000000000
67503  17.420  -3.954  56.907 0.0000000000
152836  17.283  -4.596  55.985 0.0000000000
67516  17.080  -4.469  56.544 0.0000000000
68566  16.729  -3.424  59.165 0.0000000000
67488  16.437  -4.013  58.701 0.0000000000
65408  16.012  -5.668  57.355 0.0000000000
133034  16.418  -4.663  57.726 0.0000000000
65415  16.365  -5.499  56.607 0.0000000000
64317  16.014  -6.818  55.605 0.0000000000
64307  15.770  -6.792  56.350 0.0000000000
62991  14.973  -7.527  57.067 0.0000000000
63011  15.015  -7.816  56.208 0.0000000000
134219  14.967  -6.024  62.020 0.0000000000
65374  15.023  -6.070  61.310 0.0000000000
65379  15.422  -5.546  60.978 0.0000000000
62912  13.787  -7.726  61.149 0.0000000000
62956  13.505  -8.173  59.301 0.0000000000
141452  13.862  -7.796  59.710 0.0000000000
64274  14.289  -7.250  59.403 0.0000000000
62955  13.975  -7.770  58.983 0.0000000000
60291  6.947  -9.540  63.639 0.0000000000
60274  6.749  -9.397  64.232 0.0000000000
59015  5.682  -10.150  64.171 0.0000000000
74433  32.218  1.629  47.866 0.0000000000
130418  30.324  1.375  48.487 0.0000000000
74411  30.633  1.467  49.041 0.0000000000
147164  29.351  1.321  49.642 0.0000000000
144240  27.967  0.676  49.163 0.0000000000
144228  29.059  1.229  52.410 0.0000000000
131882  27.685  0.301  50.577 0.0000000000
147006  27.261  0.117  49.511 0.0000000000
73331  27.317  -0.072  50.249 0.0000000000
72286  26.988  -0.633  49.691 0.0000000000
71139  27.251  -1.360  50.051 0.0000000000
69910  27.533  -2.103  49.917 0.0000000000
68699  28.745  -3.232  50.009 0.0000000000
67570  30.063  -4.036  50.587 0.0000000000
68698  29.430  -3.629  50.281 0.0000000000
67584  28.988  -3.812  49.710 0.0000000000
147862  29.728  -5.718  50.012 0.0000000000
136008  29.192  -0.606  61.012 0.0000000000
72149  29.893  -0.422  61.576 0.0000000000
70971  29.569  -1.261  60.588 0.0000000000
70993  29.894  -1.825  60.190 0.0000000000
69713  30.350  -2.297  59.757 0.0000000000
69695  31.019  -1.807  60.285 0.0000000000
69737  30.799  -2.597  59.110 0.0000000000
67513  28.275  -3.504  56.543 0.0000000000
68595  28.474  -3.284  57.259 0.0000000000
67501  30.201  -3.472  56.518 0.0000000000
68560  31.108  -2.833  58.356 0.0000000000
69761  31.525  -2.722  58.020 0.0000000000
68573  31.573  -2.748  57.292 0.0000000000
68591  31.477  -2.711  56.604 0.0000000000
69797  31.272  -2.555  56.165 0.0000000000
69819  30.866  -2.782  55.336 0.0000000000
68621  30.659  -3.279  54.918 0.0000000000
66469  30.822  -4.918  53.649 0.0000000000
67532  30.886  -4.314  53.806 0.0000000000
66480  27.891  -5.180  52.656 0.0000000000
66489  28.360  -5.571  52.263 0.0000000000
65453  29.361  -5.916  51.441 0.0000000000
65468  29.584  -5.882  50.649 0.0000000000
75511  33.936  1.573  46.031 0.0000000000
74445  33.152  1.462  46.060 0.0000000000
74465  31.229  1.340  45.462 0.0000000000
74464  32.036  1.347  45.256 0.0000000000
152785  31.526  1.347  45.005 0.0000000000
74466  28.793  0.990  45.565 0.0000000000
73385  28.816  0.923  44.736 0.0000000000
73417  28.932  0.567  43.138 0.0000000000
73416  29.682  0.820  42.903 0.0000000000
87451  50.260  11.731  32.225 0.0000000000
87468  50.362  11.545  31.504 0.0000000000
87467  50.987  11.807  31.295 0.0000000000
84407  45.574  9.681  32.570 0.0000000000
75540  35.507  2.114  44.850 0.0000000000
133963  19.081  -3.762  53.586 0.0000000000
67546  18.691  -3.833  54.351 0.0000000000
67527  18.382  -3.892  55.105 0.0000000000
152070  21.359  -2.282  56.691 0.0000000000
69802  21.764  -2.228  56.276 0.0000000000
153534  20.370  -2.598  54.222 0.0000000000
68638  20.008  -2.887  53.886 0.0000000000
81380  36.672  6.491  42.490 0.0000000000
81392  36.486  6.718  41.783 0.0000000000
82417  36.774  7.254  40.604 0.0000000000
81412  36.171  6.925  40.340 0.0000000000
68536  17.214  -2.943  62.248 0.0000000000
68533  17.258  -2.984  63.103 0.0000000000
61582  11.063  -8.495  62.256 0.0000000000
61596  10.486  -8.853  61.781 0.0000000000
60332  10.206  -9.269  60.546 0.0000000000
60320  10.003  -9.184  61.296 0.0000000000
60321  9.293  -9.340  61.504 0.0000000000
60322  8.595  -9.477  61.731 0.0000000000
73276  29.691  0.013  56.046 0.0000000000
71066  30.180  -2.082  54.746 0.0000000000
69836  30.519  -2.738  54.666 0.0000000000
68662  25.487  -3.404  52.591 0.0000000000
67555  26.062  -3.840  52.510 0.0000000000
67561  26.451  -4.263  52.080 0.0000000000
66501  25.884  -4.625  50.640 0.0000000000
73361  27.439  0.370  47.148 0.0000000000
72327  26.920  -0.110  46.771 0.0000000000
86267  45.748  10.884  36.755 0.0000000000
86272  45.970  10.695  36.090 0.0000000000
86280  47.992  11.291  34.459 0.0000000000
79216  34.810  4.746  42.526 0.0000000000
77954  33.870  3.820  42.602 0.0000000000
75558  32.984  1.894  43.036 0.0000000000
75571  31.969  2.054  42.213 0.0000000000
75585  31.087  1.663  41.480 0.0000000000
77929  37.291  4.123  44.798 0.0000000000
79184  37.464  5.041  44.529 0.0000000000
80348  36.678  5.566  43.437 0.0000000000
65434  17.334  -6.039  53.494 0.0000000000
63046  15.866  -7.743  54.074 0.0000000000
72169  26.751  -0.720  60.845 0.0000000000
70973  27.172  -1.166  60.373 0.0000000000
69717  26.177  -2.386  59.533 0.0000000000
69839  22.977  -2.252  54.591 0.0000000000
69821  23.584  -2.310  55.011 0.0000000000
147752  24.091  -2.432  54.558 0.0000000000
69837  24.278  -2.555  54.000 0.0000000000
68651  23.795  -2.468  53.417 0.0000000000
128800  23.056  -2.817  51.307 0.0000000000
68690  22.583  -3.030  50.664 0.0000000000
68702  22.117  -3.396  50.251 0.0000000000
68709  27.636  -3.031  49.086 0.0000000000
85274  41.451  9.779  39.495 0.0000000000
85273  42.088  9.910  39.201 0.0000000000
84356  41.601  9.540  38.891 0.0000000000
84366  42.090  9.670  38.449 0.0000000000
84388  41.685  9.156  36.028 0.0000000000
84387  41.883  9.133  35.475 0.0000000000
84386  42.579  9.376  35.483 0.0000000000
84381  43.438  9.660  35.886 0.0000000000
129956  43.151  9.504  35.080 0.0000000000
138177  43.319  9.460  34.368 0.0000000000
71001  21.080  -1.769  59.578 0.0000000000
70980  20.877  -1.442  60.244 0.0000000000
148014  20.709  -1.204  60.803 0.0000000000
137948  22.804  -1.984  60.213 0.0000000000
85254  40.479  9.972  41.191 0.0000000000
69769  18.786  -2.387  58.315 0.0000000000
68581  18.424  -2.857  57.720 0.0000000000
68582  17.606  -3.156  58.035 0.0000000000
66431  16.048  -4.562  58.988 0.0000000000
66437  16.218  -4.600  58.299 0.0000000000
128880  15.885  -5.188  58.570 0.0000000000
64299  15.741  -6.300  57.480 0.0000000000
154228  15.154  -7.099  57.494 0.0000000000
62992  14.369  -7.977  57.457 0.0000000000
65368  14.983  -5.955  62.674 0.0000000000
64246  14.576  -6.509  61.711 0.0000000000
61606  12.762  -8.327  60.294 0.0000000000
136259  13.339  -8.110  60.771 0.0000000000
61619  12.889  -8.371  59.555 0.0000000000
130351  29.751  1.447  50.382 0.0000000000
73300  28.786  0.743  53.477 0.0000000000
74377  28.674  0.792  52.873 0.0000000000
74378  28.557  0.845  52.229 0.0000000000
74386  28.492  0.924  51.555 0.0000000000
71123  27.437  -0.845  50.583 0.0000000000
72277  27.877  -0.724  51.283 0.0000000000
71122  28.168  -1.571  51.112 0.0000000000
69900  28.729  -2.412  50.902 0.0000000000
135504  30.185  -3.331  51.765 0.0000000000
68674  29.614  -2.979  51.254 0.0000000000
69715  28.395  -1.954  59.510 0.0000000000
69739  28.873  -2.460  59.175 0.0000000000
68562  29.278  -2.783  58.637 0.0000000000
67536  28.444  -4.162  54.932 0.0000000000
154278  28.903  -3.832  56.138 0.0000000000
68593  30.769  -3.202  57.089 0.0000000000
68592  31.152  -3.030  56.886 0.0000000000
68607  30.827  -3.228  56.309 0.0000000000
67510  30.711  -3.349  55.440 0.0000000000
67533  30.685  -4.556  54.191 0.0000000000
66470  30.310  -5.300  53.575 0.0000000000
65455  27.708  -5.804  50.980 0.0000000000
65487  28.001  -6.253  50.184 0.0000000000
147369  32.616  1.494  46.651 0.0000000000
74446  31.976  1.405  46.539 0.0000000000
129333  31.600  1.353  46.052 0.0000000000
129259  30.465  1.308  45.386 0.0000000000
73402  28.165  0.370  44.330 0.0000000000
86313  48.991  11.238  32.759 0.0000000000
86312  49.655  11.464  32.529 0.0000000000
76769  34.747  2.781  43.695 0.0000000000
75556  34.370  2.027  44.009 0.0000000000
75557  33.635  1.909  43.540 0.0000000000
74508  32.567  1.500  43.323 0.0000000000
74494  31.841  1.338  43.489 0.0000000000
76738  37.401  2.989  45.618 0.0000000000
77914  37.653  3.710  45.393 0.0000000000
77931  36.082  3.419  44.207 0.0000000000
153246  17.579  -5.970  53.060 0.0000000000
66473  18.321  -4.954  53.057 0.0000000000
133547  17.800  -5.544  53.304 0.0000000000
69719  24.555  -2.148  59.682 0.0000000000
69764  24.086  -2.306  58.279 0.0000000000
129324  23.144  -2.297  57.076 0.0000000000
146301  23.038  -2.273  56.428 0.0000000000
69822  22.771  -2.241  55.226 0.0000000000
69855  22.157  -2.270  53.660 0.0000000000
146888  21.807  -2.427  52.767 0.0000000000
69871  21.124  -2.715  52.394 0.0000000000
67565  19.976  -3.819  51.731 0.0000000000
148658  19.948  -3.255  52.859 0.0000000000
68681  19.937  -3.525  52.310 0.0000000000
132313  40.017  8.606  37.200 0.0000000000
83451  40.178  8.572  36.574 0.0000000000
72155  22.218  -1.072  62.231 0.0000000000
72136  22.840  -1.077  62.981 0.0000000000
83361  38.462  8.291  43.298 0.0000000000
83381  38.713  8.939  42.155 0.0000000000
83396  38.851  8.782  41.352 0.0000000000
83408  38.995  8.648  40.546 0.0000000000
144925  37.145  7.555  39.496 0.0000000000
82439  36.683  7.353  38.874 0.0000000000
69697  18.291  -2.026  60.614 0.0000000000
69725  17.703  -2.419  60.138 0.0000000000
68542  17.121  -2.880  60.515 0.0000000000
68554  16.590  -3.444  60.041 0.0000000000
68543  16.681  -3.394  60.958 0.0000000000
154623  16.274  -3.891  60.015 0.0000000000
67482  16.080  -4.256  60.008 0.0000000000
66422  15.849  -4.809  60.038 0.0000000000
65388  15.280  -6.071  59.530 0.0000000000
62879  13.110  -7.843  62.349 0.0000000000
62913  12.567  -8.199  61.042 0.0000000000
61607  12.029  -8.496  60.532 0.0000000000
142741  10.412  -9.467  59.240 0.0000000000
73291  28.730  0.274  54.074 0.0000000000
72256  28.520  -0.590  53.131 0.0000000000
71093  29.071  -1.538  52.959 0.0000000000
69868  29.814  -2.550  52.826 0.0000000000
68609  26.467  -3.095  56.163 0.0000000000
68596  27.663  -3.246  57.032 0.0000000000
68622  27.093  -3.301  55.516 0.0000000000
146039  27.547  -3.709  54.954 0.0000000000
138643  26.399  -3.511  53.871 0.0000000000
67537  27.044  -3.725  54.270 0.0000000000
67535  28.663  -4.779  54.222 0.0000000000
66491  26.844  -4.852  51.661 0.0000000000
66499  27.161  -5.285  51.222 0.0000000000
74435  30.118  1.302  47.351 0.0000000000
74448  30.107  1.277  46.683 0.0000000000
74449  29.444  1.191  46.636 0.0000000000
74450  28.764  1.022  46.343 0.0000000000
73403  27.766  0.151  44.920 0.0000000000
72354  27.501  -0.249  44.374 0.0000000000
86293  48.828  11.390  33.482 0.0000000000
86327  48.505  10.790  32.261 0.0000000000
80375  34.606  5.886  40.845 0.0000000000
77972  33.112  4.582  41.276 0.0000000000
76793  33.233  3.510  42.313 0.0000000000
76794  32.601  3.151  42.013 0.0000000000
80366  36.125  6.176  42.147 0.0000000000
74291  29.100  0.790  62.122 0.0000000000
73206  29.498  0.163  61.900 0.0000000000
147830  28.741  -0.972  60.568 0.0000000000
70995  27.777  -1.461  59.827 0.0000000000
69763  24.852  -2.414  58.288 0.0000000000
128627  25.302  -2.648  57.863 0.0000000000
69799  24.649  -2.504  56.305 0.0000000000
69781  25.086  -2.634  57.004 0.0000000000
68580  25.784  -2.931  57.334 0.0000000000
150019  26.236  -3.066  56.896 0.0000000000
146673  25.518  -2.948  54.679 0.0000000000
68649  25.289  -3.111  53.281 0.0000000000
68650  24.523  -2.805  53.360 0.0000000000
68675  24.976  -3.330  52.016 0.0000000000
67573  24.706  -3.703  50.769 0.0000000000
67575  20.951  -3.804  50.673 0.0000000000
71160  26.582  -1.398  48.205 0.0000000000
87343  44.151  11.393  38.746 0.0000000000
84374  41.861  9.376  37.704 0.0000000000
85282  42.495  9.739  37.874 0.0000000000
84383  41.963  9.310  36.531 0.0000000000
84373  42.285  9.534  37.153 0.0000000000
86252  44.473  11.107  38.133 0.0000000000
86260  44.801  10.871  37.539 0.0000000000
85295  44.246  9.984  35.752 0.0000000000
85299  45.333  10.327  34.884 0.0000000000
85305  45.481  10.236  33.969 0.0000000000
69805  19.638  -2.712  56.166 0.0000000000
69786  19.732  -2.513  56.799 0.0000000000
69768  19.613  -2.430  57.536 0.0000000000
138356  19.472  -2.296  58.164 0.0000000000
69748  19.981  -2.103  58.614 0.0000000000
69749  19.282  -2.092  58.812 0.0000000000
69723  19.083  -1.826  59.525 0.0000000000
70957  20.971  -1.027  61.354 0.0000000000
72138  20.945  -0.683  62.682 0.0000000000
70958  20.172  -1.119  61.256 0.0000000000
70982  19.523  -1.389  60.763 0.0000000000
135752  18.239  -2.031  61.420 0.0000000000
69688  18.197  -2.010  62.218 0.0000000000
69683  18.162  -1.956  63.023 0.0000000000
74267  30.254  1.246  63.548 0.0000000000
74292  28.261  1.011  61.866 0.0000000000
73209  27.062  0.364  61.473 0.0000000000
73222  27.064  -0.245  61.107 0.0000000000
70997  25.074  -1.873  60.205 0.0000000000
69744  23.974  -2.213  59.159 0.0000000000
69745  23.296  -2.220  58.683 0.0000000000
132246  22.590  -2.250  58.259 0.0000000000
69721  22.590  -2.163  59.021 0.0000000000
69766  21.909  -2.229  57.863 0.0000000000
129378  21.760  -2.235  57.096 0.0000000000
80386  33.987  5.673  39.789 0.0000000000
86221  41.965  10.978  40.986 0.0000000000
85253  41.082  10.247  40.877 0.0000000000
85263  41.247  10.039  40.186 0.0000000000
83420  39.160  8.565  39.669 0.0000000000
83442  39.871  8.640  38.003 0.0000000000
68611  19.239  -3.069  55.845 0.0000000000
67514  18.208  -3.836  55.854 0.0000000000
68613  18.035  -3.628  56.562 0.0000000000
67528  17.739  -4.390  55.429 0.0000000000
153142  17.184  -5.028  55.512 0.0000000000
154070  16.715  -5.948  55.237 0.0000000000
68583  16.938  -3.526  58.366 0.0000000000
67504  16.804  -4.391  57.245 0.0000000000
132926  16.681  -4.867  56.768 0.0000000000
128628  16.683  -5.649  55.721 0.0000000000
65422  16.461  -6.286  55.425 0.0000000000
63031  15.082  -7.969  55.309 0.0000000000
64308  15.387  -7.299  56.541 0.0000000000
133601  14.121  -6.918  62.182 0.0000000000
64247  14.160  -7.078  61.425 0.0000000000
62931  13.809  -7.803  60.416 0.0000000000
64258  14.179  -7.208  60.658 0.0000000000
64273  14.637  -6.762  60.014 0.0000000000
64284  14.810  -6.745  59.103 0.0000000000
61653  13.754  -8.295  57.784 0.0000000000
61666  13.882  -8.534  56.995 0.0000000000
60290  7.551  -9.355  63.403 0.0000000000
60308  7.103  -9.647  63.105 0.0000000000
59044  6.540  -9.914  63.223 0.0000000000
140969  6.176  -10.397  62.750 0.0000000000
60275  6.078  -9.601  64.505 0.0000000000
134143  35.077  1.865  46.496 0.0000000000
128727  31.514  1.453  47.701 0.0000000000
74434  30.817  1.368  47.515 0.0000000000
74421  30.389  1.352  47.961 0.0000000000
74423  28.829  1.124  47.857 0.0000000000
74412  29.860  1.385  48.958 0.0000000000
73341  28.101  0.775  48.327 0.0000000000
74403  28.878  1.229  50.366 0.0000000000
152424  28.504  1.014  50.929 0.0000000000
74395  28.188  0.789  50.449 0.0000000000
71152  26.651  -0.896  48.829 0.0000000000
69921  26.702  -1.764  48.802 0.0000000000
69920  27.259  -2.337  49.300 0.0000000000
67596  28.529  -4.065  49.097 0.0000000000
66525  28.832  -4.623  49.019 0.0000000000
141553  29.223  -5.602  48.793 0.0000000000
65503  29.535  -6.247  48.657 0.0000000000
72219  31.051  -1.396  56.520 0.0000000000
72148  30.820  -0.711  61.790 0.0000000000
134154  30.343  -1.623  60.634 0.0000000000
70951  31.135  -1.141  61.276 0.0000000000
70992  31.349  -1.798  60.028 0.0000000000
68576  29.679  -3.078  58.011 0.0000000000
67502  29.264  -3.540  56.763 0.0000000000
68561  30.285  -2.875  58.572 0.0000000000
69736  31.364  -2.529  58.816 0.0000000000
69711  31.584  -2.146  59.263 0.0000000000
71013  31.871  -1.826  58.755 0.0000000000
69780  31.679  -2.515  57.061 0.0000000000
71021  31.876  -1.796  57.462 0.0000000000
71029  31.727  -1.988  57.014 0.0000000000
71039  31.361  -1.898  56.447 0.0000000000
69851  30.654  -3.526  53.811 0.0000000000
68634  30.724  -3.734  54.083 0.0000000000
68646  30.861  -3.937  53.457 0.0000000000
67552  31.020  -4.659  52.418 0.0000000000
154777  30.628  -5.496  51.503 0.0000000000
66471  29.310  -5.305  53.538 0.0000000000
66478  29.986  -5.692  52.810 0.0000000000
65441  29.185  -5.784  52.180 0.0000000000
64375  28.269  -6.702  49.526 0.0000000000
75510  34.711  1.665  45.911 0.0000000000
74463  32.935  1.397  45.351 0.0000000000
148204  31.054  1.273  43.329 0.0000000000
130417  29.934  1.258  46.016 0.0000000000
73401  28.841  0.771  43.918 0.0000000000
74481  29.496  1.133  44.269 0.0000000000
74480  30.297  1.267  44.569 0.0000000000
74495  30.213  1.172  43.637 0.0000000000
85304  46.158  10.398  33.644 0.0000000000
85321  46.635  9.873  32.097 0.0000000000
64235  14.144  -6.731  62.831 0.0000000000
66413  15.763  -4.976  60.695 0.0000000000
68578  27.230  -3.090  57.601 0.0000000000
69741  26.497  -2.628  58.866 0.0000000000
69762  26.872  -2.922  58.235 0.0000000000
69857  20.932  -2.412  54.218 0.0000000000
70970  30.847  -1.568  60.739 0.0000000000
72167  28.232  -0.512  60.792 0.0000000000
85280  43.781  10.162  37.199 0.0000000000
85287  45.354  10.514  36.275 0.0000000000
86235  42.162  10.776  40.453 0.0000000000
136646  15.968  -4.538  59.565 0.0000000000
146341  29.779  1.248  46.998 0.0000000000
