#!ascii label  , from subject sub-v2s1x29881_ses-1 vox2ras=TkReg
1299
97355  39.749  16.666  26.205 0.0000000000
98133  50.938  17.648  22.006 0.0000000000
98956  44.308  18.816  9.686 0.0000000000
97544  55.214  16.907  7.967 0.0000000000
136714  45.172  12.047  28.402 0.0000000000
101460  42.969  21.973  15.307 0.0000000000
97493  53.996  17.486  14.798 0.0000000000
97596  39.895  16.966  2.414 0.0000000000
97457  43.941  16.416  17.068 0.0000000000
96423  46.214  15.986  27.666 0.0000000000
95607  48.635  14.387  23.398 0.0000000000
130218  40.036  21.054  6.254 0.0000000000
99027  46.222  18.712  2.985 0.0000000000
98216  48.187  18.635  13.508 0.0000000000
99643  51.144  19.443  7.582 0.0000000000
99727  39.243  19.320  3.157 0.0000000000
127244  43.464  14.606  24.375 0.0000000000
96426  43.712  16.505  28.047 0.0000000000
93980  46.903  13.253  27.181 0.0000000000
144825  40.830  21.773  10.945 0.0000000000
102570  40.602  23.986  8.210 0.0000000000
100302  42.027  20.125  8.616 0.0000000000
98999  43.383  18.307  5.821 0.0000000000
99667  45.323  19.433  6.676 0.0000000000
96533  47.782  16.175  20.648 0.0000000000
97480  46.099  16.333  15.101 0.0000000000
97456  49.063  16.390  17.497 0.0000000000
97527  54.740  17.213  10.360 0.0000000000
99581  53.418  19.573  10.995 0.0000000000
99639  54.593  19.111  7.723 0.0000000000
99693  53.690  19.794  3.807 0.0000000000
98250  53.470  17.624  7.815 0.0000000000
141165  50.451  16.428  9.486 0.0000000000
95509  39.017  16.134  28.600 0.0000000000
95493  42.468  15.756  29.200 0.0000000000
99567  42.890  19.279  12.905 0.0000000000
97406  52.923  17.347  20.977 0.0000000000
98169  52.700  18.036  18.415 0.0000000000
96618  54.642  16.172  17.013 0.0000000000
95714  54.985  14.936  12.749 0.0000000000
128396  45.162  20.608  18.187 0.0000000000
97441  42.757  16.501  18.955 0.0000000000
95609  45.901  14.888  22.691 0.0000000000
97367  48.926  16.825  25.502 0.0000000000
95480  45.815  14.450  31.388 0.0000000000
95515  49.011  14.727  27.865 0.0000000000
96487  51.197  16.412  24.461 0.0000000000
95662  50.121  15.112  20.183 0.0000000000
96431  35.514  15.848  27.503 0.0000000000
102595  42.624  23.876  4.268 0.0000000000
101518  41.140  21.194  3.185 0.0000000000
99701  40.787  18.972  4.299 0.0000000000
98323  42.617  17.068  1.494 0.0000000000
97603  45.606  16.228  1.954 0.0000000000
100248  45.798  20.300  16.578 0.0000000000
99558  46.430  20.133  14.604 0.0000000000
127787  46.137  18.514  11.707 0.0000000000
141205  50.721  16.261  13.659 0.0000000000
99585  49.750  19.175  11.013 0.0000000000
99630  48.128  18.895  8.322 0.0000000000
99695  48.910  19.916  5.058 0.0000000000
99039  49.433  18.786  2.197 0.0000000000
100356  38.350  20.411  3.732 0.0000000000
100951  39.446  20.670  2.302 0.0000000000
96455  41.832  15.947  25.857 0.0000000000
97342  41.548  16.799  27.235 0.0000000000
99602  42.209  19.625  10.457 0.0000000000
100295  41.209  20.849  9.397 0.0000000000
99617  43.231  19.474  9.235 0.0000000000
126785  43.624  19.501  7.819 0.0000000000
127208  45.055  19.247  8.185 0.0000000000
97399  49.113  16.806  21.357 0.0000000000
147436  48.411  16.418  18.550 0.0000000000
97420  49.831  17.056  19.378 0.0000000000
97533  55.075  17.061  8.917 0.0000000000
98949  54.762  18.441  9.289 0.0000000000
98248  55.010  17.551  7.927 0.0000000000
98972  54.951  18.368  6.818 0.0000000000
98249  54.821  17.211  7.734 0.0000000000
96679  52.533  15.933  9.298 0.0000000000
96678  53.714  15.975  8.659 0.0000000000
94756  40.554  14.373  27.403 0.0000000000
100888  42.008  21.367  13.525 0.0000000000
126065  42.669  20.829  14.216 0.0000000000
96591  52.516  15.854  18.736 0.0000000000
96590  53.598  16.469  18.633 0.0000000000
95700  53.437  15.017  16.755 0.0000000000
94089  55.592  13.463  13.553 0.0000000000
94128  56.578  12.897  10.585 0.0000000000
95722  55.464  14.272  10.701 0.0000000000
95533  45.033  14.885  26.471 0.0000000000
132563  44.547  14.569  23.258 0.0000000000
95550  46.052  14.795  25.591 0.0000000000
95588  46.925  15.328  23.916 0.0000000000
136209  47.454  16.135  26.996 0.0000000000
94744  44.144  13.650  29.076 0.0000000000
95491  44.327  14.808  30.207 0.0000000000
93962  45.746  13.377  29.934 0.0000000000
94797  47.483  13.728  24.882 0.0000000000
94751  48.515  14.152  27.436 0.0000000000
95548  49.071  14.633  25.980 0.0000000000
95528  50.086  15.637  26.304 0.0000000000
95585  49.958  15.134  23.654 0.0000000000
96518  50.558  15.536  21.868 0.0000000000
95643  48.980  14.731  21.357 0.0000000000
94847  49.365  13.764  16.784 0.0000000000
102067  40.091  22.791  7.134 0.0000000000
102583  41.556  24.117  6.318 0.0000000000
102073  40.841  22.871  5.630 0.0000000000
102077  41.700  22.790  4.274 0.0000000000
101506  40.328  21.354  4.877 0.0000000000
131093  40.365  20.109  3.392 0.0000000000
99687  40.459  19.880  5.317 0.0000000000
99014  44.465  18.320  4.876 0.0000000000
98296  43.072  17.536  4.350 0.0000000000
98308  44.137  17.679  3.008 0.0000000000
97613  44.333  16.649  0.919 0.0000000000
98332  45.837  17.339  1.438 0.0000000000
128428  43.493  18.510  16.994 0.0000000000
99535  45.154  19.832  17.024 0.0000000000
98202  44.068  17.624  16.005 0.0000000000
97498  46.576  16.958  14.197 0.0000000000
98205  46.827  18.657  14.776 0.0000000000
99556  47.558  19.536  13.958 0.0000000000
98895  46.358  19.496  13.133 0.0000000000
98906  47.855  19.410  12.840 0.0000000000
98195  53.395  17.729  16.865 0.0000000000
126252  51.590  16.899  16.227 0.0000000000
148723  52.454  16.720  14.167 0.0000000000
99611  52.545  19.747  9.271 0.0000000000
131052  51.611  19.242  11.166 0.0000000000
99613  50.100  19.070  9.478 0.0000000000
98950  48.745  18.705  9.869 0.0000000000
99644  49.681  19.168  7.866 0.0000000000
135541  48.172  19.477  6.369 0.0000000000
99662  50.087  19.499  6.493 0.0000000000
98996  51.358  18.419  5.048 0.0000000000
99037  50.864  19.246  2.710 0.0000000000
98292  49.409  18.005  4.729 0.0000000000
98293  47.958  17.547  4.595 0.0000000000
147253  43.709  22.731  16.615 0.0000000000
143946  38.779  19.190  3.508 0.0000000000
143884  39.540  18.125  2.847 0.0000000000
95632  42.378  15.298  21.905 0.0000000000
95593  42.225  15.021  24.132 0.0000000000
95535  43.289  15.262  26.249 0.0000000000
96409  45.072  16.614  28.499 0.0000000000
137965  46.397  12.454  28.160 0.0000000000
102052  40.569  23.423  9.846 0.0000000000
135280  40.277  21.754  8.899 0.0000000000
100311  40.975  20.305  7.633 0.0000000000
99672  41.076  19.586  6.697 0.0000000000
99670  42.581  19.254  7.073 0.0000000000
99685  44.545  19.106  6.103 0.0000000000
99699  45.684  19.082  5.187 0.0000000000
96573  46.196  15.821  19.363 0.0000000000
97470  44.883  16.432  16.020 0.0000000000
130599  46.675  15.890  18.012 0.0000000000
96632  47.609  15.873  15.659 0.0000000000
96640  48.334  15.932  14.554 0.0000000000
98217  54.234  17.789  12.595 0.0000000000
98218  54.080  18.068  12.513 0.0000000000
98919  54.651  19.056  11.220 0.0000000000
127917  54.030  20.046  9.799 0.0000000000
99641  53.640  19.968  7.457 0.0000000000
100318  52.963  20.250  6.021 0.0000000000
99658  54.928  19.214  5.971 0.0000000000
98982  54.168  18.690  5.862 0.0000000000
98270  51.898  18.087  6.826 0.0000000000
96680  51.652  15.903  9.624 0.0000000000
97332  39.461  16.832  27.966 0.0000000000
97320  40.670  16.748  28.383 0.0000000000
96412  40.490  16.004  28.877 0.0000000000
94754  42.450  13.823  27.849 0.0000000000
93971  43.708  12.598  28.030 0.0000000000
102036  41.937  23.067  12.177 0.0000000000
100265  41.580  20.514  12.256 0.0000000000
98932  43.062  18.775  11.559 0.0000000000
134100  52.276  17.470  22.274 0.0000000000
98144  51.740  17.956  20.468 0.0000000000
98152  53.398  17.801  19.931 0.0000000000
98167  54.213  17.573  18.369 0.0000000000
97484  54.390  16.919  16.130 0.0000000000
94849  54.790  14.359  15.474 0.0000000000
96636  54.720  15.759  15.000 0.0000000000
142050  54.501  16.579  13.226 0.0000000000
138608  54.612  15.695  11.586 0.0000000000
96661  55.796  15.584  8.800 0.0000000000
96676  55.999  15.622  7.943 0.0000000000
95777  55.075  15.331  7.754 0.0000000000
149295  43.340  19.040  18.189 0.0000000000
96598  43.730  15.921  18.632 0.0000000000
95648  43.455  15.048  21.174 0.0000000000
95647  44.667  14.967  20.998 0.0000000000
96551  45.128  15.389  20.078 0.0000000000
96521  46.637  15.491  21.498 0.0000000000
96504  47.862  15.871  23.013 0.0000000000
136604  49.593  17.188  23.624 0.0000000000
97301  43.554  16.461  29.320 0.0000000000
97287  44.601  16.623  30.768 0.0000000000
96389  46.777  16.639  30.139 0.0000000000
93968  47.334  12.963  29.342 0.0000000000
95490  47.855  15.135  29.912 0.0000000000
96406  47.932  16.447  28.844 0.0000000000
97341  49.074  16.557  27.109 0.0000000000
97351  50.564  16.817  25.496 0.0000000000
97363  51.489  17.101  24.009 0.0000000000
96516  52.073  16.931  22.812 0.0000000000
96548  51.177  15.638  20.487 0.0000000000
131797  50.695  14.967  18.240 0.0000000000
95680  49.138  14.614  19.558 0.0000000000
95696  49.987  14.619  18.124 0.0000000000
97358  37.586  16.483  26.732 0.0000000000
96429  36.921  16.032  27.774 0.0000000000
94770  35.557  14.328  27.293 0.0000000000
103181  43.476  24.927  5.501 0.0000000000
102608  43.211  23.517  2.411 0.0000000000
100950  40.024  20.377  2.486 0.0000000000
99726  39.730  19.455  3.060 0.0000000000
99045  39.786  18.022  2.550 0.0000000000
98285  41.642  18.181  5.153 0.0000000000
129421  41.672  17.559  3.087 0.0000000000
98324  40.792  16.988  1.104 0.0000000000
100881  44.192  21.335  15.968 0.0000000000
98207  45.363  17.965  15.295 0.0000000000
100252  46.210  20.355  15.620 0.0000000000
100254  44.139  20.601  14.964 0.0000000000
99560  44.200  19.758  13.879 0.0000000000
98909  44.654  18.592  12.249 0.0000000000
125012  45.340  18.487  10.482 0.0000000000
97437  50.657  17.276  18.331 0.0000000000
96629  49.876  16.097  15.797 0.0000000000
97507  49.173  16.963  13.078 0.0000000000
128627  51.511  17.907  12.053 0.0000000000
98220  50.628  17.554  12.345 0.0000000000
98892  48.820  18.937  12.703 0.0000000000
98927  47.644  18.675  11.127 0.0000000000
98952  47.287  18.566  9.594 0.0000000000
98966  46.202  18.802  8.758 0.0000000000
99647  47.036  19.226  7.494 0.0000000000
129658  47.350  19.691  5.282 0.0000000000
100342  47.971  19.885  3.561 0.0000000000
100338  51.888  20.242  3.889 0.0000000000
100362  49.236  19.629  2.337 0.0000000000
99724  47.752  19.174  1.637 0.0000000000
98318  47.101  17.535  1.872 0.0000000000
97537  49.594  16.417  9.446 0.0000000000
101519  38.927  21.243  2.642 0.0000000000
102092  39.359  21.721  2.263 0.0000000000
96457  40.191  16.275  25.377 0.0000000000
96456  41.045  16.262  25.761 0.0000000000
97343  40.910  16.710  26.696 0.0000000000
99601  42.839  19.187  10.391 0.0000000000
128468  42.769  19.525  9.759 0.0000000000
124827  43.892  19.268  9.079 0.0000000000
99616  44.692  19.052  8.929 0.0000000000
97390  49.864  17.263  22.011 0.0000000000
97408  49.106  16.810  20.530 0.0000000000
97398  50.045  17.317  21.145 0.0000000000
98243  55.138  17.459  8.327 0.0000000000
131039  55.179  17.120  7.897 0.0000000000
97545  55.101  16.704  7.869 0.0000000000
96695  54.887  16.001  7.933 0.0000000000
102020  43.069  22.504  15.640 0.0000000000
102027  42.812  22.489  15.040 0.0000000000
101461  42.603  21.899  14.573 0.0000000000
100885  42.898  21.285  14.826 0.0000000000
95694  52.091  15.384  17.885 0.0000000000
96609  52.965  15.780  18.119 0.0000000000
130172  52.484  14.833  16.803 0.0000000000
125934  56.215  12.386  11.003 0.0000000000
93430  56.466  12.400  9.359 0.0000000000
93421  56.957  12.598  9.534 0.0000000000
97595  40.403  16.423  2.287 0.0000000000
95516  45.650  15.264  27.079 0.0000000000
95551  45.225  14.674  25.742 0.0000000000
96438  46.508  15.398  27.014 0.0000000000
95531  46.740  15.074  26.276 0.0000000000
143591  47.006  16.310  27.639 0.0000000000
93970  44.344  12.638  28.648 0.0000000000
94733  44.759  13.870  29.766 0.0000000000
93963  45.011  12.935  29.186 0.0000000000
94796  48.080  14.056  24.504 0.0000000000
94778  48.174  14.157  25.398 0.0000000000
95587  48.685  14.420  24.195 0.0000000000
95565  49.424  14.799  24.747 0.0000000000
95586  49.312  14.784  23.914 0.0000000000
95606  49.231  14.815  23.087 0.0000000000
95627  48.565  14.476  22.602 0.0000000000
101495  39.907  21.801  6.834 0.0000000000
102585  40.589  23.201  6.429 0.0000000000
131990  40.246  22.420  6.190 0.0000000000
102079  40.518  22.111  5.284 0.0000000000
101501  40.055  21.585  5.812 0.0000000000
100934  40.071  20.867  5.321 0.0000000000
100330  40.202  20.379  5.834 0.0000000000
99028  45.447  18.474  3.539 0.0000000000
99029  44.685  18.191  3.900 0.0000000000
99044  44.925  17.982  2.741 0.0000000000
98320  45.186  17.628  1.679 0.0000000000
99043  45.692  18.234  2.271 0.0000000000
97472  43.551  16.934  16.606 0.0000000000
98884  43.703  18.106  16.501 0.0000000000
97483  43.937  17.062  15.984 0.0000000000
127533  47.308  16.981  13.847 0.0000000000
126430  47.179  17.927  14.181 0.0000000000
98890  47.820  18.887  14.053 0.0000000000
98894  47.923  19.381  13.536 0.0000000000
98200  53.763  17.501  15.419 0.0000000000
124735  52.935  17.098  15.206 0.0000000000
97485  53.295  17.243  14.541 0.0000000000
145151  51.772  19.514  8.819 0.0000000000
99612  50.973  19.284  9.284 0.0000000000
125317  51.032  19.330  8.435 0.0000000000
138240  49.791  19.059  8.625 0.0000000000
130501  50.286  19.323  7.347 0.0000000000
129188  49.639  19.282  7.196 0.0000000000
99661  50.956  19.573  6.745 0.0000000000
98279  50.587  18.028  5.884 0.0000000000
98997  50.364  18.205  4.944 0.0000000000
99714  38.702  19.763  3.289 0.0000000000
148868  38.506  19.475  3.662 0.0000000000
99047  39.289  18.661  3.282 0.0000000000
128905  41.946  15.306  22.498 0.0000000000
143322  41.476  15.401  23.152 0.0000000000
96440  42.861  16.022  26.723 0.0000000000
96454  42.549  15.622  26.036 0.0000000000
144669  43.520  15.693  26.798 0.0000000000
96439  43.998  15.828  27.271 0.0000000000
96425  44.546  16.161  27.865 0.0000000000
102039  41.046  22.782  11.276 0.0000000000
102558  41.078  23.740  10.353 0.0000000000
101466  40.666  22.453  10.830 0.0000000000
100294  41.871  20.326  9.207 0.0000000000
100912  40.636  21.454  9.542 0.0000000000
100303  41.260  20.527  8.494 0.0000000000
100925  40.439  20.907  7.895 0.0000000000
100310  41.729  20.035  7.989 0.0000000000
99653  41.378  19.793  7.301 0.0000000000
99652  42.152  19.611  7.548 0.0000000000
99668  44.742  19.464  7.059 0.0000000000
99669  44.107  19.276  6.701 0.0000000000
132952  44.802  19.364  6.508 0.0000000000
99684  45.323  19.279  6.025 0.0000000000
140113  46.161  19.392  5.703 0.0000000000
96550  46.734  15.867  19.953 0.0000000000
96595  46.462  15.901  18.682 0.0000000000
96594  47.182  16.029  18.595 0.0000000000
147423  48.604  16.344  17.911 0.0000000000
96611  48.035  16.169  17.929 0.0000000000
96622  48.040  15.906  16.593 0.0000000000
143894  48.550  15.879  15.987 0.0000000000
97518  54.632  17.358  11.463 0.0000000000
98900  54.454  18.502  11.917 0.0000000000
137414  54.723  18.302  11.180 0.0000000000
99608  54.588  19.364  9.353 0.0000000000
99593  54.643  19.440  10.399 0.0000000000
99609  54.300  19.668  9.021 0.0000000000
99610  53.580  19.952  9.076 0.0000000000
99626  54.001  19.767  8.122 0.0000000000
100309  54.415  19.851  6.394 0.0000000000
99640  54.585  19.375  6.973 0.0000000000
98260  53.837  18.014  7.151 0.0000000000
98973  54.434  18.390  6.626 0.0000000000
98974  53.142  18.287  6.720 0.0000000000
98983  52.767  18.467  5.976 0.0000000000
98261  52.482  17.865  7.466 0.0000000000
98251  52.096  17.415  8.238 0.0000000000
97535  52.223  16.433  9.206 0.0000000000
97321  38.998  16.438  28.366 0.0000000000
96394  40.286  16.441  28.688 0.0000000000
140840  40.091  15.770  28.710 0.0000000000
95518  41.135  14.599  27.982 0.0000000000
93976  42.166  13.492  27.273 0.0000000000
94753  43.188  13.545  28.077 0.0000000000
93975  42.907  13.070  27.568 0.0000000000
100260  42.214  20.648  13.592 0.0000000000
100890  41.772  20.983  12.946 0.0000000000
100263  41.927  20.124  12.850 0.0000000000
99570  42.367  19.199  11.958 0.0000000000
148218  42.559  19.205  12.455 0.0000000000
97397  52.759  17.428  21.417 0.0000000000
98142  53.014  17.810  21.138 0.0000000000
97405  53.154  17.803  20.683 0.0000000000
96589  54.342  16.945  18.336 0.0000000000
97436  53.877  17.252  19.007 0.0000000000
97452  54.537  17.234  18.047 0.0000000000
98193  54.487  17.261  17.337 0.0000000000
96617  54.632  16.463  16.750 0.0000000000
94850  54.117  14.094  15.693 0.0000000000
94076  54.609  13.307  14.530 0.0000000000
94867  55.451  14.283  13.326 0.0000000000
95711  55.321  14.450  13.936 0.0000000000
95712  54.947  15.033  13.508 0.0000000000
96644  54.601  16.013  13.883 0.0000000000
140457  54.632  15.666  12.989 0.0000000000
138232  54.502  16.345  12.444 0.0000000000
138705  54.863  14.880  11.952 0.0000000000
94932  56.887  13.853  9.222 0.0000000000
95739  55.202  15.190  10.137 0.0000000000
95761  56.493  14.722  8.413 0.0000000000
95775  56.491  14.758  7.619 0.0000000000
95776  55.911  14.769  7.357 0.0000000000
138316  42.532  18.045  19.109 0.0000000000
98863  42.908  18.595  18.621 0.0000000000
98170  42.645  17.251  18.567 0.0000000000
98184  42.887  17.262  17.633 0.0000000000
96599  43.205  16.014  18.940 0.0000000000
95612  42.969  14.881  22.692 0.0000000000
95649  42.789  15.253  21.399 0.0000000000
95611  43.563  14.746  22.563 0.0000000000
132528  45.331  14.667  23.379 0.0000000000
95629  44.672  14.774  21.776 0.0000000000
95628  45.473  14.896  21.907 0.0000000000
95664  44.701  15.167  20.422 0.0000000000
95645  45.881  15.254  21.164 0.0000000000
148913  46.110  15.130  21.918 0.0000000000
96471  48.173  16.110  24.828 0.0000000000
96490  47.370  15.566  23.511 0.0000000000
96489  48.154  16.010  23.868 0.0000000000
97384  48.862  16.652  23.750 0.0000000000
97376  48.849  16.701  24.607 0.0000000000
96392  41.771  16.134  29.066 0.0000000000
131999  42.186  16.616  28.602 0.0000000000
96390  43.113  16.168  29.573 0.0000000000
138701  45.091  14.974  31.582 0.0000000000
96376  44.500  15.953  31.209 0.0000000000
96375  44.861  16.164  31.433 0.0000000000
150744  45.630  17.106  30.270 0.0000000000
96374  46.313  15.989  30.984 0.0000000000
144166  46.375  12.495  27.509 0.0000000000
93969  46.491  12.675  28.827 0.0000000000
93974  46.999  13.003  28.062 0.0000000000
94742  48.399  13.732  29.146 0.0000000000
95504  48.798  14.638  28.606 0.0000000000
96387  48.132  15.745  29.295 0.0000000000
96405  48.638  15.644  28.743 0.0000000000
96421  48.748  16.270  28.074 0.0000000000
96420  49.343  16.067  27.481 0.0000000000
96470  50.732  15.885  25.008 0.0000000000
96451  50.588  16.250  25.806 0.0000000000
96469  50.951  16.561  25.046 0.0000000000
98110  50.865  17.074  24.952 0.0000000000
145199  51.501  16.811  23.981 0.0000000000
96486  51.802  16.901  23.475 0.0000000000
96502  51.568  16.355  23.050 0.0000000000
96532  50.358  15.352  21.023 0.0000000000
96531  51.342  15.890  21.480 0.0000000000
95661  50.605  15.210  19.574 0.0000000000
95690  50.999  15.255  18.941 0.0000000000
125845  50.222  14.917  18.836 0.0000000000
94827  48.699  14.302  19.160 0.0000000000
94839  49.830  14.224  17.377 0.0000000000
94846  50.086  13.935  16.627 0.0000000000
96460  37.666  16.224  25.753 0.0000000000
127557  35.850  16.189  27.353 0.0000000000
96444  36.462  16.304  27.315 0.0000000000
96430  36.182  15.985  27.667 0.0000000000
95521  37.190  15.557  27.890 0.0000000000
95522  36.388  15.556  27.830 0.0000000000
103190  42.363  24.194  5.224 0.0000000000
103182  42.796  24.693  5.738 0.0000000000
103189  42.972  24.528  4.964 0.0000000000
103188  43.609  24.773  4.709 0.0000000000
103197  43.151  24.411  4.267 0.0000000000
147928  43.414  24.166  3.124 0.0000000000
102602  43.086  24.021  3.530 0.0000000000
102083  41.477  21.994  3.761 0.0000000000
101524  41.031  21.145  1.993 0.0000000000
100954  40.180  20.992  1.886 0.0000000000
100945  40.677  20.764  2.406 0.0000000000
99702  40.570  19.557  4.430 0.0000000000
100354  40.255  19.654  3.510 0.0000000000
99713  40.250  19.146  3.419 0.0000000000
99030  40.342  18.589  3.212 0.0000000000
98987  42.052  18.815  6.456 0.0000000000
99001  41.609  18.562  5.826 0.0000000000
99000  42.364  18.196  5.841 0.0000000000
98309  43.301  17.368  3.148 0.0000000000
98297  42.293  17.478  4.380 0.0000000000
97594  41.683  17.266  1.525 0.0000000000
98311  40.843  17.364  1.570 0.0000000000
97605  41.833  16.739  0.760 0.0000000000
96758  41.545  16.372  0.872 0.0000000000
96757  42.545  16.189  0.667 0.0000000000
96754  44.996  15.907  1.846 0.0000000000
100852  45.307  21.139  18.623 0.0000000000
100874  45.577  20.861  16.996 0.0000000000
100875  44.795  21.436  16.695 0.0000000000
100880  45.371  20.839  16.344 0.0000000000
97481  45.290  16.595  15.323 0.0000000000
97482  44.557  16.894  15.600 0.0000000000
97490  45.076  17.070  15.032 0.0000000000
99552  46.882  19.648  14.881 0.0000000000
99553  46.516  19.993  15.402 0.0000000000
99554  45.933  20.400  14.993 0.0000000000
100253  45.450  20.664  15.306 0.0000000000
100257  44.758  20.341  14.565 0.0000000000
100258  43.661  20.178  14.243 0.0000000000
99559  45.392  20.124  14.193 0.0000000000
98907  46.606  19.023  12.361 0.0000000000
98896  45.216  19.050  12.909 0.0000000000
98908  45.575  18.656  12.213 0.0000000000
144395  44.906  18.422  11.736 0.0000000000
98929  45.446  18.432  11.356 0.0000000000
127878  52.321  18.074  19.062 0.0000000000
98155  50.622  17.411  19.073 0.0000000000
140446  51.574  17.660  18.282 0.0000000000
97486  51.449  16.340  14.954 0.0000000000
97479  50.616  16.535  16.197 0.0000000000
96645  50.373  15.950  14.301 0.0000000000
96646  49.569  15.926  14.248 0.0000000000
97506  49.945  16.554  13.265 0.0000000000
136570  53.857  18.595  12.001 0.0000000000
98213  52.379  17.561  12.348 0.0000000000
98901  52.647  18.393  11.860 0.0000000000
99584  50.321  19.254  11.119 0.0000000000
98902  50.582  18.558  11.921 0.0000000000
148932  50.260  19.049  11.772 0.0000000000
98221  49.861  18.169  12.302 0.0000000000
98925  49.366  19.272  11.613 0.0000000000
98926  48.522  19.116  11.576 0.0000000000
98939  49.025  18.910  10.796 0.0000000000
98963  48.470  18.735  9.040 0.0000000000
98951  48.013  18.605  9.632 0.0000000000
98964  47.701  18.673  8.915 0.0000000000
98953  46.501  18.595  9.422 0.0000000000
98965  46.943  18.707  8.820 0.0000000000
99632  46.596  19.017  8.119 0.0000000000
99680  48.711  19.599  5.876 0.0000000000
99681  47.424  19.544  6.096 0.0000000000
99696  48.079  19.739  5.452 0.0000000000
99697  47.211  19.682  4.345 0.0000000000
100341  48.646  20.102  4.066 0.0000000000
100336  53.903  19.922  4.165 0.0000000000
100328  51.595  20.194  5.013 0.0000000000
100349  52.609  19.928  3.179 0.0000000000
99038  49.972  19.147  2.314 0.0000000000
99720  50.584  19.567  2.484 0.0000000000
99051  49.222  19.039  1.745 0.0000000000
99723  48.416  19.296  1.611 0.0000000000
99732  48.085  18.815  1.588 0.0000000000
98331  47.223  18.042  1.643 0.0000000000
98317  47.857  18.210  1.794 0.0000000000
98283  47.525  17.225  5.386 0.0000000000
97591  46.874  17.048  4.232 0.0000000000
97549  50.036  16.809  8.788 0.0000000000
100355  38.820  20.464  2.875 0.0000000000
100365  39.386  19.994  2.793 0.0000000000
96491  41.559  15.415  24.412 0.0000000000
96474  40.903  15.838  24.833 0.0000000000
96441  42.120  16.339  26.586 0.0000000000
97328  42.395  16.686  27.473 0.0000000000
100275  41.383  20.617  10.908 0.0000000000
100286  41.033  21.148  10.319 0.0000000000
100285  41.676  20.375  10.096 0.0000000000
99618  42.239  19.956  9.676 0.0000000000
100293  42.611  19.873  9.012 0.0000000000
99635  42.506  19.811  8.234 0.0000000000
99634  43.315  19.548  8.482 0.0000000000
99633  44.219  19.409  8.229 0.0000000000
99649  45.404  19.396  7.417 0.0000000000
148247  48.074  16.296  21.085 0.0000000000
96571  47.790  16.278  19.145 0.0000000000
97422  48.289  16.469  19.998 0.0000000000
97421  49.087  16.772  19.709 0.0000000000
126773  49.140  16.604  18.200 0.0000000000
132410  54.757  17.863  9.802 0.0000000000
98962  54.772  18.521  8.445 0.0000000000
98971  54.986  18.297  7.292 0.0000000000
98259  55.020  17.823  7.137 0.0000000000
97546  52.917  17.015  8.571 0.0000000000
97534  53.460  16.543  8.620 0.0000000000
95763  52.701  15.290  9.326 0.0000000000
95520  38.819  15.497  28.229 0.0000000000
95508  39.534  15.697  28.533 0.0000000000
95519  39.726  14.846  27.782 0.0000000000
102032  42.210  22.493  13.318 0.0000000000
101462  42.218  21.915  13.800 0.0000000000
100887  42.376  21.323  14.115 0.0000000000
100262  42.439  19.842  13.303 0.0000000000
96569  52.444  16.156  19.595 0.0000000000
96546  53.168  17.076  20.247 0.0000000000
96608  53.861  16.112  17.953 0.0000000000
96619  54.105  15.756  17.230 0.0000000000
94106  55.296  12.726  13.217 0.0000000000
93412  55.934  12.360  11.677 0.0000000000
94119  56.044  12.830  11.998 0.0000000000
94895  56.139  13.306  11.319 0.0000000000
94896  55.259  14.170  11.604 0.0000000000
94914  56.468  13.593  10.270 0.0000000000
94931  57.325  13.439  8.754 0.0000000000
97423  42.469  16.356  19.687 0.0000000000
125320  44.482  14.558  25.142 0.0000000000
95591  43.869  14.569  23.777 0.0000000000
126203  44.770  14.549  24.151 0.0000000000
95569  45.389  14.681  24.905 0.0000000000
95590  45.672  14.780  24.106 0.0000000000
95589  46.373  15.045  23.999 0.0000000000
95549  46.831  15.091  25.408 0.0000000000
96453  47.512  15.582  25.129 0.0000000000
96452  48.190  16.302  25.747 0.0000000000
94734  43.666  14.659  29.447 0.0000000000
95492  43.752  15.633  29.996 0.0000000000
150348  44.199  14.219  29.586 0.0000000000
94723  45.183  14.332  30.911 0.0000000000
94722  46.091  13.854  30.793 0.0000000000
94779  47.494  13.839  25.810 0.0000000000
94764  47.533  13.859  26.791 0.0000000000
94763  48.316  14.230  26.381 0.0000000000
95530  49.156  14.699  26.999 0.0000000000
95514  49.608  15.397  27.364 0.0000000000
95547  49.790  15.069  26.019 0.0000000000
95546  50.144  15.379  25.494 0.0000000000
96488  50.649  15.657  24.137 0.0000000000
137500  50.479  15.511  23.405 0.0000000000
95605  49.908  15.182  22.866 0.0000000000
95642  49.741  15.090  21.546 0.0000000000
128470  49.464  14.902  20.707 0.0000000000
94833  48.754  14.115  18.317 0.0000000000
94073  49.304  12.953  15.738 0.0000000000
102577  40.256  23.463  7.740 0.0000000000
103175  41.343  24.309  7.064 0.0000000000
102584  40.961  23.802  6.691 0.0000000000
140750  41.151  23.576  5.941 0.0000000000
102597  41.427  23.224  5.166 0.0000000000
102596  41.966  23.572  4.730 0.0000000000
102078  41.167  22.472  4.784 0.0000000000
101511  40.883  21.736  4.376 0.0000000000
101512  40.695  21.119  4.015 0.0000000000
100946  40.662  20.590  3.214 0.0000000000
100940  40.367  20.674  4.259 0.0000000000
100343  40.373  20.171  4.628 0.0000000000
99015  43.688  17.981  5.099 0.0000000000
99016  42.815  17.761  5.193 0.0000000000
98295  43.912  17.850  4.163 0.0000000000
98322  43.591  17.173  1.656 0.0000000000
97604  42.972  16.591  0.734 0.0000000000
98321  44.420  17.414  1.769 0.0000000000
97620  44.885  16.943  1.050 0.0000000000
97611  45.755  16.834  1.519 0.0000000000
143787  43.886  19.219  17.466 0.0000000000
99536  44.632  20.015  17.786 0.0000000000
99548  44.306  18.969  16.709 0.0000000000
99547  45.524  19.551  16.445 0.0000000000
97488  46.440  16.548  14.583 0.0000000000
98206  45.899  17.691  14.820 0.0000000000
97499  46.358  17.448  14.402 0.0000000000
98891  47.334  19.242  14.421 0.0000000000
99557  46.990  19.859  14.087 0.0000000000
99564  45.977  19.884  13.765 0.0000000000
99563  47.304  19.605  13.245 0.0000000000
149585  47.381  19.290  12.470 0.0000000000
98183  53.080  17.954  17.694 0.0000000000
97453  51.885  17.593  17.612 0.0000000000
138791  52.453  17.293  16.273 0.0000000000
97477  52.106  16.804  15.528 0.0000000000
131385  51.864  16.473  13.971 0.0000000000
99582  52.438  19.540  10.822 0.0000000000
98922  52.520  19.101  11.332 0.0000000000
128707  51.695  19.463  10.640 0.0000000000
129917  50.684  19.217  9.991 0.0000000000
99598  50.195  19.175  10.424 0.0000000000
99599  49.507  18.933  10.121 0.0000000000
99614  49.266  18.851  9.234 0.0000000000
99629  48.970  18.979  8.349 0.0000000000
138242  48.457  19.083  7.813 0.0000000000
129231  48.347  19.251  7.164 0.0000000000
99645  49.048  19.186  7.524 0.0000000000
99663  49.077  19.389  6.654 0.0000000000
99694  49.787  19.994  5.014 0.0000000000
99009  53.304  19.220  4.194 0.0000000000
99708  52.403  19.757  2.979 0.0000000000
99011  51.167  18.580  3.989 0.0000000000
135400  50.916  18.786  3.164 0.0000000000
99026  49.417  18.390  3.448 0.0000000000
99040  48.651  18.451  2.789 0.0000000000
98305  48.673  17.967  4.038 0.0000000000
130131  48.645  17.666  4.949 0.0000000000
101459  43.622  22.108  16.113 0.0000000000
131978  38.273  19.770  3.985 0.0000000000
98313  39.369  17.936  3.245 0.0000000000
98326  39.666  17.579  2.552 0.0000000000
95592  42.990  14.734  23.900 0.0000000000
95572  42.064  15.192  24.754 0.0000000000
95571  42.772  14.839  24.732 0.0000000000
95570  43.596  14.625  25.008 0.0000000000
125293  43.817  14.763  25.756 0.0000000000
95517  44.792  15.437  27.138 0.0000000000
96424  45.374  15.918  27.749 0.0000000000
93257  45.885  12.050  28.277 0.0000000000
93261  45.831  11.719  27.582 0.0000000000
149028  46.035  12.007  27.111 0.0000000000
93992  46.318  12.935  25.860 0.0000000000
94013  46.917  13.349  25.325 0.0000000000
94027  46.963  13.279  24.488 0.0000000000
94803  47.440  13.614  23.991 0.0000000000
94807  48.056  14.021  22.939 0.0000000000
131114  48.495  14.453  21.839 0.0000000000
148013  40.968  23.966  9.716 0.0000000000
102565  40.663  23.894  9.066 0.0000000000
100904  40.582  21.935  10.258 0.0000000000
101482  40.350  22.189  9.558 0.0000000000
102571  40.224  23.427  8.511 0.0000000000
101488  40.029  22.048  8.229 0.0000000000
130294  39.938  21.544  7.678 0.0000000000
100926  40.091  21.066  7.093 0.0000000000
147692  40.337  20.204  6.346 0.0000000000
100319  40.715  20.106  6.864 0.0000000000
99671  41.720  19.323  6.914 0.0000000000
98986  43.141  18.866  6.529 0.0000000000
127103  43.432  19.373  7.194 0.0000000000
98985  43.895  18.904  6.173 0.0000000000
98998  44.192  18.549  5.644 0.0000000000
99013  45.204  18.649  4.591 0.0000000000
99712  45.947  18.943  4.195 0.0000000000
96596  45.171  15.838  18.159 0.0000000000
96626  44.683  16.176  16.792 0.0000000000
96614  45.324  15.902  17.423 0.0000000000
96613  46.123  15.869  17.330 0.0000000000
96624  46.354  15.895  16.517 0.0000000000
96593  47.757  16.191  18.445 0.0000000000
96623  47.199  15.862  16.505 0.0000000000
96633  46.632  15.954  15.715 0.0000000000
96642  46.874  16.099  14.959 0.0000000000
96641  47.666  15.998  14.747 0.0000000000
143280  47.936  16.991  13.557 0.0000000000
98210  54.209  17.560  13.291 0.0000000000
97502  53.893  17.623  13.889 0.0000000000
98920  54.338  19.034  11.616 0.0000000000
98938  54.845  18.836  10.580 0.0000000000
99580  54.322  19.481  11.125 0.0000000000
99595  53.290  19.870  10.355 0.0000000000
146727  53.199  19.942  9.728 0.0000000000
99627  52.847  19.817  8.376 0.0000000000
99642  52.053  19.747  7.450 0.0000000000
99660  51.908  19.863  6.837 0.0000000000
99659  53.117  20.138  6.888 0.0000000000
100317  53.998  20.168  5.981 0.0000000000
143663  54.463  19.792  4.810 0.0000000000
98981  55.018  18.850  6.159 0.0000000000
98993  54.558  19.449  5.254 0.0000000000
98994  53.750  18.884  5.085 0.0000000000
98995  52.521  18.607  5.021 0.0000000000
98984  51.574  18.278  5.994 0.0000000000
98262  51.264  17.608  7.656 0.0000000000
97548  50.852  16.854  8.903 0.0000000000
97536  51.300  16.413  9.430 0.0000000000
96681  50.874  15.895  9.842 0.0000000000
97345  39.287  16.788  27.085 0.0000000000
97330  40.767  16.933  27.616 0.0000000000
97331  40.103  16.918  27.876 0.0000000000
96393  41.067  16.394  28.819 0.0000000000
95506  41.811  15.423  28.865 0.0000000000
131974  40.274  15.068  28.205 0.0000000000
130948  41.342  15.124  28.528 0.0000000000
129635  42.348  14.916  28.781 0.0000000000
94745  43.384  14.008  28.710 0.0000000000
130869  43.749  13.287  28.472 0.0000000000
93258  44.445  11.998  28.170 0.0000000000
102038  41.481  23.050  11.631 0.0000000000
101464  41.347  22.368  12.057 0.0000000000
134064  41.790  21.887  12.971 0.0000000000
100892  41.418  21.414  12.287 0.0000000000
100266  41.280  20.906  11.633 0.0000000000
100274  41.564  20.169  11.546 0.0000000000
99586  42.577  19.130  11.087 0.0000000000
98945  43.238  18.771  10.765 0.0000000000
98137  51.811  17.708  21.999 0.0000000000
149516  51.110  17.761  21.417 0.0000000000
131003  51.930  17.909  21.241 0.0000000000
128275  52.590  18.078  20.372 0.0000000000
125016  53.427  18.045  19.244 0.0000000000
97419  53.501  17.598  19.707 0.0000000000
97418  53.884  17.734  19.025 0.0000000000
98168  53.800  17.969  18.533 0.0000000000
98182  53.952  17.839  17.818 0.0000000000
98199  53.936  17.540  16.311 0.0000000000
138815  54.009  17.370  15.740 0.0000000000
95705  53.859  14.519  16.243 0.0000000000
95699  54.367  15.303  16.580 0.0000000000
95698  54.684  15.676  16.347 0.0000000000
94862  55.234  13.628  14.250 0.0000000000
95707  55.002  14.644  15.055 0.0000000000
96627  54.715  16.071  15.977 0.0000000000
97492  54.381  16.908  14.513 0.0000000000
98209  54.097  17.481  14.030 0.0000000000
97511  54.417  17.293  12.995 0.0000000000
146900  54.555  16.617  11.745 0.0000000000
96652  54.656  16.416  10.925 0.0000000000
95723  54.910  14.933  11.117 0.0000000000
95740  54.802  15.642  10.710 0.0000000000
96662  55.038  16.238  9.677 0.0000000000
96677  55.620  16.332  8.287 0.0000000000
96694  55.638  16.185  7.920 0.0000000000
96693  55.966  15.483  7.798 0.0000000000
94946  54.948  14.497  7.414 0.0000000000
99523  43.823  19.553  18.401 0.0000000000
98874  43.166  18.505  17.658 0.0000000000
97459  43.307  16.749  17.470 0.0000000000
97458  43.799  16.168  17.876 0.0000000000
96555  42.128  15.856  20.529 0.0000000000
96537  42.830  15.460  20.701 0.0000000000
138495  43.186  15.574  20.044 0.0000000000
132373  44.278  14.636  22.526 0.0000000000
139740  44.143  14.872  21.265 0.0000000000
96553  43.739  15.357  20.070 0.0000000000
96552  44.405  15.399  19.843 0.0000000000
96575  44.394  15.688  19.046 0.0000000000
127059  45.012  15.753  18.732 0.0000000000
125490  45.888  15.573  20.179 0.0000000000
96535  46.610  15.660  20.698 0.0000000000
96534  47.228  15.849  21.066 0.0000000000
96505  47.233  15.595  22.729 0.0000000000
96519  47.886  16.063  21.898 0.0000000000
97392  48.294  16.250  22.432 0.0000000000
97391  49.021  16.733  22.166 0.0000000000
97382  49.723  17.208  22.821 0.0000000000
125894  41.265  16.939  28.003 0.0000000000
125907  42.235  16.770  28.258 0.0000000000
97317  43.515  16.733  28.739 0.0000000000
96377  44.053  16.272  30.303 0.0000000000
97300  44.388  16.758  29.903 0.0000000000
124679  44.118  16.751  29.220 0.0000000000
97316  44.728  17.014  29.298 0.0000000000
97315  45.590  17.123  29.184 0.0000000000
97314  46.376  16.971  29.067 0.0000000000
128907  45.854  12.578  29.064 0.0000000000
93961  46.591  12.986  29.610 0.0000000000
94721  46.772  13.819  30.829 0.0000000000
94743  47.918  13.152  28.852 0.0000000000
94732  47.929  13.209  29.678 0.0000000000
95478  47.382  14.373  30.586 0.0000000000
96373  47.156  15.588  30.507 0.0000000000
97297  46.990  16.778  29.330 0.0000000000
96407  46.978  16.719  28.449 0.0000000000
96422  47.818  16.546  27.966 0.0000000000
137881  48.398  16.564  27.436 0.0000000000
97353  49.024  16.753  26.352 0.0000000000
96419  49.787  15.981  27.039 0.0000000000
97340  49.637  16.601  26.658 0.0000000000
97352  49.825  16.912  25.867 0.0000000000
97365  50.318  17.257  25.100 0.0000000000
149437  50.805  17.387  24.159 0.0000000000
98127  51.574  17.419  23.386 0.0000000000
130787  51.959  17.300  23.050 0.0000000000
97389  52.334  17.398  22.206 0.0000000000
130303  52.173  16.794  22.010 0.0000000000
96517  51.490  16.136  22.347 0.0000000000
96547  52.247  16.331  20.373 0.0000000000
96570  51.514  15.631  19.665 0.0000000000
95689  51.487  15.340  18.398 0.0000000000
132347  51.216  15.008  17.690 0.0000000000
147120  48.769  14.597  20.755 0.0000000000
95663  48.931  14.616  20.198 0.0000000000
135040  49.477  14.840  20.002 0.0000000000
94840  49.057  13.986  17.499 0.0000000000
95691  49.416  14.541  18.779 0.0000000000
95679  49.810  14.880  19.469 0.0000000000
95695  50.504  14.645  17.568 0.0000000000
95702  51.047  14.606  17.047 0.0000000000
96458  39.375  16.354  25.453 0.0000000000
97356  39.004  16.607  26.250 0.0000000000
128806  38.700  16.734  27.879 0.0000000000
97333  38.164  16.395  28.119 0.0000000000
96443  36.964  16.360  26.564 0.0000000000
97334  37.409  16.319  27.863 0.0000000000
96428  37.654  16.147  28.088 0.0000000000
136315  37.952  15.633  28.074 0.0000000000
94758  35.946  14.942  27.751 0.0000000000
94768  37.272  14.250  26.966 0.0000000000
102615  43.086  23.209  1.139 0.0000000000
102603  42.177  23.085  3.750 0.0000000000
102089  42.164  22.618  2.494 0.0000000000
102088  42.494  22.925  1.748 0.0000000000
100364  39.893  19.921  2.972 0.0000000000
99046  39.630  18.745  2.967 0.0000000000
98325  40.111  17.316  1.871 0.0000000000
133826  40.589  19.792  6.091 0.0000000000
99686  40.790  19.369  5.318 0.0000000000
99017  41.095  18.373  4.192 0.0000000000
98284  42.144  17.790  5.062 0.0000000000
98298  41.652  17.842  4.237 0.0000000000
98299  40.683  18.000  2.758 0.0000000000
97607  40.413  16.853  1.499 0.0000000000
96750  40.902  16.324  1.666 0.0000000000
96756  43.540  16.203  0.720 0.0000000000
100861  45.524  21.076  17.718 0.0000000000
101441  44.362  22.187  17.033 0.0000000000
100882  43.349  21.535  15.512 0.0000000000
98886  44.797  18.068  15.701 0.0000000000
99550  45.883  19.258  15.852 0.0000000000
98888  46.409  18.986  15.295 0.0000000000
148630  46.321  19.977  15.808 0.0000000000
99546  46.129  20.022  16.112 0.0000000000
100250  44.835  20.911  15.685 0.0000000000
100884  43.650  21.028  15.273 0.0000000000
100255  43.220  20.641  14.594 0.0000000000
100259  42.841  20.269  13.936 0.0000000000
99561  43.223  19.683  13.613 0.0000000000
99565  44.767  19.444  13.435 0.0000000000
98897  44.250  18.857  12.782 0.0000000000
98898  43.493  18.900  12.668 0.0000000000
98910  43.762  18.640  12.072 0.0000000000
98931  43.799  18.579  11.250 0.0000000000
98943  44.678  18.584  10.234 0.0000000000
98145  50.686  17.542  19.870 0.0000000000
97438  49.850  16.951  18.595 0.0000000000
97455  49.910  16.776  17.737 0.0000000000
97467  51.211  17.092  16.915 0.0000000000
125093  50.325  16.742  16.975 0.0000000000
96620  49.309  16.071  16.235 0.0000000000
96630  49.159  15.883  15.482 0.0000000000
96647  48.776  16.062  14.097 0.0000000000
97508  48.451  17.570  13.212 0.0000000000
98212  53.389  17.617  12.953 0.0000000000
97504  52.243  17.063  12.902 0.0000000000
97512  51.462  17.118  12.570 0.0000000000
130893  51.552  18.732  11.614 0.0000000000
97505  50.668  16.805  12.924 0.0000000000
98214  49.875  17.268  12.707 0.0000000000
98215  49.161  18.013  12.736 0.0000000000
132143  48.598  18.547  13.070 0.0000000000
98905  48.407  19.245  12.440 0.0000000000
143687  47.836  19.127  12.050 0.0000000000
98940  48.163  18.636  10.468 0.0000000000
98941  47.418  18.524  10.335 0.0000000000
124993  46.988  18.487  10.806 0.0000000000
127782  45.966  18.495  9.950 0.0000000000
98955  45.184  18.654  9.611 0.0000000000
99615  45.474  18.908  8.809 0.0000000000
125252  45.824  19.141  8.114 0.0000000000
99666  45.952  19.429  6.791 0.0000000000
99664  47.566  19.354  6.912 0.0000000000
99665  46.737  19.440  6.693 0.0000000000
146375  46.276  19.476  6.279 0.0000000000
134909  46.797  19.542  5.226 0.0000000000
99698  46.425  19.353  4.778 0.0000000000
99711  46.690  19.242  3.618 0.0000000000
99677  51.790  20.064  6.006 0.0000000000
100329  50.395  19.912  5.496 0.0000000000
100340  49.625  20.159  4.166 0.0000000000
100359  51.918  19.835  2.850 0.0000000000
100351  50.441  20.156  3.243 0.0000000000
100352  49.454  20.072  3.126 0.0000000000
100353  48.670  19.854  2.870 0.0000000000
99710  47.454  19.466  2.945 0.0000000000
99725  46.993  18.993  2.141 0.0000000000
99053  46.539  17.887  1.546 0.0000000000
98319  46.441  17.321  1.652 0.0000000000
97602  46.535  16.899  2.335 0.0000000000
124676  47.439  17.699  2.695 0.0000000000
97601  46.966  17.200  3.055 0.0000000000
95762  53.614  15.139  8.572 0.0000000000
93411  56.682  12.601  10.417 0.0000000000
93952  47.237  13.221  30.093 0.0000000000
93953  46.586  13.350  30.384 0.0000000000
93981  46.353  12.763  26.717 0.0000000000
93982  45.903  12.272  26.438 0.0000000000
93991  46.882  13.357  26.248 0.0000000000
94090  54.913  13.000  13.881 0.0000000000
94105  55.844  13.110  12.812 0.0000000000
94129  56.370  12.638  11.204 0.0000000000
94137  56.996  13.055  9.638 0.0000000000
94720  47.508  13.600  30.245 0.0000000000
94731  48.042  13.970  29.892 0.0000000000
94746  42.707  14.252  28.411 0.0000000000
94747  41.937  14.557  28.283 0.0000000000
94752  47.688  13.617  27.788 0.0000000000
94802  48.061  13.996  23.697 0.0000000000
94808  47.537  13.674  23.237 0.0000000000
94832  49.408  14.288  18.024 0.0000000000
94856  55.258  14.223  14.430 0.0000000000
94857  54.953  13.964  14.845 0.0000000000
94858  54.332  13.704  15.104 0.0000000000
94861  55.422  14.006  13.910 0.0000000000
94879  55.897  13.543  12.300 0.0000000000
94880  55.409  14.266  12.515 0.0000000000
95470  45.450  15.392  31.578 0.0000000000
95471  44.794  15.527  31.602 0.0000000000
95479  46.449  14.831  31.130 0.0000000000
95481  44.600  15.241  31.319 0.0000000000
95482  44.193  15.667  30.698 0.0000000000
95489  48.443  14.766  29.304 0.0000000000
95503  49.149  15.489  28.070 0.0000000000
95505  42.925  14.827  29.033 0.0000000000
95507  40.723  15.399  28.587 0.0000000000
95513  49.886  15.656  26.829 0.0000000000
95523  35.674  15.505  27.745 0.0000000000
95529  49.747  15.148  26.673 0.0000000000
95532  45.903  14.865  26.382 0.0000000000
95534  44.122  15.102  26.528 0.0000000000
95552  44.522  14.695  25.939 0.0000000000
95553  43.008  14.974  25.550 0.0000000000
95554  42.262  15.294  25.358 0.0000000000
95564  50.097  15.221  24.522 0.0000000000
95566  48.789  14.486  25.018 0.0000000000
95567  46.875  15.229  24.556 0.0000000000
95568  46.186  14.915  24.741 0.0000000000
95608  46.622  15.215  23.240 0.0000000000
95610  45.051  14.662  22.592 0.0000000000
95613  42.384  15.016  23.225 0.0000000000
95625  49.989  15.257  22.219 0.0000000000
95626  49.233  14.875  22.202 0.0000000000
95630  43.864  14.800  21.879 0.0000000000
95631  43.078  14.983  22.009 0.0000000000
95646  45.250  15.182  20.680 0.0000000000
95665  44.069  15.067  20.585 0.0000000000
95693  52.914  15.395  17.393 0.0000000000
95704  54.549  14.830  16.017 0.0000000000
95709  54.975  14.958  14.319 0.0000000000
96388  47.574  16.285  29.687 0.0000000000
96391  42.361  16.222  29.190 0.0000000000
96408  45.954  16.655  28.409 0.0000000000
96410  44.258  16.726  28.663 0.0000000000
96411  41.152  15.875  28.875 0.0000000000
96413  39.676  16.272  28.765 0.0000000000
96414  38.379  16.174  28.396 0.0000000000
96427  43.240  16.320  27.390 0.0000000000
96435  50.076  16.077  26.539 0.0000000000
96436  48.229  16.497  26.629 0.0000000000
96437  47.480  15.633  26.027 0.0000000000
96442  41.499  16.476  26.400 0.0000000000
96472  47.522  15.563  24.293 0.0000000000
96473  41.597  15.639  25.146 0.0000000000
96492  40.947  15.581  23.899 0.0000000000
96503  50.722  15.672  22.748 0.0000000000
96506  41.706  15.279  23.766 0.0000000000
96520  47.303  15.756  21.879 0.0000000000
96530  52.145  16.535  21.165 0.0000000000
96536  43.452  15.242  20.498 0.0000000000
96538  42.210  15.576  21.222 0.0000000000
96549  47.467  16.123  19.888 0.0000000000
96554  42.606  15.888  20.086 0.0000000000
96568  53.340  16.767  19.386 0.0000000000
96572  46.982  15.996  19.261 0.0000000000
96574  45.274  15.638  19.410 0.0000000000
96576  43.624  15.676  19.424 0.0000000000
96577  42.940  15.960  19.522 0.0000000000
96592  51.754  15.599  19.056 0.0000000000
96597  44.417  15.866  18.330 0.0000000000
96606  54.575  16.941  17.467 0.0000000000
96607  54.501  16.636  17.690 0.0000000000
96610  48.380  16.122  17.348 0.0000000000
96612  47.375  15.999  17.948 0.0000000000
96615  44.527  15.998  17.598 0.0000000000
96621  48.821  16.095  16.782 0.0000000000
96625  45.490  16.026  16.525 0.0000000000
96628  50.434  16.146  15.478 0.0000000000
96631  48.380  15.848  15.191 0.0000000000
96634  45.822  16.118  15.780 0.0000000000
96637  51.244  16.117  14.301 0.0000000000
96638  50.742  16.065  14.902 0.0000000000
96639  49.875  15.912  14.983 0.0000000000
96648  47.905  16.368  14.026 0.0000000000
96745  45.257  15.806  2.747 0.0000000000
96755  44.353  16.020  1.202 0.0000000000
96759  40.918  16.749  0.983 0.0000000000
97285  46.000  16.880  30.545 0.0000000000
97286  45.234  16.859  30.782 0.0000000000
97298  46.109  17.114  29.783 0.0000000000
97299  45.144  17.146  30.054 0.0000000000
97302  42.581  16.388  29.032 0.0000000000
97303  41.914  16.412  28.859 0.0000000000
97318  42.767  16.648  28.662 0.0000000000
97319  41.569  16.696  28.431 0.0000000000
97325  49.868  16.319  26.758 0.0000000000
97326  49.606  16.359  27.071 0.0000000000
97327  42.930  16.701  28.155 0.0000000000
97329  41.803  16.912  27.920 0.0000000000
97335  36.808  16.207  27.677 0.0000000000
97339  50.134  16.495  26.226 0.0000000000
97344  40.113  16.844  27.095 0.0000000000
97346  37.950  16.565  27.502 0.0000000000
97347  37.167  16.407  27.384 0.0000000000
97350  50.925  16.851  24.936 0.0000000000
97354  40.416  16.642  26.188 0.0000000000
97364  51.247  16.908  24.333 0.0000000000
97366  49.552  17.245  25.242 0.0000000000
97373  51.694  17.119  23.770 0.0000000000
97374  50.302  17.412  24.299 0.0000000000
97375  49.547  17.241  24.469 0.0000000000
97381  51.975  17.260  23.065 0.0000000000
97383  48.942  16.682  22.963 0.0000000000
97388  52.677  17.690  21.480 0.0000000000
97396  52.988  17.798  21.202 0.0000000000
97400  48.355  16.386  21.569 0.0000000000
97407  49.869  17.156  20.196 0.0000000000
97434  54.389  17.406  18.192 0.0000000000
97435  54.281  17.453  18.434 0.0000000000
97439  49.113  16.712  18.940 0.0000000000
97440  43.266  16.343  18.330 0.0000000000
97454  50.890  17.205  17.623 0.0000000000
97466  52.205  17.472  16.898 0.0000000000
97468  49.921  16.364  16.433 0.0000000000
97469  49.552  16.392  16.951 0.0000000000
97471  44.169  16.676  16.267 0.0000000000
97473  43.130  17.185  16.944 0.0000000000
97475  54.545  16.902  16.883 0.0000000000
97476  53.212  17.458  15.925 0.0000000000
97478  51.129  16.429  15.538 0.0000000000
97487  47.055  16.459  14.290 0.0000000000
97489  45.849  16.887  14.643 0.0000000000
97494  51.317  16.302  13.808 0.0000000000
97495  49.993  16.129  13.815 0.0000000000
97496  49.331  16.304  13.643 0.0000000000
97497  48.561  16.631  13.533 0.0000000000
97501  54.369  17.185  13.667 0.0000000000
97503  52.669  16.943  13.631 0.0000000000
97509  47.815  17.771  13.679 0.0000000000
97606  41.174  17.108  0.811 0.0000000000
97612  45.034  16.522  1.306 0.0000000000
97614  41.195  16.898  0.770 0.0000000000
97619  45.338  16.987  1.227 0.0000000000
98114  51.145  17.035  24.428 0.0000000000
98115  50.899  17.240  24.552 0.0000000000
98120  51.319  17.264  24.021 0.0000000000
98121  50.588  17.483  23.607 0.0000000000
98126  51.746  17.198  23.580 0.0000000000
98128  50.757  17.552  22.756 0.0000000000
98132  51.800  17.531  22.667 0.0000000000
98136  52.667  17.756  21.538 0.0000000000
98138  50.809  17.638  20.688 0.0000000000
98143  52.808  17.997  21.044 0.0000000000
98153  53.009  18.093  19.907 0.0000000000
98154  51.735  17.948  19.637 0.0000000000
98181  54.458  17.395  17.887 0.0000000000
98194  54.242  17.520  17.223 0.0000000000
98196  43.491  17.368  16.476 0.0000000000
98197  43.095  17.798  17.073 0.0000000000
98201  44.516  17.291  15.530 0.0000000000
98204  54.118  17.280  15.079 0.0000000000
98211  54.119  17.692  13.226 0.0000000000
98219  53.299  18.037  12.316 0.0000000000
98222  49.313  18.744  12.375 0.0000000000
98231  54.546  17.996  11.966 0.0000000000
98282  48.214  17.417  5.532 0.0000000000
98294  47.323  17.269  4.687 0.0000000000
98306  48.009  17.891  3.304 0.0000000000
98307  47.440  17.423  3.804 0.0000000000
98310  42.459  17.317  3.202 0.0000000000
98333  45.323  17.257  1.241 0.0000000000
98334  44.685  17.097  0.987 0.0000000000
98335  43.921  16.804  0.848 0.0000000000
98883  44.671  18.577  16.174 0.0000000000
98893  48.291  19.138  13.066 0.0000000000
98903  49.747  19.001  11.960 0.0000000000
98904  49.021  19.142  12.143 0.0000000000
98911  42.977  18.933  12.275 0.0000000000
98921  53.572  19.085  11.540 0.0000000000
98923  50.737  19.106  11.504 0.0000000000
98924  50.045  19.228  11.607 0.0000000000
98928  46.968  18.648  11.626 0.0000000000
98930  44.619  18.479  11.024 0.0000000000
98942  46.722  18.508  10.147 0.0000000000
98944  43.988  18.642  10.464 0.0000000000
98954  45.863  18.653  9.312 0.0000000000
98980  55.025  18.733  6.579 0.0000000000
99002  41.167  18.746  5.231 0.0000000000
99008  54.043  19.494  4.484 0.0000000000
99010  52.290  18.846  3.974 0.0000000000
99012  50.225  18.420  3.881 0.0000000000
99023  52.886  19.522  3.418 0.0000000000
99024  51.801  19.259  3.150 0.0000000000
99025  50.203  18.756  2.806 0.0000000000
99036  51.511  19.676  2.723 0.0000000000
99041  47.225  18.568  1.616 0.0000000000
99042  46.480  18.388  1.780 0.0000000000
99052  48.720  18.808  1.617 0.0000000000
99054  45.882  17.772  1.519 0.0000000000
99524  43.246  19.186  19.051 0.0000000000
99566  43.769  19.248  13.219 0.0000000000
99568  42.212  19.497  12.646 0.0000000000
99571  41.810  19.744  12.152 0.0000000000
99583  50.915  19.363  10.766 0.0000000000
99587  41.949  19.569  11.371 0.0000000000
99594  54.215  19.895  10.475 0.0000000000
99596  52.292  19.626  10.075 0.0000000000
99597  51.357  19.377  10.055 0.0000000000
99600  43.460  19.063  9.897 0.0000000000
99625  54.599  18.997  8.408 0.0000000000
99628  51.848  19.569  8.070 0.0000000000
99631  47.361  18.925  8.204 0.0000000000
99646  47.802  19.132  7.654 0.0000000000
99648  46.248  19.311  7.426 0.0000000000
99650  44.716  19.404  7.659 0.0000000000
99651  42.953  19.545  7.719 0.0000000000
99676  54.688  19.716  5.440 0.0000000000
99678  50.902  19.805  6.011 0.0000000000
99679  49.488  19.629  5.800 0.0000000000
99682  46.787  19.526  5.883 0.0000000000
99683  45.796  19.438  6.302 0.0000000000
99692  54.225  19.768  4.520 0.0000000000
99700  44.944  18.774  5.475 0.0000000000
99707  53.083  19.844  3.331 0.0000000000
99709  48.168  19.586  2.277 0.0000000000
99721  49.635  19.336  2.224 0.0000000000
99722  48.925  19.310  1.749 0.0000000000
99731  48.714  19.053  1.562 0.0000000000
100234  45.533  20.494  17.324 0.0000000000
100249  45.815  20.516  15.923 0.0000000000
100312  40.463  20.576  7.227 0.0000000000
100320  40.225  20.563  6.600 0.0000000000
100326  54.116  20.102  5.132 0.0000000000
100327  52.935  20.271  5.024 0.0000000000
100337  52.846  20.175  4.010 0.0000000000
100339  50.721  20.200  4.318 0.0000000000
100348  53.374  19.885  3.557 0.0000000000
100350  51.515  20.115  3.193 0.0000000000
100360  51.102  19.867  2.717 0.0000000000
100361  50.125  19.824  2.576 0.0000000000
100363  48.672  19.582  1.979 0.0000000000
100893  41.090  21.671  11.606 0.0000000000
100895  41.091  21.203  11.081 0.0000000000
100919  40.680  21.151  8.744 0.0000000000
100920  40.200  21.440  8.302 0.0000000000
101465  40.960  22.245  11.375 0.0000000000
101474  40.467  22.689  10.149 0.0000000000
101526  39.510  21.220  2.028 0.0000000000
102000  43.979  22.941  17.088 0.0000000000
102019  43.363  22.905  16.079 0.0000000000
102033  41.883  22.565  12.685 0.0000000000
102045  40.796  23.104  10.614 0.0000000000
102053  40.360  22.867  9.531 0.0000000000
102058  40.188  22.631  8.861 0.0000000000
102062  40.016  22.809  8.010 0.0000000000
102542  42.731  23.031  13.360 0.0000000000
102545  42.001  23.653  11.535 0.0000000000
102549  41.283  23.433  11.061 0.0000000000
102564  41.206  24.415  9.285 0.0000000000
102566  40.360  23.295  9.177 0.0000000000
102576  40.768  23.942  7.437 0.0000000000
102590  41.783  23.858  5.579 0.0000000000
102609  42.654  23.290  3.103 0.0000000000
103167  41.139  24.433  7.841 0.0000000000
103183  42.168  24.411  6.002 0.0000000000
103187  44.272  25.013  4.385 0.0000000000
103196  43.631  24.568  3.750 0.0000000000
103205  43.817  24.264  2.606 0.0000000000
124572  39.838  16.611  28.402 0.0000000000
125022  46.215  18.453  10.856 0.0000000000
125598  53.160  17.877  20.677 0.0000000000
126044  45.706  15.821  18.743 0.0000000000
126157  44.052  14.529  24.486 0.0000000000
126332  52.669  19.878  7.682 0.0000000000
126557  44.146  19.459  7.437 0.0000000000
127237  50.365  19.216  8.103 0.0000000000
127467  41.171  19.102  6.132 0.0000000000
127790  50.420  19.180  8.774 0.0000000000
128202  48.425  16.505  20.849 0.0000000000
128208  48.517  16.534  19.266 0.0000000000
128259  45.193  14.958  21.297 0.0000000000
128564  45.934  15.856  18.081 0.0000000000
128749  47.666  15.930  17.284 0.0000000000
129273  42.795  17.886  18.065 0.0000000000
129432  55.907  14.559  9.630 0.0000000000
129926  44.325  18.473  11.672 0.0000000000
130046  48.557  13.867  28.378 0.0000000000
131388  54.813  15.161  15.712 0.0000000000
131396  43.157  15.497  29.498 0.0000000000
131530  47.719  18.544  9.993 0.0000000000
131732  51.544  16.598  13.312 0.0000000000
133347  43.278  14.717  23.201 0.0000000000
133538  47.772  16.090  21.340 0.0000000000
133749  47.709  15.893  22.378 0.0000000000
134109  52.165  16.568  14.642 0.0000000000
134376  45.592  16.324  31.170 0.0000000000
134570  42.942  16.806  18.179 0.0000000000
134954  54.271  17.301  16.713 0.0000000000
135354  54.443  19.826  9.910 0.0000000000
136019  38.648  16.666  27.043 0.0000000000
136200  51.278  16.115  23.673 0.0000000000
136284  49.013  15.866  14.761 0.0000000000
136554  45.987  14.875  23.478 0.0000000000
136767  46.122  16.658  1.920 0.0000000000
136860  54.881  18.045  6.912 0.0000000000
137749  39.915  22.197  7.588 0.0000000000
138462  54.504  17.336  12.268 0.0000000000
138905  42.551  15.067  22.469 0.0000000000
139294  54.450  16.654  15.354 0.0000000000
140008  47.180  15.933  20.431 0.0000000000
140095  47.007  12.902  28.665 0.0000000000
140763  51.318  17.697  18.837 0.0000000000
141126  49.468  14.821  25.439 0.0000000000
142567  41.715  20.014  10.872 0.0000000000
143813  48.390  16.267  23.183 0.0000000000
144484  40.472  23.470  7.090 0.0000000000
144858  54.650  15.449  12.319 0.0000000000
145513  43.914  14.613  23.071 0.0000000000
145615  46.904  15.866  17.287 0.0000000000
145968  55.731  13.743  12.936 0.0000000000
146449  46.632  15.330  22.329 0.0000000000
147125  47.897  19.935  4.628 0.0000000000
147740  45.351  16.267  15.886 0.0000000000
148163  48.955  16.421  27.558 0.0000000000
148562  50.776  16.622  25.345 0.0000000000
149068  48.343  19.950  4.832 0.0000000000
149355  51.739  19.481  9.498 0.0000000000
150381  41.815  14.073  27.689 0.0000000000
