#!ascii label  , from subject sub-v2s1x29881_ses-1 vox2ras=TkReg
904
21643  23.718  -56.831  -18.364 0.6000000238
22533  22.708  -55.201  -11.317 0.6999999881
21550  24.165  -56.249  -11.197 0.6999999881
19652  26.148  -57.502  -13.909 0.8999999762
20583  25.496  -57.337  -14.733 0.8000000119
19671  24.132  -57.876  -16.340 0.8000000119
20638  23.282  -57.269  -18.164 0.6000000238
22628  24.832  -55.440  -18.472 0.6999999881
23504  22.524  -54.529  -11.485 0.6999999881
23520  21.542  -54.220  -12.279 0.6999999881
22532  23.482  -55.272  -11.176 0.6999999881
21548  25.429  -55.744  -11.734 0.6000000238
21549  24.924  -55.974  -11.418 0.6999999881
129291  25.265  -56.526  -11.626 0.6999999881
125962  25.644  -56.620  -13.207 0.8000000119
21583  25.111  -56.278  -14.653 0.8000000119
20584  25.071  -56.874  -14.860 0.8000000119
20593  23.970  -57.117  -16.055 0.8000000119
20605  23.586  -57.519  -16.945 0.6000000238
22629  23.747  -55.940  -18.731 0.6000000238
22647  24.256  -55.137  -19.138 0.6999999881
23639  26.042  -54.230  -18.189 0.6999999881
24550  21.947  -53.708  -12.164 0.5000000000
24573  21.107  -53.231  -13.177 0.6000000238
130590  23.676  -53.932  -11.258 0.4000000060
23502  24.031  -54.646  -11.189 0.6000000238
22530  25.205  -55.204  -11.506 0.5000000000
22542  25.668  -55.662  -12.399 0.6000000238
21573  25.629  -56.213  -12.821 0.8000000119
21602  24.515  -56.085  -15.350 0.6999999881
22597  23.193  -55.806  -17.130 0.6999999881
22630  23.036  -55.800  -18.650 0.5000000000
23655  23.871  -54.701  -19.657 0.6000000238
23654  24.806  -54.400  -19.386 0.6000000238
23640  25.218  -54.666  -18.679 0.6000000238
24677  27.081  -53.111  -18.184 0.5000000000
26659  21.991  -52.040  -13.022 0.5000000000
25580  21.578  -52.536  -13.155 0.6000000238
26675  20.437  -51.939  -14.558 0.6000000238
127976  22.184  -53.089  -12.205 0.5000000000
22551  25.910  -55.109  -12.924 0.5000000000
22567  25.554  -55.197  -14.480 0.6000000238
23578  24.508  -54.699  -15.867 0.6000000238
22596  23.473  -55.326  -16.826 0.6000000238
22611  22.798  -55.735  -17.790 0.5000000000
22649  22.814  -55.112  -19.008 0.5000000000
23668  24.457  -54.135  -20.076 0.6000000238
24693  26.008  -53.299  -19.281 0.5000000000
25699  26.695  -52.893  -18.884 0.5000000000
25697  27.923  -52.250  -18.167 0.5000000000
25698  27.351  -52.554  -18.548 0.5000000000
26660  21.555  -51.710  -13.688 0.5000000000
26694  20.488  -51.254  -14.973 0.5000000000
25541  23.262  -53.286  -11.452 0.5000000000
149765  24.925  -53.507  -11.296 0.4000000060
24548  26.220  -53.578  -12.024 0.3000000119
125963  25.705  -53.933  -11.616 0.4000000060
126713  26.202  -54.188  -14.391 0.3000000119
24607  26.426  -53.610  -14.497 0.3000000119
23546  26.058  -54.685  -13.788 0.5000000000
23577  25.188  -54.342  -15.474 0.5000000000
23599  24.108  -54.285  -16.530 0.5000000000
23623  22.745  -54.935  -17.776 0.5000000000
23641  22.648  -54.601  -18.611 0.5000000000
23670  23.010  -54.220  -20.038 0.6000000238
24709  24.118  -53.796  -20.687 0.6000000238
25717  25.715  -53.088  -20.064 0.5000000000
25716  26.380  -52.683  -19.650 0.5000000000
26781  27.688  -51.998  -18.875 0.5000000000
27791  21.503  -50.799  -14.336 0.5000000000
26658  22.281  -51.407  -13.063 0.5000000000
25564  23.218  -51.969  -11.926 0.5000000000
26616  24.860  -52.196  -11.393 0.4000000060
25539  24.952  -52.914  -11.323 0.5000000000
147742  26.191  -52.931  -11.703 0.4000000060
24593  26.740  -53.244  -13.785 0.3000000119
25614  26.067  -53.218  -15.337 0.3000000119
24631  24.759  -53.605  -16.361 0.4000000060
23622  23.444  -54.240  -17.312 0.5000000000
24681  22.673  -53.887  -19.231 0.4000000060
24708  24.992  -53.482  -20.409 0.5000000000
25725  25.956  -52.210  -20.877 0.5000000000
128936  26.143  -52.479  -20.431 0.5000000000
27870  28.712  -51.187  -18.913 0.5000000000
26799  28.098  -51.501  -19.286 0.4000000060
26800  27.433  -51.779  -19.650 0.5000000000
134572  21.386  -50.134  -14.899 0.5000000000
27790  22.104  -50.776  -13.707 0.5000000000
26645  23.673  -51.353  -11.953 0.5000000000
26644  24.542  -51.437  -11.607 0.4000000060
144928  26.307  -52.280  -11.732 0.4000000060
140658  27.022  -52.702  -13.943 0.3000000119
25643  26.010  -52.678  -15.868 0.3000000119
25668  24.906  -52.904  -16.839 0.4000000060
25687  24.251  -52.962  -17.497 0.4000000060
25688  23.670  -52.913  -18.130 0.4000000060
24665  23.503  -53.590  -17.703 0.4000000060
24680  22.905  -53.667  -18.518 0.4000000060
24696  22.564  -53.118  -19.683 0.5000000000
24719  22.908  -53.100  -20.659 0.5000000000
24718  23.470  -53.536  -20.823 0.6000000238
26812  26.576  -51.893  -20.730 0.4000000060
26801  26.774  -52.099  -20.030 0.5000000000
27789  22.549  -50.040  -13.677 0.4000000060
27762  25.068  -50.860  -11.740 0.4000000060
27764  23.351  -50.830  -12.409 0.4000000060
131482  26.300  -51.639  -11.841 0.4000000060
26657  27.172  -52.188  -12.791 0.4000000060
25642  26.605  -52.497  -15.325 0.4000000060
26723  26.302  -52.105  -16.034 0.4000000060
25667  25.650  -52.462  -16.444 0.4000000060
146407  24.781  -52.426  -17.416 0.4000000060
26764  24.333  -52.303  -17.942 0.4000000060
25701  22.716  -52.620  -19.338 0.5000000000
25728  22.589  -52.566  -20.403 0.5000000000
26824  23.960  -51.763  -21.014 0.6000000238
25735  25.288  -52.472  -20.983 0.5000000000
27910  26.052  -51.282  -21.198 0.4000000060
26821  26.372  -51.616  -21.027 0.4000000060
28809  22.426  -49.285  -14.093 0.4000000060
28784  24.794  -50.115  -12.074 0.4000000060
137358  23.047  -50.005  -13.237 0.4000000060
27761  25.921  -51.009  -11.842 0.4000000060
26693  27.200  -52.200  -14.525 0.4000000060
26746  25.346  -52.157  -17.088 0.4000000060
26782  24.397  -51.584  -18.439 0.4000000060
26784  23.127  -52.037  -19.104 0.4000000060
26802  22.293  -51.871  -19.853 0.5000000000
131907  23.107  -51.197  -20.652 0.4000000060
26823  24.988  -51.914  -21.108 0.6000000238
29810  23.472  -48.895  -13.525 0.4000000060
28785  24.065  -49.823  -12.515 0.4000000060
144147  25.513  -50.382  -11.924 0.4000000060
26641  27.306  -51.445  -12.599 0.4000000060
26692  27.608  -51.359  -14.688 0.4000000060
27814  27.038  -51.072  -16.003 0.4000000060
27831  26.251  -51.147  -16.921 0.5000000000
26762  25.663  -51.448  -17.306 0.4000000060
27848  24.947  -51.009  -18.283 0.3000000119
27872  24.344  -50.800  -18.801 0.3000000119
27873  23.628  -51.313  -19.098 0.4000000060
27913  22.648  -50.861  -20.097 0.4000000060
27912  23.899  -50.777  -20.815 0.4000000060
27911  24.758  -51.180  -21.068 0.5000000000
29817  22.875  -48.620  -13.978 0.4000000060
145879  27.131  -50.794  -12.301 0.4000000060
27788  27.917  -50.989  -13.968 0.4000000060
26721  27.524  -50.899  -15.461 0.3000000119
27830  26.789  -50.818  -16.561 0.3000000119
146990  25.410  -51.073  -17.809 0.3000000119
28883  24.884  -50.294  -18.627 0.3000000119
27888  22.762  -50.601  -19.638 0.3000000119
29912  23.224  -49.553  -20.093 0.4000000060
140662  24.371  -49.579  -20.733 0.4000000060
29795  24.656  -49.330  -12.451 0.3000000119
28783  25.420  -49.690  -12.124 0.3000000119
28781  27.303  -50.157  -12.333 0.3000000119
27787  28.188  -50.394  -13.920 0.3000000119
28832  27.904  -50.177  -15.675 0.3000000119
137602  27.355  -50.522  -16.180 0.3000000119
27846  26.501  -50.570  -17.074 0.4000000060
29870  25.881  -49.298  -18.221 0.4000000060
28882  25.387  -49.772  -18.460 0.3000000119
137700  24.664  -49.520  -18.946 0.3000000119
28885  23.041  -49.734  -19.637 0.3000000119
29902  22.963  -49.243  -19.851 0.4000000060
29911  23.810  -49.153  -20.395 0.4000000060
29910  24.576  -48.972  -20.698 0.4000000060
28850  27.022  -50.097  -16.849 0.4000000060
29882  25.805  -48.676  -18.400 0.4000000060
29883  25.289  -49.029  -18.648 0.4000000060
29884  24.173  -49.021  -19.198 0.3000000119
29895  22.971  -49.123  -19.845 0.4000000060
30905  23.359  -47.993  -19.893 0.4000000060
31917  23.820  -47.360  -20.164 0.4000000060
30917  23.195  -48.714  -20.095 0.4000000060
146307  23.937  -48.267  -20.354 0.4000000060
30888  25.112  -48.107  -18.777 0.4000000060
127284  24.110  -48.253  -19.328 0.5000000000
30899  23.312  -47.880  -19.820 0.4000000060
31904  23.448  -47.233  -19.771 0.4000000060
125356  25.285  -47.803  -20.750 0.3000000119
32923  24.451  -46.643  -20.413 0.3000000119
19682  23.867  -58.272  -17.207 0.6999999881
136004  25.930  -57.146  -13.152 0.8000000119
20623  23.004  -56.992  -18.031 0.6000000238
20592  24.492  -56.676  -15.389 0.6999999881
20594  23.523  -56.877  -16.626 0.6999999881
24678  26.385  -53.529  -18.514 0.6000000238
23500  25.464  -54.498  -11.558 0.4000000060
24571  26.245  -54.299  -12.689 0.4000000060
22559  25.438  -55.751  -14.126 0.6999999881
22578  24.296  -55.493  -15.707 0.6999999881
21631  22.946  -56.433  -17.654 0.6999999881
25540  23.622  -52.611  -11.499 0.5000000000
23600  23.456  -54.849  -17.012 0.5000000000
24630  25.342  -53.720  -15.748 0.4000000060
24695  22.667  -53.795  -19.822 0.6000000238
25727  24.784  -53.133  -20.891 0.5000000000
25736  24.485  -52.593  -21.076 0.6000000238
26744  26.575  -51.459  -16.304 0.3000000119
27874  22.827  -51.424  -19.450 0.4000000060
131055  23.854  -48.425  -13.331 0.4000000060
147011  24.314  -50.130  -19.004 0.3000000119
28884  23.815  -49.635  -19.299 0.3000000119
30890  23.238  -48.467  -19.750 0.3000000119
31916  24.527  -47.560  -20.585 0.3000000119
15626  27.356  -61.667  -12.891 0.6000000238
14624  27.836  -62.214  -13.192 0.6000000238
14663  30.714  -62.409  -15.475 0.6000000238
149014  30.893  -61.279  -15.908 0.6000000238
14627  25.320  -62.620  -12.871 0.5000000000
15627  26.572  -61.839  -12.694 0.6000000238
16636  26.214  -60.414  -12.282 0.6999999881
135528  26.921  -61.226  -12.612 0.6999999881
14625  27.017  -62.418  -12.996 0.6000000238
143763  28.234  -60.722  -13.369 0.6000000238
15642  29.168  -61.297  -13.990 0.6000000238
16675  29.395  -60.779  -14.576 0.6000000238
16674  29.930  -60.930  -15.136 0.6000000238
16690  30.451  -61.083  -15.590 0.6000000238
145864  29.974  -60.760  -17.085 0.6000000238
16728  30.558  -60.805  -17.685 0.6999999881
15630  23.991  -61.935  -12.720 0.6000000238
131219  24.398  -60.589  -12.094 0.6999999881
15629  24.844  -61.945  -12.584 0.5000000000
16638  24.866  -60.769  -12.162 0.6999999881
15608  25.230  -61.283  -12.321 0.6999999881
17658  27.254  -60.105  -12.768 0.6999999881
16649  27.823  -60.162  -13.226 0.6999999881
17708  28.924  -60.174  -14.824 0.5000000000
136333  29.869  -60.647  -16.035 0.6000000238
16730  27.917  -61.232  -17.651 0.6000000238
16729  28.838  -60.966  -17.815 0.6999999881
137016  27.957  -60.990  -18.339 0.6999999881
16764  29.257  -60.675  -19.225 0.6999999881
17793  28.428  -60.511  -18.826 0.6999999881
135346  31.534  -56.271  -21.583 0.4000000060
130088  30.685  -56.222  -19.837 0.5000000000
21662  30.182  -56.438  -19.098 0.6000000238
20651  29.240  -57.538  -19.256 0.6000000238
18755  28.771  -59.059  -18.742 0.6999999881
17661  20.815  -59.648  -13.493 0.5000000000
126327  21.781  -60.422  -13.042 0.5000000000
17641  22.552  -59.775  -12.155 0.6000000238
16653  22.258  -60.747  -12.869 0.5000000000
18655  23.807  -59.486  -11.610 0.6999999881
16641  22.704  -60.436  -12.434 0.5000000000
15610  23.541  -61.264  -12.517 0.6000000238
18673  25.191  -59.314  -11.707 0.6999999881
17637  25.854  -59.802  -12.092 0.6999999881
132165  27.003  -59.556  -12.731 0.6999999881
17684  28.425  -59.855  -14.347 0.6999999881
135935  28.957  -60.434  -16.245 0.6000000238
16710  28.266  -60.852  -16.942 0.6000000238
17794  27.301  -60.941  -18.124 0.6999999881
124628  27.980  -60.441  -18.497 0.6999999881
19707  28.869  -58.510  -18.026 0.6999999881
134162  29.185  -57.779  -18.488 0.6000000238
19691  29.152  -57.611  -17.835 0.6000000238
20567  20.263  -57.421  -13.190 0.5000000000
18719  19.917  -58.955  -14.248 0.4000000060
19642  20.942  -58.405  -12.662 0.5000000000
18708  20.164  -58.525  -13.714 0.5000000000
17660  21.490  -59.862  -12.953 0.5000000000
19632  21.849  -58.049  -11.707 0.6000000238
18675  22.029  -58.761  -11.903 0.6000000238
19619  24.869  -58.029  -11.410 0.6999999881
128512  23.505  -58.739  -11.389 0.6000000238
18654  24.483  -58.842  -11.445 0.6999999881
19631  26.488  -58.517  -12.568 0.6999999881
148938  27.367  -59.008  -14.729 0.6999999881
129335  27.380  -59.802  -15.762 0.6999999881
16692  28.169  -60.423  -16.351 0.6999999881
16712  26.853  -61.020  -17.238 0.6999999881
17774  26.695  -60.638  -17.855 0.6999999881
19693  27.350  -58.890  -17.454 0.8000000119
19708  28.241  -58.817  -17.689 0.6999999881
21641  30.547  -56.026  -18.515 0.5000000000
135518  29.477  -57.016  -17.729 0.6000000238
20618  29.121  -57.293  -17.126 0.6000000238
20576  19.193  -57.289  -14.447 0.4000000060
127312  20.548  -56.768  -12.713 0.6000000238
20566  20.839  -57.586  -12.524 0.6000000238
135191  21.391  -57.445  -11.885 0.6000000238
19622  22.525  -57.689  -11.361 0.6000000238
128486  24.471  -57.455  -11.271 0.6000000238
136343  25.912  -58.089  -12.113 0.6999999881
18672  25.911  -58.924  -12.031 0.6999999881
18707  26.981  -58.441  -13.801 0.6999999881
18706  27.458  -58.998  -13.964 0.6999999881
18717  25.930  -58.533  -15.368 0.8000000119
17711  26.183  -59.434  -15.840 0.8000000119
17733  26.550  -60.184  -16.400 0.6000000238
17775  25.953  -60.448  -17.460 0.6000000238
149048  27.568  -58.198  -17.069 0.8000000119
129367  28.104  -58.198  -17.144 0.6999999881
22626  31.167  -55.545  -18.348 0.5000000000
22627  30.492  -55.853  -17.821 0.6000000238
21616  29.201  -56.605  -16.793 0.6999999881
22607  30.927  -55.373  -17.458 0.6000000238
22560  19.679  -55.525  -13.590 0.5000000000
22569  18.533  -55.244  -14.538 0.4000000060
127449  18.304  -54.482  -14.845 0.4000000060
21574  20.226  -55.910  -13.017 0.5000000000
137668  19.974  -56.725  -13.343 0.5000000000
21562  21.609  -56.431  -11.638 0.6000000238
20549  22.623  -57.028  -11.270 0.6000000238
20547  23.933  -56.971  -11.196 0.6000000238
127862  25.633  -57.551  -11.898 0.6999999881
19651  26.621  -57.995  -13.620 0.8000000119
19662  25.301  -57.965  -15.358 0.8000000119
18727  24.822  -59.265  -16.549 0.6000000238
17795  24.973  -59.529  -17.487 0.6000000238
19694  26.266  -58.964  -17.466 0.6999999881
19680  26.965  -58.175  -17.058 0.6999999881
126029  27.907  -55.836  -16.263 0.6999999881
22608  30.295  -55.687  -17.081 0.6000000238
129843  29.200  -55.893  -16.419 0.6000000238
23595  29.542  -54.738  -16.027 0.6000000238
23594  30.242  -54.656  -16.173 0.6000000238
23534  20.590  -54.410  -13.067 0.5000000000
23548  19.668  -54.663  -13.791 0.5000000000
23561  18.989  -54.555  -14.307 0.5000000000
24632  18.089  -53.239  -15.386 0.5000000000
22544  21.407  -54.896  -12.110 0.5000000000
22552  20.750  -55.143  -12.607 0.5000000000
137455  22.161  -55.796  -11.416 0.6000000238
18728  24.435  -58.673  -16.551 0.6999999881
19696  23.975  -58.382  -17.634 0.6000000238
128787  24.870  -57.875  -17.595 0.6000000238
20620  25.255  -57.123  -17.410 0.6000000238
21619  26.772  -56.419  -16.626 0.6999999881
22594  26.567  -55.722  -16.702 0.6000000238
23597  27.578  -55.050  -16.281 0.6000000238
22577  28.888  -54.750  -15.992 0.6999999881
23618  31.347  -54.902  -17.035 0.5000000000
24627  30.168  -53.373  -15.812 0.4000000060
24574  20.542  -53.767  -13.442 0.5000000000
24609  19.878  -53.104  -14.310 0.5000000000
25617  18.621  -52.435  -15.595 0.5000000000
25669  18.142  -51.833  -16.305 0.5000000000
26765  17.044  -50.605  -17.612 0.5000000000
133796  15.665  -49.789  -17.913 0.5000000000
21630  24.552  -56.247  -18.271 0.6000000238
22609  26.120  -55.321  -17.156 0.6000000238
138954  27.601  -54.240  -16.400 0.5000000000
24647  28.061  -53.773  -16.234 0.4000000060
24628  29.417  -53.481  -15.861 0.4000000060
23576  28.613  -54.193  -15.951 0.5000000000
25598  20.413  -52.657  -14.099 0.6000000238
25615  19.811  -52.466  -14.732 0.5000000000
26725  18.957  -51.392  -16.115 0.5000000000
26747  18.382  -50.874  -16.870 0.5000000000
27849  17.311  -49.817  -17.560 0.5000000000
29854  16.196  -49.462  -17.355 0.5000000000
27835  13.675  -49.638  -16.719 0.4000000060
26727  13.755  -50.807  -16.293 0.5000000000
125624  14.519  -52.933  -15.589 0.4000000060
23563  14.963  -54.375  -14.945 0.4000000060
21607  15.331  -56.069  -15.610 0.4000000060
23620  26.377  -54.578  -17.358 0.6000000238
24664  26.781  -53.743  -17.585 0.4000000060
25666  27.902  -53.121  -16.708 0.4000000060
25641  28.922  -52.992  -15.997 0.4000000060
26695  19.981  -51.703  -15.121 0.5000000000
134027  19.460  -50.760  -16.298 0.4000000060
27833  18.486  -49.868  -17.353 0.4000000060
29872  17.057  -49.239  -17.192 0.5000000000
27819  16.366  -50.229  -15.911 0.4000000060
27820  15.450  -50.339  -15.927 0.5000000000
27805  16.052  -51.003  -15.303 0.4000000060
25618  15.157  -52.545  -14.618 0.5000000000
26700  15.006  -51.912  -15.048 0.5000000000
24598  15.170  -53.646  -14.019 0.3000000119
133621  15.128  -54.483  -14.368 0.3000000119
21586  15.989  -56.246  -14.063 0.3000000119
135970  27.593  -52.730  -17.965 0.4000000060
27815  19.975  -50.647  -16.030 0.5000000000
27816  19.581  -49.831  -16.774 0.5000000000
29851  17.907  -48.785  -17.169 0.4000000060
27801  21.009  -50.702  -14.987 0.4000000060
131467  20.262  -49.807  -16.230 0.4000000060
28851  19.036  -48.767  -17.147 0.4000000060
28836  18.009  -48.664  -16.061 0.4000000060
28823  20.902  -49.776  -15.605 0.4000000060
29835  19.870  -48.182  -16.371 0.4000000060
29836  19.035  -48.019  -16.441 0.4000000060
29825  21.031  -48.078  -15.563 0.4000000060
29826  18.807  -48.067  -15.702 0.4000000060
28825  18.360  -49.206  -15.380 0.4000000060
26677  18.223  -51.377  -14.114 0.4000000060
30851  19.707  -47.651  -15.917 0.4000000060
28822  21.397  -49.186  -15.111 0.3000000119
28824  18.983  -48.998  -14.839 0.4000000060
128858  18.670  -50.745  -14.224 0.4000000060
26663  18.669  -51.875  -13.530 0.4000000060
29824  21.604  -48.173  -14.959 0.4000000060
25582  18.471  -52.543  -13.182 0.4000000060
24553  18.587  -53.624  -12.192 0.4000000060
30835  21.646  -47.230  -14.556 0.3000000119
30837  20.016  -47.124  -14.687 0.4000000060
29819  19.790  -47.802  -14.295 0.4000000060
27792  19.786  -50.004  -13.744 0.4000000060
27782  19.575  -50.903  -13.479 0.4000000060
148241  19.071  -52.225  -13.084 0.4000000060
26661  19.967  -51.342  -12.989 0.3000000119
145056  24.084  -58.218  -17.931 0.6000000238
128421  21.547  -55.628  -11.841 0.5000000000
22610  25.419  -55.707  -17.710 0.6000000238
25686  27.446  -53.124  -17.434 0.4000000060
14653  30.273  -62.013  -14.978 0.6000000238
16765  28.601  -60.714  -18.705 0.6999999881
17773  27.427  -59.965  -18.044 0.6999999881
21674  30.374  -56.457  -20.617 0.5000000000
21661  30.949  -55.948  -19.127 0.5000000000
136163  30.075  -56.562  -19.912 0.5000000000
20636  29.528  -57.080  -18.579 0.6000000238
146347  20.336  -59.135  -13.767 0.5000000000
17710  27.075  -59.321  -15.425 0.6999999881
21628  29.599  -56.647  -17.255 0.6000000238
18656  22.600  -58.561  -11.496 0.6000000238
148239  26.587  -60.786  -16.943 0.6999999881
18743  26.441  -59.923  -17.710 0.8000000119
20619  28.491  -57.584  -16.919 0.6999999881
21592  18.740  -55.975  -14.384 0.4000000060
17735  24.988  -59.815  -16.930 0.6000000238
18744  25.502  -59.647  -17.565 0.6000000238
142453  27.387  -56.968  -16.610 0.6999999881
126439  28.116  -57.024  -16.628 0.6999999881
23617  32.113  -54.721  -17.420 0.5000000000
22625  32.067  -55.192  -18.312 0.5000000000
21617  28.518  -56.353  -16.453 0.6999999881
21615  29.718  -56.097  -16.864 0.6000000238
18745  24.427  -59.353  -17.178 0.6999999881
19695  25.374  -58.729  -17.525 0.6999999881
19681  26.018  -58.085  -17.210 0.6999999881
23596  28.205  -54.589  -16.089 0.6000000238
22589  30.614  -55.102  -16.723 0.6000000238
23573  30.601  -54.004  -15.956 0.6000000238
24596  19.563  -53.813  -14.171 0.5000000000
24611  18.722  -53.161  -15.013 0.5000000000
25645  17.793  -52.702  -15.954 0.4000000060
21629  25.263  -56.465  -17.514 0.6000000238
23598  26.765  -55.108  -16.688 0.6000000238
23582  14.850  -54.238  -15.591 0.3000000119
23619  26.989  -54.320  -16.778 0.5000000000
25665  28.443  -52.691  -16.487 0.4000000060
28839  15.863  -49.647  -16.688 0.5000000000
24612  14.840  -53.169  -14.656 0.4000000060
21594  15.635  -56.174  -14.809 0.4000000060
30844  20.399  -47.367  -15.465 0.4000000060
30838  19.493  -47.397  -14.964 0.4000000060
9940  35.194  -68.262  -25.320 0.3000000119
11414  35.323  -66.711  -25.519 0.3000000119
17846  28.841  -60.071  -24.867 0.4000000060
18814  28.918  -59.167  -25.505 0.4000000060
16830  28.744  -60.665  -25.900 0.4000000060
15808  29.348  -60.868  -26.162 0.4000000060
150802  28.317  -58.713  -24.184 0.4000000060
17843  29.986  -60.007  -23.808 0.4000000060
17835  30.704  -60.054  -22.936 0.4000000060
147513  30.604  -59.883  -22.261 0.5000000000
16794  31.644  -60.734  -21.643 0.5000000000
136915  31.261  -60.400  -21.432 0.5000000000
20699  29.740  -56.855  -24.650 0.4000000060
18805  28.320  -58.318  -24.872 0.5000000000
16817  29.856  -60.700  -24.190 0.5000000000
15756  32.260  -61.564  -20.644 0.5000000000
19754  30.286  -57.204  -24.859 0.5000000000
19765  28.892  -58.422  -25.249 0.5000000000
19763  30.988  -57.663  -24.993 0.5000000000
17854  29.468  -59.609  -25.704 0.4000000060
133150  30.539  -59.295  -25.382 0.4000000060
16828  30.825  -60.585  -25.662 0.4000000060
13910  30.382  -62.949  -26.603 0.3000000119
13909  31.675  -63.566  -25.741 0.4000000060
21713  30.094  -56.452  -23.313 0.4000000060
19746  28.296  -58.029  -22.953 0.4000000060
19742  28.350  -58.402  -22.146 0.4000000060
21714  29.254  -56.612  -23.893 0.4000000060
20694  28.304  -57.263  -23.943 0.4000000060
20688  28.314  -57.459  -23.245 0.4000000060
18786  28.645  -58.828  -22.659 0.4000000060
17826  28.989  -59.428  -21.909 0.5000000000
17817  30.597  -59.966  -21.549 0.5000000000
21725  30.078  -56.338  -24.157 0.4000000060
20700  28.855  -57.079  -24.591 0.4000000060
18801  28.297  -58.740  -24.864 0.4000000060
17818  29.406  -59.894  -21.262 0.5000000000
16788  30.976  -60.342  -21.031 0.5000000000
16787  31.685  -60.773  -20.854 0.5000000000
16776  31.445  -60.726  -20.092 0.6000000238
16745  30.913  -60.793  -18.967 0.6000000238
15731  32.108  -61.357  -19.189 0.6000000238
18764  28.642  -59.912  -19.211 0.6000000238
126387  30.111  -60.735  -19.271 0.6000000238
16744  31.681  -60.996  -18.648 0.5000000000
17853  31.084  -59.826  -25.372 0.4000000060
16708  30.958  -60.934  -16.971 0.5000000000
16827  31.706  -61.104  -25.402 0.4000000060
15806  31.542  -61.851  -25.600 0.4000000060
14804  31.465  -62.646  -25.751 0.4000000060
20671  28.690  -57.472  -21.763 0.4000000060
148194  28.645  -57.670  -21.272 0.5000000000
18777  28.446  -58.881  -21.196 0.5000000000
18771  28.703  -58.849  -20.348 0.5000000000
16789  29.434  -60.239  -20.620 0.5000000000
18770  28.989  -58.138  -19.813 0.5000000000
16779  29.164  -60.420  -20.026 0.6000000238
18763  28.869  -58.996  -19.541 0.6000000238
17812  28.821  -60.023  -20.051 0.6000000238
9917  35.665  -68.173  -25.159 0.3000000119
11401  35.296  -65.722  -25.069 0.3000000119
13907  33.862  -62.960  -24.974 0.3000000119
21712  30.878  -56.329  -22.767 0.4000000060
21701  30.934  -56.362  -21.939 0.4000000060
20681  29.416  -56.926  -21.864 0.4000000060
20670  29.769  -56.791  -21.059 0.4000000060
19726  28.702  -58.003  -20.767 0.5000000000
20660  29.675  -56.898  -20.387 0.4000000060
16746  30.083  -60.791  -18.553 0.6000000238
150075  31.267  -60.952  -17.533 0.5000000000
21689  30.275  -56.522  -21.492 0.4000000060
18797  29.057  -58.971  -23.430 0.4000000060
14726  32.294  -61.879  -19.812 0.5000000000
147413  33.221  -63.288  -24.835 0.3000000119
21702  29.358  -56.767  -22.926 0.4000000060
148478  28.342  -58.645  -21.685 0.5000000000
17819  28.678  -59.552  -21.270 0.5000000000
140063  28.956  -59.951  -20.647 0.6000000238
143579  22.681  -50.034  -19.895 0.3000000119
9939  35.761  -67.968  -25.320 0.3000000119
10674  35.139  -67.605  -25.638 0.3000000119
14626  26.172  -62.558  -12.901 0.5000000000
14628  24.481  -62.627  -12.939 0.5000000000
15607  26.147  -61.138  -12.408 0.6999999881
15609  24.367  -61.218  -12.331 0.6999999881
15625  28.090  -61.427  -13.197 0.6000000238
15628  25.720  -61.927  -12.569 0.6000000238
15654  30.259  -61.396  -15.123 0.6000000238
15665  31.159  -61.873  -16.001 0.6000000238
15666  30.670  -61.646  -15.475 0.6000000238
15711  32.064  -61.543  -18.403 0.5000000000
15807  30.572  -61.320  -25.981 0.4000000060
16637  25.522  -60.598  -12.170 0.6999999881
16639  23.809  -60.672  -12.201 0.6999999881
16640  23.231  -60.717  -12.363 0.5000000000
16650  27.527  -60.846  -12.897 0.6999999881
16651  26.823  -60.610  -12.504 0.6999999881
16652  22.854  -61.090  -12.699 0.5000000000
16663  28.797  -60.563  -13.974 0.5000000000
16664  21.785  -60.969  -13.326 0.5000000000
16689  31.202  -61.262  -16.435 0.6000000238
16691  29.410  -60.435  -15.341 0.6000000238
16693  27.247  -60.516  -16.572 0.6999999881
16694  26.150  -60.729  -17.177 0.6999999881
16709  28.946  -60.780  -17.058 0.6000000238
16711  27.525  -61.073  -17.122 0.6999999881
16726  31.717  -61.116  -17.880 0.5000000000
16727  31.107  -60.870  -18.186 0.6000000238
16731  27.270  -61.209  -17.583 0.6000000238
16732  26.861  -60.952  -17.599 0.6999999881
16747  29.036  -60.858  -18.438 0.6999999881
16748  28.184  -61.155  -18.187 0.6999999881
16749  27.499  -61.256  -17.962 0.6999999881
16761  31.577  -60.872  -19.426 0.6000000238
16762  30.688  -60.670  -19.750 0.6000000238
16763  29.739  -60.666  -19.749 0.6000000238
16777  30.885  -60.483  -20.468 0.5000000000
16778  29.983  -60.480  -20.263 0.6000000238
16795  31.196  -60.305  -22.116 0.5000000000
16829  29.922  -60.121  -25.809 0.4000000060
17619  24.506  -59.595  -11.668 0.6999999881
17636  26.643  -59.951  -12.429 0.6999999881
17638  24.916  -60.125  -11.942 0.6999999881
17639  24.110  -60.112  -11.910 0.6999999881
17640  23.300  -60.101  -12.020 0.5000000000
17642  21.884  -59.360  -12.366 0.5000000000
17659  22.108  -60.106  -12.635 0.5000000000
17685  27.917  -59.652  -13.807 0.6999999881
17707  28.785  -60.151  -15.636 0.6999999881
17709  27.791  -59.368  -14.774 0.6999999881
17732  28.185  -59.856  -15.493 0.6999999881
17734  25.352  -59.404  -16.246 0.6000000238
17755  25.400  -60.189  -17.195 0.6000000238
17756  24.834  -59.703  -17.235 0.6000000238
17776  24.602  -59.359  -17.376 0.6999999881
17777  24.604  -58.959  -17.531 0.6999999881
17807  28.761  -60.440  -19.403 0.6000000238
17813  28.672  -59.535  -20.671 0.6000000238
17825  29.884  -59.701  -22.066 0.5000000000
17836  29.894  -59.530  -23.303 0.4000000060
17837  29.509  -59.323  -22.682 0.4000000060
17847  28.486  -59.498  -25.243 0.5000000000
18653  25.341  -58.535  -11.604 0.6999999881
18671  26.534  -59.261  -12.417 0.6999999881
18674  23.008  -59.332  -11.697 0.6000000238
18676  21.497  -58.629  -12.225 0.5000000000
18690  27.455  -59.548  -13.203 0.6999999881
18691  27.005  -58.926  -13.073 0.6999999881
18692  21.180  -59.136  -12.815 0.5000000000
18693  20.616  -58.848  -13.249 0.5000000000
18716  26.889  -58.709  -14.814 0.6999999881
18718  25.035  -58.707  -15.949 0.6999999881
18720  19.461  -58.756  -14.858 0.4000000060
18735  24.537  -59.421  -16.984 0.6000000238
18736  24.247  -58.893  -16.972 0.6000000238
18746  24.303  -58.953  -17.441 0.6999999881
18756  28.337  -59.495  -18.340 0.6999999881
18757  25.055  -59.080  -17.587 0.6000000238
18787  28.485  -59.023  -21.800 0.5000000000
18796  28.961  -59.313  -24.270 0.5000000000
18802  28.324  -58.376  -23.573 0.4000000060
18806  28.119  -58.202  -24.411 0.4000000060
18811  31.528  -59.075  -25.124 0.4000000060
18813  29.717  -58.874  -25.415 0.4000000060
19618  25.425  -57.915  -11.648 0.6999999881
19620  24.055  -58.107  -11.285 0.6999999881
19621  23.238  -58.000  -11.279 0.6000000238
19633  21.284  -58.024  -12.164 0.6000000238
19640  26.716  -58.334  -13.183 0.8000000119
19641  26.348  -57.798  -12.961 0.8999999762
19643  20.458  -58.129  -13.151 0.5000000000
19653  20.053  -57.917  -13.622 0.5000000000
19660  26.543  -58.057  -14.398 0.8000000119
19661  25.930  -57.822  -14.747 0.8000000119
19679  27.653  -57.662  -16.796 0.8000000119
19692  28.708  -58.001  -17.381 0.6000000238
19709  24.797  -58.314  -17.618 0.6000000238
19710  24.124  -58.506  -17.774 0.6999999881
19719  29.075  -58.371  -18.861 0.6000000238
19732  29.108  -57.301  -21.020 0.5000000000
19733  28.393  -58.100  -21.587 0.5000000000
19750  28.135  -57.733  -23.830 0.4000000060
19755  29.377  -57.562  -24.914 0.4000000060
19756  28.636  -57.796  -24.852 0.4000000060
19757  28.249  -57.544  -24.441 0.4000000060
19764  30.051  -58.081  -25.083 0.5000000000
20545  25.204  -57.325  -11.536 0.6999999881
20546  24.723  -56.747  -11.355 0.6000000238
20548  23.191  -57.299  -11.212 0.6000000238
20556  25.536  -57.012  -11.964 0.6999999881
20557  21.939  -57.159  -11.490 0.6000000238
20558  21.125  -56.879  -12.078 0.6000000238
20565  25.674  -56.792  -12.580 0.8000000119
20574  25.577  -56.824  -13.982 0.8000000119
20575  19.754  -57.369  -13.785 0.5000000000
20602  28.768  -57.026  -16.767 0.6999999881
20603  26.667  -57.345  -16.802 0.6999999881
20604  25.777  -57.422  -17.086 0.6000000238
20606  23.171  -57.055  -17.434 0.6999999881
20621  24.480  -57.079  -18.033 0.6000000238
20622  23.386  -57.726  -17.801 0.6999999881
20637  23.849  -57.663  -18.103 0.6000000238
20639  23.045  -56.794  -18.194 0.6000000238
20650  29.617  -56.963  -19.575 0.6000000238
20661  29.171  -57.411  -20.141 0.5000000000
20682  28.716  -57.226  -22.615 0.4000000060
20683  28.352  -57.745  -22.367 0.4000000060
20687  28.660  -56.995  -23.554 0.4000000060
20693  28.599  -56.860  -24.230 0.4000000060
21551  23.248  -56.537  -11.163 0.6999999881
21552  22.383  -56.478  -11.296 0.6000000238
21561  25.522  -56.323  -12.100 0.8000000119
21563  20.980  -56.036  -12.274 0.5000000000
21582  25.551  -56.208  -13.660 0.8000000119
21584  19.711  -56.178  -13.545 0.5000000000
21585  19.281  -56.049  -13.943 0.4000000060
21603  23.889  -56.326  -15.982 0.6999999881
21604  23.330  -56.368  -16.850 0.6999999881
21618  27.662  -56.406  -16.453 0.6999999881
21620  25.942  -56.781  -16.919 0.6000000238
21642  29.986  -56.452  -18.057 0.6000000238
21644  23.167  -56.555  -18.427 0.6000000238
21645  22.851  -56.307  -18.189 0.6000000238
21726  29.342  -56.635  -24.349 0.4000000060
22529  25.767  -54.971  -12.029 0.5000000000
22531  24.370  -55.415  -11.207 0.6999999881
22543  22.031  -55.089  -11.614 0.6999999881
22561  19.119  -55.335  -14.058 0.4000000060
22562  15.672  -55.608  -14.266 0.4000000060
22563  15.459  -54.908  -13.902 0.3000000119
22568  24.922  -55.638  -14.927 0.6999999881
22571  15.298  -55.187  -14.915 0.4000000060
22579  23.637  -55.705  -16.419 0.6000000238
22582  15.017  -54.747  -15.521 0.3000000119
22590  29.842  -55.373  -16.440 0.6000000238
22591  29.215  -55.266  -16.147 0.6000000238
22592  28.534  -55.442  -16.134 0.6999999881
22593  27.212  -55.765  -16.443 0.6000000238
22595  25.982  -56.032  -16.985 0.6000000238
22606  31.521  -55.100  -17.758 0.5000000000
22631  22.711  -55.441  -18.344 0.5000000000
22646  31.703  -55.638  -19.062 0.5000000000
22648  23.372  -55.294  -19.205 0.5000000000
23501  24.830  -54.634  -11.319 0.4000000060
23503  23.215  -54.578  -11.274 0.6000000238
23518  25.908  -54.250  -11.944 0.4000000060
23519  21.968  -54.408  -11.876 0.6999999881
23533  21.067  -54.361  -12.622 0.6999999881
23547  20.205  -54.367  -13.470 0.5000000000
23549  15.222  -54.198  -13.861 0.3000000119
23559  25.665  -54.569  -14.783 0.5000000000
23560  24.992  -54.986  -15.207 0.6000000238
23562  18.339  -53.737  -15.003 0.5000000000
23574  29.862  -54.086  -15.903 0.4000000060
23575  29.174  -54.156  -15.897 0.5000000000
23579  23.871  -55.039  -16.348 0.5000000000
23580  17.788  -54.006  -15.278 0.5000000000
23592  31.749  -54.373  -16.667 0.5000000000
23601  23.114  -55.319  -17.302 0.6000000238
23621  25.692  -54.965  -17.910 0.6000000238
23656  23.164  -54.706  -19.600 0.6000000238
23657  22.793  -54.417  -19.369 0.5000000000
23669  23.604  -54.309  -20.180 0.6000000238
24525  25.207  -53.990  -11.374 0.4000000060
24526  24.509  -53.995  -11.216 0.4000000060
24527  24.189  -53.252  -11.282 0.5000000000
24528  22.922  -53.942  -11.451 0.4000000060
24529  22.375  -53.993  -11.704 0.5000000000
24549  22.559  -53.436  -11.780 0.5000000000
24551  21.366  -53.739  -12.669 0.6999999881
24570  26.625  -53.442  -12.892 0.3000000119
24572  21.685  -53.126  -12.664 0.6000000238
24575  18.218  -53.223  -12.802 0.4000000060
24594  26.430  -53.910  -13.642 0.3000000119
24595  20.197  -53.409  -13.903 0.5000000000
24608  25.823  -53.936  -15.059 0.4000000060
24610  19.354  -53.171  -14.653 0.5000000000
24629  28.742  -53.632  -15.945 0.5000000000
24648  27.399  -53.659  -16.820 0.5000000000
24649  24.162  -53.589  -17.021 0.4000000060
24679  25.627  -53.954  -18.946 0.6000000238
24694  25.289  -53.734  -19.697 0.5000000000
24710  23.389  -54.029  -20.530 0.6000000238
24711  22.944  -53.709  -20.369 0.6000000238
24712  22.607  -53.165  -20.168 0.5000000000
24717  24.110  -53.247  -20.996 0.6000000238
25538  25.624  -52.571  -11.463 0.4000000060
25565  22.747  -52.685  -11.940 0.5000000000
25566  22.085  -52.561  -12.584 0.5000000000
25579  26.702  -52.762  -12.308 0.4000000060
25581  21.057  -52.559  -13.652 0.6000000238
25583  17.699  -52.807  -13.316 0.4000000060
25597  26.945  -52.767  -13.195 0.3000000119
25602  15.221  -53.109  -14.183 0.3000000119
25613  26.747  -52.949  -14.593 0.3000000119
25616  19.170  -52.641  -15.045 0.5000000000
25644  25.449  -53.098  -16.114 0.3000000119
25646  14.648  -52.332  -15.184 0.5000000000
25700  23.164  -52.781  -18.761 0.4000000060
25702  22.396  -52.387  -19.730 0.5000000000
25715  27.030  -52.303  -19.239 0.5000000000
25718  22.382  -52.503  -19.988 0.5000000000
25726  25.492  -52.830  -20.685 0.5000000000
25737  23.524  -52.720  -20.966 0.5000000000
25738  22.862  -52.517  -20.734 0.5000000000
26617  24.038  -52.006  -11.530 0.5000000000
26642  26.811  -51.959  -12.210 0.4000000060
26643  25.549  -51.701  -11.554 0.4000000060
26646  22.916  -51.336  -12.442 0.5000000000
26647  22.489  -51.972  -12.472 0.5000000000
26656  27.423  -51.758  -13.204 0.4000000060
26662  19.318  -51.620  -13.272 0.4000000060
26672  27.572  -51.657  -13.880 0.4000000060
26673  27.260  -52.229  -13.582 0.4000000060
26674  20.902  -52.067  -14.077 0.6000000238
26676  18.960  -51.209  -13.779 0.4000000060
26696  19.374  -52.005  -15.376 0.5000000000
26722  26.992  -51.664  -15.487 0.4000000060
26724  19.665  -51.321  -15.733 0.5000000000
26726  14.514  -51.466  -15.616 0.5000000000
26745  25.959  -51.804  -16.683 0.4000000060
26748  17.627  -51.280  -16.969 0.5000000000
26763  25.000  -51.732  -17.753 0.3000000119
26780  28.314  -51.708  -18.504 0.5000000000
26783  23.757  -52.167  -18.552 0.4000000060
26785  22.512  -51.928  -19.572 0.5000000000
26811  27.226  -51.608  -20.513 0.5000000000
26813  22.416  -51.981  -20.184 0.5000000000
26822  25.733  -51.851  -21.059 0.5000000000
26825  23.024  -51.980  -20.789 0.6000000238
26826  22.611  -52.123  -20.557 0.5000000000
27759  27.600  -50.708  -12.698 0.4000000060
27760  26.699  -51.206  -12.097 0.4000000060
27763  24.112  -50.644  -12.061 0.4000000060
27776  27.991  -50.545  -13.272 0.3000000119
27777  27.678  -51.206  -13.242 0.4000000060
27778  23.461  -50.255  -12.724 0.4000000060
27779  22.798  -50.667  -13.047 0.5000000000
27793  19.193  -50.481  -13.990 0.4000000060
27800  28.051  -50.522  -14.742 0.3000000119
27802  20.513  -50.613  -15.573 0.5000000000
27803  17.766  -49.706  -15.610 0.4000000060
27806  15.176  -51.210  -15.390 0.4000000060
27817  19.039  -50.397  -16.877 0.4000000060
27821  14.516  -50.466  -16.042 0.5000000000
27832  18.980  -49.514  -17.261 0.5000000000
27834  17.826  -50.263  -17.423 0.5000000000
27847  25.942  -50.670  -17.520 0.4000000060
27850  16.265  -50.395  -18.075 0.5000000000
27871  25.442  -50.471  -18.136 0.3000000119
27887  28.535  -51.056  -19.761 0.4000000060
27889  22.388  -51.258  -19.776 0.4000000060
27898  22.534  -50.642  -19.841 0.3000000119
27899  22.399  -51.343  -19.953 0.5000000000
27914  22.600  -51.579  -20.387 0.4000000060
28782  26.381  -50.252  -12.070 0.4000000060
28800  23.519  -49.598  -13.128 0.4000000060
28808  23.007  -49.440  -13.639 0.4000000060
28810  21.929  -49.935  -14.358 0.5000000000
28812  19.544  -48.967  -14.285 0.4000000060
28813  18.793  -49.996  -14.575 0.4000000060
28821  21.963  -49.033  -14.617 0.3000000119
28833  20.907  -48.783  -15.821 0.4000000060
28834  20.418  -48.885  -16.237 0.4000000060
28835  19.716  -48.758  -16.732 0.4000000060
28840  14.772  -49.573  -16.731 0.4000000060
28852  18.472  -49.011  -17.351 0.4000000060
28853  15.355  -49.251  -17.203 0.5000000000
28867  26.425  -50.041  -17.438 0.4000000060
28868  25.904  -49.957  -17.935 0.4000000060
28869  17.828  -49.351  -17.466 0.4000000060
28870  17.129  -49.379  -17.408 0.5000000000
28894  22.778  -49.867  -19.883 0.3000000119
28912  23.831  -49.940  -20.570 0.4000000060
28913  23.184  -50.384  -20.327 0.4000000060
29809  24.013  -49.092  -12.979 0.3000000119
29818  22.206  -48.324  -14.404 0.4000000060
29820  19.207  -47.927  -14.917 0.4000000060
29834  20.466  -48.095  -16.043 0.4000000060
29837  18.339  -48.272  -16.391 0.4000000060
29850  18.396  -48.429  -16.952 0.4000000060
29852  17.450  -49.010  -17.003 0.4000000060
29853  16.579  -49.302  -17.037 0.5000000000
29871  17.520  -49.075  -17.258 0.5000000000
29885  23.244  -49.139  -19.630 0.3000000119
30821  23.327  -48.033  -13.741 0.4000000060
30836  20.576  -46.681  -14.422 0.4000000060
30843  21.026  -47.286  -15.037 0.3000000119
30845  19.623  -47.213  -15.315 0.4000000060
30846  19.195  -47.439  -15.355 0.4000000060
30852  19.160  -47.463  -15.701 0.4000000060
30906  23.183  -48.573  -19.819 0.4000000060
30916  24.907  -48.312  -20.727 0.3000000119
31839  20.258  -47.031  -14.947 0.4000000060
31844  20.615  -46.906  -14.850 0.4000000060
124641  14.779  -53.721  -15.168 0.4000000060
125189  25.644  -60.099  -16.755 0.6000000238
126034  28.486  -59.002  -25.249 0.5000000000
127380  23.770  -57.567  -11.214 0.6000000238
127661  20.983  -51.418  -14.415 0.5000000000
128231  15.106  -49.312  -17.592 0.5000000000
130075  14.962  -53.920  -14.439 0.4000000060
130668  23.496  -47.677  -19.690 0.5000000000
131271  17.679  -54.800  -15.346 0.4000000060
131660  25.900  -57.393  -12.414 0.8000000119
131950  26.298  -49.510  -17.784 0.4000000060
132475  32.230  -56.248  -21.571 0.4000000060
133121  23.744  -57.997  -17.937 0.6000000238
133301  30.031  -56.161  -17.385 0.6000000238
133330  23.637  -55.872  -11.154 0.6999999881
134361  22.857  -54.245  -17.981 0.5000000000
134859  30.178  -56.557  -22.361 0.4000000060
135167  20.937  -53.889  -13.024 0.6999999881
135358  20.047  -54.002  -13.755 0.5000000000
135798  28.378  -53.223  -16.202 0.4000000060
136175  22.403  -59.174  -11.901 0.6000000238
136644  22.921  -55.870  -11.208 0.6000000238
137008  18.878  -53.819  -14.648 0.5000000000
137075  30.258  -60.211  -20.882 0.5000000000
137143  24.746  -54.110  -15.987 0.5000000000
137939  16.602  -49.838  -17.675 0.5000000000
137986  23.641  -50.367  -19.259 0.3000000119
138417  32.014  -61.114  -19.991 0.5000000000
138451  28.660  -61.174  -13.546 0.6000000238
138696  22.778  -53.271  -19.133 0.4000000060
138704  19.053  -56.554  -14.309 0.4000000060
138743  19.494  -56.698  -13.902 0.5000000000
139913  20.163  -55.011  -13.240 0.5000000000
140030  25.657  -55.708  -13.224 0.6000000238
142190  25.753  -55.320  -13.695 0.6000000238
143335  25.239  -59.964  -17.373 0.6000000238
143796  25.606  -53.356  -11.465 0.5000000000
144288  24.672  -58.141  -15.896 0.8000000119
144606  19.643  -52.052  -12.749 0.3000000119
144608  24.668  -48.774  -19.025 0.3000000119
144666  24.693  -57.416  -15.500 0.8000000119
145261  30.643  -60.912  -16.273 0.6000000238
145378  21.161  -55.432  -12.199 0.5000000000
145549  29.102  -60.224  -25.920 0.4000000060
145572  18.157  -50.463  -14.810 0.4000000060
145795  29.686  -60.825  -17.930 0.6999999881
145894  28.763  -59.523  -20.055 0.6000000238
145932  21.482  -56.976  -11.708 0.6000000238
146189  28.275  -60.175  -13.696 0.6999999881
147654  20.652  -53.107  -13.630 0.6000000238
148121  30.276  -59.713  -25.594 0.4000000060
148303  24.344  -52.588  -11.346 0.4000000060
148732  30.204  -59.690  -22.656 0.5000000000
148751  20.128  -51.142  -15.466 0.5000000000
149402  25.440  -51.442  -21.136 0.4000000060
149699  19.274  -49.751  -14.250 0.4000000060
