#!ascii label  , from subject sub-v2s1x29865_ses-1 vox2ras=TkReg
1364
100450  13.110  -3.842  -33.744 0.2500000000
99257  14.247  -4.373  -35.201 0.2500000000
191739  16.396  -5.795  -36.120 0.7500000000
104910  10.544  -0.968  -30.299 0.2500000000
102699  10.976  -1.266  -32.153 0.1250000000
103885  11.240  -1.148  -33.168 0.3750000000
176272  11.530  -1.859  -32.650 0.2500000000
100451  12.532  -3.444  -33.297 0.2500000000
100479  14.435  -4.192  -35.763 0.7500000000
100467  13.294  -3.556  -34.561 0.3750000000
97010  16.832  -6.476  -36.103 0.8750000000
99268  16.181  -5.138  -36.215 0.8750000000
95950  18.987  -8.040  -37.641 0.8750000000
102721  11.824  -1.885  -33.251 0.3750000000
101611  12.261  -2.480  -33.656 0.3750000000
101625  12.996  -2.860  -34.890 0.8750000000
101610  12.766  -3.059  -34.120 0.7500000000
98142  18.015  -6.214  -37.255 1.0000000000
99267  16.786  -5.324  -36.567 1.0000000000
99269  15.103  -4.418  -35.918 0.8750000000
95951  18.556  -7.526  -37.530 1.0000000000
94873  20.656  -8.150  -38.049 1.0000000000
104945  10.878  -0.213  -32.386 0.2500000000
102755  12.310  -1.745  -34.663 0.7500000000
101654  14.186  -3.046  -36.141 0.8750000000
101639  13.724  -3.350  -35.783 0.8750000000
101626  12.469  -2.244  -34.482 0.7500000000
97025  19.423  -6.347  -38.191 1.0000000000
99266  17.386  -5.053  -37.005 1.0000000000
100495  15.815  -3.989  -36.523 1.0000000000
95958  21.278  -7.508  -38.578 1.0000000000
95959  20.530  -7.224  -38.414 1.0000000000
95960  19.401  -7.318  -38.088 1.0000000000
104908  11.521  -0.307  -30.553 0.1250000000
170827  12.036  -1.197  -34.230 0.6250000000
101653  14.694  -2.616  -36.531 1.0000000000
102766  13.164  -2.175  -35.431 0.8750000000
100494  16.116  -4.025  -36.633 1.0000000000
95970  21.255  -6.681  -38.938 1.0000000000
97034  20.724  -6.236  -38.831 1.0000000000
99280  18.133  -5.196  -37.479 1.0000000000
100493  16.945  -4.400  -36.879 1.0000000000
95968  21.968  -7.204  -39.161 1.0000000000
97035  20.138  -6.572  -38.466 1.0000000000
94883  25.557  -8.286  -39.370 1.0000000000
94902  22.639  -7.734  -39.584 1.0000000000
172448  17.926  -0.751  -36.199 0.2500000000
104944  11.453  0.259  -32.735 0.2500000000
104980  12.806  -0.431  -34.428 0.3750000000
104981  12.070  -0.580  -34.124 0.5000000000
102778  14.750  -1.938  -36.601 1.0000000000
172413  13.811  -1.504  -35.642 0.6250000000
102779  14.242  -2.274  -36.235 1.0000000000
99291  19.574  -4.397  -38.563 1.0000000000
171623  16.734  -3.525  -37.082 1.0000000000
97056  22.794  -7.005  -39.904 1.0000000000
97041  21.709  -6.318  -39.368 1.0000000000
99290  20.039  -4.985  -38.966 1.0000000000
97055  23.153  -6.761  -40.097 1.0000000000
94899  24.555  -7.782  -39.875 1.0000000000
95981  24.882  -6.918  -40.075 1.0000000000
196605  26.925  -6.873  -39.775 1.0000000000
103925  17.544  -1.815  -37.484 0.5000000000
105019  17.063  -1.036  -36.225 0.3750000000
105002  15.085  -0.676  -35.282 0.3750000000
105003  14.226  -0.819  -35.144 0.5000000000
103926  16.323  -1.399  -36.773 0.5000000000
102790  15.925  -1.571  -36.937 0.8750000000
168251  16.626  -2.804  -37.230 1.0000000000
101662  18.466  -3.130  -38.529 1.0000000000
99300  20.436  -4.766  -39.394 1.0000000000
100522  19.192  -3.823  -38.563 1.0000000000
97066  24.402  -5.958  -40.508 1.0000000000
98169  21.723  -5.514  -39.985 1.0000000000
97065  28.198  -5.760  -40.702 1.0000000000
97053  25.731  -6.141  -40.117 1.0000000000
95979  27.862  -6.641  -40.114 0.8750000000
103939  18.697  -2.197  -38.084 0.5000000000
103909  16.226  -1.230  -35.961 0.5000000000
102775  17.913  -2.035  -37.892 0.6250000000
185507  20.268  -3.233  -39.045 0.6250000000
101672  19.708  -3.419  -38.549 1.0000000000
102776  17.194  -2.241  -37.560 0.7500000000
167496  19.593  -3.694  -38.620 1.0000000000
99328  28.144  -4.838  -41.361 1.0000000000
182026  24.785  -5.018  -40.908 1.0000000000
99318  23.348  -5.245  -40.997 1.0000000000
99321  21.745  -4.962  -40.170 1.0000000000
186826  28.237  -5.204  -41.231 1.0000000000
98176  26.639  -5.256  -40.411 1.0000000000
183762  23.172  -5.610  -40.633 1.0000000000
97085  28.658  -6.158  -42.590 0.8750000000
98186  27.751  -5.296  -40.727 1.0000000000
97064  28.691  -6.320  -41.311 0.8750000000
102803  19.825  -2.913  -38.486 0.5000000000
101684  20.545  -2.974  -39.509 0.8750000000
101707  24.233  -3.931  -41.464 1.0000000000
192646  22.335  -4.161  -40.952 1.0000000000
186656  28.356  -5.145  -42.227 1.0000000000
100552  26.796  -4.372  -40.919 1.0000000000
99320  22.164  -4.802  -40.446 1.0000000000
100570  28.611  -4.747  -44.150 1.0000000000
97098  28.744  -6.594  -43.702 1.0000000000
98193  28.586  -6.069  -43.213 1.0000000000
99349  28.567  -5.339  -44.060 1.0000000000
97107  28.688  -6.132  -44.118 1.0000000000
102824  20.705  -2.380  -39.890 0.5000000000
102828  21.271  -2.920  -40.587 0.8750000000
101711  21.773  -3.388  -40.896 1.0000000000
190744  27.980  -2.743  -43.061 1.0000000000
101706  25.236  -3.424  -41.277 1.0000000000
196377  24.136  -3.373  -41.619 1.0000000000
177730  28.611  -3.835  -45.378 1.0000000000
101732  28.563  -3.801  -44.626 1.0000000000
99375  29.441  -4.374  -46.182 1.0000000000
195044  28.757  -4.152  -45.323 1.0000000000
189728  28.762  -4.321  -44.767 1.0000000000
98221  29.447  -5.297  -44.976 1.0000000000
100577  28.977  -4.390  -45.158 1.0000000000
98211  29.535  -6.047  -44.814 0.8750000000
106115  27.124  1.068  -43.961 1.0000000000
106104  25.868  0.817  -42.080 0.3750000000
194859  27.203  0.484  -43.755 0.8750000000
186571  27.608  -1.839  -43.147 1.0000000000
101738  28.538  -3.405  -46.077 1.0000000000
102865  28.459  -2.788  -46.059 1.0000000000
108071  27.095  2.498  -44.998 0.8750000000
107105  27.244  1.661  -45.368 1.0000000000
172674  27.369  0.756  -45.850 1.0000000000
183438  27.389  0.418  -45.103 1.0000000000
104004  28.041  -1.581  -44.768 1.0000000000
102880  28.143  -2.862  -47.580 1.0000000000
104026  27.871  -2.203  -47.913 1.0000000000
101750  28.480  -3.200  -48.026 1.0000000000
109107  27.177  2.981  -45.611 0.7500000000
175662  27.409  0.709  -46.854 1.0000000000
106130  27.155  0.130  -47.742 1.0000000000
104033  27.719  -1.412  -49.443 1.0000000000
104027  27.413  -1.497  -48.240 1.0000000000
104019  27.904  -1.515  -47.312 1.0000000000
107113  27.374  1.473  -46.439 1.0000000000
167484  26.910  0.813  -48.318 1.0000000000
105112  27.035  -0.759  -48.427 1.0000000000
116336  25.447  9.659  -46.227 0.1250000000
116337  25.082  10.018  -46.106 0.1250000000
115364  25.020  8.799  -48.568 0.2500000000
116354  25.022  9.619  -48.115 0.1250000000
162604  23.961  8.486  -50.221 0.3750000000
166271  24.725  10.089  -48.709 0.2500000000
184865  23.035  8.825  -50.546 0.5000000000
176101  22.538  9.330  -50.590 0.2500000000
162363  22.072  9.579  -51.017 0.3750000000
117215  25.017  10.463  -47.749 0.2500000000
162359  23.229  10.210  -50.640 0.2500000000
117232  23.548  10.619  -49.914 0.2500000000
118134  22.699  11.559  -49.193 0.2500000000
162674  22.167  9.830  -50.990 0.2500000000
117243  22.484  11.238  -51.100 0.2500000000
117244  22.071  10.242  -51.256 0.3750000000
118143  22.968  10.987  -50.454 0.2500000000
117248  22.126  10.933  -52.079 0.3750000000
118158  21.268  11.993  -52.254 0.2500000000
100421  12.405  -4.042  -32.445 0.1250000000
101596  12.003  -2.801  -32.717 0.2500000000
102669  11.418  -2.209  -30.196 0.1250000000
94886  22.882  -8.236  -39.530 1.0000000000
101690  21.134  -3.455  -40.208 0.8750000000
101724  28.639  -4.233  -44.150 1.0000000000
99239  14.190  -4.914  -33.842 0.1250000000
93719  19.528  -9.408  -37.209 0.7500000000
102660  10.851  -1.668  -29.645 0.1250000000
93718  20.116  -9.530  -37.479 1.0000000000
101577  11.976  -3.468  -31.819 0.1250000000
93734  20.696  -8.921  -37.786 1.0000000000
93753  22.181  -8.448  -38.808 1.0000000000
93750  24.209  -9.115  -39.367 1.0000000000
105972  12.261  0.407  -33.241 0.3750000000
104977  15.591  -0.048  -34.818 0.2500000000
104978  14.744  -0.165  -34.694 0.2500000000
187216  28.371  -7.801  -40.151 0.8750000000
96008  29.377  -7.722  -43.286 0.8750000000
95990  28.900  -7.227  -41.721 0.8750000000
97096  29.887  -7.122  -44.067 0.8750000000
107069  25.191  1.197  -41.910 0.1250000000
106092  25.008  0.596  -41.867 0.1250000000
102829  20.983  -2.095  -40.347 0.3750000000
173792  24.164  -1.991  -41.633 0.6250000000
99367  29.436  -4.643  -45.428 1.0000000000
181730  29.279  -6.578  -44.380 0.8750000000
107089  26.744  1.567  -43.403 0.5000000000
107098  27.064  1.875  -44.265 0.8750000000
106091  25.583  0.111  -41.891 0.3750000000
105082  26.708  -0.353  -42.461 0.8750000000
101749  28.910  -3.749  -47.629 1.0000000000
101752  29.140  -3.412  -48.362 1.0000000000
102882  28.956  -2.745  -48.738 1.0000000000
108070  27.322  2.317  -46.001 1.0000000000
104030  27.608  -1.962  -48.733 1.0000000000
109115  26.733  3.566  -46.884 0.8750000000
109122  26.886  2.891  -47.511 1.0000000000
107125  26.765  1.374  -48.831 1.0000000000
104034  27.206  -0.771  -49.510 1.0000000000
116325  23.386  9.044  -44.782 0.1250000000
115351  25.962  8.559  -46.327 0.1250000000
114424  25.298  6.833  -49.069 0.6250000000
162796  24.296  7.571  -49.989 0.6250000000
162805  22.930  7.636  -51.475 0.5000000000
116346  25.238  9.987  -47.258 0.2500000000
162362  22.790  8.391  -51.781 0.5000000000
175622  25.091  10.784  -46.949 0.2500000000
188787  24.822  10.850  -48.179 0.2500000000
162369  22.352  9.317  -51.649 0.5000000000
116372  22.378  9.938  -52.426 0.5000000000
118126  24.453  11.503  -48.408 0.1250000000
118135  22.084  12.106  -49.753 0.2500000000
120060  21.257  12.796  -52.284 0.2500000000
117256  22.188  10.993  -52.868 0.3750000000
120066  21.923  12.536  -53.227 0.2500000000
118129  21.653  12.897  -49.366 0.1250000000
100449  13.684  -4.204  -34.153 0.1250000000
194485  14.094  -4.473  -34.541 0.3750000000
98116  15.688  -5.473  -35.137 0.5000000000
95941  18.237  -7.669  -36.768 0.7500000000
98127  16.782  -6.016  -36.317 0.8750000000
94862  19.134  -8.704  -37.466 1.0000000000
194929  14.680  -3.951  -36.033 1.0000000000
94872  21.295  -8.265  -38.249 1.0000000000
94888  21.995  -7.852  -38.873 1.0000000000
103912  13.118  -1.695  -35.343 0.8750000000
173515  17.821  -4.353  -37.420 1.0000000000
95983  23.203  -7.334  -39.985 1.0000000000
98151  20.155  -5.806  -38.758 1.0000000000
99279  19.052  -4.741  -38.080 1.0000000000
94900  23.606  -7.910  -39.912 1.0000000000
94884  24.357  -8.485  -39.660 1.0000000000
104979  13.785  -0.181  -34.540 0.3750000000
103911  14.635  -1.364  -35.787 0.5000000000
103928  14.995  -1.677  -36.564 0.8750000000
102792  15.142  -2.243  -36.757 1.0000000000
100507  18.030  -3.801  -38.180 1.0000000000
95982  23.769  -7.278  -40.071 1.0000000000
188535  22.285  -6.383  -39.755 1.0000000000
98160  21.154  -5.868  -39.376 1.0000000000
185271  21.575  -5.812  -39.691 1.0000000000
180877  24.902  -6.223  -40.260 1.0000000000
97050  28.388  -6.110  -40.551 1.0000000000
103927  15.671  -1.497  -36.742 0.6250000000
171587  17.067  -1.922  -37.391 0.6250000000
101663  17.872  -3.276  -38.349 1.0000000000
100538  21.221  -4.006  -40.098 1.0000000000
98181  21.913  -5.329  -40.122 1.0000000000
100521  19.950  -4.142  -38.899 1.0000000000
100533  20.416  -4.171  -39.369 1.0000000000
98177  25.520  -5.630  -40.370 1.0000000000
97075  28.804  -6.748  -42.325 0.8750000000
94913  28.925  -7.839  -41.114 0.8750000000
101697  21.494  -3.762  -40.488 1.0000000000
99334  22.428  -4.487  -40.798 1.0000000000
98201  28.486  -5.482  -43.213 1.0000000000
99316  25.870  -5.093  -40.583 1.0000000000
99331  23.908  -5.000  -41.139 1.0000000000
99330  25.822  -4.698  -40.806 1.0000000000
97083  28.920  -7.110  -43.343 0.8750000000
101718  27.487  -3.601  -41.518 1.0000000000
185868  22.962  -3.907  -41.502 1.0000000000
100565  26.505  -3.806  -41.089 1.0000000000
100555  23.288  -4.287  -41.456 1.0000000000
99350  28.332  -4.881  -42.711 1.0000000000
100554  24.336  -4.588  -41.229 1.0000000000
100563  28.038  -4.236  -42.101 1.0000000000
99356  28.992  -5.072  -44.797 1.0000000000
98213  28.701  -5.561  -44.334 1.0000000000
102840  21.604  -2.663  -41.017 0.6250000000
102838  22.717  -2.692  -41.616 0.7500000000
102836  24.622  -2.777  -41.603 1.0000000000
101704  27.431  -2.869  -41.936 1.0000000000
102834  26.399  -2.163  -41.636 1.0000000000
101705  26.445  -3.118  -41.325 1.0000000000
102852  28.010  -2.161  -43.999 1.0000000000
102858  28.256  -2.538  -45.067 1.0000000000
101733  28.346  -3.084  -44.305 1.0000000000
100592  29.106  -4.064  -46.681 1.0000000000
102857  28.454  -3.299  -45.314 1.0000000000
101725  28.422  -3.685  -43.687 1.0000000000
177879  26.852  0.851  -43.257 0.7500000000
105089  27.481  -0.173  -43.924 1.0000000000
194868  26.230  0.145  -42.121 0.7500000000
102846  27.305  -1.981  -42.266 1.0000000000
102866  28.287  -1.935  -45.816 1.0000000000
103994  27.165  -1.169  -42.743 1.0000000000
162931  27.614  -1.154  -43.760 1.0000000000
104018  28.287  -2.293  -46.907 1.0000000000
109106  27.135  2.953  -46.488 0.8750000000
163820  27.565  -0.172  -44.839 1.0000000000
105102  27.651  -0.088  -45.769 1.0000000000
173590  27.911  -0.961  -45.524 1.0000000000
102883  28.138  -2.571  -48.356 1.0000000000
108084  26.978  1.670  -48.098 1.0000000000
105108  27.499  -0.734  -47.541 1.0000000000
106132  26.788  0.647  -49.141 1.0000000000
108085  26.880  2.335  -48.038 1.0000000000
108077  27.247  2.156  -47.154 1.0000000000
116329  25.011  9.477  -45.645 0.1250000000
116353  25.354  9.133  -47.567 0.1250000000
116328  25.745  9.140  -45.867 0.1250000000
117205  24.886  10.518  -46.327 0.2500000000
116360  24.527  9.453  -49.786 0.2500000000
191320  25.309  8.357  -48.181 0.3750000000
184866  24.630  8.596  -49.497 0.5000000000
162357  22.685  8.620  -50.873 0.5000000000
162737  23.128  7.932  -50.851 0.7500000000
119079  21.278  12.679  -51.930 0.2500000000
119088  21.319  12.597  -52.655 0.2500000000
98105  15.179  -5.343  -34.491 0.2500000000
98092  15.207  -5.683  -33.891 0.1250000000
98104  15.690  -5.897  -34.480 0.1250000000
95942  17.817  -7.390  -36.198 0.6250000000
94851  18.919  -9.010  -37.066 0.7500000000
167121  24.832  0.021  -41.813 0.5000000000
102839  22.343  -1.989  -41.593 0.6250000000
178179  25.259  -1.982  -41.464 0.8750000000
103985  24.737  -1.215  -41.646 0.7500000000
103984  25.780  -1.250  -41.658 0.8750000000
105071  25.239  -0.525  -41.739 0.7500000000
103999  27.146  -0.538  -43.252 1.0000000000
169803  26.599  3.130  -49.063 1.0000000000
107131  26.899  1.343  -49.546 1.0000000000
192199  26.133  8.034  -45.985 0.3750000000
113440  24.564  6.467  -50.034 0.7500000000
194856  24.027  6.728  -50.453 0.7500000000
115371  24.937  7.786  -49.089 0.5000000000
163732  23.338  6.905  -51.363 0.7500000000
120076  22.312  12.615  -54.043 0.2500000000
118169  22.886  11.401  -54.530 0.3750000000
88054  21.699  -13.551  -36.682 0.7500000000
88052  23.756  -13.957  -37.632 0.7500000000
88055  21.178  -13.265  -36.447 0.7500000000
89189  21.188  -12.864  -36.726 0.7500000000
88062  23.216  -13.360  -37.707 0.7500000000
190386  22.153  -13.458  -37.086 0.7500000000
89188  21.705  -12.685  -37.255 0.7500000000
90453  21.190  -12.260  -37.085 0.7500000000
89195  23.752  -12.878  -37.964 0.7500000000
89196  22.852  -12.903  -37.845 0.7500000000
90466  22.259  -12.550  -37.791 0.7500000000
92644  19.992  -9.891  -37.132 0.7500000000
90452  21.705  -12.002  -37.590 0.7500000000
91607  21.067  -10.562  -37.796 0.8750000000
91591  20.453  -10.801  -37.408 0.8750000000
167797  24.478  -12.563  -38.086 0.7500000000
90465  23.071  -12.363  -37.994 0.7500000000
177652  23.315  -11.750  -38.124 0.7500000000
92668  20.686  -9.611  -37.663 0.8750000000
91604  23.966  -11.354  -38.341 0.7500000000
91605  23.063  -11.091  -38.283 0.7500000000
92665  22.748  -10.122  -38.514 0.8750000000
93733  21.245  -8.993  -38.023 0.8750000000
176159  24.737  -10.361  -38.730 0.7500000000
92685  23.469  -9.898  -38.873 0.8750000000
92686  22.883  -9.339  -38.925 0.8750000000
176162  25.939  -9.998  -38.736 0.8750000000
195389  25.593  -9.538  -38.934 0.8750000000
93748  26.182  -9.222  -38.936 0.8750000000
181807  30.380  -10.324  -40.577 0.3750000000
93765  29.138  -9.464  -40.249 0.6250000000
94881  27.778  -8.592  -39.467 0.7500000000
94882  26.776  -8.409  -39.217 0.7500000000
93763  31.055  -10.349  -40.766 0.5000000000
93764  29.799  -9.876  -40.660 0.5000000000
93782  29.900  -9.281  -41.453 0.7500000000
179511  32.236  -10.215  -42.126 0.1250000000
184152  31.607  -10.182  -42.140 0.3750000000
93795  30.431  -9.435  -42.120 0.6250000000
94911  29.788  -8.919  -42.144 0.6250000000
94923  29.399  -8.369  -42.530 0.6250000000
194562  35.055  -9.850  -42.472 0.1250000000
93791  34.341  -9.866  -42.567 0.1250000000
94931  32.390  -9.215  -42.847 0.1250000000
94930  33.875  -9.032  -43.047 0.1250000000
96006  31.014  -8.439  -43.223 0.6250000000
96015  31.362  -7.437  -43.659 0.6250000000
193257  30.120  -7.724  -43.535 0.7500000000
94929  35.134  -8.962  -43.293 0.1250000000
97081  35.405  -6.875  -43.227 0.1250000000
96014  32.663  -7.291  -43.568 0.1250000000
97095  30.337  -7.298  -43.943 0.6250000000
97104  31.036  -6.673  -44.332 0.7500000000
94928  36.163  -9.141  -43.350 0.1250000000
97103  32.459  -6.530  -44.175 0.5000000000
98208  33.126  -5.699  -44.922 0.5000000000
98209  31.876  -6.003  -44.962 0.6250000000
98210  30.548  -6.040  -45.018 0.7500000000
182870  27.050  3.608  -45.847 0.6250000000
111293  26.576  4.896  -45.481 0.5000000000
110166  26.765  4.288  -46.214 0.7500000000
99364  32.131  -4.970  -46.120 0.6250000000
100589  31.622  -4.024  -47.046 0.6250000000
100590  30.803  -4.595  -46.987 0.8750000000
101737  32.604  -3.426  -45.811 0.5000000000
100581  32.359  -4.254  -46.283 0.6250000000
102872  31.682  -3.061  -46.874 0.6250000000
101747  31.271  -3.521  -47.513 0.7500000000
111325  26.273  5.026  -47.441 0.7500000000
100591  29.921  -4.436  -46.987 0.8750000000
102884  28.270  -2.140  -49.072 0.8750000000
105116  28.641  -0.869  -49.873 0.8750000000
102879  30.686  -3.259  -48.016 0.7500000000
104028  29.893  -2.165  -48.707 0.8750000000
105113  30.015  -1.218  -48.704 0.8750000000
105114  29.561  -0.967  -49.370 0.8750000000
182317  29.149  0.720  -49.722 0.8750000000
102856  32.153  -2.557  -44.789 0.3750000000
102863  32.055  -2.723  -45.954 0.5000000000
102864  31.539  -2.170  -46.253 0.5000000000
104024  30.958  -2.349  -47.521 0.6250000000
104002  31.670  -1.702  -44.208 0.2500000000
104009  31.685  -1.903  -45.268 0.3750000000
104016  31.041  -1.753  -46.692 0.5000000000
185552  26.148  5.659  -47.490 0.6250000000
112395  25.847  5.023  -48.384 0.7500000000
110177  26.492  4.243  -47.405 0.8750000000
164447  26.244  4.454  -48.264 0.7500000000
110186  26.308  3.729  -48.728 0.8750000000
106135  27.074  0.620  -49.950 0.8750000000
107130  28.032  1.622  -50.226 0.7500000000
107129  28.660  1.235  -50.150 0.8750000000
104017  30.558  -1.438  -47.373 0.6250000000
105111  30.251  -0.774  -47.899 0.7500000000
104010  31.150  -1.411  -45.748 0.3750000000
105106  30.632  -0.979  -46.300 0.5000000000
196053  29.651  1.155  -47.938 0.7500000000
104003  31.273  -1.171  -44.773 0.2500000000
112384  25.921  6.113  -48.003 0.6250000000
111340  26.140  4.112  -49.369 0.8750000000
110194  26.523  3.434  -49.825 0.8750000000
165699  26.978  3.009  -49.639 0.8750000000
111370  26.283  3.589  -51.217 0.7500000000
109135  27.647  2.745  -49.440 0.8750000000
108083  28.706  3.019  -48.335 0.7500000000
106128  30.104  0.147  -47.624 0.5000000000
107103  30.234  1.065  -45.147 0.2500000000
107104  29.726  1.110  -45.802 0.5000000000
105107  30.273  -0.455  -46.915 0.5000000000
105095  31.007  -0.414  -44.392 0.2500000000
114419  25.709  6.928  -48.199 0.5000000000
113434  25.490  6.049  -48.904 0.5000000000
113439  25.138  5.626  -49.904 0.6250000000
113445  25.325  4.369  -51.090 0.7500000000
112407  26.082  3.894  -51.909 0.7500000000
112411  25.336  4.243  -52.616 0.7500000000
113444  26.252  5.321  -51.488 0.7500000000
196503  27.116  5.921  -50.219 0.7500000000
113443  26.731  4.663  -51.092 0.7500000000
113447  25.808  4.895  -52.538 0.7500000000
192736  27.617  4.694  -50.104 0.7500000000
110185  28.227  3.994  -49.099 0.7500000000
112394  27.801  5.422  -48.943 0.7500000000
109121  28.957  3.119  -47.474 0.5000000000
110175  28.878  3.891  -47.200 0.3750000000
110176  28.643  3.630  -48.158 0.6250000000
175455  30.052  1.699  -45.331 0.2500000000
108076  29.343  2.132  -46.609 0.3750000000
189893  29.208  3.521  -46.757 0.3750000000
162351  23.957  5.874  -51.268 0.6250000000
113446  24.819  5.008  -51.106 0.7500000000
174698  25.248  4.928  -52.894 0.7500000000
162719  26.322  6.369  -51.872 0.7500000000
113438  26.832  6.231  -50.479 0.7500000000
113433  27.446  6.954  -48.788 0.6250000000
111309  28.492  5.264  -47.053 0.3750000000
113432  28.097  6.030  -47.648 0.3750000000
109105  29.986  3.358  -45.431 0.1250000000
192043  29.250  5.021  -45.561 0.1250000000
111292  28.971  4.962  -46.129 0.2500000000
162355  23.968  6.107  -52.632 0.6250000000
162356  24.219  6.799  -52.853 0.7500000000
162740  25.784  6.303  -52.450 0.6250000000
114427  26.443  7.605  -51.121 0.7500000000
113427  27.696  7.196  -48.087 0.3750000000
114423  26.812  7.372  -49.820 0.3750000000
170401  27.421  5.698  -49.776 0.7500000000
113420  28.319  6.918  -46.825 0.2500000000
180799  27.983  7.018  -47.561 0.3750000000
190264  27.700  6.415  -48.390 0.6250000000
113412  29.787  6.973  -44.971 0.1250000000
113413  29.295  6.441  -45.584 0.1250000000
110144  29.864  4.135  -44.828 0.1250000000
166112  23.312  6.855  -52.015 0.6250000000
187784  23.590  7.106  -52.553 0.6250000000
162533  25.766  7.738  -52.797 0.3750000000
184781  24.864  7.229  -52.910 0.3750000000
162366  26.367  8.272  -51.601 0.3750000000
116358  27.240  9.330  -48.824 0.2500000000
114422  27.215  7.656  -49.012 0.3750000000
115370  26.482  7.941  -50.167 0.3750000000
116335  29.015  9.228  -46.548 0.1250000000
115356  28.228  8.476  -47.153 0.3750000000
114413  27.993  7.839  -47.644 0.3750000000
114394  30.345  7.472  -44.424 0.1250000000
114408  28.623  7.690  -46.209 0.1250000000
117254  23.698  9.744  -53.779 0.3750000000
162820  23.302  7.866  -52.747 0.3750000000
162368  24.010  7.561  -53.167 0.3750000000
162367  25.633  9.145  -52.806 0.3750000000
162554  24.970  7.980  -53.244 0.3750000000
162697  26.149  9.492  -51.427 0.3750000000
162724  26.062  8.909  -52.001 0.3750000000
178048  27.082  10.275  -50.022 0.3750000000
116359  26.927  9.245  -49.577 0.3750000000
162748  26.158  9.042  -51.015 0.3750000000
196499  30.425  9.951  -47.856 0.1250000000
116351  28.005  9.671  -47.805 0.1250000000
117213  28.267  10.172  -48.239 0.2500000000
115348  30.156  9.058  -45.882 0.1250000000
171236  24.479  10.658  -54.137 0.2500000000
118151  25.722  10.473  -52.738 0.2500000000
192476  25.086  9.783  -53.496 0.3750000000
117253  24.252  9.015  -53.624 0.3750000000
118142  27.334  11.092  -51.018 0.1250000000
117242  25.952  10.200  -52.242 0.3750000000
162782  25.610  9.807  -52.971 0.3750000000
117230  27.695  10.942  -50.241 0.1250000000
117236  26.915  10.553  -50.792 0.2500000000
117226  30.662  10.423  -49.672 0.1250000000
163826  27.593  10.409  -49.581 0.1250000000
193788  23.239  10.661  -53.950 0.3750000000
118163  25.004  11.058  -54.048 0.2500000000
118150  26.431  11.141  -52.202 0.1250000000
118156  26.448  11.442  -52.854 0.1250000000
163578  27.886  11.425  -51.327 0.1250000000
119085  27.586  11.893  -52.947 0.1250000000
184147  31.325  9.867  -49.404 0.1250000000
118140  29.427  11.270  -51.229 0.1250000000
119103  27.295  12.783  -54.770 0.1250000000
118147  29.718  11.429  -52.402 0.1250000000
119084  28.344  12.053  -53.256 0.1250000000
186841  31.026  10.394  -51.287 0.1250000000
116362  31.620  9.493  -50.158 0.1250000000
93731  22.320  -9.212  -38.609 0.8750000000
93747  27.267  -9.297  -38.983 0.6250000000
99355  32.607  -5.344  -45.564 0.6250000000
104025  30.443  -2.313  -48.152 0.8750000000
105100  30.794  -0.650  -45.339 0.3750000000
111341  25.900  4.593  -49.785 0.8750000000
111356  26.602  3.726  -50.890 0.8750000000
111357  26.320  4.102  -51.366 0.7500000000
110193  26.906  3.452  -50.429 0.8750000000
111355  27.286  4.013  -50.532 0.7500000000
111339  27.950  4.486  -49.702 0.7500000000
109128  28.279  3.208  -49.061 0.7500000000
106124  29.622  0.853  -47.426 0.5000000000
108082  29.249  2.390  -47.343 0.5000000000
172447  29.438  2.025  -48.015 0.7500000000
107111  29.478  1.309  -46.591 0.5000000000
117218  29.794  10.477  -49.110 0.1250000000
117241  26.064  10.715  -52.112 0.2500000000
119078  27.970  11.708  -52.270 0.1250000000
117235  30.582  10.843  -51.185 0.1250000000
94932  31.361  -9.174  -42.840 0.5000000000
94934  30.147  -8.647  -43.064 0.6250000000
94935  29.603  -8.343  -43.081 0.7500000000
99354  33.354  -5.091  -45.171 0.3750000000
99363  32.852  -4.711  -45.683 0.3750000000
101723  32.324  -2.906  -43.953 0.2500000000
177125  29.644  0.714  -48.899 0.7500000000
179079  28.577  11.027  -50.062 0.1250000000
102851  31.888  -2.178  -43.643 0.1250000000
86886  22.324  -14.768  -36.521 0.7500000000
86887  21.504  -14.466  -36.238 0.7500000000
88046  20.788  -13.535  -35.989 0.7500000000
89178  20.700  -13.112  -36.230 0.7500000000
85675  23.875  -15.163  -37.264 0.7500000000
86896  22.503  -14.105  -36.881 0.7500000000
86894  24.391  -14.719  -37.616 0.7500000000
92626  19.989  -10.444  -37.059 0.6250000000
90440  20.661  -11.697  -36.894 0.7500000000
88060  24.713  -13.228  -38.025 0.6250000000
167798  25.192  -12.584  -38.128 0.7500000000
179524  25.465  -11.903  -38.285 0.6250000000
92662  25.463  -10.559  -38.597 0.6250000000
92681  27.790  -10.099  -38.725 0.5000000000
92679  29.262  -10.455  -39.249 0.3750000000
93746  28.129  -9.496  -39.243 0.5000000000
92696  30.588  -10.451  -39.982 0.1250000000
178529  32.428  -10.028  -41.069 0.1250000000
93778  34.137  -9.782  -41.825 0.1250000000
93777  35.431  -9.570  -41.633 0.1250000000
94919  36.968  -9.083  -42.379 0.1250000000
97073  36.294  -7.407  -42.139 0.1250000000
97074  35.638  -6.687  -42.292 0.1250000000
98191  35.057  -5.967  -42.909 0.1250000000
97092  34.860  -6.134  -43.632 0.1250000000
99348  33.684  -4.702  -44.462 0.1250000000
100569  33.379  -4.094  -44.121 0.2500000000
101731  32.723  -3.312  -44.886 0.2500000000
113414  26.432  6.418  -46.060 0.5000000000
105088  31.135  -0.306  -43.525 0.1250000000
105094  31.371  -0.990  -43.812 0.2500000000
182272  30.721  1.797  -44.101 0.1250000000
109091  30.464  3.307  -44.878 0.1250000000
111275  29.837  4.977  -44.205 0.1250000000
114414  25.767  7.578  -47.592 0.3750000000
112350  30.124  5.730  -43.708 0.1250000000
114401  30.660  8.088  -44.675 0.1250000000
113406  30.705  7.196  -43.798 0.1250000000
173247  31.008  9.678  -47.657 0.1250000000
115368  32.145  8.882  -48.616 0.1250000000
117206  24.177  10.698  -46.111 0.1250000000
119107  23.775  11.918  -55.355 0.2500000000
119105  25.350  12.429  -55.517 0.1250000000
120072  26.003  13.171  -55.718 0.1250000000
119077  28.996  11.825  -52.806 0.1250000000
177570  28.067  12.714  -54.622 0.1250000000
118138  30.727  10.915  -52.056 0.1250000000
115379  31.932  8.853  -50.578 0.1250000000
117240  30.983  10.546  -52.551 0.1250000000
94898  26.367  -7.552  -39.499 0.7500000000
99373  30.673  -4.935  -46.391 0.7500000000
98219  30.558  -5.416  -45.447 0.7500000000
108063  26.951  2.766  -44.092 0.3750000000
105117  27.793  -0.528  -49.947 0.8750000000
93751  23.358  -9.059  -39.323 0.8750000000
187424  20.685  -10.199  -37.633 0.8750000000
93732  21.740  -9.085  -38.299 0.8750000000
96016  30.312  -8.279  -43.270 0.6250000000
101751  29.810  -3.670  -48.193 0.8750000000
108092  26.695  2.057  -48.728 0.8750000000
108098  26.935  1.994  -49.277 0.8750000000
107132  27.996  0.962  -50.651 0.8750000000
116377  23.090  9.400  -53.317 0.3750000000
117255  22.878  10.260  -53.404 0.3750000000
120075  22.735  12.618  -54.646 0.1250000000
118168  23.497  11.480  -54.935 0.2500000000
170521  21.659  -13.094  -36.923 0.7500000000
88045  21.240  -13.757  -36.283 0.7500000000
191334  21.817  -14.099  -36.523 0.7500000000
88053  22.882  -13.718  -37.352 0.7500000000
86895  23.444  -14.455  -37.313 0.7500000000
88051  24.554  -13.956  -37.877 0.7500000000
178265  20.677  -12.569  -36.545 0.7500000000
89187  22.308  -13.106  -37.462 0.7500000000
166839  22.447  -11.691  -37.983 0.7500000000
92627  19.910  -10.063  -37.003 0.6250000000
91590  21.124  -11.405  -37.460 0.7500000000
91606  21.679  -11.105  -37.906 0.8750000000
90464  23.915  -12.161  -38.125 0.7500000000
164253  22.314  -10.818  -38.167 0.8750000000
92666  21.812  -10.061  -38.149 0.8750000000
92664  23.490  -10.591  -38.562 0.7500000000
91603  24.894  -11.150  -38.454 0.7500000000
92684  24.147  -9.798  -39.023 0.8750000000
92682  26.857  -10.028  -38.666 0.6250000000
92678  30.078  -10.619  -39.410 0.2500000000
93745  28.849  -9.789  -39.553 0.5000000000
94896  28.982  -8.634  -40.608 0.7500000000
93781  31.095  -10.103  -41.790 0.5000000000
93780  31.692  -10.298  -41.463 0.2500000000
93762  31.796  -10.155  -40.427 0.1250000000
93792  32.395  -10.008  -42.511 0.2500000000
93798  31.760  -9.717  -42.613 0.3750000000
93800  30.612  -9.192  -42.740 0.6250000000
93790  35.384  -9.863  -42.942 0.1250000000
93788  36.639  -9.483  -42.585 0.1250000000
93797  34.722  -9.637  -42.893 0.1250000000
188543  33.153  -8.144  -43.307 0.5000000000
166337  34.502  -8.017  -43.498 0.1250000000
96003  35.679  -8.008  -43.402 0.1250000000
96004  33.861  -7.174  -43.644 0.1250000000
97093  34.344  -6.334  -43.955 0.1250000000
98207  33.837  -5.382  -44.592 0.1250000000
98218  31.489  -5.489  -45.592 0.6250000000
99365  31.100  -5.171  -46.054 0.6250000000
176650  31.316  -2.436  -46.962 0.6250000000
106131  30.012  -0.163  -48.637 0.7500000000
108090  29.262  2.045  -48.743 0.7500000000
112405  25.586  5.039  -49.852 0.6250000000
108095  28.732  1.932  -49.628 0.7500000000
105101  30.321  -0.155  -45.941 0.3750000000
110192  27.578  3.348  -49.747 0.7500000000
194726  29.038  2.548  -48.094 0.6250000000
106123  29.864  0.461  -46.535 0.5000000000
176829  30.205  2.545  -45.243 0.1250000000
107096  30.553  1.039  -44.434 0.1250000000
106118  30.500  0.228  -44.969 0.2500000000
106113  30.804  0.316  -44.027 0.1250000000
112413  24.865  4.606  -52.689 0.7500000000
112393  28.180  4.964  -48.343 0.6250000000
111308  28.776  4.523  -46.860 0.3750000000
108069  29.524  2.708  -45.915 0.1250000000
189682  29.565  3.909  -45.643 0.3750000000
162358  26.396  7.398  -52.122 0.3750000000
112372  28.872  5.859  -46.194 0.3750000000
111291  29.500  5.110  -45.002 0.1250000000
115362  27.391  8.571  -48.530 0.3750000000
196190  26.631  8.663  -49.962 0.3750000000
115350  28.632  8.585  -46.461 0.2500000000
115340  29.651  8.420  -45.493 0.1250000000
114402  29.973  7.908  -44.957 0.1250000000
179313  29.847  5.672  -44.456 0.1250000000
114403  29.226  7.519  -45.527 0.1250000000
162619  23.560  8.162  -53.389 0.3750000000
115357  27.847  8.773  -47.742 0.2500000000
115349  29.304  8.900  -46.040 0.1250000000
116343  29.287  9.632  -47.059 0.1250000000
117237  26.647  10.851  -51.503 0.3750000000
116363  26.498  9.188  -50.254 0.3750000000
116333  30.579  9.346  -46.496 0.1250000000
116349  29.681  10.030  -47.684 0.1250000000
117217  30.627  10.220  -48.982 0.1250000000
116348  30.983  9.851  -48.457 0.1250000000
116350  28.762  9.936  -47.611 0.1250000000
117219  28.746  10.486  -48.931 0.1250000000
115347  31.037  9.050  -45.939 0.1250000000
115355  31.353  9.213  -46.645 0.1250000000
118167  24.294  11.281  -54.846 0.2500000000
118164  23.810  10.786  -54.253 0.2500000000
196038  25.563  11.471  -53.974 0.2500000000
193216  27.806  11.243  -50.786 0.1250000000
118132  30.052  10.999  -50.765 0.1250000000
117228  29.136  10.776  -49.651 0.1250000000
187122  30.639  10.665  -50.475 0.1250000000
119098  25.127  11.604  -54.904 0.1250000000
119096  26.695  12.295  -54.072 0.1250000000
119095  27.637  12.293  -53.783 0.1250000000
118148  28.752  11.582  -51.727 0.1250000000
118133  29.290  11.106  -50.357 0.1250000000
120071  27.008  13.310  -55.692 0.1250000000
119104  26.312  12.720  -55.193 0.1250000000
85671  22.008  -15.248  -36.094 0.7500000000
85676  23.163  -15.015  -36.917 0.7500000000
86888  20.914  -14.069  -35.837 0.7500000000
91572  20.071  -11.199  -36.785 0.5000000000
179139  26.254  -11.811  -38.332 0.6250000000
92660  27.422  -10.826  -38.461 0.5000000000
98192  34.608  -5.425  -43.464 0.1250000000
99326  34.384  -5.182  -42.320 0.1250000000
98198  34.383  -5.686  -44.111 0.1250000000
109104  30.665  2.657  -44.427 0.1250000000
115361  32.235  9.034  -47.760 0.1250000000
116357  31.638  9.428  -48.823 0.1250000000
89179  20.039  -12.861  -35.961 0.5000000000
84345  23.314  -16.285  -36.429 0.6250000000
85673  25.188  -15.911  -37.200 0.3750000000
85674  24.548  -15.584  -37.313 0.6250000000
86892  26.237  -15.125  -37.474 0.2500000000
88050  25.880  -14.705  -37.778 0.3750000000
92680  28.572  -10.228  -38.979 0.3750000000
112365  26.508  5.663  -45.780 0.3750000000
113422  26.190  7.234  -46.253 0.2500000000
115363  25.473  7.666  -48.261 0.2500000000
85670  22.872  -15.589  -36.489 0.6250000000
178805  25.841  -14.099  -38.000 0.5000000000
90463  26.013  -12.555  -38.195 0.5000000000
90462  26.836  -12.489  -38.238 0.3750000000
85658  25.768  -16.325  -35.995 0.5000000000
85668  24.633  -16.311  -36.994 0.6250000000
92661  26.405  -10.849  -38.461 0.5000000000
83084  23.097  -17.329  -35.347 0.6250000000
88047  20.315  -13.432  -35.698 0.3750000000
88034  20.479  -13.872  -35.458 0.3750000000
85659  22.490  -16.184  -35.985 0.6250000000
86876  21.198  -14.794  -35.709 0.6250000000
84333  25.709  -16.729  -35.420 0.3750000000
84334  24.966  -16.933  -35.701 0.5000000000
84336  23.345  -16.877  -35.936 0.6250000000
85657  26.329  -16.200  -35.550 0.3750000000
86883  26.896  -14.749  -37.222 0.2500000000
86884  26.566  -15.394  -36.774 0.2500000000
94852  18.613  -8.464  -36.704 0.3750000000
88058  26.388  -13.802  -38.103 0.2500000000
89192  27.406  -13.170  -38.175 0.3750000000
90461  27.608  -12.421  -38.246 0.2500000000
91601  27.894  -11.685  -38.380 0.2500000000
92659  28.371  -10.926  -38.540 0.2500000000
105982  14.491  0.273  -34.234 0.1250000000
103948  19.563  -2.536  -38.353 0.2500000000
103986  22.688  -1.082  -41.828 0.3750000000
103971  20.735  -1.816  -40.077 0.2500000000
114409  25.965  7.810  -46.806 0.2500000000
105000  16.719  -0.442  -35.578 0.1250000000
105971  13.113  0.435  -33.582 0.2500000000
94853  18.211  -7.943  -36.260 0.2500000000
166866  23.691  -1.190  -41.785 0.3750000000
89194  25.715  -13.328  -38.120 0.5000000000
85669  23.790  -15.879  -36.928 0.6250000000
86893  25.359  -15.235  -37.548 0.5000000000
170515  25.214  -14.440  -37.851 0.5000000000
186728  29.008  -10.747  -38.768 0.2500000000
90441  20.137  -12.018  -36.378 0.3750000000
94836  19.109  -9.101  -36.508 0.2500000000
196901  19.791  -11.493  -36.243 0.3750000000
91602  27.083  -11.690  -38.368 0.2500000000
84344  24.025  -16.601  -36.548 0.6250000000
84343  24.744  -16.680  -36.431 0.5000000000
86885  25.867  -15.746  -37.087 0.2500000000
85666  26.158  -15.945  -36.334 0.2500000000
86875  27.167  -14.895  -36.363 0.2500000000
86891  26.586  -14.429  -37.851 0.3750000000
89193  26.601  -13.221  -38.187 0.3750000000
84342  25.307  -16.577  -36.040 0.5000000000
85660  21.615  -15.580  -35.473 0.6250000000
84326  25.218  -17.193  -35.074 0.3750000000
84335  24.240  -17.028  -35.929 0.5000000000
88057  27.113  -13.833  -38.073 0.2500000000
90460  28.196  -12.315  -38.201 0.2500000000
105956  13.928  0.621  -33.267 0.1250000000
83074  21.217  -17.432  -34.716 0.5000000000
190033  24.871  -17.586  -34.752 0.2500000000
81671  23.675  -18.511  -34.598 0.3750000000
83072  23.353  -17.872  -34.977 0.5000000000
84337  21.707  -16.907  -35.001 0.5000000000
83075  20.275  -17.276  -34.488 0.3750000000
85648  20.131  -15.743  -34.752 0.5000000000
84338  21.166  -16.001  -34.999 0.5000000000
84327  20.698  -16.618  -34.741 0.5000000000
85661  20.782  -15.177  -35.110 0.3750000000
81657  20.003  -18.280  -33.716 0.1250000000
81675  20.105  -17.800  -34.158 0.3750000000
86865  20.102  -14.910  -34.825 0.2500000000
169838  20.113  -19.762  -33.215 0.1250000000
81656  21.372  -18.852  -34.399 0.3750000000
81670  24.303  -18.469  -34.330 0.2500000000
81655  22.327  -19.069  -34.445 0.3750000000
81673  21.852  -18.172  -34.680 0.5000000000
80300  19.508  -19.277  -33.014 0.1250000000
166443  20.595  -18.615  -34.123 0.3750000000
183229  19.247  -16.723  -34.009 0.1250000000
163739  19.278  -15.485  -34.437 0.1250000000
101730  32.917  -3.589  -44.211 0.1250000000
86877  20.586  -14.435  -35.270 0.3750000000
83083  23.813  -17.407  -35.377 0.3750000000
169867  22.522  -16.877  -35.439 0.5000000000
83073  22.454  -17.597  -35.010 0.5000000000
86878  20.140  -14.293  -34.945 0.2500000000
88035  20.045  -13.835  -35.177 0.2500000000
83071  25.360  -17.410  -34.450 0.2500000000
196891  21.824  -17.527  -34.855 0.5000000000
183312  24.242  -17.912  -34.787 0.3750000000
81672  22.820  -18.427  -34.732 0.3750000000
81674  20.901  -18.041  -34.439 0.3750000000
84328  19.669  -16.535  -34.521 0.1250000000
85649  19.345  -15.925  -34.473 0.1250000000
81636  19.501  -18.325  -33.126 0.1250000000
81658  19.549  -17.535  -33.724 0.1250000000
83049  19.221  -17.404  -33.016 0.1250000000
83076  19.435  -17.053  -34.307 0.1250000000
190293  19.758  -15.231  -34.780 0.1250000000
81654  23.175  -19.066  -34.396 0.2500000000
84329  19.187  -16.465  -34.322 0.1250000000
80315  20.983  -19.326  -33.967 0.2500000000
80314  22.497  -19.639  -33.962 0.2500000000
91573  19.829  -10.713  -36.470 0.2500000000
81653  23.903  -18.961  -34.102 0.2500000000
80298  20.731  -19.856  -33.533 0.1250000000
80299  20.183  -19.096  -33.578 0.1250000000
175158  21.734  -19.500  -34.101 0.2500000000
196239  21.354  -19.852  -33.754 0.1250000000
173019  19.793  -10.404  -36.019 0.1250000000
110145  26.541  4.047  -44.199 0.1250000000
185443  26.933  3.378  -44.782 0.1250000000
111276  26.376  4.748  -44.532 0.1250000000
110146  26.061  4.555  -43.840 0.1250000000
111277  26.041  5.259  -44.056 0.1250000000
112366  26.225  6.335  -45.069 0.1250000000
112351  25.544  5.632  -43.793 0.1250000000
112358  25.988  5.982  -44.294 0.1250000000
114404  26.139  7.791  -45.292 0.1250000000
110134  26.601  3.379  -43.893 0.1250000000
113398  25.566  6.398  -44.028 0.1250000000
113408  25.653  7.086  -44.317 0.1250000000
113400  24.081  7.073  -43.301 0.1250000000
107090  26.233  1.974  -42.776 0.1250000000
109075  26.472  2.875  -43.563 0.1250000000
103964  20.444  -2.160  -39.620 0.1250000000
169565  19.173  -12.309  -35.591 0.1250000000
105072  23.293  -0.460  -41.896 0.1250000000
108046  25.299  2.286  -42.208 0.1250000000
109076  25.521  3.307  -42.923 0.1250000000
110136  25.262  3.922  -42.913 0.1250000000
183230  24.635  4.471  -42.955 0.1250000000
113381  22.916  6.465  -42.101 0.1250000000
165360  22.810  7.249  -42.302 0.1250000000
114388  24.339  7.757  -43.417 0.1250000000
107080  25.713  1.683  -42.148 0.1250000000
96992  16.819  -6.509  -36.039 0.1250000000
95926  17.233  -6.939  -35.974 0.1250000000
111294  26.298  5.490  -44.824 0.1250000000
185586  26.266  7.017  -45.449 0.1250000000
90427  19.535  -12.174  -35.944 0.1250000000
90428  19.229  -12.859  -35.435 0.1250000000
103988  21.478  -1.271  -41.181 0.1250000000
94837  18.809  -8.730  -36.223 0.1250000000
189921  19.621  -9.499  -36.210 0.1250000000
91549  19.519  -11.429  -35.940 0.1250000000
93701  19.783  -9.729  -35.927 0.1250000000
176383  25.528  4.325  -43.410 0.1250000000
112352  25.057  6.037  -43.656 0.1250000000
112354  23.809  5.298  -43.023 0.1250000000
195880  25.375  7.598  -44.150 0.1250000000
169536  24.504  6.484  -43.549 0.1250000000
111251  23.458  4.665  -41.657 0.1250000000
114382  23.191  7.835  -42.561 0.1250000000
84324  26.317  -16.565  -34.707 0.1250000000
85647  26.905  -15.938  -34.988 0.1250000000
86864  26.916  -15.591  -35.842 0.1250000000
170143  27.460  -15.029  -35.653 0.1250000000
88044  27.429  -14.223  -36.780 0.1250000000
88049  27.354  -14.179  -37.739 0.1250000000
187157  27.902  -13.750  -37.416 0.1250000000
89191  28.063  -12.965  -38.068 0.1250000000
90439  29.304  -12.183  -36.472 0.1250000000
89176  28.861  -12.727  -37.145 0.1250000000
89184  28.660  -12.510  -37.877 0.1250000000
91589  30.130  -11.209  -37.314 0.1250000000
90459  28.588  -11.808  -38.263 0.1250000000
91588  30.730  -10.755  -36.945 0.1250000000
91600  29.932  -11.155  -38.119 0.1250000000
92657  30.381  -10.821  -38.642 0.1250000000
81635  24.112  -19.064  -33.312 0.1250000000
188874  22.843  -19.386  -34.209 0.1250000000
81652  24.566  -18.605  -33.768 0.1250000000
83048  25.221  -18.229  -33.446 0.1250000000
84305  26.004  -17.122  -33.362 0.1250000000
85635  26.855  -16.110  -34.183 0.1250000000
84313  26.383  -16.599  -33.774 0.1250000000
86863  27.420  -15.363  -35.109 0.1250000000
86862  27.956  -14.718  -35.090 0.1250000000
89166  28.475  -13.299  -35.808 0.1250000000
89177  28.377  -13.219  -36.766 0.1250000000
89164  29.595  -12.447  -35.407 0.1250000000
91571  30.299  -11.222  -36.457 0.1250000000
92656  31.025  -10.370  -38.330 0.1250000000
92641  31.213  -10.364  -37.471 0.1250000000
92677  30.774  -10.464  -39.184 0.1250000000
84314  25.876  -17.038  -34.127 0.1250000000
92658  29.185  -11.305  -38.329 0.1250000000
174149  29.057  -11.894  -37.948 0.1250000000
83061  24.933  -18.055  -34.232 0.1250000000
83060  25.530  -17.608  -33.778 0.1250000000
80313  23.312  -19.521  -33.718 0.1250000000
174100  27.715  -15.085  -34.551 0.1250000000
88043  27.968  -13.760  -36.319 0.1250000000
88032  28.244  -13.981  -35.448 0.1250000000
89185  28.327  -13.226  -37.710 0.1250000000
90451  29.194  -12.109  -37.374 0.1250000000
89165  28.864  -12.732  -36.128 0.1250000000
166567  29.887  -11.721  -35.975 0.1250000000
90450  29.550  -11.566  -37.681 0.1250000000
92642  30.602  -10.870  -37.847 0.1250000000
91570  30.977  -10.878  -36.157 0.1250000000
80295  24.361  -19.105  -32.485 0.1250000000
81633  25.428  -18.282  -32.630 0.1250000000
86854  27.648  -15.129  -33.872 0.1250000000
188026  31.798  -10.175  -37.207 0.1250000000
79046  21.993  -20.038  -33.658 0.1250000000
83082  24.563  -17.348  -35.270 0.2500000000
84325  25.712  -16.993  -34.759 0.1250000000
85625  26.781  -16.114  -33.337 0.1250000000
85646  27.297  -15.555  -34.418 0.1250000000
85667  25.396  -16.336  -36.722 0.6250000000
88033  27.674  -14.393  -35.916 0.1250000000
88059  25.214  -13.810  -38.003 0.5000000000
88061  23.996  -13.488  -37.868 0.7500000000
89186  27.777  -13.620  -37.992 0.2500000000
90438  29.705  -11.641  -36.863 0.1250000000
92643  20.264  -10.127  -37.402 0.7500000000
92663  24.131  -10.514  -38.666 0.7500000000
92667  21.186  -9.744  -37.883 0.8750000000
92683  25.034  -9.790  -38.940 0.8750000000
92697  30.057  -10.382  -40.115 0.3750000000
92698  29.485  -10.158  -39.890 0.5000000000
93711  19.451  -9.487  -36.809 0.6250000000
93749  25.162  -9.070  -39.145 0.8750000000
93752  22.657  -8.651  -39.122 1.0000000000
93766  28.504  -8.981  -39.898 0.7500000000
93779  33.031  -9.978  -41.719 0.1250000000
93783  29.433  -9.172  -40.906 0.7500000000
93789  36.213  -9.694  -43.148 0.1250000000
93793  31.732  -9.999  -42.433 0.3750000000
93794  31.170  -9.761  -42.370 0.6250000000
93796  35.637  -9.646  -43.221 0.1250000000
93799  31.208  -9.488  -42.643 0.3750000000
94861  19.910  -8.872  -37.691 1.0000000000
94863  18.664  -8.281  -37.207 0.7500000000
94871  21.768  -8.351  -38.502 1.0000000000
94885  23.501  -8.455  -39.709 1.0000000000
94887  22.458  -8.018  -39.249 1.0000000000
94889  21.772  -7.698  -38.782 1.0000000000
94897  27.404  -7.600  -39.604 0.7500000000
94901  23.149  -7.857  -39.823 1.0000000000
94903  22.395  -7.497  -39.463 1.0000000000
94912  29.375  -8.583  -41.548 0.6250000000
94920  36.778  -9.210  -43.089 0.1250000000
94921  33.476  -9.724  -42.561 0.2500000000
94922  29.961  -8.866  -42.754 0.6250000000
94924  29.094  -7.969  -41.955 0.6250000000
94933  30.705  -8.920  -42.980 0.6250000000
95925  17.613  -7.309  -35.972 0.2500000000
95943  17.262  -6.940  -36.089 0.6250000000
95949  19.792  -8.070  -37.865 1.0000000000
95969  21.756  -7.025  -39.095 1.0000000000
95978  28.720  -6.836  -40.660 0.8750000000
95980  26.047  -6.808  -39.838 1.0000000000
95984  22.639  -7.371  -39.738 1.0000000000
95985  22.100  -6.660  -39.500 1.0000000000
95995  36.826  -8.347  -42.519 0.1250000000
95996  29.192  -7.902  -42.925 0.7500000000
95997  29.016  -7.647  -42.485 0.7500000000
96002  36.464  -8.544  -43.240 0.1250000000
96005  31.975  -8.212  -43.259 0.6250000000
96007  29.806  -8.183  -43.252 0.6250000000
96009  28.937  -7.391  -42.878 0.8750000000
96017  29.755  -7.715  -43.445 0.7500000000
96993  16.603  -6.075  -36.177 0.1250000000
97008  18.066  -6.998  -37.063 0.8750000000
97009  17.372  -6.542  -36.549 0.8750000000
97026  18.555  -6.741  -37.698 1.0000000000
97051  27.818  -5.981  -40.316 1.0000000000
97052  26.856  -6.100  -40.064 1.0000000000
97054  24.029  -6.575  -40.263 1.0000000000
97057  22.455  -6.342  -39.920 1.0000000000
97067  23.450  -6.128  -40.409 1.0000000000
97068  22.721  -6.144  -40.183 1.0000000000
97076  28.597  -5.762  -41.639 1.0000000000
97080  36.129  -7.672  -42.939 0.1250000000
97082  34.887  -6.993  -43.537 0.1250000000
97084  28.629  -6.621  -42.907 0.8750000000
97094  33.474  -6.669  -43.972 0.1250000000
97097  29.268  -7.198  -43.654 0.8750000000
97105  29.986  -6.708  -44.474 0.8750000000
97106  29.025  -6.672  -44.045 1.0000000000
98078  14.711  -5.403  -33.530 0.1250000000
98093  14.736  -5.312  -33.984 0.1250000000
98126  17.332  -5.784  -36.889 1.0000000000
98128  16.515  -6.138  -36.100 0.7500000000
98140  19.613  -5.281  -38.454 1.0000000000
98141  18.788  -5.769  -37.914 1.0000000000
98150  20.543  -5.490  -39.270 1.0000000000
98166  27.335  -5.600  -40.317 1.0000000000
98167  26.367  -5.641  -40.221 1.0000000000
98168  22.142  -5.933  -39.925 1.0000000000
98170  21.233  -5.381  -39.815 1.0000000000
98178  24.748  -5.446  -40.731 1.0000000000
98179  23.798  -5.623  -40.751 1.0000000000
98180  22.371  -5.774  -40.204 1.0000000000
98187  27.151  -4.904  -40.752 1.0000000000
98199  33.754  -6.002  -44.393 0.1250000000
98200  28.586  -5.897  -43.869 1.0000000000
98212  28.935  -5.916  -44.521 1.0000000000
98220  29.961  -5.518  -45.116 0.8750000000
99249  14.582  -4.857  -34.516 0.3750000000
99256  15.006  -4.804  -35.290 0.2500000000
99308  21.389  -5.040  -39.979 1.0000000000
99309  20.916  -4.741  -39.740 1.0000000000
99317  24.083  -5.273  -40.981 1.0000000000
99319  22.807  -5.124  -40.841 1.0000000000
99329  27.149  -4.681  -40.862 1.0000000000
99332  23.278  -4.846  -41.198 1.0000000000
99333  22.772  -4.656  -41.027 1.0000000000
99341  28.033  -4.536  -41.421 1.0000000000
99347  34.132  -5.066  -44.004 0.1250000000
99357  28.740  -4.903  -44.562 1.0000000000
99366  30.099  -5.098  -45.616 0.7500000000
99374  30.002  -4.715  -46.269 0.8750000000
100466  13.747  -4.017  -34.991 0.7500000000
100480  13.915  -3.893  -35.616 0.8750000000
100481  13.470  -3.452  -35.318 0.7500000000
100496  14.200  -3.720  -35.991 0.8750000000
100506  18.911  -4.055  -38.347 1.0000000000
100508  17.443  -3.696  -37.612 1.0000000000
100523  18.581  -3.512  -38.607 1.0000000000
100539  20.879  -4.081  -39.778 1.0000000000
100545  22.026  -4.134  -40.699 1.0000000000
100546  21.701  -4.396  -40.291 1.0000000000
100553  25.458  -4.149  -41.033 1.0000000000
100556  22.635  -4.139  -41.228 1.0000000000
100564  27.507  -4.105  -41.245 1.0000000000
100571  28.397  -4.420  -43.358 1.0000000000
100575  33.281  -4.286  -44.945 0.2500000000
100576  32.972  -4.012  -45.555 0.5000000000
100582  31.583  -4.728  -46.652 0.6250000000
100583  29.071  -4.228  -45.800 1.0000000000
100584  28.763  -3.919  -45.876 1.0000000000
101561  12.178  -3.802  -31.050 0.1250000000
101640  13.289  -2.801  -35.409 0.7500000000
101641  12.753  -2.239  -35.046 0.8750000000
101649  17.781  -2.666  -38.183 1.0000000000
101650  17.219  -3.006  -37.684 1.0000000000
101651  16.109  -3.296  -36.927 1.0000000000
101652  15.823  -3.177  -36.917 1.0000000000
101671  20.060  -3.715  -38.897 1.0000000000
101673  19.087  -3.455  -38.582 1.0000000000
101691  20.857  -3.529  -39.797 1.0000000000
101708  23.416  -3.681  -41.693 1.0000000000
101709  22.738  -3.476  -41.557 1.0000000000
101710  22.246  -3.747  -41.141 1.0000000000
101716  32.443  -3.235  -43.444 0.1250000000
101717  28.054  -3.620  -42.595 1.0000000000
101743  32.156  -3.548  -46.482 0.5000000000
101744  30.751  -4.066  -47.656 0.8750000000
101745  28.571  -3.616  -46.749 1.0000000000
101748  29.779  -4.076  -47.613 0.8750000000
102659  11.347  -2.126  -29.304 0.1250000000
102670  10.731  -1.777  -29.895 0.1250000000
102679  11.774  -2.433  -30.931 0.1250000000
102680  11.115  -1.714  -31.053 0.1250000000
102681  10.537  -1.403  -29.927 0.1250000000
102698  11.678  -2.343  -31.797 0.1250000000
102740  11.948  -1.557  -33.948 0.7500000000
102777  16.667  -2.300  -37.297 0.8750000000
102780  13.673  -2.622  -35.831 0.8750000000
102789  18.509  -2.589  -38.329 0.6250000000
102791  16.151  -2.793  -37.109 1.0000000000
102804  19.175  -2.986  -38.452 0.6250000000
102817  20.483  -2.301  -39.661 0.5000000000
102818  20.240  -2.809  -39.027 0.5000000000
102835  25.584  -2.734  -41.436 1.0000000000
102837  23.492  -2.910  -41.743 1.0000000000
102873  28.403  -3.063  -46.821 1.0000000000
102878  31.256  -2.963  -47.474 0.6250000000
102881  29.868  -3.017  -48.548 1.0000000000
103826  11.371  -1.708  -29.309 0.1250000000
103839  10.837  -1.249  -29.791 0.2500000000
103847  10.455  -0.935  -31.358 0.2500000000
103848  10.525  -1.320  -30.461 0.2500000000
103855  10.643  -0.609  -32.038 0.3750000000
103871  10.847  -0.649  -32.637 0.3750000000
103884  11.568  -0.768  -33.741 0.6250000000
103897  12.563  -1.284  -34.671 0.8750000000
103910  15.452  -1.281  -35.876 0.5000000000
103913  12.681  -1.864  -35.068 0.8750000000
103924  18.067  -1.791  -37.684 0.5000000000
103929  14.336  -1.819  -36.268 1.0000000000
103930  13.668  -1.979  -35.889 0.8750000000
103940  15.338  -1.701  -36.829 1.0000000000
103949  19.216  -2.604  -38.343 0.5000000000
103965  20.140  -2.598  -38.778 0.1250000000
103983  26.651  -1.207  -41.969 1.0000000000
103987  21.930  -1.228  -41.567 0.1250000000
104029  29.328  -1.830  -49.104 0.8750000000
104031  27.184  -1.272  -48.987 1.0000000000
104032  28.693  -1.548  -49.529 0.8750000000
104909  10.961  -0.730  -30.207 0.2500000000
104922  11.387  0.163  -31.331 0.1250000000
104923  10.777  -0.433  -30.804 0.2500000000
104932  11.147  0.184  -32.021 0.2500000000
104933  10.615  -0.295  -31.563 0.2500000000
104955  13.152  0.118  -34.146 0.3750000000
104956  12.399  0.066  -33.942 0.3750000000
104957  11.677  -0.104  -33.561 0.5000000000
104958  11.110  -0.367  -33.116 0.2500000000
104976  16.390  0.160  -35.039 0.1250000000
105001  15.911  -0.525  -35.414 0.2500000000
105004  13.352  -1.004  -34.963 0.6250000000
105070  26.100  -0.488  -41.896 0.8750000000
105096  27.721  -0.786  -44.534 1.0000000000
105115  26.924  -0.098  -49.417 0.8750000000
105118  27.386  0.024  -49.978 1.0000000000
105958  12.205  0.587  -32.539 0.3750000000
105970  13.880  0.354  -33.918 0.2500000000
106093  24.116  0.312  -41.871 0.1250000000
106103  26.531  0.499  -42.584 0.7500000000
106114  27.382  0.469  -44.346 0.8750000000
106125  27.529  0.027  -46.743 1.0000000000
106129  29.835  0.707  -48.187 0.7500000000
106133  28.619  0.037  -50.010 0.8750000000
106134  27.955  0.353  -50.434 0.8750000000
106136  28.460  0.690  -50.394 0.8750000000
106137  27.563  0.661  -50.471 0.8750000000
107070  24.400  1.027  -41.920 0.1250000000
107079  26.388  1.268  -42.614 0.3750000000
107097  27.235  1.051  -44.800 1.0000000000
107112  29.552  1.641  -47.517 0.7500000000
107118  29.654  1.428  -48.378 0.7500000000
107119  27.293  1.176  -47.449 1.0000000000
107124  29.320  1.399  -49.270 0.8750000000
107126  26.813  1.697  -49.063 1.0000000000
107133  27.435  1.169  -50.356 0.7500000000
108054  26.621  2.301  -43.507 0.1250000000
108068  30.461  1.833  -44.774 0.1250000000
108075  29.592  1.892  -45.860 0.5000000000
108091  28.519  2.573  -49.035 0.7500000000
108096  27.914  2.254  -49.746 0.7500000000
108097  27.329  1.829  -49.841 1.0000000000
109129  26.613  2.735  -48.473 1.0000000000
109136  27.194  2.387  -49.579 0.8750000000
109137  26.817  2.588  -49.125 0.8750000000
110133  30.013  4.356  -43.822 0.1250000000
110135  25.941  3.819  -43.519 0.1250000000
110154  29.307  4.508  -45.540 0.1250000000
110155  26.660  4.159  -45.155 0.3750000000
110165  29.182  4.093  -46.311 0.3750000000
110200  26.479  3.607  -51.066 0.8750000000
111261  24.325  4.915  -43.141 0.1250000000
111310  26.596  5.008  -46.515 0.5000000000
111324  28.516  4.407  -47.755 0.6250000000
111354  27.547  3.900  -50.010 0.7500000000
112353  24.343  5.589  -43.466 0.1250000000
112363  29.649  6.045  -45.002 0.1250000000
112364  29.243  5.566  -45.575 0.1250000000
112373  28.509  6.170  -46.754 0.3750000000
112374  26.529  5.744  -46.747 0.3750000000
112396  25.579  5.365  -48.856 0.7500000000
112404  27.054  4.159  -50.856 0.7500000000
112408  25.506  4.054  -52.020 0.7500000000
112409  24.686  4.515  -52.199 0.7500000000
112410  25.698  4.125  -52.304 0.7500000000
113389  23.315  6.842  -42.889 0.1250000000
113399  25.126  6.955  -43.833 0.1250000000
113401  23.774  6.118  -43.337 0.1250000000
113407  30.128  6.515  -44.290 0.1250000000
113415  26.086  7.161  -44.823 0.1250000000
113419  28.784  6.766  -46.148 0.1250000000
113421  26.396  6.410  -47.029 0.5000000000
113428  26.041  7.043  -47.338 0.2500000000
113437  27.177  6.722  -49.624 0.7500000000
113448  24.854  6.098  -52.893 0.7500000000
114381  23.753  7.732  -43.014 0.1250000000
114395  25.828  7.789  -44.589 0.1250000000
114396  24.875  7.687  -43.845 0.1250000000
114412  28.274  7.769  -46.958 0.2500000000
114418  27.584  7.833  -48.266 0.3750000000
115339  30.637  8.545  -45.287 0.1250000000
115358  25.645  8.327  -47.342 0.3750000000
115369  26.966  8.403  -49.378 0.3750000000
115376  26.289  8.480  -50.594 0.3750000000
116330  23.832  9.429  -45.404 0.1250000000
116334  29.742  9.379  -46.478 0.1250000000
116340  31.599  9.351  -47.363 0.1250000000
116341  30.967  9.453  -47.065 0.1250000000
116342  30.245  9.652  -47.176 0.1250000000
116344  28.484  9.280  -47.105 0.1250000000
116345  25.710  9.150  -46.660 0.1250000000
116347  31.635  9.431  -48.108 0.1250000000
116352  27.568  9.347  -48.195 0.2500000000
116365  31.495  9.548  -51.073 0.1250000000
116366  31.257  9.898  -51.912 0.1250000000
116376  23.649  8.787  -53.530 0.3750000000
117199  24.517  10.083  -45.864 0.1250000000
117208  25.233  10.137  -46.557 0.2500000000
117211  30.132  10.173  -48.385 0.1250000000
117212  29.222  10.263  -48.295 0.1250000000
117214  27.572  9.935  -48.414 0.2500000000
117220  27.865  10.321  -48.930 0.1250000000
117221  27.212  10.006  -49.227 0.3750000000
117222  26.813  9.769  -49.909 0.3750000000
117223  24.293  10.256  -49.583 0.2500000000
117224  23.528  11.121  -48.861 0.2500000000
117227  29.964  10.790  -49.977 0.1250000000
117229  28.273  10.636  -49.560 0.1250000000
117231  26.475  9.805  -50.654 0.3750000000
118114  24.685  11.158  -46.556 0.2500000000
118127  23.034  12.001  -48.856 0.1250000000
118128  22.136  12.292  -49.177 0.1250000000
118139  30.203  11.106  -51.646 0.1250000000
118141  28.466  11.308  -50.757 0.1250000000
118146  30.346  11.153  -52.576 0.1250000000
118149  27.192  11.290  -51.759 0.1250000000
118152  22.009  11.855  -51.074 0.2500000000
118155  27.095  11.540  -52.510 0.1250000000
118157  25.136  10.360  -53.499 0.3750000000
118165  22.572  11.136  -53.720 0.3750000000
118166  21.873  11.866  -53.164 0.3750000000
118170  22.295  11.770  -54.013 0.3750000000
119060  22.194  12.896  -49.169 0.1250000000
119068  21.677  12.902  -50.020 0.2500000000
119074  21.889  12.806  -50.898 0.2500000000
119086  26.933  11.852  -53.229 0.1250000000
119087  26.181  11.711  -53.547 0.1250000000
119097  25.876  12.023  -54.570 0.1250000000
119099  22.086  12.277  -53.560 0.2500000000
119106  24.583  11.989  -55.440 0.2500000000
119108  23.019  12.112  -55.085 0.2500000000
119109  22.486  12.171  -54.431 0.2500000000
119113  23.171  12.683  -55.114 0.1250000000
120017  21.651  13.344  -49.436 0.1250000000
162352  24.193  5.232  -52.358 0.6250000000
162353  23.671  7.172  -50.669 0.7500000000
162354  23.658  6.152  -51.917 0.6250000000
162360  26.356  8.036  -52.427 0.3750000000
162361  25.520  6.983  -52.708 0.3750000000
162364  23.062  8.773  -52.809 0.3750000000
162365  24.131  8.288  -53.569 0.3750000000
162598  24.949  8.694  -53.310 0.3750000000
162683  23.094  7.490  -52.135 0.6250000000
162695  24.997  9.337  -53.387 0.3750000000
162829  24.661  5.219  -52.788 0.7500000000
162865  25.777  11.040  -53.052 0.2500000000
164243  26.971  0.133  -43.225 0.7500000000
165105  26.368  3.657  -51.242 0.7500000000
165229  22.395  -6.931  -39.681 1.0000000000
165812  26.574  3.405  -48.019 0.8750000000
166272  16.373  -5.595  -36.240 0.8750000000
166343  29.224  2.883  -46.654 0.5000000000
166478  15.958  -4.475  -36.384 1.0000000000
167151  21.360  -2.020  -40.848 0.6250000000
167171  21.782  -1.995  -41.234 0.6250000000
167520  20.832  -5.244  -39.602 1.0000000000
168299  22.407  -5.266  -40.477 1.0000000000
168448  17.776  -7.093  -36.454 0.7500000000
168457  28.533  -5.555  -42.265 1.0000000000
168596  14.763  -3.395  -36.305 1.0000000000
168965  16.285  -4.843  -36.423 1.0000000000
170063  30.501  -7.882  -43.524 0.6250000000
170324  33.216  -10.045  -42.344 0.1250000000
171243  20.895  -2.892  -40.033 0.8750000000
171582  12.887  -4.195  -33.053 0.1250000000
171624  29.431  -0.043  -49.441 0.8750000000
172499  21.839  -5.934  -39.709 1.0000000000
173282  29.439  3.427  -46.095 0.3750000000
173342  25.480  -7.489  -39.745 1.0000000000
173368  28.378  -3.351  -47.386 1.0000000000
173847  23.144  -1.983  -41.734 0.6250000000
175300  28.143  -1.485  -46.448 1.0000000000
175424  22.134  -2.881  -41.310 0.7500000000
177181  19.941  -9.906  -36.343 0.1250000000
178465  20.480  -3.635  -39.355 1.0000000000
179477  21.309  -4.560  -40.019 1.0000000000
179513  24.680  -11.968  -38.236 0.7500000000
179566  24.210  -0.439  -41.804 0.5000000000
179743  31.188  10.132  -50.293 0.1250000000
179948  26.352  10.159  -51.539 0.3750000000
180307  26.865  -0.055  -48.693 1.0000000000
181029  24.941  5.086  -43.410 0.1250000000
181116  29.667  -10.860  -38.746 0.2500000000
181334  35.965  -9.822  -42.591 0.1250000000
182863  22.500  -4.904  -40.721 1.0000000000
183198  21.947  11.337  -51.737 0.3750000000
183474  15.784  -3.601  -36.693 1.0000000000
183501  28.981  8.278  -45.849 0.1250000000
183564  21.936  -16.302  -35.325 0.5000000000
184055  30.418  -9.967  -41.279 0.5000000000
184856  26.135  7.406  -52.441 0.6250000000
184857  25.792  8.436  -52.834 0.3750000000
184862  23.888  9.666  -50.387 0.2500000000
184910  22.262  9.308  -50.817 0.3750000000
184935  25.988  9.607  -52.142 0.3750000000
184940  24.482  9.858  -53.855 0.2500000000
186263  30.279  -1.562  -48.166 0.8750000000
186640  25.698  -11.267  -38.417 0.6250000000
187514  26.079  3.200  -43.402 0.1250000000
187650  25.804  2.178  -42.450 0.1250000000
187738  28.457  -5.041  -43.613 1.0000000000
187803  22.598  -5.568  -40.453 1.0000000000
188837  24.787  9.303  -48.925 0.1250000000
188881  27.819  -0.770  -46.567 1.0000000000
188996  10.445  -0.760  -30.886 0.2500000000
190312  26.590  6.898  -50.736 0.7500000000
191132  26.944  -0.675  -49.033 1.0000000000
191428  24.629  7.228  -43.544 0.1250000000
192240  31.610  -8.799  -43.013 0.5000000000
192255  26.424  -4.791  -40.724 1.0000000000
192364  30.040  0.512  -45.653 0.3750000000
193230  25.921  6.607  -44.478 0.1250000000
193426  20.115  -3.078  -38.731 0.8750000000
194453  18.862  -7.057  -37.930 1.0000000000
194946  10.782  -1.830  -30.368 0.1250000000
195065  24.410  10.767  -48.701 0.2500000000
195518  33.096  -3.767  -44.940 0.2500000000
195939  25.457  9.659  -46.813 0.1250000000
196566  14.026  0.583  -32.679 0.1250000000
196589  19.009  -1.005  -37.054 0.2500000000
196779  18.505  -4.334  -37.863 1.0000000000
196833  30.314  -3.831  -47.991 0.8750000000
