#!ascii label  , from subject sub-v2s1x29865_ses-1 vox2ras=TkReg
945
164534  21.062  -22.286  -31.501 0.1428571492
75156  20.030  -22.779  -31.198 0.1428571492
77698  20.927  -21.490  -32.366 0.1428571492
75142  22.045  -22.333  -30.390 0.1428571492
77697  22.014  -21.414  -31.726 0.2857142985
76458  20.756  -21.924  -31.967 0.1428571492
76441  22.382  -21.532  -31.036 0.1428571492
79031  22.219  -20.534  -33.136 0.5714285970
79013  23.050  -20.511  -31.984 0.1428571492
80280  24.630  -19.272  -31.730 0.2857142985
80281  24.012  -19.629  -32.069 0.2857142985
81618  25.008  -18.727  -32.134 0.1428571492
84313  26.383  -16.599  -33.774 0.2857142985
84305  26.004  -17.122  -33.362 0.1428571492
83060  25.530  -17.608  -33.778 0.2857142985
86863  27.420  -15.363  -35.109 0.2857142985
85635  26.855  -16.110  -34.183 0.2857142985
86862  27.956  -14.718  -35.090 0.2857142985
170143  27.460  -15.029  -35.653 0.2857142985
89177  28.377  -13.219  -36.766 0.2857142985
90450  29.550  -11.566  -37.681 0.8571428657
89176  28.861  -12.727  -37.145 0.4285714328
89166  28.475  -13.299  -35.808 0.2857142985
92657  30.381  -10.821  -38.642 0.7142857313
92642  30.602  -10.870  -37.847 0.7142857313
91600  29.932  -11.155  -38.119 0.7142857313
174149  29.057  -11.894  -37.948 0.7142857313
185851  32.505  -9.492  -39.155 0.8571428657
93730  31.454  -9.896  -38.861 0.5714285970
92677  30.774  -10.464  -39.184 0.8571428657
92658  29.185  -11.305  -38.329 0.7142857313
175117  34.736  -9.387  -40.601 0.4285714328
93761  32.529  -9.650  -39.955 0.7142857313
93744  31.221  -10.203  -39.800 0.8571428657
94919  36.968  -9.083  -42.379 0.2857142985
94928  36.163  -9.141  -43.350 0.5714285970
93778  34.137  -9.782  -41.825 0.8571428657
194562  35.055  -9.850  -42.472 0.7142857313
178529  32.428  -10.028  -41.069 0.8571428657
97062  36.075  -6.886  -41.530 0.1428571492
177057  36.689  -7.614  -41.346 0.1428571492
97073  36.294  -7.407  -42.139 0.4285714328
93790  35.384  -9.863  -42.942 0.5714285970
93791  34.341  -9.866  -42.567 0.8571428657
99314  33.685  -4.952  -41.517 0.1428571492
97063  35.473  -6.322  -41.206 0.1428571492
174469  34.975  -5.825  -41.799 0.1428571492
97074  35.638  -6.687  -42.292 0.4285714328
93797  34.722  -9.637  -42.893 0.8571428657
100543  32.390  -4.196  -41.669 0.1428571492
189047  32.877  -4.749  -41.237 0.1428571492
99327  33.370  -4.520  -42.133 0.1428571492
99326  34.384  -5.182  -42.320 0.1428571492
98192  34.608  -5.425  -43.464 0.4285714328
97081  35.405  -6.875  -43.227 0.5714285970
166337  34.502  -8.017  -43.498 0.7142857313
94931  32.390  -9.215  -42.847 0.8571428657
100550  32.657  -3.959  -42.465 0.1428571492
172709  31.534  -2.833  -42.354 0.1428571492
99340  33.297  -4.281  -42.893 0.1428571492
99339  33.938  -4.768  -43.065 0.5714285970
96004  33.861  -7.174  -43.644 0.8571428657
94930  33.875  -9.032  -43.047 0.8571428657
188543  33.153  -8.144  -43.307 0.8571428657
102845  31.301  -1.953  -42.519 0.1428571492
170756  31.578  -1.888  -43.014 0.2857142985
100562  32.194  -3.337  -42.788 0.1428571492
101730  32.917  -3.589  -44.211 0.8571428657
98198  34.383  -5.686  -44.111 0.8571428657
97092  34.860  -6.134  -43.632 0.7142857313
98207  33.837  -5.382  -44.592 0.8571428657
105088  31.135  -0.306  -43.525 0.1428571492
106108  30.915  0.319  -43.226 0.1428571492
102851  31.888  -2.178  -43.643 0.4285714328
102856  32.153  -2.557  -44.789 0.8571428657
101731  32.723  -3.312  -44.886 0.8571428657
99354  33.354  -5.091  -45.171 0.8571428657
98208  33.126  -5.699  -44.922 0.8571428657
105094  31.371  -0.990  -43.812 0.4285714328
101737  32.604  -3.426  -45.811 0.8571428657
99363  32.852  -4.711  -45.683 0.8571428657
99364  32.131  -4.970  -46.120 0.8571428657
106113  30.804  0.316  -44.027 0.1428571492
107096  30.553  1.039  -44.434 0.2857142985
105095  31.007  -0.414  -44.392 0.5714285970
105100  30.794  -0.650  -45.339 0.8571428657
104003  31.273  -1.171  -44.773 0.8571428657
104009  31.685  -1.903  -45.268 0.8571428657
102863  32.055  -2.723  -45.954 0.8571428657
102864  31.539  -2.170  -46.253 0.8571428657
100581  32.359  -4.254  -46.283 0.8571428657
176829  30.205  2.545  -45.243 0.2857142985
107103  30.234  1.065  -45.147 0.7142857313
106118  30.500  0.228  -44.969 0.5714285970
105101  30.321  -0.155  -45.941 0.8571428657
104016  31.041  -1.753  -46.692 0.8571428657
104024  30.958  -2.349  -47.521 0.8571428657
102872  31.682  -3.061  -46.874 0.8571428657
107104  29.726  1.110  -45.802 0.8571428657
106123  29.864  0.461  -46.535 0.8571428657
104017  30.558  -1.438  -47.373 0.8571428657
105111  30.251  -0.774  -47.899 0.7142857313
107111  29.478  1.309  -46.591 0.8571428657
106124  29.622  0.853  -47.426 0.8571428657
105107  30.273  -0.455  -46.915 0.8571428657
196053  29.651  1.155  -47.938 0.8571428657
172447  29.438  2.025  -48.015 0.8571428657
106131  30.012  -0.163  -48.637 0.7142857313
111308  28.776  4.523  -46.860 0.7142857313
109121  28.957  3.119  -47.474 0.8571428657
110175  28.878  3.891  -47.200 0.8571428657
110176  28.643  3.630  -48.158 0.8571428657
190264  27.700  6.415  -48.390 0.7142857313
106128  30.104  0.147  -47.624 0.8571428657
194726  29.038  2.548  -48.094 0.8571428657
116350  28.762  9.936  -47.611 0.1428571492
113432  28.097  6.030  -47.648 0.8571428657
113427  27.696  7.196  -48.087 0.7142857313
112393  28.180  4.964  -48.343 0.8571428657
179079  28.577  11.027  -50.062 0.1428571492
115362  27.391  8.571  -48.530 0.5714285970
116359  26.927  9.245  -49.577 0.5714285970
162748  26.158  9.042  -51.015 0.5714285970
178048  27.082  10.275  -50.022 0.1428571492
118148  28.752  11.582  -51.727 0.1428571492
162724  26.062  8.909  -52.001 0.5714285970
119085  27.586  11.893  -52.947 0.1428571492
119084  28.344  12.053  -53.256 0.1428571492
117237  26.647  10.851  -51.503 0.1428571492
177570  28.067  12.714  -54.622 0.1428571492
162697  26.149  9.492  -51.427 0.5714285970
119095  27.637  12.293  -53.783 0.1428571492
119096  26.695  12.295  -54.072 0.1428571492
120070  28.152  13.254  -55.525 0.1428571492
119104  26.312  12.720  -55.193 0.1428571492
75143  20.978  -22.980  -30.568 0.1428571492
75144  20.316  -23.181  -30.629 0.1428571492
79014  22.337  -20.920  -32.389 0.2857142985
77696  22.662  -21.005  -31.503 0.1428571492
78995  23.972  -20.339  -30.980 0.2857142985
79012  23.676  -20.150  -31.667 0.2857142985
83046  26.372  -17.414  -32.720 0.2857142985
83047  25.774  -17.775  -33.044 0.2857142985
81633  25.428  -18.282  -32.630 0.1428571492
88043  27.968  -13.760  -36.319 0.2857142985
88044  27.429  -14.223  -36.780 0.2857142985
90451  29.194  -12.109  -37.374 0.4285714328
89185  28.327  -13.226  -37.710 0.5714285970
93742  33.160  -9.430  -39.387 0.2857142985
90459  28.588  -11.808  -38.263 0.7142857313
93777  35.431  -9.570  -41.633 0.1428571492
93780  31.692  -10.298  -41.463 0.8571428657
94929  35.134  -8.962  -43.293 0.7142857313
100561  32.921  -3.820  -43.335 0.8571428657
99348  33.684  -4.702  -44.462 0.8571428657
97103  32.459  -6.530  -44.175 0.8571428657
99355  32.607  -5.344  -45.564 0.8571428657
175455  30.052  1.699  -45.331 0.8571428657
189893  29.208  3.521  -46.757 0.8571428657
111309  28.492  5.264  -47.053 0.8571428657
114413  27.993  7.839  -47.644 0.7142857313
116358  27.240  9.330  -48.824 0.2857142985
117236  26.915  10.553  -50.792 0.1428571492
163578  27.886  11.425  -51.327 0.1428571492
119093  29.873  12.108  -55.031 0.1428571492
177135  19.763  -23.494  -30.424 0.1428571492
79030  22.852  -20.351  -32.744 0.4285714328
80295  24.361  -19.105  -32.485 0.2857142985
80296  23.222  -19.903  -33.026 0.4285714328
80297  22.713  -20.049  -33.413 0.2857142985
84303  27.201  -16.455  -32.792 0.2857142985
85634  27.167  -15.607  -33.627 0.2857142985
84324  26.317  -16.565  -34.707 0.2857142985
85647  26.905  -15.938  -34.988 0.2857142985
89184  28.660  -12.510  -37.877 0.7142857313
98175  33.285  -5.320  -40.758 0.1428571492
101696  31.204  -3.075  -41.622 0.1428571492
105080  31.223  -0.909  -42.429 0.1428571492
105087  31.327  -0.832  -42.953 0.2857142985
188452  31.079  -0.248  -42.905 0.1428571492
101723  32.324  -2.906  -43.953 0.8571428657
96014  32.663  -7.291  -43.568 0.8571428657
182272  30.721  1.797  -44.101 0.1428571492
109104  30.665  2.657  -44.427 0.1428571492
109105  29.986  3.358  -45.431 0.2857142985
104025  30.443  -2.313  -48.152 0.8571428657
108069  29.524  2.708  -45.915 0.5714285970
111292  28.971  4.962  -46.129 0.5714285970
112372  28.872  5.859  -46.194 0.5714285970
180799  27.983  7.018  -47.561 0.7142857313
115357  27.847  8.773  -47.742 0.4285714328
115350  28.632  8.585  -46.461 0.2857142985
116351  28.005  9.671  -47.805 0.2857142985
117213  28.267  10.172  -48.239 0.1428571492
163826  27.593  10.409  -49.581 0.1428571492
117230  27.695  10.942  -50.241 0.1428571492
118151  25.722  10.473  -52.738 0.2857142985
193216  27.806  11.243  -50.786 0.1428571492
118156  26.448  11.442  -52.854 0.1428571492
196038  25.563  11.471  -53.974 0.1428571492
119098  25.127  11.604  -54.904 0.1428571492
119078  27.970  11.708  -52.270 0.1428571492
120071  27.008  13.310  -55.692 0.1428571492
120072  26.003  13.171  -55.718 0.1428571492
120080  27.680  13.753  -55.901 0.1428571492
189682  29.565  3.909  -45.643 0.4285714328
192043  29.250  5.021  -45.561 0.4285714328
113413  29.295  6.441  -45.584 0.4285714328
114408  28.623  7.690  -46.209 0.4285714328
113420  28.319  6.918  -46.825 0.5714285970
115356  28.228  8.476  -47.153 0.5714285970
168904  21.794  -22.015  -31.183 0.1428571492
76457  21.368  -21.772  -31.881 0.1428571492
75155  20.696  -22.759  -31.138 0.1428571492
75157  19.513  -23.070  -30.895 0.1428571492
169781  21.627  -21.347  -32.425 0.4285714328
77699  20.178  -21.546  -32.171 0.2857142985
77721  21.768  -20.917  -32.881 0.5714285970
78996  23.338  -20.678  -31.252 0.1428571492
169527  23.752  -19.545  -32.836 0.1428571492
81634  24.787  -18.658  -32.963 0.1428571492
186728  29.008  -10.747  -38.768 0.7142857313
173702  33.425  -9.501  -40.542 0.8571428657
93762  31.796  -10.155  -40.427 0.8571428657
93788  36.639  -9.483  -42.585 0.5714285970
96003  35.679  -8.008  -43.402 0.5714285970
98185  34.241  -5.359  -41.253 0.1428571492
98191  35.057  -5.967  -42.909 0.1428571492
172058  31.882  -2.609  -43.089 0.5714285970
97093  34.344  -6.334  -43.955 0.8571428657
100569  33.379  -4.094  -44.121 0.8571428657
104002  31.670  -1.702  -44.208 0.8571428657
105106  30.632  -0.979  -46.300 0.8571428657
104010  31.150  -1.411  -45.748 0.8571428657
176650  31.316  -2.436  -46.962 0.8571428657
108076  29.343  2.132  -46.609 0.8571428657
108082  29.249  2.390  -47.343 0.8571428657
117219  28.746  10.486  -48.931 0.1428571492
116363  26.498  9.188  -50.254 0.5714285970
196190  26.631  8.663  -49.962 0.5714285970
118147  29.718  11.429  -52.402 0.1428571492
117242  25.952  10.200  -52.242 0.4285714328
118150  26.431  11.141  -52.202 0.1428571492
172147  29.181  12.137  -53.948 0.1428571492
119077  28.996  11.825  -52.806 0.1428571492
118142  27.334  11.092  -51.018 0.1428571492
117241  26.064  10.715  -52.112 0.1428571492
119103  27.295  12.783  -54.770 0.1428571492
84293  26.995  -17.102  -32.444 0.1428571492
85657  26.329  -16.200  -35.550 0.5714285970
118163  25.004  11.058  -54.048 0.1428571492
84342  25.307  -16.577  -36.040 0.5714285970
84344  24.025  -16.601  -36.548 0.5714285970
85659  22.490  -16.184  -35.985 0.2857142985
85673  25.188  -15.911  -37.200 0.5714285970
85669  23.790  -15.879  -36.928 0.5714285970
83073  22.454  -17.597  -35.010 0.4285714328
85668  24.633  -16.311  -36.994 0.5714285970
85660  21.615  -15.580  -35.473 0.2857142985
85670  22.872  -15.589  -36.489 0.4285714328
86883  26.896  -14.749  -37.222 0.4285714328
88050  25.880  -14.705  -37.778 0.5714285970
86894  24.391  -14.719  -37.616 0.5714285970
86895  23.444  -14.455  -37.313 0.4285714328
88058  26.388  -13.802  -38.103 0.5714285970
178805  25.841  -14.099  -38.000 0.5714285970
89193  26.601  -13.221  -38.187 0.7142857313
89194  25.715  -13.328  -38.120 0.4285714328
89192  27.406  -13.170  -38.175 0.4285714328
85676  23.163  -15.015  -36.917 0.4285714328
85671  22.008  -15.248  -36.094 0.2857142985
88052  23.756  -13.957  -37.632 0.4285714328
88057  27.113  -13.833  -38.073 0.7142857313
91602  27.083  -11.690  -38.368 0.7142857313
91603  24.894  -11.150  -38.454 0.4285714328
92682  26.857  -10.028  -38.666 0.7142857313
176162  25.939  -9.998  -38.736 0.5714285970
195389  25.593  -9.538  -38.934 0.2857142985
90460  28.196  -12.315  -38.201 0.5714285970
91601  27.894  -11.685  -38.380 0.5714285970
92661  26.405  -10.849  -38.461 0.7142857313
93746  28.129  -9.496  -39.243 0.7142857313
94882  26.776  -8.409  -39.217 0.7142857313
94881  27.778  -8.592  -39.467 0.7142857313
94883  25.557  -8.286  -39.370 0.4285714328
94898  26.367  -7.552  -39.499 0.4285714328
92678  30.078  -10.619  -39.410 0.5714285970
92680  28.572  -10.228  -38.979 0.5714285970
93765  29.138  -9.464  -40.249 0.5714285970
94896  28.982  -8.634  -40.608 0.7142857313
187216  28.371  -7.801  -40.151 0.7142857313
94923  29.399  -8.369  -42.530 0.7142857313
95979  27.862  -6.641  -40.114 0.5714285970
97064  28.691  -6.320  -41.311 0.5714285970
179511  32.236  -10.215  -42.126 0.7142857313
93781  31.095  -10.103  -41.790 0.5714285970
93764  29.799  -9.876  -40.660 0.5714285970
93795  30.431  -9.435  -42.120 0.7142857313
93782  29.900  -9.281  -41.453 0.7142857313
94934  30.147  -8.647  -43.064 0.8571428657
196605  26.925  -6.873  -39.775 0.4285714328
96016  30.312  -8.279  -43.270 0.7142857313
96008  29.377  -7.722  -43.286 0.7142857313
193257  30.120  -7.724  -43.535 0.7142857313
97075  28.804  -6.748  -42.325 0.5714285970
97083  28.920  -7.110  -43.343 0.7142857313
184152  31.607  -10.182  -42.140 0.5714285970
94911  29.788  -8.919  -42.144 0.7142857313
96006  31.014  -8.439  -43.223 0.8571428657
96015  31.362  -7.437  -43.659 0.8571428657
97096  29.887  -7.122  -44.067 0.7142857313
97098  28.744  -6.594  -43.702 0.5714285970
98213  28.701  -5.561  -44.334 0.2857142985
97095  30.337  -7.298  -43.943 0.7142857313
99367  29.436  -4.643  -45.428 0.7142857313
97104  31.036  -6.673  -44.332 0.8571428657
181730  29.279  -6.578  -44.380 0.8571428657
100589  31.622  -4.024  -47.046 0.8571428657
98210  30.548  -6.040  -45.018 0.8571428657
98221  29.447  -5.297  -44.976 0.5714285970
99373  30.673  -4.935  -46.391 0.8571428657
100590  30.803  -4.595  -46.987 0.8571428657
99375  29.441  -4.374  -46.182 0.7142857313
98209  31.876  -6.003  -44.962 0.8571428657
99365  31.100  -5.171  -46.054 0.8571428657
100591  29.921  -4.436  -46.987 0.8571428657
101747  31.271  -3.521  -47.513 0.8571428657
102879  30.686  -3.259  -48.016 0.8571428657
101751  29.810  -3.670  -48.193 0.7142857313
177125  29.644  0.714  -48.899 0.7142857313
182317  29.149  0.720  -49.722 0.7142857313
108090  29.262  2.045  -48.743 0.5714285970
105117  27.793  -0.528  -49.947 0.7142857313
107129  28.660  1.235  -50.150 0.7142857313
108083  28.706  3.019  -48.335 0.7142857313
109128  28.279  3.208  -49.061 0.8571428657
111339  27.950  4.486  -49.702 0.7142857313
107130  28.032  1.622  -50.226 0.7142857313
111355  27.286  4.013  -50.532 0.7142857313
113443  26.731  4.663  -51.092 0.7142857313
110193  26.906  3.452  -50.429 0.5714285970
112394  27.801  5.422  -48.943 0.7142857313
196503  27.116  5.921  -50.219 0.7142857313
111370  26.283  3.589  -51.217 0.5714285970
113438  26.832  6.231  -50.479 0.4285714328
113444  26.252  5.321  -51.488 0.5714285970
112407  26.082  3.894  -51.909 0.5714285970
170401  27.421  5.698  -49.776 0.5714285970
111356  26.602  3.726  -50.890 0.5714285970
162719  26.322  6.369  -51.872 0.5714285970
113447  25.808  4.895  -52.538 0.5714285970
112411  25.336  4.243  -52.616 0.5714285970
111357  26.320  4.102  -51.366 0.4285714328
111341  25.900  4.593  -49.785 0.5714285970
111340  26.140  4.112  -49.369 0.4285714328
113446  24.819  5.008  -51.106 0.5714285970
113445  25.325  4.369  -51.090 0.5714285970
162740  25.784  6.303  -52.450 0.5714285970
113434  25.490  6.049  -48.904 0.4285714328
110166  26.765  4.288  -46.214 0.4285714328
113439  25.138  5.626  -49.904 0.5714285970
112405  25.586  5.039  -49.852 0.5714285970
115371  24.937  7.786  -49.089 0.4285714328
91589  30.130  -11.209  -37.314 0.2857142985
93763  31.055  -10.349  -40.766 0.5714285970
194856  24.027  6.728  -50.453 0.2857142985
114424  25.298  6.833  -49.069 0.4285714328
114414  25.767  7.578  -47.592 0.2857142985
84335  24.240  -17.028  -35.929 0.5714285970
83072  23.353  -17.872  -34.977 0.5714285970
86884  26.566  -15.394  -36.774 0.2857142985
85666  26.158  -15.945  -36.334 0.4285714328
84336  23.345  -16.877  -35.936 0.5714285970
86875  27.167  -14.895  -36.363 0.2857142985
86892  26.237  -15.125  -37.474 0.5714285970
169867  22.522  -16.877  -35.439 0.2857142985
88051  24.554  -13.956  -37.877 0.4285714328
88060  24.713  -13.228  -38.025 0.5714285970
86887  21.504  -14.466  -36.238 0.2857142985
86896  22.503  -14.105  -36.881 0.2857142985
179524  25.465  -11.903  -38.285 0.5714285970
92641  31.213  -10.364  -37.471 0.2857142985
92685  23.469  -9.898  -38.873 0.2857142985
93748  26.182  -9.222  -38.936 0.7142857313
98211  29.535  -6.047  -44.814 0.7142857313
105113  30.015  -1.218  -48.704 0.7142857313
105114  29.561  -0.967  -49.370 0.7142857313
102884  28.270  -2.140  -49.072 0.7142857313
110192  27.578  3.348  -49.747 0.7142857313
110194  26.523  3.434  -49.825 0.5714285970
112395  25.847  5.023  -48.384 0.2857142985
113433  27.446  6.954  -48.788 0.5714285970
114423  26.812  7.372  -49.820 0.5714285970
114427  26.443  7.605  -51.121 0.5714285970
112413  24.865  4.606  -52.689 0.5714285970
162355  23.968  6.107  -52.632 0.2857142985
89195  23.752  -12.878  -37.964 0.4285714328
86864  26.916  -15.591  -35.842 0.2857142985
92696  30.588  -10.451  -39.982 0.7142857313
92659  28.371  -10.926  -38.540 0.5714285970
93792  32.395  -10.008  -42.511 0.7142857313
94932  31.361  -9.174  -42.840 0.7142857313
93798  31.760  -9.717  -42.613 0.7142857313
98218  31.489  -5.489  -45.592 0.7142857313
110185  28.227  3.994  -49.099 0.8571428657
89191  28.063  -12.965  -38.068 0.5714285970
90461  27.608  -12.421  -38.246 0.5714285970
101752  29.140  -3.412  -48.362 0.7142857313
92679  29.262  -10.455  -39.249 0.5714285970
85658  25.768  -16.325  -35.995 0.5714285970
84343  24.744  -16.680  -36.431 0.5714285970
84334  24.966  -16.933  -35.701 0.4285714328
84345  23.314  -16.285  -36.429 0.5714285970
83084  23.097  -17.329  -35.347 0.5714285970
86885  25.867  -15.746  -37.087 0.5714285970
85674  24.548  -15.584  -37.313 0.5714285970
86893  25.359  -15.235  -37.548 0.5714285970
85675  23.875  -15.163  -37.264 0.4285714328
86886  22.324  -14.768  -36.521 0.4285714328
86891  26.586  -14.429  -37.851 0.5714285970
170515  25.214  -14.440  -37.851 0.5714285970
88053  22.882  -13.718  -37.352 0.4285714328
90463  26.013  -12.555  -38.195 0.5714285970
167798  25.192  -12.584  -38.128 0.4285714328
90462  26.836  -12.489  -38.238 0.5714285970
179139  26.254  -11.811  -38.332 0.7142857313
92662  25.463  -10.559  -38.597 0.5714285970
176159  24.737  -10.361  -38.730 0.4285714328
92664  23.490  -10.591  -38.562 0.4285714328
91604  23.966  -11.354  -38.341 0.4285714328
92660  27.422  -10.826  -38.461 0.7142857313
92681  27.790  -10.099  -38.725 0.7142857313
92684  24.147  -9.798  -39.023 0.2857142985
93747  27.267  -9.297  -38.983 0.7142857313
93745  28.849  -9.789  -39.553 0.7142857313
181807  30.380  -10.324  -40.577 0.5714285970
94913  28.925  -7.839  -41.114 0.7142857313
95990  28.900  -7.227  -41.721 0.7142857313
93800  30.612  -9.192  -42.740 0.5714285970
94935  29.603  -8.343  -43.081 0.7142857313
97065  28.198  -5.760  -40.702 0.2857142985
97107  28.688  -6.132  -44.118 0.5714285970
98201  28.486  -5.482  -43.213 0.2857142985
98219  30.558  -5.416  -45.447 0.8571428657
108095  28.732  1.932  -49.628 0.7142857313
192736  27.617  4.694  -50.104 0.8571428657
174698  25.248  4.928  -52.894 0.7142857313
162351  23.957  5.874  -51.268 0.5714285970
190386  22.153  -13.458  -37.086 0.1428571492
89196  22.852  -12.903  -37.845 0.4285714328
77722  21.119  -21.016  -32.844 0.4285714328
86853  28.270  -14.676  -34.191 0.1428571492
174100  27.715  -15.085  -34.551 0.1428571492
89165  28.864  -12.732  -36.128 0.1428571492
90439  29.304  -12.183  -36.472 0.1428571492
88020  28.602  -14.170  -34.693 0.1428571492
88008  28.988  -14.170  -34.018 0.1428571492
89164  29.595  -12.447  -35.407 0.1428571492
190630  29.025  -13.023  -35.418 0.1428571492
88031  28.797  -13.531  -35.045 0.1428571492
166567  29.887  -11.721  -35.975 0.1428571492
188026  31.798  -10.175  -37.207 0.2857142985
93728  32.831  -9.464  -38.637 0.1428571492
104028  29.893  -2.165  -48.707 0.5714285970
121002  26.449  15.049  -54.595 0.1428571492
101749  28.910  -3.749  -47.629 0.4285714328
121003  25.617  14.558  -54.602 0.1428571492
119105  25.350  12.429  -55.517 0.1428571492
104030  27.608  -1.962  -48.733 0.4285714328
105116  28.641  -0.869  -49.873 0.5714285970
104034  27.206  -0.771  -49.510 0.4285714328
117256  22.188  10.993  -52.868 0.2857142985
162619  23.560  8.162  -53.389 0.2857142985
184781  24.864  7.229  -52.910 0.2857142985
117253  24.252  9.015  -53.624 0.2857142985
105102  27.651  -0.088  -45.769 0.1428571492
106135  27.074  0.620  -49.950 0.5714285970
109135  27.647  2.745  -49.440 0.5714285970
162362  22.790  8.391  -51.781 0.2857142985
162358  26.396  7.398  -52.122 0.4285714328
167484  26.910  0.813  -48.318 0.4285714328
108092  26.695  2.057  -48.728 0.5714285970
162820  23.302  7.866  -52.747 0.2857142985
107113  27.374  1.473  -46.439 0.4285714328
108077  27.247  2.156  -47.154 0.2857142985
162737  23.128  7.932  -50.851 0.1428571492
166112  23.312  6.855  -52.015 0.1428571492
162805  22.930  7.636  -51.475 0.1428571492
109106  27.135  2.953  -46.488 0.1428571492
110177  26.492  4.243  -47.405 0.4285714328
162796  24.296  7.571  -49.989 0.1428571492
184865  23.035  8.825  -50.546 0.1428571492
162363  22.072  9.579  -51.017 0.1428571492
109115  26.733  3.566  -46.884 0.2857142985
184866  24.630  8.596  -49.497 0.2857142985
115351  25.962  8.559  -46.327 0.1428571492
162604  23.961  8.486  -50.221 0.1428571492
176101  22.538  9.330  -50.590 0.1428571492
115364  25.020  8.799  -48.568 0.1428571492
116354  25.022  9.619  -48.115 0.1428571492
116360  24.527  9.453  -49.786 0.1428571492
116346  25.238  9.987  -47.258 0.1428571492
80298  20.731  -19.856  -33.533 0.4285714328
166443  20.595  -18.615  -34.123 0.2857142985
86854  27.648  -15.129  -33.872 0.1428571492
89154  29.432  -13.173  -34.836 0.1428571492
91571  30.299  -11.222  -36.457 0.1428571492
102883  28.138  -2.571  -48.356 0.2857142985
114422  27.215  7.656  -49.012 0.4285714328
162367  25.633  9.145  -52.806 0.2857142985
162369  22.352  9.317  -51.649 0.2857142985
117254  23.698  9.744  -53.779 0.2857142985
162674  22.167  9.830  -50.990 0.2857142985
80299  20.183  -19.096  -33.578 0.2857142985
83033  26.082  -17.964  -32.338 0.1428571492
81617  25.719  -18.439  -31.885 0.1428571492
85624  27.273  -15.849  -33.086 0.1428571492
86846  27.634  -15.330  -33.160 0.1428571492
93729  32.144  -9.526  -38.645 0.1428571492
91588  30.730  -10.755  -36.945 0.1428571492
108070  27.322  2.317  -46.001 0.1428571492
101750  28.480  -3.200  -48.026 0.4285714328
172674  27.369  0.756  -45.850 0.2857142985
169803  26.599  3.130  -49.063 0.5714285970
162366  26.367  8.272  -51.601 0.4285714328
117248  22.126  10.933  -52.079 0.2857142985
117255  22.878  10.260  -53.404 0.2857142985
118169  22.886  11.401  -54.530 0.2857142985
120075  22.735  12.618  -54.646 0.1428571492
120065  22.524  12.836  -54.077 0.1428571492
180838  24.495  13.023  -55.668 0.1428571492
162359  23.229  10.210  -50.640 0.2857142985
117244  22.071  10.242  -51.256 0.2857142985
119112  23.488  12.474  -55.408 0.1428571492
121011  24.738  13.746  -55.376 0.1428571492
118167  24.294  11.281  -54.846 0.1428571492
119107  23.775  11.918  -55.355 0.1428571492
93727  33.696  -9.546  -38.748 0.2857142985
162782  25.610  9.807  -52.971 0.4285714328
119088  21.319  12.597  -52.655 0.2857142985
171236  24.479  10.658  -54.137 0.2857142985
118164  23.810  10.786  -54.253 0.1428571492
196239  21.354  -19.852  -33.754 0.4285714328
79032  21.377  -20.438  -33.341 0.4285714328
92656  31.025  -10.370  -38.330 0.4285714328
115370  26.482  7.941  -50.167 0.4285714328
192476  25.086  9.783  -53.496 0.2857142985
104033  27.719  -1.412  -49.443 0.4285714328
107132  27.996  0.962  -50.651 0.5714285970
107131  26.899  1.343  -49.546 0.5714285970
165699  26.978  3.009  -49.639 0.5714285970
162533  25.766  7.738  -52.797 0.2857142985
113440  24.564  6.467  -50.034 0.4285714328
115363  25.473  7.666  -48.261 0.2857142985
163732  23.338  6.905  -51.363 0.2857142985
102882  28.956  -2.745  -48.738 0.5714285970
108098  26.935  1.994  -49.277 0.5714285970
109122  26.886  2.891  -47.511 0.5714285970
162356  24.219  6.799  -52.853 0.2857142985
187784  23.590  7.106  -52.553 0.2857142985
90426  30.286  -11.968  -35.369 0.1428571492
104019  27.904  -1.515  -47.312 0.2857142985
116372  22.378  9.938  -52.426 0.2857142985
116377  23.090  9.400  -53.317 0.2857142985
162368  24.010  7.561  -53.167 0.2857142985
162554  24.970  7.980  -53.244 0.2857142985
106130  27.155  0.130  -47.742 0.2857142985
106132  26.788  0.647  -49.141 0.4285714328
162357  22.685  8.620  -50.873 0.1428571492
108084  26.978  1.670  -48.098 0.4285714328
175662  27.409  0.709  -46.854 0.2857142985
107125  26.765  1.374  -48.831 0.5714285970
108085  26.880  2.335  -48.038 0.5714285970
91548  30.597  -11.420  -35.693 0.1428571492
102880  28.143  -2.862  -47.580 0.2857142985
193788  23.239  10.661  -53.950 0.2857142985
118168  23.497  11.480  -54.935 0.2857142985
120073  24.061  13.581  -54.885 0.1428571492
97050  28.388  -6.110  -40.551 0.4285714328
98193  28.586  -6.069  -43.213 0.2857142985
118129  21.653  12.897  -49.366 0.1428571492
118158  21.268  11.993  -52.254 0.1428571492
120016  22.068  13.419  -49.520 0.1428571492
175622  25.091  10.784  -46.949 0.1428571492
119059  24.167  12.263  -48.445 0.1428571492
118135  22.084  12.106  -49.753 0.1428571492
119079  21.278  12.679  -51.930 0.1428571492
188787  24.822  10.850  -48.179 0.1428571492
118123  25.042  11.337  -47.612 0.1428571492
118134  22.699  11.559  -49.193 0.1428571492
195186  24.908  12.031  -47.543 0.1428571492
118143  22.968  10.987  -50.454 0.1428571492
118126  24.453  11.503  -48.408 0.1428571492
120000  21.944  13.706  -46.825 0.1428571492
119043  24.795  12.418  -47.293 0.1428571492
97085  28.658  -6.158  -42.590 0.2857142985
119037  23.340  12.057  -46.604 0.1428571492
119998  23.471  13.297  -47.327 0.1428571492
119073  23.741  12.920  -49.983 0.1428571492
187157  27.902  -13.750  -37.416 0.2857142985
117243  22.484  11.238  -51.100 0.1428571492
120060  21.257  12.796  -52.284 0.1428571492
120040  21.579  13.497  -50.186 0.1428571492
120050  22.429  13.091  -51.799 0.1428571492
119044  23.954  12.580  -46.997 0.1428571492
119038  22.180  12.319  -46.280 0.1428571492
88049  27.354  -14.179  -37.739 0.4285714328
81671  23.675  -18.511  -34.598 0.4285714328
81670  24.303  -18.469  -34.330 0.2857142985
83048  25.221  -18.229  -33.446 0.1428571492
190033  24.871  -17.586  -34.752 0.2857142985
83061  24.933  -18.055  -34.232 0.1428571492
84326  25.218  -17.193  -35.074 0.2857142985
81654  23.175  -19.066  -34.396 0.2857142985
110186  26.308  3.729  -48.728 0.4285714328
84333  25.709  -16.729  -35.420 0.2857142985
81672  22.820  -18.427  -34.732 0.4285714328
84314  25.876  -17.038  -34.127 0.1428571492
83071  25.360  -17.410  -34.450 0.1428571492
81652  24.566  -18.605  -33.768 0.1428571492
83083  23.813  -17.407  -35.377 0.4285714328
183312  24.242  -17.912  -34.787 0.2857142985
105112  27.035  -0.759  -48.427 0.2857142985
81653  23.903  -18.961  -34.102 0.2857142985
81655  22.327  -19.069  -34.445 0.2857142985
175158  21.734  -19.500  -34.101 0.2857142985
81673  21.852  -18.172  -34.680 0.2857142985
167797  24.478  -12.563  -38.086 0.2857142985
90464  23.915  -12.161  -38.125 0.2857142985
91605  23.063  -11.091  -38.283 0.2857142985
93750  24.209  -9.115  -39.367 0.1428571492
94884  24.357  -8.485  -39.660 0.1428571492
95981  24.882  -6.918  -40.075 0.1428571492
99328  28.144  -4.838  -41.361 0.1428571492
99349  28.567  -5.339  -44.060 0.1428571492
100577  28.977  -4.390  -45.158 0.1428571492
100570  28.611  -4.747  -44.150 0.1428571492
195044  28.757  -4.152  -45.323 0.1428571492
101732  28.563  -3.801  -44.626 0.1428571492
102866  28.287  -1.935  -45.816 0.1428571492
104027  27.413  -1.497  -48.240 0.1428571492
173590  27.911  -0.961  -45.524 0.1428571492
164447  26.244  4.454  -48.264 0.1428571492
185552  26.148  5.659  -47.490 0.1428571492
112384  25.921  6.113  -48.003 0.1428571492
113414  26.432  6.418  -46.060 0.1428571492
114419  25.709  6.928  -48.199 0.1428571492
79033  20.470  -20.483  -33.046 0.2857142985
188874  22.843  -19.386  -34.209 0.1428571492
100592  29.106  -4.064  -46.681 0.2857142985
102857  28.454  -3.299  -45.314 0.1428571492
105108  27.499  -0.734  -47.541 0.1428571492
88062  23.216  -13.360  -37.707 0.2857142985
90465  23.071  -12.363  -37.994 0.2857142985
177652  23.315  -11.750  -38.124 0.2857142985
94900  23.606  -7.910  -39.912 0.1428571492
97053  25.731  -6.141  -40.117 0.1428571492
98177  25.520  -5.630  -40.370 0.1428571492
98186  27.751  -5.296  -40.727 0.1428571492
182026  24.785  -5.018  -40.908 0.1428571492
186656  28.356  -5.145  -42.227 0.1428571492
99350  28.332  -4.881  -42.711 0.1428571492
100563  28.038  -4.236  -42.101 0.1428571492
101738  28.538  -3.405  -46.077 0.1428571492
104004  28.041  -1.581  -44.768 0.1428571492
111293  26.576  4.896  -45.481 0.1428571492
111325  26.273  5.026  -47.441 0.1428571492
166839  22.447  -11.691  -37.983 0.2857142985
80314  22.497  -19.639  -33.962 0.2857142985
94899  24.555  -7.782  -39.875 0.1428571492
99356  28.992  -5.072  -44.797 0.1428571492
182870  27.050  3.608  -45.847 0.1428571492
89187  22.308  -13.106  -37.462 0.1428571492
177730  28.611  -3.835  -45.378 0.1428571492
104026  27.871  -2.203  -47.913 0.1428571492
81656  21.372  -18.852  -34.399 0.2857142985
164253  22.314  -10.818  -38.167 0.1428571492
189728  28.762  -4.321  -44.767 0.1428571492
99330  25.822  -4.698  -40.806 0.1428571492
79034  19.624  -20.094  -32.834 0.1428571492
169838  20.113  -19.762  -33.215 0.1428571492
80301  18.760  -19.579  -32.514 0.1428571492
80300  19.508  -19.277  -33.014 0.1428571492
83074  21.217  -17.432  -34.716 0.1428571492
93741  34.145  -9.387  -39.614 0.1428571492
111291  29.500  5.110  -45.002 0.1428571492
77724  19.865  -20.859  -32.562 0.1428571492
81657  20.003  -18.280  -33.716 0.1428571492
81674  20.901  -18.041  -34.439 0.1428571492
196891  21.824  -17.527  -34.855 0.1428571492
84338  21.166  -16.001  -34.999 0.1428571492
110144  29.864  4.135  -44.828 0.1428571492
109091  30.464  3.307  -44.878 0.1428571492
77723  20.502  -21.113  -32.652 0.1428571492
84337  21.707  -16.907  -35.001 0.1428571492
191334  21.817  -14.099  -36.523 0.1428571492
80315  20.983  -19.326  -33.967 0.1428571492
79046  21.993  -20.038  -33.658 0.4285714328
80282  23.423  -19.998  -32.378 0.4285714328
81616  26.414  -18.204  -31.678 0.1428571492
83031  27.361  -17.406  -31.838 0.1428571492
83082  24.563  -17.348  -35.270 0.2857142985
84325  25.712  -16.993  -34.759 0.1428571492
85625  26.781  -16.114  -33.337 0.2857142985
85646  27.297  -15.555  -34.418 0.2857142985
85667  25.396  -16.336  -36.722 0.5714285970
88019  29.244  -13.745  -34.441 0.1428571492
88033  27.674  -14.393  -35.916 0.2857142985
88059  25.214  -13.810  -38.003 0.5714285970
88061  23.996  -13.488  -37.868 0.4285714328
89186  27.777  -13.620  -37.992 0.7142857313
90438  29.705  -11.641  -36.863 0.2857142985
92640  31.769  -9.858  -37.958 0.1428571492
92663  24.131  -10.514  -38.666 0.4285714328
92683  25.034  -9.790  -38.940 0.2857142985
92697  30.057  -10.382  -40.115 0.5714285970
92698  29.485  -10.158  -39.890 0.7142857313
93743  31.936  -9.751  -39.428 0.8571428657
93749  25.162  -9.070  -39.145 0.7142857313
93766  28.504  -8.981  -39.898 0.7142857313
93779  33.031  -9.978  -41.719 0.8571428657
93783  29.433  -9.172  -40.906 0.7142857313
93789  36.213  -9.694  -43.148 0.5714285970
93793  31.732  -9.999  -42.433 0.5714285970
93794  31.170  -9.761  -42.370 0.7142857313
93796  35.637  -9.646  -43.221 0.5714285970
93799  31.208  -9.488  -42.643 0.7142857313
94885  23.501  -8.455  -39.709 0.1428571492
94897  27.404  -7.600  -39.604 0.4285714328
94901  23.149  -7.857  -39.823 0.1428571492
94912  29.375  -8.583  -41.548 0.7142857313
94920  36.778  -9.210  -43.089 0.5714285970
94921  33.476  -9.724  -42.561 0.7142857313
94922  29.961  -8.866  -42.754 0.5714285970
94924  29.094  -7.969  -41.955 0.7142857313
94933  30.705  -8.920  -42.980 0.8571428657
95978  28.720  -6.836  -40.660 0.7142857313
95980  26.047  -6.808  -39.838 0.4285714328
95995  36.826  -8.347  -42.519 0.2857142985
95996  29.192  -7.902  -42.925 0.7142857313
95997  29.016  -7.647  -42.485 0.7142857313
96002  36.464  -8.544  -43.240 0.5714285970
96005  31.975  -8.212  -43.259 0.8571428657
96007  29.806  -8.183  -43.252 0.7142857313
96009  28.937  -7.391  -42.878 0.7142857313
96017  29.755  -7.715  -43.445 0.7142857313
97051  27.818  -5.981  -40.316 0.4285714328
97052  26.856  -6.100  -40.064 0.4285714328
97076  28.597  -5.762  -41.639 0.1428571492
97080  36.129  -7.672  -42.939 0.4285714328
97082  34.887  -6.993  -43.537 0.5714285970
97084  28.629  -6.621  -42.907 0.7142857313
97094  33.474  -6.669  -43.972 0.8571428657
97097  29.268  -7.198  -43.654 0.7142857313
97105  29.986  -6.708  -44.474 0.8571428657
97106  29.025  -6.672  -44.045 0.5714285970
98166  27.335  -5.600  -40.317 0.2857142985
98167  26.367  -5.641  -40.221 0.1428571492
98174  34.643  -5.926  -40.805 0.1428571492
98187  27.151  -4.904  -40.752 0.1428571492
98199  33.754  -6.002  -44.393 0.8571428657
98200  28.586  -5.897  -43.869 0.2857142985
98212  28.935  -5.916  -44.521 0.5714285970
98220  29.961  -5.518  -45.116 0.7142857313
99329  27.149  -4.681  -40.862 0.1428571492
99341  28.033  -4.536  -41.421 0.1428571492
99347  34.132  -5.066  -44.004 0.8571428657
99357  28.740  -4.903  -44.562 0.1428571492
99366  30.099  -5.098  -45.616 0.8571428657
99374  30.002  -4.715  -46.269 0.8571428657
100551  31.869  -3.551  -42.045 0.1428571492
100560  33.590  -4.432  -43.638 0.8571428657
100571  28.397  -4.420  -43.358 0.1428571492
100575  33.281  -4.286  -44.945 0.8571428657
100576  32.972  -4.012  -45.555 0.8571428657
100582  31.583  -4.728  -46.652 0.8571428657
100583  29.071  -4.228  -45.800 0.7142857313
100584  28.763  -3.919  -45.876 0.1428571492
101716  32.443  -3.235  -43.444 0.8571428657
101724  28.639  -4.233  -44.150 0.1428571492
101743  32.156  -3.548  -46.482 0.8571428657
101744  30.751  -4.066  -47.656 0.8571428657
101745  28.571  -3.616  -46.749 0.4285714328
101748  29.779  -4.076  -47.613 0.7142857313
102873  28.403  -3.063  -46.821 0.2857142985
102878  31.256  -2.963  -47.474 0.8571428657
102881  29.868  -3.017  -48.548 0.7142857313
103993  31.367  -1.377  -42.728 0.1428571492
103998  31.550  -1.490  -43.307 0.2857142985
104018  28.287  -2.293  -46.907 0.1428571492
104029  29.328  -1.830  -49.104 0.7142857313
104031  27.184  -1.272  -48.987 0.4285714328
104032  28.693  -1.548  -49.529 0.7142857313
105115  26.924  -0.098  -49.417 0.5714285970
105118  27.386  0.024  -49.978 0.4285714328
106125  27.529  0.027  -46.743 0.2857142985
106129  29.835  0.707  -48.187 0.8571428657
106133  28.619  0.037  -50.010 0.7142857313
106134  27.955  0.353  -50.434 0.5714285970
106136  28.460  0.690  -50.394 0.7142857313
106137  27.563  0.661  -50.471 0.5714285970
107088  30.692  1.022  -43.650 0.1428571492
107112  29.552  1.641  -47.517 0.8571428657
107118  29.654  1.428  -48.378 0.7142857313
107119  27.293  1.176  -47.449 0.4285714328
107124  29.320  1.399  -49.270 0.7142857313
107126  26.813  1.697  -49.063 0.5714285970
107133  27.435  1.169  -50.356 0.7142857313
108068  30.461  1.833  -44.774 0.2857142985
108075  29.592  1.892  -45.860 0.8571428657
108091  28.519  2.573  -49.035 0.7142857313
108096  27.914  2.254  -49.746 0.7142857313
108097  27.329  1.829  -49.841 0.5714285970
109129  26.613  2.735  -48.473 0.5714285970
109136  27.194  2.387  -49.579 0.5714285970
109137  26.817  2.588  -49.125 0.5714285970
110154  29.307  4.508  -45.540 0.4285714328
110155  26.660  4.159  -45.155 0.1428571492
110165  29.182  4.093  -46.311 0.8571428657
110200  26.479  3.607  -51.066 0.5714285970
111310  26.596  5.008  -46.515 0.1428571492
111324  28.516  4.407  -47.755 0.8571428657
111354  27.547  3.900  -50.010 0.7142857313
112363  29.649  6.045  -45.002 0.1428571492
112364  29.243  5.566  -45.575 0.4285714328
112373  28.509  6.170  -46.754 0.8571428657
112396  25.579  5.365  -48.856 0.2857142985
112404  27.054  4.159  -50.856 0.7142857313
112408  25.506  4.054  -52.020 0.5714285970
112409  24.686  4.515  -52.199 0.5714285970
112410  25.698  4.125  -52.304 0.5714285970
113419  28.784  6.766  -46.148 0.4285714328
113421  26.396  6.410  -47.029 0.1428571492
113437  27.177  6.722  -49.624 0.5714285970
113448  24.854  6.098  -52.893 0.2857142985
114412  28.274  7.769  -46.958 0.5714285970
114418  27.584  7.833  -48.266 0.7142857313
115369  26.966  8.403  -49.378 0.4285714328
115376  26.289  8.480  -50.594 0.5714285970
116344  28.484  9.280  -47.105 0.2857142985
116352  27.568  9.347  -48.195 0.4285714328
116376  23.649  8.787  -53.530 0.2857142985
117208  25.233  10.137  -46.557 0.1428571492
117212  29.222  10.263  -48.295 0.1428571492
117214  27.572  9.935  -48.414 0.1428571492
117220  27.865  10.321  -48.930 0.1428571492
117221  27.212  10.006  -49.227 0.1428571492
117222  26.813  9.769  -49.909 0.5714285970
117224  23.528  11.121  -48.861 0.1428571492
117229  28.273  10.636  -49.560 0.1428571492
117231  26.475  9.805  -50.654 0.5714285970
118114  24.685  11.158  -46.556 0.1428571492
118119  24.919  11.600  -47.050 0.1428571492
118120  24.380  11.833  -46.833 0.1428571492
118127  23.034  12.001  -48.856 0.1428571492
118128  22.136  12.292  -49.177 0.1428571492
118141  28.466  11.308  -50.757 0.1428571492
118149  27.192  11.290  -51.759 0.1428571492
118152  22.009  11.855  -51.074 0.1428571492
118155  27.095  11.540  -52.510 0.1428571492
118157  25.136  10.360  -53.499 0.2857142985
118165  22.572  11.136  -53.720 0.2857142985
118166  21.873  11.866  -53.164 0.2857142985
118170  22.295  11.770  -54.013 0.2857142985
119045  22.880  12.847  -46.872 0.1428571492
119060  22.194  12.896  -49.169 0.1428571492
119066  24.183  12.620  -49.046 0.1428571492
119067  22.871  13.104  -49.373 0.1428571492
119068  21.677  12.902  -50.020 0.1428571492
119074  21.889  12.806  -50.898 0.1428571492
119086  26.933  11.852  -53.229 0.1428571492
119087  26.181  11.711  -53.547 0.1428571492
119094  28.579  12.411  -54.220 0.1428571492
119097  25.876  12.023  -54.570 0.1428571492
119106  24.583  11.989  -55.440 0.1428571492
119108  23.019  12.112  -55.085 0.2857142985
119110  24.748  12.577  -55.744 0.1428571492
119111  24.121  12.496  -55.646 0.1428571492
119113  23.171  12.683  -55.114 0.1428571492
119987  22.178  13.146  -46.690 0.1428571492
119999  22.328  13.743  -47.334 0.1428571492
120017  21.651  13.344  -49.436 0.1428571492
120026  21.668  13.577  -49.750 0.1428571492
120027  21.553  13.416  -49.625 0.1428571492
120039  21.933  13.564  -50.576 0.1428571492
120051  21.947  12.826  -51.185 0.1428571492
120064  23.361  13.076  -54.399 0.1428571492
120074  23.218  12.973  -54.774 0.1428571492
120082  25.157  13.091  -55.804 0.1428571492
120083  23.834  13.062  -55.282 0.1428571492
121001  27.337  15.268  -54.571 0.1428571492
121008  26.996  15.416  -54.831 0.1428571492
162352  24.193  5.232  -52.358 0.2857142985
162353  23.671  7.172  -50.669 0.2857142985
162354  23.658  6.152  -51.917 0.5714285970
162360  26.356  8.036  -52.427 0.4285714328
162361  25.520  6.983  -52.708 0.2857142985
162364  23.062  8.773  -52.809 0.2857142985
162365  24.131  8.288  -53.569 0.2857142985
162598  24.949  8.694  -53.310 0.2857142985
162683  23.094  7.490  -52.135 0.1428571492
162695  24.997  9.337  -53.387 0.2857142985
162829  24.661  5.219  -52.788 0.5714285970
162865  25.777  11.040  -53.052 0.1428571492
165105  26.368  3.657  -51.242 0.5714285970
165812  26.574  3.405  -48.019 0.4285714328
166343  29.224  2.883  -46.654 0.8571428657
168457  28.533  -5.555  -42.265 0.2857142985
170063  30.501  -7.882  -43.524 0.8571428657
170324  33.216  -10.045  -42.344 0.7142857313
171624  29.431  -0.043  -49.441 0.7142857313
171653  23.229  12.672  -48.848 0.1428571492
173282  29.439  3.427  -46.095 0.5714285970
173342  25.480  -7.489  -39.745 0.1428571492
173368  28.378  -3.351  -47.386 0.4285714328
175300  28.143  -1.485  -46.448 0.1428571492
176076  25.008  11.958  -47.958 0.1428571492
179513  24.680  -11.968  -38.236 0.4285714328
179948  26.352  10.159  -51.539 0.5714285970
180307  26.865  -0.055  -48.693 0.4285714328
180877  24.902  -6.223  -40.260 0.1428571492
181116  29.667  -10.860  -38.746 0.7142857313
181334  35.965  -9.822  -42.591 0.5714285970
183198  21.947  11.337  -51.737 0.2857142985
183564  21.936  -16.302  -35.325 0.2857142985
184055  30.418  -9.967  -41.279 0.5714285970
184856  26.135  7.406  -52.441 0.5714285970
184857  25.792  8.436  -52.834 0.2857142985
184862  23.888  9.666  -50.387 0.1428571492
184910  22.262  9.308  -50.817 0.1428571492
184935  25.988  9.607  -52.142 0.4285714328
184940  24.482  9.858  -53.855 0.2857142985
186263  30.279  -1.562  -48.166 0.5714285970
186640  25.698  -11.267  -38.417 0.7142857313
187738  28.457  -5.041  -43.613 0.1428571492
188837  24.787  9.303  -48.925 0.1428571492
188881  27.819  -0.770  -46.567 0.1428571492
190312  26.590  6.898  -50.736 0.5714285970
191132  26.944  -0.675  -49.033 0.4285714328
192240  31.610  -8.799  -43.013 0.7142857313
192255  26.424  -4.791  -40.724 0.1428571492
192364  30.040  0.512  -45.653 0.8571428657
195065  24.410  10.767  -48.701 0.1428571492
195518  33.096  -3.767  -44.940 0.8571428657
196833  30.314  -3.831  -47.991 0.7142857313
