#!ascii label  , from subject sub-v2s1x29882_ses-1 vox2ras=TkReg
1111
154850  -36.500  -26.168  21.721 0.0000000000
45596  -28.419  -30.327  20.629 0.0000000000
53500  -31.624  -22.999  22.286 0.0000000000
75989  -44.372  -2.981  10.610 0.0000000000
79912  -49.302  0.897  7.948 0.0000000000
43640  -21.672  -32.134  24.377 0.0000000000
150067  -41.895  -6.145  12.455 0.0000000000
51491  -39.011  -25.096  19.896 0.0000000000
53488  -32.901  -22.259  22.953 0.0000000000
44642  -25.111  -30.986  22.494 0.0000000000
40623  -25.016  -34.917  24.534 0.0000000000
56557  -34.418  -21.012  21.258 0.0000000000
56586  -35.300  -20.497  19.637 0.0000000000
49525  -31.934  -26.696  20.099 0.0000000000
59612  -31.530  -17.661  23.375 0.0000000000
61844  -40.632  -15.794  11.392 0.0000000000
66026  -42.239  -12.086  10.503 0.0000000000
141728  -45.193  -9.600  10.202 0.0000000000
33988  -18.824  -40.345  24.968 0.0000000000
31108  -15.868  -42.883  28.165 0.0000000000
57734  -36.303  -19.663  18.050 0.0000000000
58797  -37.423  -18.627  15.647 0.0000000000
59738  -39.116  -17.778  13.328 0.0000000000
37386  -22.210  -37.457  23.078 0.0000000000
42693  -29.351  -32.735  23.081 0.0000000000
43662  -31.679  -31.788  23.215 0.0000000000
145111  -34.323  -24.441  22.805 0.0000000000
48547  -26.688  -28.118  22.069 0.0000000000
45594  -27.035  -30.566  21.172 0.0000000000
42691  -27.468  -32.872  22.737 0.0000000000
58712  -35.240  -19.764  23.033 0.0000000000
58728  -33.228  -18.827  22.087 0.0000000000
66013  -39.326  -12.285  12.481 0.0000000000
63888  -41.656  -13.889  11.095 0.0000000000
68100  -40.275  -10.646  11.457 0.0000000000
71348  -42.943  -8.014  10.888 0.0000000000
72288  -44.063  -6.596  10.620 0.0000000000
70361  -46.425  -8.214  10.509 0.0000000000
73240  -45.569  -5.334  9.641 0.0000000000
74181  -46.821  -4.083  8.696 0.0000000000
60683  -34.978  -17.352  20.833 0.0000000000
56603  -35.709  -20.289  18.467 0.0000000000
61717  -35.063  -16.028  19.943 0.0000000000
61750  -36.406  -15.741  16.623 0.0000000000
61761  -37.168  -15.843  15.658 0.0000000000
57776  -38.362  -18.876  14.576 0.0000000000
61771  -38.399  -15.951  14.810 0.0000000000
61786  -38.984  -15.484  13.660 0.0000000000
145746  -32.109  -24.554  20.798 0.0000000000
39527  -19.766  -36.097  24.108 0.0000000000
40649  -21.350  -34.608  23.319 0.0000000000
28196  -16.745  -45.440  29.383 0.0000000000
145076  -14.574  -46.281  30.214 0.0000000000
71319  -40.898  -7.875  13.089 0.0000000000
53526  -40.224  -23.266  19.816 0.0000000000
135385  -31.946  -22.217  23.314 0.0000000000
44633  -23.242  -30.749  23.673 0.0000000000
41691  -23.096  -33.524  23.030 0.0000000000
42688  -24.937  -32.568  23.255 0.0000000000
79918  -50.162  0.846  7.195 0.0000000000
53513  -34.172  -23.280  20.643 0.0000000000
52499  -35.170  -23.816  19.255 0.0000000000
138052  -35.913  -21.169  21.066 0.0000000000
48558  -27.871  -27.546  21.109 0.0000000000
46614  -30.656  -29.073  20.032 0.0000000000
138112  -28.944  -25.441  20.261 0.0000000000
52482  -28.966  -23.167  20.471 0.0000000000
148198  -29.461  -21.723  20.988 0.0000000000
58706  -29.516  -18.531  23.326 0.0000000000
56542  -30.807  -20.048  21.975 0.0000000000
55525  -31.926  -20.567  22.213 0.0000000000
54477  -33.343  -22.116  21.672 0.0000000000
57821  -42.372  -18.962  12.382 0.0000000000
70339  -41.551  -8.533  11.250 0.0000000000
140973  -43.659  -10.947  10.059 0.0000000000
76006  -48.278  -3.200  8.467 0.0000000000
32033  -17.951  -41.756  26.927 0.0000000000
29178  -19.005  -44.446  28.356 0.0000000000
53549  -36.577  -23.235  18.341 0.0000000000
142590  -37.488  -22.285  17.896 0.0000000000
55565  -38.711  -20.415  18.123 0.0000000000
61731  -35.512  -15.662  18.649 0.0000000000
58780  -37.073  -18.850  17.323 0.0000000000
56621  -39.160  -19.918  17.994 0.0000000000
56640  -40.259  -20.212  16.778 0.0000000000
56661  -41.007  -20.265  15.471 0.0000000000
56702  -41.617  -20.101  13.889 0.0000000000
59757  -40.146  -17.713  12.164 0.0000000000
152223  -39.282  -14.238  12.752 0.0000000000
45553  -33.057  -30.170  23.781 0.0000000000
37340  -18.526  -36.967  25.766 0.0000000000
35112  -20.540  -39.416  23.467 0.0000000000
38501  -23.881  -36.446  23.753 0.0000000000
26250  -12.407  -47.844  30.528 0.0000000000
44659  -29.312  -31.377  21.442 0.0000000000
43661  -30.880  -32.197  23.142 0.0000000000
44660  -30.057  -31.289  21.714 0.0000000000
154991  -35.114  -25.517  22.355 0.0000000000
46599  -27.409  -29.218  20.960 0.0000000000
46598  -26.735  -29.584  21.382 0.0000000000
45595  -27.743  -30.420  20.819 0.0000000000
43693  -27.859  -31.595  21.138 0.0000000000
68088  -39.453  -10.782  13.472 0.0000000000
67095  -39.487  -11.572  12.243 0.0000000000
68092  -39.669  -10.238  12.757 0.0000000000
75055  -43.776  -4.181  10.919 0.0000000000
143533  -43.231  -5.473  11.135 0.0000000000
144452  -44.186  -4.449  10.410 0.0000000000
74157  -45.079  -5.551  9.992 0.0000000000
75064  -44.658  -4.253  9.967 0.0000000000
75065  -45.281  -4.130  9.480 0.0000000000
60693  -34.830  -16.864  20.009 0.0000000000
62776  -37.180  -14.682  16.666 0.0000000000
61770  -37.775  -16.328  15.039 0.0000000000
62790  -38.359  -15.017  15.721 0.0000000000
62802  -38.799  -15.473  15.249 0.0000000000
157460  -31.770  -23.582  21.196 0.0000000000
51461  -32.534  -24.974  22.204 0.0000000000
51460  -32.127  -24.318  22.562 0.0000000000
41668  -20.636  -34.015  24.334 0.0000000000
41670  -21.890  -33.375  23.418 0.0000000000
132013  -49.379  -0.611  8.362 0.0000000000
28183  -15.692  -45.734  30.067 0.0000000000
158627  -39.956  -25.683  22.003 0.0000000000
52488  -40.001  -24.047  20.028 0.0000000000
54462  -32.494  -22.013  23.395 0.0000000000
140248  -33.172  -22.657  24.843 0.0000000000
46568  -24.851  -29.467  22.902 0.0000000000
45552  -24.205  -29.816  23.338 0.0000000000
153992  -23.355  -29.629  24.119 0.0000000000
45563  -24.007  -30.730  23.291 0.0000000000
133999  -24.328  -32.301  23.213 0.0000000000
43656  -24.885  -31.808  22.899 0.0000000000
147971  -28.374  -33.454  23.849 0.0000000000
41674  -27.590  -33.466  24.039 0.0000000000
54488  -34.198  -21.940  20.841 0.0000000000
54489  -35.008  -21.995  20.475 0.0000000000
56558  -35.512  -21.314  21.041 0.0000000000
135540  -28.357  -26.171  22.206 0.0000000000
49523  -28.642  -26.727  20.159 0.0000000000
50509  -28.395  -25.503  21.789 0.0000000000
53497  -27.598  -22.805  22.047 0.0000000000
55520  -27.961  -21.608  22.270 0.0000000000
54483  -28.817  -22.016  20.807 0.0000000000
55521  -28.478  -21.093  21.974 0.0000000000
59600  -31.414  -17.549  24.299 0.0000000000
58707  -30.207  -18.244  23.126 0.0000000000
56541  -29.972  -19.915  22.016 0.0000000000
57693  -30.837  -18.927  22.196 0.0000000000
56543  -31.604  -19.978  22.091 0.0000000000
139748  -31.615  -18.829  22.151 0.0000000000
137899  -34.114  -19.928  21.865 0.0000000000
56556  -33.395  -20.404  21.593 0.0000000000
54487  -33.596  -21.503  21.343 0.0000000000
53512  -33.844  -22.721  21.094 0.0000000000
59759  -41.780  -17.819  11.597 0.0000000000
58848  -43.483  -18.356  12.228 0.0000000000
60804  -41.685  -16.617  11.317 0.0000000000
140532  -41.912  -13.213  10.865 0.0000000000
145088  -43.230  -15.145  11.245 0.0000000000
72264  -41.249  -7.287  12.631 0.0000000000
71325  -40.953  -7.968  12.371 0.0000000000
71326  -41.410  -7.548  12.015 0.0000000000
142482  -43.996  -9.009  10.401 0.0000000000
143152  -43.332  -9.116  10.467 0.0000000000
68112  -44.710  -10.239  9.990 0.0000000000
64960  -45.538  -12.563  9.644 0.0000000000
140890  -47.564  -3.626  8.609 0.0000000000
76981  -47.487  -2.033  8.614 0.0000000000
77966  -48.209  -1.533  8.500 0.0000000000
147106  -18.076  -39.821  26.193 0.0000000000
146127  -17.766  -40.514  27.012 0.0000000000
32972  -18.487  -41.044  26.024 0.0000000000
29190  -19.883  -44.074  27.779 0.0000000000
28199  -19.164  -45.364  29.488 0.0000000000
55546  -35.450  -21.654  19.494 0.0000000000
52511  -35.696  -23.906  18.760 0.0000000000
55553  -35.625  -21.572  18.867 0.0000000000
57733  -35.578  -19.614  18.447 0.0000000000
54515  -36.448  -21.624  18.270 0.0000000000
55563  -36.675  -20.969  18.091 0.0000000000
54517  -38.004  -21.452  17.795 0.0000000000
55564  -37.433  -20.751  17.837 0.0000000000
62764  -35.792  -15.126  18.304 0.0000000000
59699  -36.503  -16.948  16.132 0.0000000000
59690  -36.299  -17.008  16.726 0.0000000000
57752  -37.294  -18.891  16.501 0.0000000000
56620  -38.275  -19.913  17.526 0.0000000000
57753  -37.910  -19.537  16.793 0.0000000000
56622  -39.710  -20.040  17.636 0.0000000000
56658  -38.378  -19.843  15.822 0.0000000000
58820  -38.543  -18.308  14.144 0.0000000000
56683  -39.625  -20.120  14.757 0.0000000000
56700  -40.017  -19.746  13.583 0.0000000000
56684  -41.035  -20.234  14.590 0.0000000000
57803  -40.047  -19.118  13.046 0.0000000000
57819  -40.681  -19.015  12.489 0.0000000000
59739  -39.619  -17.733  12.777 0.0000000000
63854  -39.438  -14.313  14.768 0.0000000000
62837  -39.132  -14.623  13.328 0.0000000000
64915  -39.373  -13.525  14.321 0.0000000000
48570  -31.292  -27.730  19.661 0.0000000000
46586  -32.121  -29.577  21.636 0.0000000000
47587  -32.280  -28.302  21.036 0.0000000000
37384  -20.668  -36.966  23.174 0.0000000000
147205  -19.872  -37.842  23.535 0.0000000000
35130  -21.338  -38.682  23.153 0.0000000000
40637  -24.720  -34.448  23.866 0.0000000000
40651  -23.687  -34.948  23.051 0.0000000000
39531  -24.563  -35.145  24.107 0.0000000000
41676  -29.594  -33.326  24.245 0.0000000000
42658  -30.693  -33.048  24.433 0.0000000000
42660  -31.807  -32.900  24.934 0.0000000000
43611  -33.005  -32.031  25.380 0.0000000000
52447  -33.572  -23.357  23.333 0.0000000000
52428  -33.624  -23.218  24.251 0.0000000000
150446  -26.134  -28.322  22.334 0.0000000000
46585  -26.011  -29.535  21.930 0.0000000000
44657  -25.778  -30.947  22.008 0.0000000000
153245  -26.119  -31.588  21.948 0.0000000000
43676  -26.738  -31.858  21.736 0.0000000000
42692  -28.218  -32.918  22.690 0.0000000000
58729  -34.409  -19.542  22.331 0.0000000000
57696  -35.516  -20.883  21.827 0.0000000000
59613  -32.228  -17.534  23.781 0.0000000000
58710  -32.547  -18.112  22.487 0.0000000000
58711  -33.966  -18.570  22.970 0.0000000000
146126  -40.030  -14.317  11.742 0.0000000000
145724  -41.034  -15.320  11.288 0.0000000000
63886  -40.281  -13.669  11.519 0.0000000000
64936  -40.713  -12.986  11.275 0.0000000000
67101  -41.274  -11.661  10.835 0.0000000000
72271  -42.164  -6.215  11.938 0.0000000000
73221  -42.685  -5.873  11.487 0.0000000000
155425  -43.717  -7.109  10.768 0.0000000000
142185  -45.092  -8.176  10.501 0.0000000000
70360  -45.812  -8.849  10.425 0.0000000000
71351  -45.302  -7.464  10.431 0.0000000000
72291  -46.255  -6.602  9.937 0.0000000000
137222  -46.654  -6.067  9.459 0.0000000000
74168  -46.462  -4.815  8.938 0.0000000000
75997  -46.124  -2.885  9.106 0.0000000000
131837  -20.540  -41.392  24.612 0.0000000000
31136  -19.962  -42.405  25.619 0.0000000000
30183  -21.605  -43.165  25.943 0.0000000000
143908  -34.998  -19.289  20.016 0.0000000000
56587  -35.473  -20.863  19.023 0.0000000000
141326  -34.795  -18.358  19.643 0.0000000000
58770  -34.968  -17.998  18.940 0.0000000000
59671  -35.620  -17.879  18.291 0.0000000000
62765  -36.177  -14.901  17.698 0.0000000000
62766  -36.727  -14.531  17.305 0.0000000000
61760  -36.662  -15.909  16.111 0.0000000000
59700  -36.879  -17.280  15.634 0.0000000000
58798  -37.859  -18.761  15.110 0.0000000000
60744  -37.510  -17.107  15.070 0.0000000000
60745  -38.089  -16.927  14.641 0.0000000000
60755  -38.479  -16.733  14.067 0.0000000000
134375  -38.899  -16.346  13.415 0.0000000000
61785  -38.652  -16.080  14.131 0.0000000000
50523  -32.259  -25.464  20.544 0.0000000000
48550  -33.043  -27.336  21.922 0.0000000000
49501  -32.971  -26.450  21.992 0.0000000000
39529  -20.947  -35.198  23.455 0.0000000000
146047  -21.730  -36.056  23.013 0.0000000000
29175  -16.488  -44.504  28.461 0.0000000000
31102  -14.929  -43.145  29.147 0.0000000000
29163  -15.349  -44.642  29.099 0.0000000000
133437  -14.501  -45.075  29.794 0.0000000000
29154  -13.288  -44.950  30.518 0.0000000000
53527  -40.773  -22.672  20.221 0.0000000000
53486  -31.480  -22.223  22.778 0.0000000000
52427  -31.865  -23.205  23.995 0.0000000000
45541  -22.676  -30.303  24.575 0.0000000000
44632  -22.329  -31.266  24.137 0.0000000000
42685  -22.411  -33.047  23.257 0.0000000000
43655  -23.185  -32.127  23.334 0.0000000000
135926  -24.387  -33.025  23.299 0.0000000000
41671  -25.203  -33.662  23.887 0.0000000000
153847  -26.040  -32.685  23.084 0.0000000000
41672  -25.986  -33.542  24.228 0.0000000000
40625  -26.228  -34.261  25.311 0.0000000000
152302  -49.728  1.019  7.568 0.0000000000
51474  -34.730  -24.913  21.086 0.0000000000
51489  -35.272  -25.135  20.194 0.0000000000
52486  -34.684  -23.767  20.048 0.0000000000
54496  -35.179  -22.157  19.886 0.0000000000
56572  -35.715  -21.244  20.681 0.0000000000
57708  -35.992  -21.102  21.383 0.0000000000
58742  -36.025  -20.421  21.193 0.0000000000
57719  -35.755  -20.619  20.805 0.0000000000
154340  -35.474  -18.341  21.311 0.0000000000
47594  -28.537  -28.904  20.246 0.0000000000
45616  -29.558  -29.735  20.293 0.0000000000
47595  -29.354  -28.551  19.887 0.0000000000
48579  -30.040  -27.337  19.348 0.0000000000
50553  -30.269  -25.884  19.348 0.0000000000
143074  -28.270  -24.330  21.634 0.0000000000
51484  -29.409  -24.426  20.152 0.0000000000
51499  -30.555  -25.175  19.589 0.0000000000
52484  -30.762  -23.869  20.094 0.0000000000
53511  -31.158  -23.303  20.514 0.0000000000
54486  -30.801  -22.095  21.286 0.0000000000
57670  -28.575  -19.602  23.321 0.0000000000
56540  -29.139  -20.100  22.167 0.0000000000
55534  -30.589  -21.406  21.531 0.0000000000
54475  -31.152  -21.617  22.201 0.0000000000
54460  -31.787  -21.699  22.892 0.0000000000
55507  -32.178  -21.250  22.691 0.0000000000
55508  -32.489  -21.446  22.799 0.0000000000
56544  -32.438  -19.974  21.988 0.0000000000
55526  -32.592  -20.740  22.080 0.0000000000
53501  -32.808  -21.858  22.649 0.0000000000
52458  -33.605  -23.329  22.394 0.0000000000
52459  -34.127  -24.192  21.897 0.0000000000
47585  -27.549  -28.430  21.003 0.0000000000
61846  -42.134  -15.950  11.244 0.0000000000
70331  -40.325  -8.963  12.559 0.0000000000
143179  -40.665  -9.881  11.346 0.0000000000
68110  -41.721  -10.647  10.601 0.0000000000
70340  -42.162  -8.285  11.031 0.0000000000
144890  -42.488  -10.553  10.344 0.0000000000
67112  -43.305  -11.514  10.154 0.0000000000
142300  -44.098  -12.476  10.096 0.0000000000
76983  -48.965  -2.712  8.397 0.0000000000
134822  -48.593  -0.756  8.529 0.0000000000
78932  -48.753  -0.019  8.487 0.0000000000
33954  -17.051  -40.533  27.926 0.0000000000
32019  -16.603  -41.851  27.695 0.0000000000
31128  -18.815  -42.581  26.464 0.0000000000
158603  -17.755  -42.945  27.362 0.0000000000
30156  -17.369  -43.342  27.637 0.0000000000
29166  -17.854  -45.059  28.782 0.0000000000
50555  -36.417  -25.261  19.532 0.0000000000
51502  -36.942  -25.034  19.117 0.0000000000
157985  -38.085  -24.815  19.100 0.0000000000
54514  -35.918  -21.974  18.550 0.0000000000
53550  -37.333  -23.014  18.105 0.0000000000
52500  -38.965  -24.046  18.930 0.0000000000
53538  -39.215  -23.266  18.744 0.0000000000
53553  -39.402  -22.330  18.679 0.0000000000
54519  -39.458  -21.312  18.696 0.0000000000
60705  -35.125  -16.403  19.167 0.0000000000
59680  -35.733  -17.022  18.030 0.0000000000
61740  -35.723  -15.632  17.930 0.0000000000
59681  -36.049  -17.004  17.390 0.0000000000
57742  -36.578  -18.924  17.754 0.0000000000
56619  -37.658  -19.967  17.722 0.0000000000
55566  -39.236  -20.339  18.563 0.0000000000
56682  -38.950  -19.955  15.038 0.0000000000
132125  -40.485  -20.277  15.893 0.0000000000
57805  -41.909  -19.436  12.781 0.0000000000
147708  -41.217  -18.669  12.129 0.0000000000
144553  -40.299  -17.028  11.653 0.0000000000
60787  -39.366  -16.337  12.665 0.0000000000
61826  -39.554  -15.651  12.307 0.0000000000
62855  -39.783  -14.982  11.997 0.0000000000
63883  -39.378  -13.637  12.502 0.0000000000
67092  -39.314  -11.570  13.341 0.0000000000
132511  -31.239  -30.568  21.508 0.0000000000
44645  -32.420  -30.704  23.119 0.0000000000
46570  -33.535  -28.819  23.284 0.0000000000
35095  -18.760  -39.026  24.824 0.0000000000
38483  -18.808  -36.801  25.094 0.0000000000
36222  -19.152  -38.583  24.298 0.0000000000
34005  -19.784  -40.367  24.176 0.0000000000
33004  -21.262  -41.204  24.446 0.0000000000
41690  -22.305  -33.810  23.039 0.0000000000
39547  -23.109  -35.596  22.920 0.0000000000
38500  -23.356  -37.051  23.384 0.0000000000
26251  -14.987  -47.688  30.573 0.0000000000
140703  -13.953  -46.960  30.228 0.0000000000
145866  -12.725  -46.346  30.578 0.0000000000
44680  -28.881  -30.909  20.941 0.0000000000
44681  -29.663  -30.828  21.118 0.0000000000
50512  -35.757  -25.954  22.155 0.0000000000
45614  -27.987  -29.640  20.548 0.0000000000
139099  -27.396  -29.913  20.956 0.0000000000
44679  -28.154  -30.987  20.904 0.0000000000
68089  -39.755  -9.999  13.629 0.0000000000
69255  -40.122  -9.292  13.771 0.0000000000
75048  -43.903  -3.421  11.137 0.0000000000
75056  -44.267  -3.769  10.462 0.0000000000
74156  -44.547  -5.004  10.191 0.0000000000
75995  -44.814  -3.368  9.832 0.0000000000
155244  -31.519  -22.948  21.568 0.0000000000
52457  -31.943  -23.789  22.100 0.0000000000
43625  -21.379  -31.993  25.012 0.0000000000
155943  -21.198  -32.742  24.650 0.0000000000
42668  -21.854  -32.684  23.838 0.0000000000
79910  -49.375  0.134  8.153 0.0000000000
77968  -49.954  -1.219  8.320 0.0000000000
51476  -39.988  -25.043  21.056 0.0000000000
52471  -40.337  -24.346  20.716 0.0000000000
51492  -39.697  -24.768  20.308 0.0000000000
53465  -32.695  -22.376  23.832 0.0000000000
139305  -32.731  -22.474  24.738 0.0000000000
53466  -33.141  -22.789  24.039 0.0000000000
45565  -25.157  -30.181  22.469 0.0000000000
45564  -24.648  -30.387  22.908 0.0000000000
44641  -24.563  -31.125  22.937 0.0000000000
55536  -34.342  -21.342  21.059 0.0000000000
131760  -28.279  -26.096  21.277 0.0000000000
56501  -27.730  -20.764  24.211 0.0000000000
55504  -27.657  -21.513  23.030 0.0000000000
54474  -28.319  -21.754  21.549 0.0000000000
55505  -28.124  -20.941  22.649 0.0000000000
58694  -30.756  -17.810  23.643 0.0000000000
58708  -30.963  -18.047  22.943 0.0000000000
58725  -30.455  -18.505  22.535 0.0000000000
135133  -31.243  -19.413  22.082 0.0000000000
58726  -31.238  -18.434  22.438 0.0000000000
57707  -34.772  -20.864  21.426 0.0000000000
55535  -33.458  -20.982  21.507 0.0000000000
60803  -40.875  -16.508  11.379 0.0000000000
135681  -42.087  -17.278  11.456 0.0000000000
146241  -41.951  -12.607  10.717 0.0000000000
63889  -42.545  -13.789  10.881 0.0000000000
63897  -43.305  -13.392  10.628 0.0000000000
72265  -41.675  -6.557  12.977 0.0000000000
72270  -41.705  -6.795  12.264 0.0000000000
149089  -44.807  -8.910  10.378 0.0000000000
140378  -44.384  -9.610  10.200 0.0000000000
67114  -44.943  -10.775  9.738 0.0000000000
77965  -47.396  -1.213  8.691 0.0000000000
33987  -18.452  -40.260  25.655 0.0000000000
33970  -18.126  -40.430  26.423 0.0000000000
32989  -18.908  -41.041  25.225 0.0000000000
54502  -35.496  -22.345  19.078 0.0000000000
58772  -35.773  -18.858  18.207 0.0000000000
56604  -36.277  -20.444  18.172 0.0000000000
56605  -36.927  -20.201  17.900 0.0000000000
137256  -36.922  -18.166  15.922 0.0000000000
59691  -36.530  -17.612  16.332 0.0000000000
57767  -37.808  -19.250  15.772 0.0000000000
56638  -38.608  -20.008  16.744 0.0000000000
58821  -39.041  -18.407  13.690 0.0000000000
57802  -39.460  -19.118  13.608 0.0000000000
58832  -39.547  -18.437  13.169 0.0000000000
48571  -31.840  -27.448  20.085 0.0000000000
156445  -32.168  -27.763  20.640 0.0000000000
37385  -21.344  -37.380  23.037 0.0000000000
36252  -20.957  -38.193  23.067 0.0000000000
36253  -21.663  -38.062  23.076 0.0000000000
35131  -21.879  -38.507  23.257 0.0000000000
35115  -22.345  -38.619  23.707 0.0000000000
32014  -15.859  -41.979  28.227 0.0000000000
32013  -15.454  -41.799  28.856 0.0000000000
50528  -38.758  -25.972  21.056 0.0000000000
132772  -29.704  -32.972  23.738 0.0000000000
41658  -30.207  -33.424  24.718 0.0000000000
42694  -30.205  -32.667  23.478 0.0000000000
156451  -31.459  -32.255  23.674 0.0000000000
43627  -32.386  -32.168  24.721 0.0000000000
43644  -32.028  -31.913  23.923 0.0000000000
155366  -33.921  -23.878  22.767 0.0000000000
52448  -34.025  -23.906  23.526 0.0000000000
48532  -27.166  -27.437  22.427 0.0000000000
47578  -26.347  -28.828  21.887 0.0000000000
45577  -26.260  -30.333  21.652 0.0000000000
45576  -25.656  -30.179  22.085 0.0000000000
44658  -26.490  -31.145  21.561 0.0000000000
43692  -27.187  -31.419  21.280 0.0000000000
42711  -28.701  -32.532  22.295 0.0000000000
43678  -28.233  -32.126  21.572 0.0000000000
151198  -28.634  -33.149  23.197 0.0000000000
59614  -32.862  -17.610  24.134 0.0000000000
58696  -35.053  -18.803  23.944 0.0000000000
63884  -39.788  -13.638  12.001 0.0000000000
64934  -39.991  -12.951  11.696 0.0000000000
67099  -39.950  -11.444  11.669 0.0000000000
66016  -40.287  -12.200  11.431 0.0000000000
67100  -40.710  -11.409  11.168 0.0000000000
66017  -40.996  -12.189  11.076 0.0000000000
73216  -42.473  -5.540  11.914 0.0000000000
74145  -42.783  -5.122  11.622 0.0000000000
73228  -43.755  -5.881  10.750 0.0000000000
71350  -44.431  -7.465  10.552 0.0000000000
72289  -44.815  -6.756  10.388 0.0000000000
72290  -45.545  -6.767  10.216 0.0000000000
149142  -45.699  -6.005  9.844 0.0000000000
73241  -46.189  -5.496  9.397 0.0000000000
137864  -45.763  -4.793  9.338 0.0000000000
75996  -45.350  -2.787  9.523 0.0000000000
137353  -45.596  -3.463  9.266 0.0000000000
58753  -35.217  -19.173  20.428 0.0000000000
59652  -34.800  -17.897  20.211 0.0000000000
59661  -34.839  -17.391  19.393 0.0000000000
59670  -35.209  -17.137  18.674 0.0000000000
61751  -36.836  -15.320  16.260 0.0000000000
60736  -36.727  -16.467  15.835 0.0000000000
60737  -37.178  -16.591  15.423 0.0000000000
140371  -38.306  -16.407  14.546 0.0000000000
59723  -38.357  -17.528  14.223 0.0000000000
62803  -39.238  -15.085  15.081 0.0000000000
50524  -32.689  -25.967  21.246 0.0000000000
51473  -32.556  -25.150  21.349 0.0000000000
50498  -32.766  -25.494  22.794 0.0000000000
155723  -32.926  -26.006  22.399 0.0000000000
138351  -21.116  -34.112  23.717 0.0000000000
40635  -20.762  -34.591  23.832 0.0000000000
39545  -21.111  -35.865  23.183 0.0000000000
39546  -21.719  -35.335  23.058 0.0000000000
137101  -16.432  -45.042  28.939 0.0000000000
29174  -15.631  -44.186  28.591 0.0000000000
28195  -15.959  -45.244  29.414 0.0000000000
27182  -15.462  -46.243  30.462 0.0000000000
28182  -14.902  -45.667  30.037 0.0000000000
28181  -13.999  -45.444  30.111 0.0000000000
52489  -40.602  -23.603  20.434 0.0000000000
53514  -41.094  -23.133  20.833 0.0000000000
53487  -31.802  -22.724  23.307 0.0000000000
53464  -32.116  -22.492  24.035 0.0000000000
45551  -23.608  -30.050  23.720 0.0000000000
46549  -23.051  -29.708  24.601 0.0000000000
45550  -23.073  -30.173  24.093 0.0000000000
44622  -22.690  -30.776  24.078 0.0000000000
43642  -22.764  -31.481  23.710 0.0000000000
43643  -23.499  -31.439  23.343 0.0000000000
156556  -24.945  -33.156  23.551 0.0000000000
43658  -26.213  -32.202  22.409 0.0000000000
42690  -26.693  -32.757  22.899 0.0000000000
41655  -27.264  -33.696  24.790 0.0000000000
41673  -26.803  -33.448  24.190 0.0000000000
41654  -26.520  -33.797  24.828 0.0000000000
52470  -34.294  -24.060  20.863 0.0000000000
51488  -34.734  -24.535  20.308 0.0000000000
55537  -35.287  -21.621  20.786 0.0000000000
155515  -34.827  -22.501  20.159 0.0000000000
55545  -35.403  -21.639  20.340 0.0000000000
57673  -35.977  -20.989  22.315 0.0000000000
150520  -36.534  -21.053  22.218 0.0000000000
58730  -36.560  -20.593  21.996 0.0000000000
58743  -36.095  -19.985  21.451 0.0000000000
59642  -35.375  -18.804  20.853 0.0000000000
47586  -28.088  -28.228  20.480 0.0000000000
134073  -28.725  -28.075  20.089 0.0000000000
50535  -28.506  -26.065  20.488 0.0000000000
49524  -29.156  -26.758  19.625 0.0000000000
50536  -29.016  -26.061  19.843 0.0000000000
49534  -30.178  -26.632  19.241 0.0000000000
50552  -29.568  -26.219  19.384 0.0000000000
139495  -28.432  -23.187  20.948 0.0000000000
52468  -28.661  -23.998  20.813 0.0000000000
150715  -29.329  -23.655  20.270 0.0000000000
51485  -30.169  -24.502  19.822 0.0000000000
51486  -31.066  -24.569  19.869 0.0000000000
52483  -29.932  -23.757  20.061 0.0000000000
54484  -29.512  -22.114  20.570 0.0000000000
53522  -29.941  -22.525  20.375 0.0000000000
53510  -30.637  -22.615  20.621 0.0000000000
54485  -30.145  -21.997  20.900 0.0000000000
58680  -29.970  -18.359  24.622 0.0000000000
58664  -30.435  -18.187  25.194 0.0000000000
58679  -29.469  -18.615  24.113 0.0000000000
57638  -29.006  -19.142  24.556 0.0000000000
57654  -28.980  -19.039  23.713 0.0000000000
56522  -28.770  -19.735  22.623 0.0000000000
57671  -29.122  -19.109  22.971 0.0000000000
55523  -30.350  -20.731  21.777 0.0000000000
55524  -31.096  -20.750  22.053 0.0000000000
55506  -31.617  -21.130  22.483 0.0000000000
58727  -32.404  -18.711  22.116 0.0000000000
54476  -32.978  -21.396  22.006 0.0000000000
53502  -33.166  -22.568  22.466 0.0000000000
52469  -33.862  -23.444  21.411 0.0000000000
48549  -27.727  -27.203  21.985 0.0000000000
150047  -27.877  -28.909  20.545 0.0000000000
57806  -42.664  -19.378  12.916 0.0000000000
59761  -43.188  -17.874  11.824 0.0000000000
62866  -41.171  -14.595  11.253 0.0000000000
140699  -41.707  -15.269  11.206 0.0000000000
61847  -42.522  -15.232  11.195 0.0000000000
70323  -40.679  -8.308  13.589 0.0000000000
70326  -40.355  -8.742  13.248 0.0000000000
70327  -40.632  -8.384  12.766 0.0000000000
70338  -41.093  -8.370  11.755 0.0000000000
69261  -40.542  -9.210  11.875 0.0000000000
69268  -41.132  -9.134  11.276 0.0000000000
68101  -41.391  -9.881  10.893 0.0000000000
71332  -42.360  -7.517  11.256 0.0000000000
139153  -43.234  -10.341  10.161 0.0000000000
69282  -42.745  -9.647  10.391 0.0000000000
143036  -43.045  -10.943  10.192 0.0000000000
66028  -43.570  -12.085  10.176 0.0000000000
137026  -44.064  -11.654  9.889 0.0000000000
64947  -45.717  -13.340  9.919 0.0000000000
144840  -46.616  -8.817  10.483 0.0000000000
74182  -47.195  -4.820  8.704 0.0000000000
75076  -48.287  -4.062  8.523 0.0000000000
140265  -47.873  -0.821  8.578 0.0000000000
146831  -17.401  -40.662  27.434 0.0000000000
32955  -17.616  -41.156  27.174 0.0000000000
32954  -17.051  -41.178  27.590 0.0000000000
32020  -17.346  -41.799  27.350 0.0000000000
31129  -19.619  -42.810  26.242 0.0000000000
30171  -20.070  -43.384  26.703 0.0000000000
30150  -19.280  -44.019  27.854 0.0000000000
144394  -18.864  -43.551  27.422 0.0000000000
30149  -18.579  -43.974  27.912 0.0000000000
30157  -18.136  -43.457  27.537 0.0000000000
30148  -17.805  -43.946  27.952 0.0000000000
29176  -17.402  -44.522  28.354 0.0000000000
29177  -18.240  -44.487  28.356 0.0000000000
146606  -18.603  -45.848  29.982 0.0000000000
51500  -35.075  -24.492  19.624 0.0000000000
50540  -35.922  -25.386  19.925 0.0000000000
51501  -35.755  -24.899  19.411 0.0000000000
151025  -35.979  -23.418  18.557 0.0000000000
51513  -36.007  -24.466  18.806 0.0000000000
51514  -36.705  -24.489  18.699 0.0000000000
51515  -37.525  -24.561  18.753 0.0000000000
52513  -37.179  -23.828  18.393 0.0000000000
57727  -35.301  -20.021  18.851 0.0000000000
55562  -35.891  -21.103  18.471 0.0000000000
137624  -36.688  -22.382  18.208 0.0000000000
133749  -37.805  -23.441  18.166 0.0000000000
139217  -38.446  -23.543  18.376 0.0000000000
53551  -38.123  -22.670  17.976 0.0000000000
54518  -38.869  -21.682  18.165 0.0000000000
54503  -40.005  -21.644  19.190 0.0000000000
61724  -35.390  -15.570  19.371 0.0000000000
60713  -35.483  -16.332  18.331 0.0000000000
61741  -36.046  -15.628  17.242 0.0000000000
58788  -36.361  -17.763  17.184 0.0000000000
152331  -36.595  -18.461  17.406 0.0000000000
156605  -36.039  -17.584  17.773 0.0000000000
57743  -37.169  -19.475  17.683 0.0000000000
56606  -38.667  -20.004  17.958 0.0000000000
56607  -39.219  -19.968  18.359 0.0000000000
56608  -39.507  -19.730  18.845 0.0000000000
56639  -39.358  -20.137  16.948 0.0000000000
56681  -38.291  -19.430  15.092 0.0000000000
57777  -38.734  -19.442  14.563 0.0000000000
132101  -40.226  -20.260  15.137 0.0000000000
56685  -41.962  -20.245  14.608 0.0000000000
56703  -42.441  -20.114  14.010 0.0000000000
56718  -42.163  -19.884  13.341 0.0000000000
151799  -41.185  -19.047  12.367 0.0000000000
58844  -40.647  -18.297  12.101 0.0000000000
59758  -40.659  -17.714  11.754 0.0000000000
60766  -39.200  -17.061  13.011 0.0000000000
62854  -39.307  -14.936  12.644 0.0000000000
146421  -39.565  -14.294  12.260 0.0000000000
142436  -39.361  -12.178  13.868 0.0000000000
46613  -29.883  -29.149  20.022 0.0000000000
45599  -30.825  -30.147  20.894 0.0000000000
46600  -31.129  -29.498  20.531 0.0000000000
141173  -32.671  -29.923  22.980 0.0000000000
155039  -32.281  -29.920  22.240 0.0000000000
155906  -32.701  -30.399  23.407 0.0000000000
44635  -32.687  -30.799  23.696 0.0000000000
48534  -33.475  -27.558  22.626 0.0000000000
47579  -33.157  -27.971  22.266 0.0000000000
47555  -33.874  -28.365  23.597 0.0000000000
51439  -31.994  -24.023  24.335 0.0000000000
36206  -18.386  -38.338  25.509 0.0000000000
146107  -19.469  -35.827  24.772 0.0000000000
38471  -19.120  -36.194  25.126 0.0000000000
38484  -19.302  -36.563  24.474 0.0000000000
132299  -20.211  -38.926  23.429 0.0000000000
144902  -19.277  -37.950  24.059 0.0000000000
36237  -19.661  -38.606  23.720 0.0000000000
35096  -19.353  -39.188  24.188 0.0000000000
34022  -20.259  -39.932  23.851 0.0000000000
33019  -20.611  -40.680  24.093 0.0000000000
34023  -20.977  -39.965  23.720 0.0000000000
39548  -23.848  -35.734  23.246 0.0000000000
38518  -23.384  -36.387  23.122 0.0000000000
137629  -22.815  -36.303  22.968 0.0000000000
25305  -13.738  -48.540  30.326 0.0000000000
152537  -14.228  -47.701  30.280 0.0000000000
135137  -13.447  -47.736  30.225 0.0000000000
139455  -13.128  -47.009  30.322 0.0000000000
27180  -12.124  -47.095  30.852 0.0000000000
43659  -29.537  -32.156  22.445 0.0000000000
43660  -30.075  -32.323  22.916 0.0000000000
144114  -29.661  -31.701  21.999 0.0000000000
43680  -30.348  -31.811  22.390 0.0000000000
44661  -30.829  -31.163  21.950 0.0000000000
51462  -34.671  -24.966  22.112 0.0000000000
47584  -26.952  -28.666  21.459 0.0000000000
44678  -27.594  -31.012  21.026 0.0000000000
43694  -28.562  -31.527  21.218 0.0000000000
67094  -39.285  -11.754  12.749 0.0000000000
66014  -39.701  -12.228  11.944 0.0000000000
68091  -39.375  -11.083  12.730 0.0000000000
68094  -39.738  -10.717  12.072 0.0000000000
157013  -39.876  -10.155  12.227 0.0000000000
74146  -43.272  -4.660  11.302 0.0000000000
74155  -43.839  -5.058  10.687 0.0000000000
73229  -44.445  -5.876  10.378 0.0000000000
74167  -45.117  -4.844  9.718 0.0000000000
60684  -35.182  -16.446  21.189 0.0000000000
60694  -34.947  -16.442  20.547 0.0000000000
141556  -35.322  -15.697  20.668 0.0000000000
62789  -37.471  -15.078  15.917 0.0000000000
61762  -37.997  -15.612  15.359 0.0000000000
51472  -32.233  -24.395  21.659 0.0000000000
51450  -32.390  -24.790  22.956 0.0000000000
41669  -21.293  -33.463  23.962 0.0000000000
41689  -21.634  -33.960  23.302 0.0000000000
132107  -49.651  -2.108  8.416 0.0000000000
158103  -17.090  -45.810  29.841 0.0000000000
28184  -16.457  -45.788  29.968 0.0000000000
27183  -16.229  -46.200  30.476 0.0000000000
26252  -15.278  -46.831  30.689 0.0000000000
54461  -32.337  -21.937  23.385 0.0000000000
54433  -32.470  -22.306  24.245 0.0000000000
53448  -32.886  -22.342  25.542 0.0000000000
149126  -25.314  -28.901  22.696 0.0000000000
47564  -24.990  -28.558  23.191 0.0000000000
46556  -24.419  -29.016  23.540 0.0000000000
47552  -24.041  -28.644  24.148 0.0000000000
46555  -23.836  -29.354  23.885 0.0000000000
132861  -24.197  -31.595  23.127 0.0000000000
42689  -25.493  -32.316  22.934 0.0000000000
42673  -27.897  -33.187  23.334 0.0000000000
42672  -27.126  -33.135  23.491 0.0000000000
145321  -28.082  -33.672  24.596 0.0000000000
53524  -34.409  -22.553  20.522 0.0000000000
49500  -28.039  -26.716  21.630 0.0000000000
48568  -28.355  -27.445  20.405 0.0000000000
49512  -28.261  -26.771  20.818 0.0000000000
50521  -28.530  -25.437  20.942 0.0000000000
53485  -27.408  -22.901  22.897 0.0000000000
54459  -27.530  -22.192  22.564 0.0000000000
53498  -28.094  -22.562  21.253 0.0000000000
53509  -28.651  -22.626  20.667 0.0000000000
145128  -29.643  -23.065  20.200 0.0000000000
55532  -28.995  -21.318  21.427 0.0000000000
143224  -31.001  -17.776  24.988 0.0000000000
58681  -30.569  -17.848  24.411 0.0000000000
58693  -30.065  -18.180  23.840 0.0000000000
57672  -29.707  -18.683  22.699 0.0000000000
57692  -30.095  -19.070  22.249 0.0000000000
57694  -32.068  -19.327  22.036 0.0000000000
57695  -33.142  -19.541  21.796 0.0000000000
58846  -41.943  -18.415  11.966 0.0000000000
58847  -42.786  -18.413  12.075 0.0000000000
59760  -42.460  -17.866  11.701 0.0000000000
59770  -42.853  -17.292  11.548 0.0000000000
62867  -42.075  -14.559  11.127 0.0000000000
72260  -41.313  -7.235  13.396 0.0000000000
70358  -43.514  -8.491  10.602 0.0000000000
68111  -43.980  -10.291  10.074 0.0000000000
67113  -44.352  -10.897  9.876 0.0000000000
66029  -44.785  -12.167  9.757 0.0000000000
66042  -44.829  -11.404  9.674 0.0000000000
66043  -45.451  -11.787  9.542 0.0000000000
76004  -46.867  -3.267  8.755 0.0000000000
75075  -47.558  -4.268  8.629 0.0000000000
76005  -47.544  -2.852  8.597 0.0000000000
76982  -48.217  -2.408  8.460 0.0000000000
33969  -17.832  -39.853  26.805 0.0000000000
32971  -18.089  -41.104  26.668 0.0000000000
29167  -18.687  -44.942  28.878 0.0000000000
53536  -35.011  -22.961  19.614 0.0000000000
146189  -35.481  -24.370  19.073 0.0000000000
53537  -35.478  -23.222  18.861 0.0000000000
53548  -35.974  -22.768  18.547 0.0000000000
54516  -37.129  -21.611  17.987 0.0000000000
55574  -38.145  -20.262  17.813 0.0000000000
60728  -36.412  -16.378  16.370 0.0000000000
60722  -36.083  -16.324  16.949 0.0000000000
58789  -36.721  -18.329  16.739 0.0000000000
134684  -37.507  -19.236  17.229 0.0000000000
151501  -38.775  -20.022  17.593 0.0000000000
56659  -39.103  -20.137  15.928 0.0000000000
57790  -38.885  -19.001  14.099 0.0000000000
56699  -39.352  -19.745  14.213 0.0000000000
134760  -40.133  -20.143  14.272 0.0000000000
56701  -40.757  -20.071  13.699 0.0000000000
56716  -40.635  -19.614  13.058 0.0000000000
56717  -41.363  -19.825  13.204 0.0000000000
58833  -40.092  -18.415  12.594 0.0000000000
62820  -39.146  -14.894  14.261 0.0000000000
154838  -39.139  -15.164  13.134 0.0000000000
63868  -39.198  -14.004  13.893 0.0000000000
63878  -39.207  -13.740  13.127 0.0000000000
47597  -30.977  -28.447  19.823 0.0000000000
46615  -31.304  -28.904  20.237 0.0000000000
46601  -31.859  -29.093  20.852 0.0000000000
46602  -32.457  -28.865  21.601 0.0000000000
46587  -32.585  -29.325  22.272 0.0000000000
38499  -20.106  -36.594  23.615 0.0000000000
156092  -19.656  -36.600  23.992 0.0000000000
150767  -20.132  -37.248  23.433 0.0000000000
36238  -20.303  -38.367  23.255 0.0000000000
35129  -20.726  -38.852  23.151 0.0000000000
35113  -21.166  -39.321  23.376 0.0000000000
41692  -23.906  -33.609  23.164 0.0000000000
143076  -23.573  -34.210  22.972 0.0000000000
40652  -24.129  -34.354  23.271 0.0000000000
40636  -24.233  -35.069  23.511 0.0000000000
39530  -24.265  -35.703  23.913 0.0000000000
51475  -39.284  -25.435  20.656 0.0000000000
41657  -29.403  -33.703  24.847 0.0000000000
41641  -30.682  -33.680  25.312 0.0000000000
42647  -31.413  -33.427  25.277 0.0000000000
42676  -30.911  -32.673  23.941 0.0000000000
42659  -31.231  -32.927  24.547 0.0000000000
53489  -33.143  -22.781  23.179 0.0000000000
47565  -25.673  -28.205  22.834 0.0000000000
47577  -25.767  -28.843  22.295 0.0000000000
46584  -25.441  -29.504  22.377 0.0000000000
151754  -25.404  -30.584  22.227 0.0000000000
43657  -25.551  -31.672  22.366 0.0000000000
42709  -27.073  -32.474  22.141 0.0000000000
43677  -27.481  -32.097  21.545 0.0000000000
42710  -27.851  -32.633  22.032 0.0000000000
41675  -28.878  -33.604  24.360 0.0000000000
59601  -32.328  -17.544  24.646 0.0000000000
58709  -31.733  -17.999  22.738 0.0000000000
59622  -32.224  -17.722  23.066 0.0000000000
133884  -33.339  -18.456  22.603 0.0000000000
62865  -40.404  -15.003  11.462 0.0000000000
145153  -40.512  -14.283  11.397 0.0000000000
63887  -40.924  -13.795  11.269 0.0000000000
144864  -41.318  -13.329  11.104 0.0000000000
64937  -41.414  -12.743  10.974 0.0000000000
66018  -41.607  -12.121  10.758 0.0000000000
72277  -42.541  -6.704  11.397 0.0000000000
71333  -43.090  -7.254  11.002 0.0000000000
72278  -43.275  -6.407  11.004 0.0000000000
71349  -43.681  -7.771  10.707 0.0000000000
70359  -44.270  -8.298  10.519 0.0000000000
135597  -45.973  -9.765  10.214 0.0000000000
140127  -45.769  -8.038  10.484 0.0000000000
73230  -45.112  -6.214  10.169 0.0000000000
71352  -46.128  -7.432  10.319 0.0000000000
74169  -46.888  -5.476  8.963 0.0000000000
75066  -46.016  -4.142  9.050 0.0000000000
149393  -46.267  -3.577  8.894 0.0000000000
154751  -19.499  -41.231  24.861 0.0000000000
32048  -19.512  -41.752  25.280 0.0000000000
32049  -20.377  -41.975  25.090 0.0000000000
31130  -20.589  -42.955  25.983 0.0000000000
57726  -35.096  -19.894  19.884 0.0000000000
153320  -35.091  -19.649  19.208 0.0000000000
58764  -34.961  -18.925  19.241 0.0000000000
145854  -35.216  -19.257  18.737 0.0000000000
58771  -35.214  -18.551  18.652 0.0000000000
63799  -36.770  -14.203  17.986 0.0000000000
62775  -36.507  -15.069  16.925 0.0000000000
58806  -37.467  -17.970  15.207 0.0000000000
58807  -38.109  -18.161  14.681 0.0000000000
59712  -37.945  -17.535  14.782 0.0000000000
59724  -38.734  -17.846  13.783 0.0000000000
60756  -38.768  -17.207  13.624 0.0000000000
61772  -38.927  -15.563  14.591 0.0000000000
156618  -31.975  -26.052  20.149 0.0000000000
48559  -32.294  -27.106  20.654 0.0000000000
49514  -32.733  -26.783  21.247 0.0000000000
138825  -33.369  -26.942  22.477 0.0000000000
50510  -32.781  -25.685  21.978 0.0000000000
49486  -33.108  -26.311  22.861 0.0000000000
39513  -19.951  -35.326  24.421 0.0000000000
144575  -20.211  -34.283  24.894 0.0000000000
40634  -20.281  -34.652  24.388 0.0000000000
39528  -20.397  -35.774  23.648 0.0000000000
38514  -20.691  -36.341  23.254 0.0000000000
38515  -21.284  -36.546  23.069 0.0000000000
38516  -22.121  -36.659  22.988 0.0000000000
40606  -25.849  -34.920  25.721 0.0000000000
30146  -16.122  -43.692  28.201 0.0000000000
31103  -15.259  -42.510  28.749 0.0000000000
148110  -15.375  -43.408  28.553 0.0000000000
30142  -15.012  -43.928  29.014 0.0000000000
30135  -14.525  -43.548  29.757 0.0000000000
28194  -15.139  -45.146  29.603 0.0000000000
29156  -14.619  -44.470  29.533 0.0000000000
143405  -14.085  -44.104  30.065 0.0000000000
29155  -14.027  -44.721  30.087 0.0000000000
29146  -13.427  -44.221  30.753 0.0000000000
71316  -41.082  -7.840  13.856 0.0000000000
72261  -41.793  -6.721  13.867 0.0000000000
73205  -42.054  -6.057  13.603 0.0000000000
73212  -42.298  -5.473  13.395 0.0000000000
150143  -41.016  -21.858  20.376 0.0000000000
52446  -31.839  -23.547  22.964 0.0000000000
45540  -22.295  -30.486  25.109 0.0000000000
44621  -22.302  -30.870  24.540 0.0000000000
43641  -22.152  -31.870  23.993 0.0000000000
42669  -22.524  -32.302  23.522 0.0000000000
42686  -22.969  -32.745  23.238 0.0000000000
42687  -23.669  -32.784  23.197 0.0000000000
154763  -23.789  -32.059  23.229 0.0000000000
41693  -24.565  -33.724  23.492 0.0000000000
40638  -25.406  -34.196  24.375 0.0000000000
42670  -25.570  -32.975  23.557 0.0000000000
42671  -26.359  -33.056  23.641 0.0000000000
41653  -25.950  -34.019  24.787 0.0000000000
40624  -25.626  -34.637  24.971 0.0000000000
149268  -35.346  -25.476  20.902 0.0000000000
50525  -35.857  -25.629  20.525 0.0000000000
53525  -34.609  -23.006  20.210 0.0000000000
56573  -35.386  -21.185  19.840 0.0000000000
150135  -35.620  -21.254  21.190 0.0000000000
57709  -36.300  -20.943  21.898 0.0000000000
138065  -35.688  -20.908  20.603 0.0000000000
59632  -36.025  -18.763  21.915 0.0000000000
45615  -28.773  -29.689  20.334 0.0000000000
45597  -29.206  -30.306  20.624 0.0000000000
46612  -29.204  -29.198  20.141 0.0000000000
47596  -30.192  -28.555  19.717 0.0000000000
48569  -28.895  -27.386  19.911 0.0000000000
47604  -29.232  -27.899  19.744 0.0000000000
47605  -29.785  -27.970  19.550 0.0000000000
47606  -30.515  -27.902  19.505 0.0000000000
48580  -30.798  -27.186  19.331 0.0000000000
49535  -30.971  -26.430  19.304 0.0000000000
51459  -28.316  -24.920  22.127 0.0000000000
51471  -28.489  -24.829  21.325 0.0000000000
52456  -27.934  -23.524  21.568 0.0000000000
50522  -28.858  -24.847  20.563 0.0000000000
155664  -29.229  -25.011  20.145 0.0000000000
50537  -29.593  -25.323  19.693 0.0000000000
50554  -31.115  -25.722  19.480 0.0000000000
50539  -31.719  -25.561  19.869 0.0000000000
51487  -31.747  -24.859  20.129 0.0000000000
52485  -31.584  -24.059  20.349 0.0000000000
53523  -30.368  -23.164  20.268 0.0000000000
149598  -31.183  -22.812  21.119 0.0000000000
57653  -28.484  -19.609  24.167 0.0000000000
56539  -28.589  -20.413  22.323 0.0000000000
132272  -28.900  -20.694  21.924 0.0000000000
57691  -29.396  -19.362  22.396 0.0000000000
55522  -29.547  -20.707  21.822 0.0000000000
55533  -29.871  -21.340  21.413 0.0000000000
53499  -31.218  -22.369  21.945 0.0000000000
158014  -31.917  -18.375  22.340 0.0000000000
147876  -33.530  -22.870  21.797 0.0000000000
50511  -35.184  -25.530  21.617 0.0000000000
48548  -27.304  -27.895  21.684 0.0000000000
58834  -43.823  -18.770  12.673 0.0000000000
61845  -41.334  -15.918  11.258 0.0000000000
60805  -42.501  -16.651  11.362 0.0000000000
150877  -43.166  -16.720  11.462 0.0000000000
69258  -40.019  -9.461  13.039 0.0000000000
69260  -40.055  -9.661  12.342 0.0000000000
69267  -40.123  -10.024  11.840 0.0000000000
70332  -40.712  -8.570  12.250 0.0000000000
142903  -40.995  -10.595  11.019 0.0000000000
67110  -41.820  -11.433  10.567 0.0000000000
72276  -41.932  -7.084  11.719 0.0000000000
71331  -41.687  -7.859  11.482 0.0000000000
70356  -41.935  -9.155  10.813 0.0000000000
70357  -42.761  -8.774  10.669 0.0000000000
69281  -42.029  -9.965  10.533 0.0000000000
67111  -42.564  -11.372  10.342 0.0000000000
66027  -42.954  -12.097  10.354 0.0000000000
64945  -43.995  -13.180  10.441 0.0000000000
133210  -48.841  -2.050  8.420 0.0000000000
77967  -49.131  -1.396  8.441 0.0000000000
138282  -48.778  0.757  8.409 0.0000000000
33940  -16.535  -40.371  28.534 0.0000000000
32943  -16.317  -41.085  28.140 0.0000000000
31109  -16.337  -42.506  27.801 0.0000000000
32047  -18.879  -41.605  25.712 0.0000000000
32034  -18.497  -41.815  26.324 0.0000000000
31127  -18.249  -42.320  26.739 0.0000000000
30170  -19.200  -43.196  26.846 0.0000000000
31118  -18.381  -42.943  27.053 0.0000000000
31117  -17.779  -42.377  27.149 0.0000000000
31116  -17.084  -42.567  27.509 0.0000000000
30147  -16.572  -43.168  27.797 0.0000000000
143678  -16.960  -43.877  28.025 0.0000000000
29165  -17.050  -45.107  28.757 0.0000000000
28198  -18.266  -45.461  29.395 0.0000000000
28185  -17.741  -45.931  29.999 0.0000000000
151084  -36.363  -24.851  19.071 0.0000000000
51490  -38.301  -25.234  19.588 0.0000000000
51504  -38.696  -24.711  19.238 0.0000000000
51516  -38.275  -24.304  18.740 0.0000000000
52501  -39.627  -23.694  19.359 0.0000000000
53552  -38.821  -22.765  18.320 0.0000000000
53539  -39.840  -22.838  19.212 0.0000000000
132495  -40.329  -22.453  19.655 0.0000000000
62747  -35.760  -15.007  19.668 0.0000000000
157352  -35.413  -15.422  20.001 0.0000000000
60721  -35.751  -16.286  17.592 0.0000000000
58779  -36.208  -18.250  17.800 0.0000000000
57744  -37.775  -19.675  17.511 0.0000000000
150407  -38.173  -19.978  17.687 0.0000000000
55567  -39.627  -20.259  19.056 0.0000000000
55554  -40.138  -20.295  19.553 0.0000000000
146716  -39.529  -19.815  18.451 0.0000000000
56660  -39.846  -20.238  15.961 0.0000000000
134291  -39.535  -20.218  15.315 0.0000000000
57791  -42.938  -19.725  13.525 0.0000000000
57804  -41.218  -19.373  12.666 0.0000000000
57820  -41.660  -19.021  12.333 0.0000000000
58845  -41.219  -18.081  11.742 0.0000000000
59769  -41.193  -17.325  11.459 0.0000000000
60802  -40.299  -16.291  11.554 0.0000000000
60767  -39.710  -17.035  12.350 0.0000000000
61805  -39.185  -15.647  12.955 0.0000000000
60788  -39.859  -16.341  12.014 0.0000000000
61827  -40.041  -15.682  11.725 0.0000000000
64933  -39.508  -12.950  12.220 0.0000000000
64929  -39.248  -12.983  12.812 0.0000000000
66012  -39.223  -12.296  13.122 0.0000000000
67086  -39.711  -10.579  14.227 0.0000000000
45598  -30.019  -30.270  20.722 0.0000000000
44682  -30.463  -30.748  21.301 0.0000000000
44662  -31.580  -30.911  22.150 0.0000000000
45600  -31.569  -29.907  21.147 0.0000000000
45566  -32.130  -30.489  22.504 0.0000000000
44644  -31.907  -31.152  22.808 0.0000000000
43645  -32.645  -31.372  24.223 0.0000000000
47588  -32.748  -28.118  21.718 0.0000000000
133568  -32.894  -28.596  22.276 0.0000000000
46557  -33.293  -29.415  23.482 0.0000000000
46559  -34.150  -28.852  24.208 0.0000000000
45554  -33.781  -29.604  24.157 0.0000000000
45542  -33.467  -30.378  24.422 0.0000000000
44624  -33.684  -30.675  24.952 0.0000000000
51449  -32.002  -24.185  23.439 0.0000000000
132642  -18.151  -38.701  26.174 0.0000000000
35081  -18.291  -39.310  25.674 0.0000000000
34003  -18.634  -39.770  25.085 0.0000000000
37373  -19.562  -37.156  23.891 0.0000000000
37356  -19.000  -37.351  24.534 0.0000000000
36221  -18.791  -38.127  24.697 0.0000000000
34004  -19.174  -39.862  24.561 0.0000000000
33002  -19.320  -40.665  24.672 0.0000000000
33003  -19.939  -41.012  24.498 0.0000000000
33020  -21.483  -40.516  24.032 0.0000000000
40650  -22.052  -34.564  22.998 0.0000000000
143803  -22.908  -34.550  22.868 0.0000000000
144847  -22.442  -35.189  22.849 0.0000000000
143843  -22.350  -35.868  22.892 0.0000000000
38517  -22.858  -36.926  23.100 0.0000000000
37387  -22.811  -37.542  23.298 0.0000000000
39515  -24.651  -35.646  24.667 0.0000000000
37375  -23.600  -37.140  24.151 0.0000000000
37374  -23.150  -37.599  23.864 0.0000000000
36240  -22.741  -38.083  23.682 0.0000000000
79913  -49.855  0.435  7.714 0.0000000000
26230  -15.797  -47.669  30.992 0.0000000000
25306  -14.464  -48.510  30.472 0.0000000000
155099  -14.613  -47.041  30.341 0.0000000000
27181  -13.618  -46.228  30.234 0.0000000000
28180  -13.112  -45.633  30.481 0.0000000000
25286  -11.363  -47.787  31.136 0.0000000000
153566  -11.886  -46.490  31.150 0.0000000000
27184  -17.016  -46.180  30.402 0.0000000000
28197  -17.470  -45.493  29.344 0.0000000000
29164  -15.955  -44.754  28.855 0.0000000000
30158  -19.611  -43.691  27.331 0.0000000000
32035  -19.183  -42.200  25.898 0.0000000000
32063  -19.953  -41.512  24.830 0.0000000000
32942  -15.735  -41.305  28.629 0.0000000000
34021  -19.667  -39.740  24.068 0.0000000000
35069  -17.959  -39.237  26.469 0.0000000000
35111  -19.921  -39.307  23.774 0.0000000000
35114  -21.800  -39.078  23.473 0.0000000000
36239  -22.287  -38.055  23.259 0.0000000000
37355  -18.566  -37.525  25.198 0.0000000000
39499  -19.231  -35.611  25.514 0.0000000000
40621  -19.608  -35.271  25.077 0.0000000000
41628  -31.195  -33.905  25.931 0.0000000000
41640  -29.919  -33.892  25.322 0.0000000000
41642  -31.752  -33.552  25.783 0.0000000000
41659  -30.926  -33.263  24.863 0.0000000000
42674  -29.116  -33.258  23.719 0.0000000000
42675  -30.219  -33.011  24.092 0.0000000000
42677  -31.655  -32.490  24.279 0.0000000000
43679  -29.013  -31.919  21.804 0.0000000000
44634  -32.268  -31.330  23.464 0.0000000000
44643  -31.224  -31.537  22.589 0.0000000000
45578  -31.853  -30.259  21.831 0.0000000000
45617  -30.351  -29.671  20.362 0.0000000000
46558  -33.756  -29.001  23.736 0.0000000000
46569  -33.048  -29.051  22.870 0.0000000000
47566  -33.461  -28.289  22.844 0.0000000000
47598  -31.726  -28.280  20.260 0.0000000000
48531  -26.374  -27.786  22.641 0.0000000000
48560  -32.595  -27.567  21.200 0.0000000000
48578  -29.430  -27.385  19.513 0.0000000000
48581  -31.524  -26.976  19.506 0.0000000000
49513  -32.378  -26.325  20.636 0.0000000000
49533  -29.622  -26.844  19.301 0.0000000000
49536  -31.612  -26.252  19.615 0.0000000000
50513  -39.569  -25.769  21.488 0.0000000000
50538  -31.301  -25.146  19.697 0.0000000000
52487  -39.363  -24.439  19.584 0.0000000000
52512  -36.348  -23.914  18.547 0.0000000000
52514  -37.852  -23.957  18.429 0.0000000000
53521  -29.249  -22.526  20.416 0.0000000000
54473  -27.796  -22.180  21.891 0.0000000000
56521  -28.306  -20.258  22.985 0.0000000000
57639  -29.479  -18.774  24.813 0.0000000000
62868  -42.916  -14.544  11.131 0.0000000000
64938  -42.614  -12.849  10.586 0.0000000000
67109  -41.295  -11.149  10.797 0.0000000000
67127  -45.465  -11.041  9.634 0.0000000000
69283  -43.599  -9.671  10.240 0.0000000000
71317  -41.584  -7.366  14.195 0.0000000000
73211  -42.046  -5.789  12.909 0.0000000000
137414  -30.568  -19.459  22.070 0.0000000000
143547  -20.435  -35.089  23.914 0.0000000000
144678  -20.523  -37.682  23.140 0.0000000000
145334  -35.827  -25.850  21.270 0.0000000000
149601  -14.948  -42.518  29.365 0.0000000000
155280  -40.648  -8.321  13.167 0.0000000000
156337  -28.736  -32.883  22.778 0.0000000000
157257  -42.143  -10.998  10.441 0.0000000000
157551  -31.361  -33.148  24.886 0.0000000000
158709  -32.998  -30.746  24.169 0.0000000000
