#!ascii label  , from subject sub-v2s1x29882_ses-1 vox2ras=TkReg
1500
152357  -40.477  -72.131  -37.116 0.5000000000
4640  -40.597  -72.066  -37.717 0.6000000238
6914  -41.153  -68.096  -31.830 0.3000000119
4653  -39.879  -71.741  -38.474 0.5000000000
5743  -43.061  -69.871  -32.729 0.4000000060
6309  -42.913  -69.068  -32.626 0.4000000060
7555  -43.254  -67.538  -32.604 0.4000000060
6915  -41.880  -67.861  -32.029 0.3000000119
6310  -43.708  -69.283  -32.727 0.4000000060
6356  -41.805  -69.323  -35.577 0.5000000000
5782  -42.124  -70.343  -35.666 0.5000000000
4626  -40.988  -71.890  -36.591 0.5000000000
157717  -41.207  -69.028  -35.944 0.6000000238
5781  -41.472  -69.835  -36.077 0.5000000000
5233  -41.046  -71.093  -37.703 0.6000000238
150953  -40.820  -66.869  -31.099 0.3000000119
138484  -40.935  -70.608  -38.379 0.5000000000
5144  -43.165  -70.716  -33.038 0.5000000000
5742  -42.248  -70.171  -32.792 0.5000000000
7534  -41.344  -67.247  -31.606 0.3000000119
5809  -41.024  -70.322  -37.719 0.6000000238
4655  -40.765  -70.947  -38.800 0.5000000000
138022  -44.406  -69.821  -32.804 0.5000000000
6937  -43.963  -68.220  -32.763 0.4000000060
7537  -43.461  -66.829  -32.539 0.3000000119
133545  -42.108  -67.093  -31.961 0.3000000119
5746  -45.418  -69.955  -33.105 0.4000000060
136806  -44.531  -69.128  -32.795 0.4000000060
6938  -44.891  -68.403  -32.838 0.4000000060
6312  -45.970  -69.355  -32.930 0.4000000060
141462  -43.880  -66.700  -34.364 0.6999999881
7590  -43.515  -67.404  -34.400 0.6999999881
6978  -43.215  -68.201  -34.508 0.6999999881
4608  -41.433  -71.897  -35.956 0.5000000000
8894  -43.303  -65.320  -34.025 0.6999999881
8199  -43.516  -66.024  -34.179 0.6999999881
6977  -42.367  -68.076  -34.641 0.8000000119
6334  -42.062  -68.750  -35.049 0.5000000000
6355  -41.309  -68.550  -35.510 0.6999999881
139583  -41.722  -71.782  -35.432 0.5000000000
7575  -42.301  -66.688  -34.100 0.6999999881
4581  -43.126  -71.406  -34.324 0.4000000060
5163  -43.132  -71.202  -33.655 0.5000000000
8152  -41.007  -66.214  -31.016 0.3000000119
7000  -40.772  -68.144  -35.231 0.6000000238
4583  -44.102  -71.189  -34.178 0.5000000000
5146  -44.468  -70.726  -33.168 0.5000000000
158629  -41.329  -66.604  -31.329 0.3000000119
6354  -40.647  -68.581  -35.959 0.5000000000
5165  -45.005  -70.553  -33.558 0.5000000000
6338  -46.095  -69.308  -34.935 0.4000000060
6322  -46.313  -69.372  -33.835 0.4000000060
6939  -45.740  -68.621  -32.835 0.4000000060
133543  -44.523  -67.557  -32.816 0.4000000060
157434  -43.837  -67.372  -32.736 0.4000000060
6323  -46.828  -68.753  -34.091 0.3000000119
6314  -46.684  -68.943  -33.289 0.4000000060
10331  -42.164  -63.031  -35.560 0.5000000000
10320  -43.126  -63.496  -34.615 0.6000000238
10333  -43.573  -63.773  -35.375 0.6000000238
9594  -44.165  -64.591  -34.619 0.6000000238
141480  -43.886  -65.459  -34.271 0.6000000238
11143  -40.132  -62.794  -35.703 0.5000000000
11125  -40.891  -62.588  -35.073 0.5000000000
11126  -41.800  -62.675  -34.833 0.6000000238
10309  -43.124  -63.812  -34.070 0.6000000238
9593  -43.613  -64.368  -34.325 0.6999999881
157364  -43.105  -70.215  -35.251 0.6000000238
8110  -37.943  -66.024  -28.492 0.3000000119
11110  -39.010  -62.779  -34.560 0.6999999881
11124  -39.923  -62.621  -34.900 0.6000000238
144372  -41.354  -62.559  -34.193 0.6000000238
11113  -42.106  -62.741  -34.095 0.6000000238
10308  -42.416  -63.468  -33.687 0.6999999881
8893  -42.459  -65.178  -33.806 0.6999999881
6336  -43.742  -69.144  -34.742 0.6000000238
5784  -43.481  -70.464  -35.145 0.6000000238
143361  -42.470  -71.504  -35.354 0.5000000000
11122  -37.940  -63.329  -35.433 0.6999999881
11111  -39.713  -62.576  -34.248 0.6000000238
11099  -40.020  -62.591  -33.673 0.6000000238
141585  -41.618  -62.778  -33.593 0.6000000238
9570  -42.022  -63.962  -33.374 0.6999999881
8197  -41.888  -65.981  -33.790 0.6999999881
4595  -43.497  -71.223  -34.710 0.5000000000
8134  -40.063  -66.402  -30.387 0.3000000119
10319  -37.309  -63.383  -34.724 0.6999999881
11109  -37.898  -63.126  -34.160 0.6000000238
11098  -38.978  -62.682  -33.715 0.6999999881
10295  -40.938  -63.537  -32.732 0.6000000238
9569  -41.445  -64.147  -33.014 0.6000000238
154116  -40.826  -67.775  -34.681 0.6999999881
136804  -44.431  -69.759  -34.969 0.5000000000
152865  -45.139  -69.800  -34.931 0.5000000000
11066  -39.570  -62.802  -32.660 0.6000000238
10280  -40.373  -63.869  -32.190 0.6000000238
8195  -40.417  -66.550  -33.233 0.6000000238
7586  -40.469  -67.532  -34.177 0.6000000238
6999  -40.029  -68.222  -35.365 0.6000000238
140615  -45.432  -68.878  -35.428 0.5000000000
8168  -42.356  -66.286  -31.896 0.3000000119
11084  -37.962  -62.667  -32.674 0.6999999881
11065  -38.861  -62.778  -32.228 0.6000000238
10294  -40.194  -63.131  -32.508 0.6000000238
158518  -40.372  -64.620  -32.249 0.6000000238
8874  -40.554  -65.209  -32.630 0.5000000000
7554  -39.653  -66.815  -33.025 0.5000000000
6975  -39.492  -68.030  -34.727 0.5000000000
6353  -39.801  -68.581  -36.036 0.5000000000
138341  -45.421  -69.410  -35.248 0.5000000000
144201  -47.776  -67.095  -34.892 0.3000000119
6983  -47.755  -67.524  -34.149 0.3000000119
6961  -47.483  -68.023  -33.654 0.3000000119
7559  -46.962  -67.855  -32.850 0.4000000060
136995  -45.397  -67.770  -32.843 0.4000000060
6352  -38.959  -68.688  -36.043 0.5000000000
7603  -47.143  -67.828  -36.156 0.3000000119
7004  -47.387  -67.726  -35.304 0.3000000119
6940  -46.496  -68.690  -32.961 0.4000000060
10347  -40.107  -63.603  -37.077 0.5000000000
10348  -40.804  -63.495  -36.800 0.5000000000
10369  -41.304  -64.109  -37.537 0.5000000000
10350  -42.466  -63.645  -36.456 0.5000000000
10365  -37.842  -63.750  -38.209 0.5000000000
10346  -38.623  -63.410  -36.810 0.5000000000
11142  -39.518  -63.135  -36.393 0.5000000000
10349  -41.588  -63.388  -36.438 0.5000000000
136853  -44.714  -64.369  -35.840 0.6000000238
9606  -45.064  -64.690  -35.216 0.6000000238
10345  -37.670  -63.469  -36.189 0.5000000000
8210  -45.114  -66.002  -34.705 0.6000000238
155182  -44.237  -67.368  -34.513 0.8000000119
8793  -37.539  -65.191  -27.209 0.3000000119
10343  -36.703  -63.385  -36.669 0.6000000238
10329  -36.925  -63.547  -35.373 0.6000000238
10330  -38.624  -63.207  -36.064 0.6000000238
8211  -45.723  -66.277  -35.511 0.4000000060
8809  -38.657  -65.024  -28.545 0.3000000119
10318  -36.786  -63.374  -34.676 0.6999999881
6980  -44.926  -67.885  -34.828 0.5000000000
6979  -44.057  -68.177  -34.581 0.6000000238
8835  -39.916  -65.806  -30.020 0.3000000119
8836  -40.548  -65.825  -30.513 0.3000000119
11096  -36.772  -62.986  -34.057 0.6999999881
7601  -45.950  -67.465  -35.937 0.4000000060
8852  -41.192  -65.518  -30.958 0.3000000119
145431  -36.986  -63.217  -34.145 0.6000000238
11097  -37.815  -62.900  -33.489 0.6999999881
7001  -46.009  -68.190  -36.088 0.4000000060
8169  -43.139  -66.229  -32.209 0.3000000119
11895  -37.179  -62.108  -32.621 0.6000000238
11083  -37.497  -62.405  -32.376 0.6999999881
147476  -39.457  -63.019  -32.173 0.6000000238
8862  -39.512  -65.045  -31.674 0.5000000000
8167  -39.515  -65.761  -32.030 0.5000000000
6960  -39.757  -67.703  -34.114 0.6000000238
7017  -46.269  -67.701  -36.552 0.4000000060
7002  -46.255  -68.255  -36.125 0.4000000060
8232  -47.900  -66.071  -36.888 0.3000000119
7615  -47.759  -66.663  -36.343 0.3000000119
8223  -48.176  -65.772  -35.883 0.3000000119
8212  -48.194  -66.731  -34.128 0.3000000119
6942  -47.826  -67.586  -33.012 0.4000000060
7556  -44.152  -66.810  -32.770 0.3000000119
10269  -38.425  -63.372  -31.053 0.6000000238
8851  -38.935  -64.888  -31.160 0.5000000000
153486  -39.116  -65.519  -31.563 0.5000000000
8179  -39.279  -66.443  -32.424 0.5000000000
7571  -39.188  -67.463  -33.532 0.5000000000
6974  -38.632  -68.172  -34.694 0.6000000238
6997  -38.391  -68.523  -35.489 0.5000000000
7018  -46.734  -68.038  -36.436 0.3000000119
7623  -47.447  -66.765  -37.105 0.3000000119
156709  -38.986  -64.278  -31.161 0.5000000000
7533  -38.550  -66.714  -32.202 0.5000000000
7570  -38.352  -67.503  -33.273 0.5000000000
6935  -37.706  -67.494  -33.078 0.5000000000
10382  -37.979  -64.078  -39.408 0.5000000000
10383  -38.832  -64.374  -39.008 0.5000000000
10368  -40.630  -64.244  -37.848 0.5000000000
150859  -41.643  -64.748  -38.390 0.5000000000
137437  -42.022  -64.182  -37.469 0.5000000000
10370  -42.840  -64.315  -37.532 0.5000000000
10364  -36.914  -63.553  -37.402 0.5000000000
131658  -39.361  -63.711  -37.347 0.5000000000
9627  -43.725  -64.352  -37.454 0.4000000060
146232  -37.714  -63.549  -37.129 0.5000000000
142552  -44.429  -64.352  -36.849 0.4000000060
8782  -37.501  -65.211  -26.486 0.3000000119
8794  -37.978  -64.721  -27.457 0.3000000119
10363  -36.595  -63.281  -37.184 0.6000000238
9616  -45.414  -64.859  -36.033 0.4000000060
8917  -45.451  -65.292  -35.424 0.4000000060
11949  -36.553  -62.553  -36.816 0.6000000238
10328  -36.646  -63.314  -35.867 0.6000000238
8822  -39.160  -65.120  -29.083 0.3000000119
8823  -39.735  -65.188  -29.630 0.3000000119
143249  -36.649  -62.491  -35.238 0.6000000238
7602  -46.137  -66.854  -36.680 0.4000000060
144611  -37.098  -61.765  -34.851 0.6000000238
8237  -46.415  -66.687  -37.534 0.4000000060
7613  -46.349  -67.217  -37.044 0.4000000060
8864  -42.237  -65.586  -31.675 0.3000000119
11903  -37.162  -62.259  -33.371 0.6999999881
7024  -46.588  -67.463  -37.046 0.3000000119
8238  -47.374  -66.252  -37.733 0.3000000119
10384  -39.526  -64.712  -39.225 0.5000000000
10367  -39.929  -64.418  -38.307 0.5000000000
146514  -40.609  -64.805  -38.935 0.5000000000
9639  -41.992  -65.348  -40.082 0.4000000060
137376  -43.193  -65.030  -38.736 0.4000000060
10398  -37.193  -63.767  -39.679 0.6000000238
9628  -44.473  -64.611  -38.156 0.4000000060
9629  -45.474  -64.802  -38.217 0.4000000060
9519  -39.573  -64.518  -29.207 0.3000000119
9509  -38.417  -64.574  -28.001 0.3000000119
11930  -36.663  -62.436  -35.933 0.6000000238
140323  -45.904  -65.149  -37.189 0.4000000060
8231  -45.927  -65.594  -36.262 0.4000000060
8938  -46.382  -65.796  -37.985 0.4000000060
8945  -46.665  -65.461  -38.983 0.4000000060
7628  -47.061  -66.376  -37.954 0.3000000119
8244  -47.414  -65.415  -38.496 0.3000000119
12705  -37.124  -61.368  -32.701 0.6000000238
157766  -39.416  -64.745  -39.638 0.5000000000
9637  -40.136  -64.896  -39.663 0.5000000000
10402  -41.193  -64.813  -40.276 0.4000000060
9652  -41.905  -65.035  -40.455 0.4000000060
10399  -38.021  -64.027  -40.344 0.5000000000
10415  -38.432  -64.033  -40.438 0.5000000000
9640  -42.778  -65.205  -39.821 0.4000000060
10397  -36.543  -63.376  -38.950 0.6000000238
11194  -36.762  -63.324  -40.928 0.6000000238
10414  -37.819  -63.703  -40.956 0.6000000238
9641  -43.660  -65.013  -39.421 0.4000000060
11173  -36.283  -63.035  -38.332 0.6000000238
11193  -36.304  -62.899  -40.243 0.6000000238
9642  -44.591  -64.651  -39.265 0.4000000060
9643  -45.561  -64.835  -39.115 0.4000000060
11962  -36.492  -62.385  -37.787 0.6000000238
8937  -45.922  -65.038  -38.539 0.4000000060
8952  -46.120  -64.693  -39.587 0.4000000060
155989  -46.358  -65.257  -39.069 0.4000000060
10404  -47.043  -64.208  -39.329 0.4000000060
9529  -40.814  -65.097  -30.499 0.3000000119
10253  -40.560  -64.129  -30.003 0.3000000119
11950  -37.056  -61.549  -36.509 0.6000000238
8954  -47.088  -64.927  -39.323 0.4000000060
8854  -42.520  -64.869  -31.644 0.3000000119
139842  -41.374  -64.804  -30.876 0.3000000119
11931  -37.147  -61.550  -35.671 0.6000000238
12726  -37.359  -60.816  -34.384 0.6000000238
153071  -37.400  -59.929  -35.602 0.6999999881
13560  -37.007  -59.348  -37.891 0.6999999881
12735  -37.369  -60.745  -35.274 0.6000000238
13547  -37.352  -59.575  -36.327 0.6999999881
14403  -37.168  -59.092  -37.032 0.6999999881
14390  -37.230  -59.226  -34.823 0.6000000238
14417  -36.820  -58.997  -38.761 0.6999999881
138935  -36.856  -58.156  -38.929 0.6000000238
152750  -37.189  -58.857  -36.390 0.6999999881
14410  -36.904  -58.537  -37.639 0.6999999881
9636  -39.722  -64.781  -39.847 0.5000000000
11187  -40.526  -64.068  -39.932 0.5000000000
11195  -38.506  -63.125  -40.504 0.5000000000
11980  -39.180  -62.476  -40.014 0.5000000000
11185  -39.219  -63.984  -40.222 0.5000000000
11174  -41.226  -63.881  -39.816 0.5000000000
10385  -41.733  -64.648  -40.468 0.4000000060
10386  -42.308  -64.694  -40.551 0.4000000060
11203  -37.067  -62.856  -41.620 0.6000000238
11204  -37.595  -63.038  -41.485 0.6000000238
11990  -38.012  -63.003  -41.164 0.6000000238
11992  -39.280  -61.757  -40.226 0.6000000238
137393  -43.927  -64.584  -39.870 0.4000000060
11970  -36.328  -62.266  -38.679 0.6000000238
12000  -38.035  -62.059  -41.937 0.6000000238
147318  -38.863  -61.826  -41.744 0.6000000238
151524  -43.952  -64.828  -39.790 0.4000000060
11971  -36.769  -61.347  -38.116 0.6000000238
12764  -36.446  -61.367  -40.063 0.6000000238
12779  -36.914  -61.265  -41.643 0.6000000238
141140  -38.754  -60.761  -42.033 0.6000000238
12785  -39.402  -61.592  -42.120 0.6000000238
149694  -45.501  -64.227  -39.309 0.4000000060
151438  -46.178  -62.925  -37.693 0.4000000060
138097  -36.776  -60.674  -38.615 0.6000000238
12775  -36.727  -60.744  -40.723 0.6000000238
13587  -37.246  -60.271  -41.315 0.6000000238
13589  -39.467  -60.435  -42.143 0.6000000238
14444  -40.133  -59.761  -42.154 0.6000000238
10389  -46.276  -63.768  -39.089 0.4000000060
11178  -46.759  -63.229  -38.268 0.4000000060
157217  -37.043  -60.994  -37.593 0.6000000238
12765  -36.799  -60.464  -39.505 0.5000000000
13583  -37.098  -59.848  -40.283 0.6000000238
140287  -37.838  -59.728  -41.439 0.6000000238
15366  -40.531  -58.898  -42.009 0.6999999881
12744  -37.345  -60.567  -36.218 0.6999999881
12757  -37.071  -60.410  -37.857 0.6000000238
14438  -38.224  -59.040  -41.289 0.6000000238
144505  -40.493  -58.233  -41.690 0.6000000238
15367  -41.225  -58.763  -42.081 0.6000000238
15361  -42.376  -57.669  -41.793 0.6000000238
15356  -38.618  -58.372  -41.167 0.6000000238
135774  -40.132  -57.935  -41.219 0.6000000238
15359  -40.836  -57.920  -41.302 0.6000000238
15360  -41.570  -57.836  -41.567 0.6000000238
14425  -37.073  -58.550  -39.478 0.6000000238
14433  -38.019  -58.382  -40.648 0.6000000238
15357  -39.348  -57.968  -41.253 0.5000000000
15351  -40.564  -57.902  -40.527 0.6000000238
15352  -41.205  -57.778  -40.310 0.6000000238
15348  -38.743  -57.587  -40.873 0.5000000000
15305  -36.933  -58.372  -36.875 0.6999999881
15330  -36.895  -57.331  -39.024 0.6999999881
15340  -37.250  -57.543  -39.716 0.5000000000
140050  -38.759  -56.919  -40.556 0.6000000238
15349  -39.176  -57.335  -40.633 0.5000000000
15343  -40.592  -58.034  -39.590 0.5000000000
15341  -39.486  -57.424  -39.986 0.6000000238
20356  -34.262  -53.486  -35.387 0.6000000238
20357  -35.008  -52.863  -35.554 0.6000000238
21379  -33.780  -52.779  -37.114 0.6000000238
11186  -39.971  -64.139  -40.081 0.5000000000
150196  -40.032  -62.138  -39.060 0.5000000000
11973  -40.814  -62.588  -38.840 0.5000000000
146880  -42.615  -63.790  -39.650 0.5000000000
10387  -43.169  -64.539  -40.148 0.4000000060
12780  -39.536  -61.608  -42.348 0.5000000000
156533  -39.019  -61.819  -40.881 0.5000000000
12778  -40.546  -60.711  -40.604 0.5000000000
11163  -43.796  -62.813  -38.206 0.4000000060
158464  -44.286  -62.622  -37.629 0.4000000060
153180  -40.189  -61.293  -41.400 0.5000000000
13584  -41.422  -60.801  -41.551 0.5000000000
10388  -44.579  -64.036  -39.479 0.4000000060
11164  -44.864  -62.817  -37.689 0.4000000060
11165  -45.535  -62.917  -37.701 0.4000000060
13596  -40.755  -61.211  -42.579 0.5000000000
13598  -42.384  -61.184  -42.361 0.5000000000
13591  -41.695  -61.322  -42.363 0.5000000000
10372  -45.876  -63.330  -38.619 0.4000000060
14446  -42.046  -60.492  -42.591 0.6000000238
14447  -42.986  -60.792  -42.469 0.6000000238
15368  -42.313  -59.037  -42.491 0.6000000238
15369  -43.482  -59.869  -42.649 0.5000000000
16314  -42.819  -57.054  -41.037 0.4000000060
16318  -43.156  -57.592  -42.002 0.4000000060
16319  -43.994  -57.677  -42.090 0.4000000060
16307  -41.944  -57.589  -39.668 0.6000000238
16308  -42.512  -57.202  -40.078 0.6000000238
17298  -43.404  -56.631  -40.762 0.5000000000
16315  -43.496  -56.885  -41.526 0.4000000060
17305  -44.158  -56.740  -41.630 0.4000000060
17300  -44.562  -55.970  -41.187 0.4000000060
15293  -36.974  -58.323  -36.062 0.6999999881
17287  -43.127  -56.760  -39.877 0.5000000000
17294  -44.184  -55.927  -40.489 0.4000000060
16297  -37.449  -56.615  -39.730 0.6000000238
15342  -39.985  -57.944  -39.196 0.5000000000
15344  -41.243  -57.932  -39.133 0.5000000000
16300  -42.566  -57.151  -39.224 0.5000000000
17288  -43.511  -56.042  -39.297 0.5000000000
18307  -44.184  -54.645  -39.612 0.4000000060
16305  -38.561  -56.490  -40.305 0.6000000238
15334  -41.394  -57.946  -38.250 0.5000000000
19285  -34.020  -54.154  -33.974 0.6999999881
20349  -34.487  -53.631  -34.422 0.6000000238
20342  -34.937  -53.395  -33.278 0.6999999881
137757  -35.098  -53.086  -34.750 0.6000000238
20332  -35.222  -53.305  -32.859 0.6000000238
21374  -35.327  -52.399  -36.432 0.6000000238
20344  -35.983  -53.559  -33.907 0.6000000238
19286  -35.734  -53.698  -33.197 0.6000000238
19276  -36.098  -54.377  -32.180 0.6000000238
18233  -36.424  -55.468  -32.180 0.6000000238
21380  -34.481  -52.362  -37.266 0.5000000000
20358  -35.842  -52.798  -35.377 0.6000000238
133536  -36.413  -54.098  -34.294 0.6000000238
19287  -36.305  -54.383  -33.554 0.6000000238
18243  -36.368  -54.988  -32.880 0.6000000238
143706  -42.406  -62.625  -38.366 0.5000000000
150200  -35.553  -51.796  -37.974 0.5000000000
21375  -36.433  -52.315  -36.480 0.5000000000
18262  -36.710  -54.916  -34.243 0.5000000000
18253  -36.653  -55.404  -33.544 0.5000000000
11981  -39.684  -61.875  -39.473 0.4000000060
12759  -40.828  -61.411  -38.436 0.5000000000
11162  -43.113  -62.329  -37.689 0.5000000000
11176  -43.167  -63.225  -38.908 0.4000000060
20368  -37.110  -52.411  -36.960 0.5000000000
20359  -36.638  -52.867  -35.962 0.5000000000
18263  -37.120  -55.224  -34.786 0.5000000000
17227  -37.079  -56.139  -33.478 0.5000000000
12767  -40.629  -60.877  -39.276 0.5000000000
11147  -43.733  -62.117  -37.021 0.4000000060
11148  -44.515  -62.306  -36.857 0.4000000060
11935  -45.192  -61.881  -35.222 0.4000000060
22372  -36.375  -51.939  -38.270 0.5000000000
20360  -37.206  -53.101  -36.466 0.5000000000
19303  -37.220  -54.154  -36.019 0.6000000238
17237  -37.559  -55.919  -34.946 0.6000000238
11149  -45.261  -62.470  -36.832 0.4000000060
19321  -38.006  -53.285  -37.813 0.6000000238
19310  -37.657  -53.725  -37.041 0.6000000238
18270  -37.381  -55.069  -35.533 0.6999999881
13592  -42.405  -61.156  -42.184 0.4000000060
13594  -43.627  -60.692  -42.276 0.5000000000
17259  -35.322  -56.151  -36.442 0.6000000238
15370  -44.827  -59.041  -42.588 0.4000000060
16262  -35.655  -56.679  -36.200 0.6000000238
148149  -43.850  -58.845  -42.597 0.4000000060
16251  -36.059  -57.218  -35.975 0.6000000238
16274  -36.397  -57.121  -37.458 0.6000000238
16320  -44.958  -57.661  -42.086 0.4000000060
17285  -38.065  -55.734  -39.748 0.6000000238
139963  -36.642  -57.852  -37.520 0.6999999881
151533  -39.133  -56.884  -39.811 0.6000000238
15331  -39.418  -57.717  -38.916 0.6000000238
15333  -40.559  -58.162  -38.561 0.5000000000
19274  -34.253  -53.946  -33.191 0.6999999881
19264  -34.801  -53.435  -32.588 0.6999999881
19265  -35.530  -53.581  -31.771 0.6000000238
19266  -36.014  -54.197  -31.366 0.6000000238
148083  -36.305  -54.991  -31.635 0.6000000238
152265  -37.371  -56.195  -30.567 0.6999999881
17171  -37.818  -56.700  -30.761 0.6000000238
17190  -36.912  -56.315  -32.067 0.6000000238
12760  -41.476  -60.924  -37.870 0.5000000000
12751  -41.376  -61.659  -37.981 0.5000000000
11161  -41.580  -62.589  -38.546 0.5000000000
11965  -42.572  -61.825  -37.267 0.5000000000
16183  -37.532  -56.913  -32.454 0.6000000238
16172  -38.407  -57.171  -31.158 0.5000000000
12752  -41.890  -61.136  -37.374 0.5000000000
11146  -43.064  -61.820  -36.860 0.5000000000
11128  -44.041  -61.932  -36.060 0.4000000060
16239  -37.932  -56.721  -34.702 0.6000000238
16224  -37.509  -56.461  -34.113 0.6000000238
16185  -38.941  -57.645  -31.689 0.5000000000
13577  -41.169  -60.300  -39.904 0.5000000000
18290  -35.490  -54.996  -37.405 0.6000000238
19320  -36.075  -54.281  -38.035 0.4000000060
20390  -37.670  -53.038  -38.399 0.6000000238
18279  -37.781  -54.761  -36.551 0.6000000238
17248  -37.968  -56.377  -35.325 0.6000000238
16226  -38.733  -57.699  -33.329 0.6000000238
133959  -42.888  -60.397  -41.734 0.4000000060
13586  -42.660  -59.569  -40.173 0.4000000060
18291  -36.272  -55.197  -37.930 0.5000000000
18298  -37.092  -54.222  -38.494 0.5000000000
19322  -38.131  -53.906  -38.533 0.6000000238
19311  -38.172  -54.126  -37.698 0.6999999881
17261  -38.084  -55.955  -36.474 0.6000000238
131811  -38.168  -56.581  -35.933 0.6000000238
149490  -38.369  -57.254  -34.582 0.6000000238
13593  -43.613  -60.756  -42.313 0.5000000000
17269  -35.641  -55.801  -37.045 0.6000000238
18300  -38.304  -54.659  -38.992 0.6000000238
18292  -38.329  -54.599  -38.253 0.6000000238
16264  -38.451  -57.120  -36.391 0.6000000238
16240  -38.802  -57.663  -34.967 0.6000000238
15282  -39.475  -57.954  -34.415 0.6000000238
14448  -44.524  -60.000  -42.417 0.4000000060
17278  -36.750  -55.785  -38.545 0.5000000000
18299  -38.099  -54.466  -39.002 0.6000000238
17271  -38.497  -55.278  -38.636 0.6000000238
15306  -38.881  -57.738  -36.389 0.6000000238
15294  -39.019  -57.811  -35.627 0.6000000238
17270  -36.197  -56.270  -37.483 0.6000000238
16285  -36.517  -56.608  -38.237 0.6000000238
17279  -37.724  -55.283  -39.357 0.6000000238
16287  -38.730  -56.251  -38.822 0.6000000238
16275  -38.596  -57.155  -37.334 0.6000000238
16288  -39.047  -56.877  -39.261 0.6000000238
17292  -38.741  -55.997  -40.052 0.6000000238
133957  -40.092  -58.219  -37.793 0.5000000000
15321  -40.883  -58.110  -37.689 0.5000000000
18242  -33.582  -54.561  -32.850 0.6999999881
19263  -34.139  -53.919  -32.360 0.6999999881
17188  -32.701  -55.782  -32.151 0.6999999881
18214  -33.412  -54.892  -31.301 0.6999999881
19246  -34.019  -54.005  -31.605 0.6999999881
20306  -35.110  -53.233  -31.414 0.6999999881
19247  -35.481  -53.535  -31.016 0.6000000238
147797  -36.550  -54.919  -30.413 0.6000000238
18193  -37.557  -55.351  -29.391 0.5000000000
17169  -36.820  -55.682  -30.645 0.6999999881
17140  -38.017  -56.050  -29.718 0.5000000000
17159  -38.369  -56.576  -30.184 0.5000000000
16160  -38.832  -56.988  -30.554 0.5000000000
13561  -42.029  -60.536  -37.369 0.4000000060
11951  -42.271  -61.321  -37.032 0.5000000000
12737  -43.266  -60.730  -35.537 0.5000000000
11953  -43.338  -61.626  -36.220 0.5000000000
11915  -44.052  -61.347  -34.798 0.4000000060
13578  -41.837  -59.929  -39.259 0.4000000060
12745  -42.443  -60.791  -36.774 0.4000000060
16209  -38.768  -57.706  -32.487 0.6000000238
134977  -38.779  -57.688  -34.141 0.6000000238
15245  -40.082  -58.001  -33.083 0.6000000238
15283  -40.235  -58.052  -34.699 0.6000000238
15246  -40.874  -57.991  -33.314 0.6000000238
15319  -39.142  -57.874  -37.251 0.6000000238
15308  -39.978  -58.144  -36.443 0.6000000238
15269  -40.963  -58.032  -34.164 0.6000000238
16276  -39.011  -57.530  -38.210 0.6000000238
15295  -40.311  -58.084  -35.593 0.5000000000
131553  -39.456  -58.032  -37.925 0.6000000238
15309  -40.802  -58.047  -36.320 0.5000000000
142922  -41.232  -57.945  -36.967 0.5000000000
17187  -32.340  -56.397  -31.726 0.6999999881
18205  -33.118  -55.561  -30.661 0.6999999881
18206  -33.620  -54.850  -30.457 0.6999999881
156441  -34.629  -53.561  -31.038 0.6999999881
19233  -34.809  -53.577  -30.349 0.6000000238
20295  -35.110  -53.317  -30.695 0.6999999881
157330  -36.080  -53.800  -29.948 0.4000000060
17167  -32.513  -56.552  -30.845 0.6999999881
17157  -32.840  -56.178  -30.220 0.6999999881
141502  -33.891  -54.770  -29.669 0.6000000238
19217  -34.571  -53.958  -29.570 0.6000000238
18192  -36.961  -54.605  -29.393 0.5000000000
15197  -31.377  -58.420  -30.455 0.6999999881
16159  -31.943  -57.368  -29.714 0.6999999881
18172  -37.986  -54.989  -28.772 0.5000000000
15177  -31.198  -58.341  -29.714 0.6999999881
18194  -38.339  -55.614  -29.159 0.5000000000
15176  -30.244  -58.451  -28.752 0.6000000238
14286  -29.519  -58.681  -28.582 0.6000000238
15157  -29.081  -58.153  -28.192 0.6000000238
17137  -27.318  -56.375  -28.939 0.5000000000
18189  -27.384  -55.604  -28.921 0.5000000000
13548  -43.036  -60.271  -35.800 0.4000000060
12727  -43.696  -60.716  -34.879 0.4000000060
15285  -41.620  -57.829  -34.513 0.6000000238
20265  -35.164  -53.701  -29.105 0.5000000000
20281  -35.734  -53.615  -29.512 0.5000000000
17156  -32.448  -56.838  -29.955 0.6000000238
18190  -33.280  -55.573  -29.762 0.6000000238
19216  -34.041  -54.656  -28.882 0.6000000238
19199  -34.590  -54.179  -28.572 0.6000000238
20282  -36.227  -53.696  -28.975 0.5000000000
19235  -36.399  -53.912  -29.423 0.5000000000
19200  -37.595  -54.320  -28.417 0.5000000000
15178  -31.456  -57.787  -29.401 0.6999999881
17138  -32.172  -56.966  -29.191 0.6000000238
17139  -32.737  -56.325  -29.291 0.6000000238
18171  -33.629  -55.077  -28.418 0.6000000238
18150  -33.365  -55.100  -27.849 0.6000000238
19202  -39.059  -54.604  -28.233 0.5000000000
156264  -30.893  -58.141  -29.039 0.6999999881
16119  -31.689  -57.066  -28.600 0.6000000238
17114  -31.663  -56.602  -28.022 0.6000000238
18149  -32.202  -55.521  -27.432 0.6000000238
19180  -32.852  -54.893  -27.272 0.6000000238
16117  -30.248  -57.445  -27.960 0.6000000238
16118  -31.004  -57.157  -28.130 0.6000000238
147733  -31.012  -56.506  -27.627 0.6000000238
142539  -31.467  -55.364  -27.204 0.6000000238
16116  -29.440  -57.491  -27.880 0.6000000238
17093  -29.565  -56.165  -27.585 0.6000000238
18147  -30.034  -55.642  -27.402 0.6000000238
155576  -30.957  -55.220  -27.128 0.6000000238
16100  -28.354  -56.418  -28.090 0.5000000000
17113  -27.763  -56.030  -28.483 0.5000000000
17092  -28.826  -55.925  -27.749 0.5000000000
18146  -29.327  -55.436  -27.590 0.6000000238
19177  -29.800  -54.419  -27.386 0.6000000238
13549  -43.444  -59.973  -35.317 0.4000000060
143256  -26.486  -55.823  -30.608 0.5000000000
18168  -27.756  -55.386  -28.545 0.5000000000
19197  -28.645  -54.381  -28.039 0.6000000238
20264  -29.194  -53.872  -27.696 0.6000000238
19230  -26.880  -54.577  -30.051 0.5000000000
19231  -27.172  -53.982  -29.838 0.5000000000
19195  -27.526  -54.924  -28.871 0.4000000060
141642  -28.218  -54.129  -28.442 0.5000000000
20263  -28.617  -53.685  -28.230 0.6000000238
20266  -35.760  -53.622  -28.686 0.6000000238
136046  -36.406  -53.631  -28.331 0.5000000000
19218  -36.890  -53.966  -28.803 0.5000000000
20248  -35.125  -53.845  -28.079 0.6000000238
20250  -36.535  -53.489  -27.433 0.5000000000
19185  -38.638  -54.135  -27.787 0.5000000000
19161  -34.071  -53.940  -26.901 0.6999999881
20230  -34.711  -53.553  -26.708 0.6999999881
19179  -32.019  -54.874  -26.960 0.6000000238
19160  -33.288  -54.158  -26.839 0.6999999881
19158  -31.737  -54.127  -26.667 0.6000000238
19159  -32.543  -54.268  -26.691 0.6999999881
20247  -30.958  -53.849  -26.772 0.6000000238
20227  -32.241  -53.557  -26.391 0.6999999881
149550  -30.388  -53.568  -26.983 0.6000000238
20225  -30.709  -53.080  -26.780 0.6999999881
20319  -26.991  -53.969  -32.430 0.5000000000
20292  -26.901  -53.860  -30.478 0.5000000000
20279  -28.141  -53.560  -28.861 0.4000000060
21302  -28.658  -53.002  -28.523 0.6000000238
21292  -29.498  -53.119  -27.586 0.6000000238
20304  -26.799  -53.881  -31.321 0.5000000000
20294  -27.870  -53.217  -29.513 0.4000000060
21315  -28.308  -52.788  -29.245 0.5000000000
20251  -37.678  -53.679  -27.478 0.5000000000
147856  -37.238  -53.523  -27.300 0.5000000000
131975  -35.260  -53.630  -27.273 0.6000000238
21281  -36.556  -52.863  -26.180 0.5000000000
21282  -37.360  -52.851  -26.236 0.5000000000
138506  -34.212  -53.467  -26.371 0.6999999881
20214  -33.334  -53.264  -26.098 0.6999999881
21279  -32.750  -52.985  -26.049 0.6000000238
22261  -30.404  -52.239  -26.959 0.6999999881
21278  -31.938  -52.778  -26.283 0.6000000238
21303  -29.262  -52.547  -28.167 0.6000000238
21304  -29.815  -52.432  -27.554 0.6000000238
21347  -27.506  -52.829  -31.711 0.5000000000
21326  -27.922  -52.577  -30.125 0.4000000060
21316  -28.821  -52.291  -28.910 0.6000000238
22299  -28.331  -51.746  -31.598 0.4000000060
22291  -28.266  -51.828  -30.613 0.4000000060
22292  -28.690  -51.401  -30.171 0.5000000000
22278  -28.957  -51.579  -29.348 0.5000000000
20216  -34.803  -53.061  -26.113 0.6000000238
21266  -36.928  -52.359  -25.831 0.5000000000
21263  -34.460  -52.448  -25.729 0.6000000238
21264  -35.300  -52.442  -25.766 0.5000000000
143975  -33.723  -52.388  -25.740 0.6000000238
139930  -33.069  -52.326  -25.805 0.6000000238
140033  -34.096  -51.606  -25.592 0.5000000000
22236  -32.050  -51.455  -26.056 0.6000000238
22250  -31.017  -51.713  -26.652 0.6999999881
140744  -31.491  -51.347  -26.396 0.5000000000
22268  -29.634  -51.960  -28.011 0.6000000238
22267  -29.299  -51.780  -28.593 0.5000000000
22300  -28.627  -51.261  -31.081 0.4000000060
23254  -29.393  -50.955  -28.953 0.5000000000
26123  -28.208  -47.753  -31.148 0.4000000060
137789  -27.973  -46.249  -32.098 0.3000000119
27058  -29.223  -46.860  -32.080 0.4000000060
23217  -36.103  -51.162  -25.534 0.5000000000
26146  -29.099  -48.524  -32.673 0.3000000119
26132  -29.399  -47.762  -32.126 0.4000000060
145235  -33.402  -51.299  -25.656 0.5000000000
23216  -35.254  -51.142  -25.520 0.5000000000
25209  -28.941  -49.389  -34.685 0.3000000119
26147  -29.578  -48.015  -33.156 0.4000000060
23214  -32.975  -50.796  -25.752 0.5000000000
25219  -29.477  -49.495  -35.257 0.3000000119
23227  -31.062  -50.932  -26.708 0.6000000238
23235  -30.150  -50.907  -27.663 0.6999999881
134879  -30.621  -50.484  -27.195 0.6000000238
154442  -29.182  -50.467  -30.217 0.5000000000
23241  -29.887  -50.559  -28.347 0.5000000000
24268  -29.371  -50.324  -29.578 0.4000000060
24239  -30.054  -49.782  -28.531 0.4000000060
29012  -25.918  -45.878  -32.166 0.3000000119
28056  -26.567  -45.894  -32.389 0.3000000119
29021  -26.932  -45.234  -32.666 0.3000000119
28068  -28.479  -45.789  -32.509 0.3000000119
28069  -29.718  -46.405  -32.647 0.4000000060
24205  -35.030  -50.343  -25.562 0.5000000000
26157  -29.675  -48.214  -34.308 0.4000000060
27071  -30.279  -46.751  -33.591 0.4000000060
24204  -34.298  -50.153  -25.603 0.5000000000
25220  -30.163  -48.938  -35.388 0.4000000060
26168  -30.973  -47.691  -35.030 0.4000000060
24202  -32.439  -50.242  -25.973 0.5000000000
24203  -33.135  -50.066  -25.767 0.5000000000
24321  -30.642  -49.312  -35.231 0.4000000060
24218  -31.896  -49.644  -26.446 0.5000000000
24225  -30.271  -50.090  -27.820 0.5000000000
151705  -31.384  -49.432  -26.935 0.5000000000
24290  -29.456  -50.266  -31.755 0.3000000119
24281  -29.673  -49.765  -31.124 0.4000000060
24259  -29.852  -49.587  -29.425 0.4000000060
143357  -30.925  -48.843  -27.947 0.4000000060
29013  -26.161  -45.093  -31.956 0.3000000119
152560  -26.437  -44.869  -32.731 0.3000000119
158685  -28.722  -44.952  -32.683 0.4000000060
158452  -29.379  -45.533  -32.615 0.4000000060
142635  -37.613  -49.773  -25.574 0.4000000060
28070  -30.407  -46.020  -33.218 0.4000000060
25114  -36.876  -49.468  -25.591 0.4000000060
27082  -30.669  -47.202  -34.517 0.4000000060
28084  -30.965  -46.412  -34.075 0.4000000060
24206  -35.542  -49.757  -25.616 0.4000000060
28094  -31.290  -46.882  -34.633 0.4000000060
24219  -32.655  -49.423  -26.018 0.5000000000
25222  -30.951  -48.649  -35.337 0.4000000060
24303  -30.783  -49.460  -33.656 0.3000000119
26056  -32.324  -48.806  -26.523 0.5000000000
25174  -30.470  -48.703  -30.512 0.3000000119
29992  -26.510  -44.491  -32.398 0.3000000119
29993  -27.007  -43.925  -32.257 0.3000000119
30003  -26.885  -44.636  -32.610 0.3000000119
29994  -28.831  -43.768  -32.475 0.4000000060
136562  -29.619  -44.758  -32.524 0.4000000060
30005  -30.519  -43.965  -32.704 0.3000000119
150306  -30.375  -45.395  -32.879 0.4000000060
25117  -39.215  -49.183  -25.537 0.4000000060
26048  -40.361  -48.118  -25.493 0.4000000060
29036  -30.962  -45.032  -32.842 0.4000000060
25113  -36.127  -49.201  -25.677 0.4000000060
134745  -34.771  -49.617  -25.653 0.4000000060
26170  -31.650  -47.612  -34.761 0.3000000119
25125  -33.913  -48.889  -26.042 0.4000000060
25211  -31.116  -48.946  -34.631 0.3000000119
26160  -31.893  -47.632  -34.265 0.3000000119
26133  -31.384  -48.218  -32.158 0.3000000119
26092  -31.220  -48.306  -28.520 0.4000000060
147227  -27.688  -44.440  -30.899 0.3000000119
131666  -27.660  -43.724  -32.119 0.4000000060
31856  -28.622  -42.335  -32.218 0.4000000060
30949  -29.629  -43.089  -32.432 0.4000000060
26050  -41.529  -47.492  -26.190 0.4000000060
26030  -39.642  -47.815  -25.241 0.4000000060
26046  -38.129  -48.463  -25.454 0.4000000060
29037  -31.484  -45.410  -33.303 0.4000000060
153668  -36.063  -48.417  -25.851 0.4000000060
26045  -37.366  -48.188  -25.535 0.4000000060
28086  -31.668  -46.407  -34.311 0.3000000119
26043  -35.497  -48.137  -26.174 0.4000000060
27059  -32.072  -47.237  -32.681 0.3000000119
134923  -33.119  -48.796  -26.278 0.5000000000
26148  -31.524  -48.220  -33.050 0.3000000119
26134  -31.911  -47.748  -32.422 0.3000000119
26057  -32.900  -48.306  -26.925 0.5000000000
137186  -30.834  -48.366  -29.988 0.3000000119
26071  -31.590  -48.323  -27.871 0.4000000060
25163  -30.348  -48.799  -29.677 0.4000000060
30942  -28.153  -43.128  -31.659 0.3000000119
141301  -31.594  -42.067  -33.417 0.3000000119
31866  -31.468  -42.647  -32.992 0.3000000119
26993  -40.906  -47.419  -25.614 0.4000000060
30006  -31.162  -44.787  -32.630 0.3000000119
26029  -38.826  -47.940  -25.233 0.4000000060
26992  -40.178  -47.232  -25.192 0.3000000119
29022  -31.564  -45.263  -32.781 0.3000000119
26044  -36.667  -47.901  -25.717 0.4000000060
26991  -37.957  -47.677  -25.220 0.4000000060
29023  -31.914  -46.036  -32.250 0.3000000119
157447  -32.090  -46.484  -31.664 0.3000000119
26075  -34.648  -47.849  -26.940 0.4000000060
26125  -31.817  -47.764  -31.589 0.3000000119
27035  -32.384  -47.394  -29.822 0.3000000119
26106  -31.965  -47.891  -29.192 0.3000000119
26095  -33.274  -47.746  -28.354 0.3000000119
30950  -31.004  -43.640  -32.542 0.3000000119
31858  -31.592  -42.416  -32.875 0.3000000119
30944  -31.051  -43.846  -31.987 0.3000000119
157756  -39.107  -46.880  -24.903 0.3000000119
26990  -37.203  -47.432  -25.397 0.4000000060
27966  -38.190  -46.374  -24.796 0.4000000060
29015  -31.973  -46.041  -31.198 0.3000000119
134676  -36.062  -47.653  -25.998 0.4000000060
27982  -37.006  -46.745  -25.213 0.4000000060
27044  -32.053  -47.341  -31.038 0.3000000119
155869  -32.069  -47.491  -30.425 0.3000000119
157751  -34.232  -47.742  -27.362 0.3000000119
26094  -32.765  -47.713  -28.888 0.3000000119
29979  -31.307  -44.391  -30.435 0.3000000119
29009  -31.919  -45.801  -30.217 0.3000000119
27981  -36.367  -46.505  -25.513 0.3000000119
27964  -36.815  -46.151  -25.102 0.3000000119
28032  -32.357  -46.298  -29.647 0.3000000119
27001  -35.077  -47.269  -26.880 0.3000000119
27036  -32.870  -47.172  -29.336 0.3000000119
150373  -34.138  -47.221  -27.762 0.3000000119
30930  -31.413  -43.621  -29.287 0.3000000119
145720  -31.660  -42.435  -28.772 0.3000000119
150372  -31.892  -45.509  -29.370 0.3000000119
27980  -35.709  -46.272  -25.842 0.3000000119
29970  -31.600  -44.334  -28.865 0.3000000119
31834  -31.880  -42.982  -28.249 0.3000000119
26105  -30.985  -48.305  -29.297 0.4000000060
25192  -30.849  -48.733  -31.862 0.3000000119
26118  -31.055  -48.243  -30.618 0.3000000119
6335  -42.862  -68.965  -34.761 0.6000000238
5783  -42.867  -70.623  -35.406 0.5000000000
5797  -41.737  -70.932  -36.227 0.5000000000
5796  -41.138  -70.213  -36.687 0.5000000000
5201  -42.424  -71.300  -35.635 0.5000000000
138930  -42.418  -70.924  -33.349 0.5000000000
7589  -42.712  -67.376  -34.385 0.6999999881
7591  -44.715  -66.811  -34.573 0.6999999881
8198  -42.752  -65.980  -33.980 0.6999999881
6333  -41.478  -67.965  -34.871 0.6999999881
5182  -41.560  -71.540  -34.645 0.4000000060
7574  -41.529  -66.777  -33.963 0.6999999881
5184  -44.582  -70.669  -34.373 0.5000000000
8865  -42.860  -65.567  -31.948 0.3000000119
5773  -45.689  -69.800  -34.410 0.5000000000
7003  -46.862  -68.259  -35.887 0.3000000119
10352  -43.992  -64.044  -36.163 0.6000000238
10321  -43.732  -64.102  -34.717 0.6000000238
10351  -43.259  -63.858  -36.376 0.5000000000
11123  -39.100  -62.922  -35.438 0.6000000238
9582  -42.529  -64.264  -33.721 0.6999999881
8834  -39.319  -65.762  -29.544 0.3000000119
11087  -40.986  -62.930  -33.080 0.6000000238
10296  -41.726  -63.250  -33.226 0.6000000238
8891  -41.394  -65.546  -33.463 0.6999999881
6337  -44.681  -69.074  -35.017 0.5000000000
5771  -44.144  -70.369  -34.988 0.6000000238
5202  -43.098  -70.959  -35.310 0.5000000000
8180  -40.771  -65.784  -33.100 0.6000000238
7573  -40.779  -66.966  -33.795 0.6999999881
9543  -39.368  -64.313  -31.449 0.5000000000
7572  -40.039  -67.197  -33.620 0.5000000000
8866  -43.554  -65.567  -32.263 0.3000000119
11063  -37.554  -62.398  -31.607 0.6000000238
7553  -38.873  -67.047  -32.838 0.5000000000
154182  -48.243  -67.104  -33.285 0.3000000119
7592  -45.403  -67.063  -34.985 0.5000000000
8876  -44.105  -65.608  -32.625 0.3000000119
7552  -38.118  -67.172  -32.644 0.5000000000
9528  -40.114  -64.616  -29.771 0.3000000119
11989  -36.280  -62.113  -40.414 0.6000000238
13553  -37.270  -59.957  -37.067 0.6999999881
13569  -36.852  -59.883  -38.657 0.6000000238
145010  -37.490  -58.149  -40.060 0.6000000238
11999  -37.266  -62.094  -41.894 0.6000000238
12777  -39.916  -61.228  -40.017 0.5000000000
151424  -44.457  -63.209  -38.634 0.4000000060
158435  -40.079  -60.843  -42.427 0.6000000238
12786  -40.277  -61.431  -42.389 0.5000000000
14439  -39.108  -59.007  -41.737 0.6000000238
152562  -42.961  -58.456  -42.372 0.4000000060
15304  -36.533  -57.676  -36.612 0.6000000238
15317  -36.600  -57.242  -38.296 0.6999999881
12758  -40.388  -62.029  -38.745 0.4000000060
13585  -41.945  -60.065  -40.832 0.4000000060
16299  -41.987  -57.558  -38.738 0.4000000060
15292  -36.459  -57.827  -35.658 0.6000000238
20343  -35.407  -53.325  -33.560 0.6000000238
19295  -36.810  -54.389  -35.039 0.6000000238
11952  -42.747  -61.342  -36.513 0.5000000000
21389  -37.359  -52.189  -37.887 0.5000000000
16208  -38.143  -57.290  -32.928 0.6000000238
21399  -37.250  -52.392  -38.283 0.4000000060
17286  -38.715  -55.564  -39.851 0.5000000000
14440  -43.480  -59.927  -41.425 0.5000000000
134859  -38.256  -56.454  -36.822 0.6000000238
18305  -38.531  -55.070  -39.394 0.5000000000
14304  -29.963  -59.057  -29.080 0.6000000238
18188  -27.113  -55.121  -29.405 0.5000000000
19198  -33.955  -54.647  -28.090 0.5000000000
17115  -32.256  -56.577  -28.530 0.6000000238
17096  -32.794  -55.583  -27.839 0.6000000238
154221  -34.706  -53.861  -27.290 0.6000000238
16102  -29.862  -56.871  -27.689 0.6000000238
19245  -26.693  -54.369  -30.832 0.5000000000
20232  -36.959  -53.277  -26.712 0.5000000000
22251  -31.662  -52.003  -26.313 0.6000000238
21333  -27.502  -52.804  -30.795 0.5000000000
143310  -30.499  -51.320  -27.068 0.6000000238
26131  -28.826  -48.225  -31.717 0.3000000119
22239  -34.915  -51.831  -25.585 0.5000000000
24280  -29.240  -50.315  -30.901 0.3000000119
24208  -36.971  -50.224  -25.582 0.4000000060
24207  -36.283  -49.955  -25.591 0.4000000060
24269  -29.472  -49.923  -30.259 0.4000000060
24291  -29.985  -49.828  -32.041 0.3000000119
26072  -32.092  -48.370  -27.235 0.5000000000
133056  -38.788  -48.679  -25.438 0.4000000060
29985  -26.968  -43.913  -31.772 0.3000000119
27072  -32.040  -47.116  -33.634 0.3000000119
26059  -34.680  -48.449  -26.268 0.4000000060
26093  -31.950  -48.041  -28.469 0.3000000119
29038  -31.707  -45.880  -33.272 0.3000000119
26073  -32.851  -48.044  -27.620 0.4000000060
31850  -28.315  -42.315  -31.461 0.3000000119
29014  -31.601  -45.281  -31.831 0.3000000119
27002  -35.544  -47.423  -26.411 0.4000000060
29980  -31.523  -45.034  -29.896 0.3000000119
7514  -34.256  -66.790  -31.256 0.5000000000
7530  -35.491  -67.006  -31.926 0.5000000000
145460  -35.845  -67.195  -32.462 0.5000000000
7550  -36.472  -67.327  -32.735 0.4000000060
8144  -33.872  -66.431  -30.698 0.5000000000
8145  -34.652  -66.347  -30.824 0.5000000000
8146  -35.429  -66.283  -30.891 0.5000000000
7516  -35.860  -66.696  -31.367 0.5000000000
151882  -37.044  -66.911  -31.922 0.5000000000
7532  -37.792  -66.872  -32.020 0.4000000060
8119  -33.756  -65.417  -29.617 0.4000000060
8130  -34.238  -65.900  -30.296 0.5000000000
8147  -36.190  -66.203  -30.930 0.5000000000
8165  -38.188  -66.331  -31.603 0.4000000060
134649  -34.276  -64.944  -29.313 0.5000000000
8830  -35.406  -65.344  -30.037 0.5000000000
8131  -35.029  -65.836  -30.429 0.5000000000
9516  -35.361  -64.306  -29.131 0.5000000000
8831  -36.140  -65.302  -30.087 0.5000000000
9525  -36.548  -64.690  -29.817 0.5000000000
8832  -37.290  -64.837  -30.195 0.5000000000
8833  -38.064  -65.049  -30.705 0.4000000060
9515  -34.608  -64.417  -28.974 0.5000000000
9518  -36.629  -64.046  -29.509 0.5000000000
9526  -37.147  -64.132  -29.889 0.5000000000
9527  -37.835  -64.216  -30.323 0.5000000000
11828  -33.580  -61.053  -28.776 0.5000000000
148329  -34.397  -63.393  -28.309 0.5000000000
11011  -34.892  -62.388  -28.146 0.5000000000
11012  -35.551  -62.713  -28.413 0.5000000000
11823  -35.489  -61.893  -28.455 0.5000000000
11018  -36.522  -62.729  -29.236 0.5000000000
11830  -36.136  -61.911  -29.075 0.5000000000
10242  -36.918  -63.449  -29.576 0.5000000000
152367  -38.097  -63.621  -30.571 0.5000000000
12637  -34.821  -60.622  -29.064 0.5000000000
13453  -34.549  -60.119  -29.580 0.5000000000
14342  -35.407  -59.042  -31.299 0.5000000000
12638  -35.465  -60.798  -29.217 0.5000000000
13490  -35.599  -59.558  -30.680 0.5000000000
14343  -36.033  -59.333  -31.394 0.5000000000
149534  -36.099  -61.248  -29.616 0.5000000000
12662  -36.255  -60.859  -30.335 0.5000000000
158573  -36.440  -60.259  -31.281 0.5000000000
11848  -37.011  -61.975  -30.605 0.5000000000
11865  -36.683  -61.327  -30.952 0.5000000000
11034  -37.321  -62.598  -30.317 0.5000000000
11048  -37.489  -62.464  -30.956 0.5000000000
11049  -38.042  -62.841  -31.271 0.5000000000
15279  -35.668  -57.633  -34.501 0.5000000000
15266  -36.176  -58.103  -34.033 0.6000000238
14355  -35.880  -58.878  -31.929 0.5000000000
13507  -36.455  -59.931  -31.689 0.5000000000
14381  -37.062  -59.267  -34.014 0.5000000000
12695  -36.838  -60.593  -32.221 0.5000000000
13527  -37.225  -60.111  -33.743 0.5000000000
11882  -37.195  -62.017  -31.927 0.5000000000
12696  -37.022  -61.436  -32.070 0.5000000000
16249  -34.701  -56.812  -35.463 0.5000000000
16238  -35.880  -57.415  -35.220 0.5000000000
14380  -36.743  -58.546  -34.409 0.6000000238
18268  -31.837  -55.192  -36.389 0.5000000000
19300  -32.750  -54.470  -36.013 0.6000000238
17244  -31.633  -55.902  -36.046 0.5000000000
18269  -32.516  -55.042  -35.736 0.5000000000
19293  -33.759  -54.162  -34.788 0.6000000238
18261  -32.815  -55.354  -34.845 0.6000000238
18260  -32.249  -55.695  -35.415 0.5000000000
136475  -32.902  -55.504  -34.096 0.6000000238
17225  -32.165  -56.450  -33.806 0.5000000000
18252  -33.651  -54.558  -33.520 0.6000000238
18251  -33.105  -55.197  -33.376 0.6000000238
16206  -31.953  -56.940  -33.336 0.5000000000
17211  -32.671  -55.790  -32.877 0.6000000238
18241  -33.054  -55.171  -32.539 0.6000000238
15241  -31.705  -57.498  -32.784 0.5000000000
16182  -31.995  -56.993  -32.159 0.5000000000
15216  -31.328  -58.432  -31.251 0.5000000000
143575  -31.080  -58.900  -30.767 0.6000000238
13450  -28.590  -59.949  -29.233 0.6000000238
13467  -29.981  -59.902  -30.057 0.5000000000
15217  -31.715  -57.850  -30.915 0.6000000238
133727  -32.018  -57.137  -31.338 0.5000000000
14322  -30.385  -59.361  -29.702 0.5000000000
14284  -28.122  -58.739  -28.645 0.6000000238
14285  -28.771  -58.786  -28.533 0.6000000238
150162  -27.874  -57.592  -28.459 0.6000000238
8183  -45.440  -66.035  -32.851 0.3000000119
8880  -47.563  -65.394  -32.756 0.3000000119
8185  -47.300  -66.912  -32.723 0.3000000119
141316  -48.783  -64.331  -32.554 0.3000000119
134255  -48.189  -66.708  -32.676 0.3000000119
7558  -46.096  -67.140  -32.826 0.3000000119
7557  -44.999  -66.883  -32.846 0.3000000119
8149  -37.768  -65.902  -31.018 0.4000000060
12679  -36.676  -60.808  -31.532 0.5000000000
149949  -37.310  -59.872  -34.382 0.5000000000
20366  -33.568  -53.366  -36.445 0.5000000000
8148  -36.958  -66.091  -30.955 0.4000000060
8850  -37.238  -65.501  -30.553 0.5000000000
10240  -35.667  -63.549  -28.706 0.5000000000
11821  -33.804  -61.743  -28.328 0.5000000000
11822  -34.662  -61.714  -28.286 0.5000000000
12660  -33.733  -60.251  -29.769 0.5000000000
13489  -34.812  -59.282  -30.725 0.5000000000
12661  -35.760  -60.495  -29.845 0.5000000000
13526  -36.874  -59.431  -33.226 0.5000000000
8879  -46.122  -65.594  -32.846 0.3000000119
8187  -48.666  -66.027  -32.446 0.3000000119
137580  -48.109  -65.793  -32.373 0.3000000119
138948  -46.958  -65.883  -32.813 0.3000000119
8186  -48.605  -66.218  -32.437 0.3000000119
8868  -48.722  -65.591  -32.413 0.3000000119
27965  -37.457  -46.232  -24.886 0.3000000119
4580  -42.444  -71.408  -34.244 0.4000000060
4582  -43.595  -71.305  -34.042 0.5000000000
4593  -42.220  -71.684  -35.124 0.5000000000
4594  -42.824  -71.475  -34.926 0.4000000060
4609  -42.003  -71.672  -35.638 0.5000000000
4610  -42.992  -71.265  -35.242 0.5000000000
4611  -43.553  -70.834  -35.046 0.5000000000
4627  -41.623  -71.637  -36.097 0.5000000000
4641  -40.822  -71.489  -38.049 0.5000000000
4654  -40.527  -71.784  -38.305 0.5000000000
5145  -43.915  -71.099  -33.399 0.5000000000
5162  -41.695  -71.018  -33.741 0.5000000000
5164  -44.443  -70.900  -33.677 0.5000000000
5183  -43.999  -70.863  -34.721 0.5000000000
5185  -45.163  -70.264  -34.405 0.5000000000
5218  -41.189  -71.233  -36.916 0.6000000238
5744  -43.973  -70.379  -32.860 0.5000000000
5745  -44.769  -70.307  -32.974 0.5000000000
5747  -45.976  -69.771  -33.407 0.4000000060
5760  -45.485  -70.122  -33.731 0.5000000000
5769  -42.556  -69.716  -35.193 0.6000000238
5770  -43.275  -69.778  -34.930 0.6000000238
5772  -44.730  -70.047  -34.910 0.5000000000
6308  -42.323  -69.302  -32.529 0.4000000060
6311  -44.920  -69.748  -32.857 0.5000000000
6313  -46.330  -69.284  -33.187 0.4000000060
6357  -45.793  -68.786  -35.629 0.5000000000
6358  -46.457  -68.680  -35.351 0.3000000119
6916  -42.584  -67.693  -32.296 0.3000000119
6934  -37.037  -67.604  -33.251 0.5000000000
6936  -43.113  -68.363  -32.629 0.4000000060
6941  -47.175  -68.210  -33.098 0.4000000060
6959  -38.486  -67.834  -33.934 0.5000000000
6976  -40.223  -67.889  -34.715 0.6000000238
6981  -45.570  -68.068  -35.556 0.5000000000
6982  -47.158  -68.211  -34.756 0.3000000119
6998  -39.216  -68.368  -35.390 0.5000000000
7515  -35.065  -66.763  -31.327 0.5000000000
7529  -34.620  -67.078  -31.991 0.5000000000
7531  -36.313  -66.993  -31.981 0.5000000000
7535  -41.752  -66.642  -31.654 0.3000000119
7536  -42.811  -66.930  -32.231 0.3000000119
7551  -37.294  -67.241  -32.547 0.4000000060
7560  -47.715  -67.431  -32.724 0.4000000060
7561  -48.096  -67.118  -32.911 0.3000000119
7576  -43.086  -66.690  -34.218 0.6999999881
7587  -41.173  -67.383  -34.337 0.6999999881
7588  -41.911  -67.346  -34.395 0.6999999881
7604  -47.559  -67.200  -35.793 0.3000000119
7612  -46.210  -67.612  -36.636 0.4000000060
7614  -47.151  -67.410  -36.784 0.3000000119
7621  -46.560  -66.866  -37.492 0.3000000119
7622  -47.041  -66.968  -37.434 0.3000000119
8129  -33.411  -65.967  -30.167 0.5000000000
8132  -35.784  -65.791  -30.476 0.5000000000
8150  -38.555  -65.666  -31.237 0.5000000000
8151  -40.514  -66.447  -30.775 0.3000000119
8153  -41.678  -66.016  -31.395 0.3000000119
8163  -36.634  -66.615  -31.394 0.4000000060
8164  -37.409  -66.491  -31.456 0.4000000060
8166  -38.894  -66.107  -31.830 0.5000000000
8181  -43.783  -66.185  -32.573 0.3000000119
8182  -44.503  -66.125  -32.782 0.3000000119
8184  -46.355  -66.301  -32.828 0.3000000119
8196  -41.099  -66.270  -33.563 0.6999999881
8209  -44.277  -66.010  -34.399 0.6999999881
8224  -48.430  -65.588  -35.058 0.3000000119
8242  -46.648  -66.132  -38.167 0.4000000060
8243  -47.032  -66.089  -38.213 0.3000000119
8808  -38.040  -65.258  -28.065 0.3000000119
8819  -35.026  -64.877  -29.548 0.5000000000
8820  -35.783  -64.827  -29.638 0.5000000000
8821  -38.643  -65.694  -28.913 0.3000000119
8829  -34.640  -65.393  -29.904 0.5000000000
8849  -36.509  -65.709  -30.512 0.5000000000
8863  -40.023  -65.213  -32.156 0.6000000238
8875  -41.148  -65.007  -33.025 0.6000000238
8877  -44.714  -65.363  -32.746 0.3000000119
8882  -48.828  -65.471  -32.592 0.3000000119
8892  -41.815  -64.792  -33.457 0.6999999881
8904  -43.809  -64.875  -34.268 0.6000000238
8905  -44.488  -65.207  -34.530 0.6000000238
8906  -45.096  -65.185  -34.852 0.6000000238
8928  -46.201  -66.002  -37.015 0.4000000060
8944  -45.987  -64.965  -39.255 0.4000000060
8953  -46.425  -64.898  -39.572 0.4000000060
9493  -38.258  -64.114  -27.284 0.3000000119
9508  -34.871  -63.798  -28.624 0.5000000000
9510  -38.986  -64.498  -28.594 0.3000000119
9517  -36.093  -64.211  -29.273 0.5000000000
9553  -39.917  -64.420  -31.866 0.5000000000
9554  -40.824  -64.405  -32.609 0.6000000238
9558  -48.722  -64.768  -32.476 0.3000000119
9559  -48.718  -64.977  -32.550 0.3000000119
9583  -43.214  -64.570  -33.984 0.6999999881
9595  -44.734  -64.736  -34.804 0.6000000238
9605  -44.474  -64.422  -35.030 0.6000000238
9625  -41.088  -64.958  -38.857 0.5000000000
9626  -42.277  -64.998  -38.865 0.4000000060
9638  -41.137  -65.174  -39.966 0.5000000000
9651  -40.268  -64.708  -39.907 0.5000000000
9653  -42.503  -65.023  -40.343 0.4000000060
9654  -43.321  -64.923  -40.015 0.4000000060
9655  -44.533  -64.533  -39.560 0.4000000060
9656  -45.427  -64.520  -39.187 0.4000000060
9657  -46.498  -64.627  -39.639 0.4000000060
9658  -46.814  -64.585  -39.559 0.4000000060
9659  -47.403  -64.258  -39.125 0.4000000060
10234  -34.968  -63.107  -28.282 0.5000000000
10235  -36.097  -62.994  -28.729 0.5000000000
10241  -36.358  -63.529  -29.129 0.5000000000
10252  -37.522  -63.384  -30.130 0.5000000000
10254  -41.094  -63.775  -30.325 0.3000000119
10268  -37.867  -63.008  -30.694 0.5000000000
10270  -39.019  -63.728  -31.276 0.5000000000
10278  -38.838  -63.093  -31.645 0.6000000238
10279  -39.640  -63.556  -31.816 0.5000000000
10307  -36.680  -63.222  -34.473 0.6999999881
10317  -36.644  -63.301  -34.954 0.6999999881
10332  -42.904  -63.396  -35.467 0.6000000238
10344  -36.927  -63.565  -36.390 0.6000000238
10366  -38.590  -63.870  -37.753 0.5000000000
10371  -45.136  -63.371  -38.767 0.4000000060
10380  -36.576  -63.306  -37.941 0.6000000238
10381  -37.091  -63.634  -38.581 0.5000000000
10390  -46.937  -63.784  -39.038 0.4000000060
10400  -39.093  -64.411  -39.948 0.5000000000
10401  -39.761  -64.571  -39.999 0.5000000000
10403  -46.408  -64.325  -39.433 0.4000000060
10412  -36.620  -63.427  -39.980 0.6000000238
10413  -37.279  -63.705  -40.642 0.6000000238
10422  -37.295  -63.436  -41.241 0.6000000238
11013  -36.009  -62.428  -28.702 0.5000000000
11019  -37.057  -62.816  -29.796 0.5000000000
11033  -36.696  -62.087  -29.852 0.5000000000
11064  -38.117  -62.695  -31.869 0.6000000238
11085  -38.795  -62.669  -32.901 0.6999999881
11086  -40.250  -62.771  -33.089 0.6000000238
11100  -40.853  -62.652  -33.599 0.6000000238
11108  -36.547  -62.950  -34.613 0.6000000238
11112  -40.493  -62.516  -34.274 0.6000000238
11114  -42.631  -63.139  -34.066 0.6999999881
11121  -36.452  -63.041  -35.380 0.6000000238
11127  -42.537  -62.949  -34.678 0.6000000238
11129  -44.820  -62.199  -35.969 0.4000000060
11141  -36.500  -63.169  -36.663 0.6000000238
11144  -40.874  -62.921  -35.987 0.5000000000
11145  -41.478  -62.810  -35.579 0.5000000000
11160  -36.401  -63.053  -37.439 0.6000000238
11175  -41.933  -63.717  -39.646 0.4000000060
11177  -43.953  -63.783  -39.521 0.4000000060
11184  -36.201  -63.020  -39.284 0.6000000238
11202  -36.504  -62.566  -41.083 0.6000000238
11205  -37.612  -62.527  -41.808 0.6000000238
11829  -35.679  -61.359  -28.937 0.5000000000
11866  -37.151  -61.957  -31.276 0.5000000000
11914  -37.022  -62.220  -34.041 0.6999999881
11932  -43.110  -61.209  -35.896 0.5000000000
11933  -43.629  -61.404  -35.447 0.5000000000
11963  -36.890  -61.581  -37.321 0.6000000238
11964  -41.969  -61.784  -37.633 0.5000000000
11972  -40.234  -62.891  -39.384 0.5000000000
11978  -36.244  -62.163  -39.600 0.6000000238
11979  -36.536  -61.336  -39.058 0.6000000238
11991  -38.676  -62.256  -40.738 0.6000000238
11995  -36.476  -61.656  -41.027 0.6000000238
11996  -36.728  -62.106  -41.655 0.6000000238
11997  -38.154  -62.335  -41.689 0.6000000238
11998  -38.797  -61.713  -41.907 0.6000000238
12622  -34.353  -61.082  -28.592 0.5000000000
12623  -35.108  -61.174  -28.640 0.5000000000
12636  -34.076  -60.575  -29.116 0.5000000000
12680  -36.961  -61.522  -31.561 0.5000000000
12711  -37.252  -61.183  -33.478 0.6000000238
12736  -42.897  -60.769  -36.116 0.5000000000
12750  -37.181  -60.806  -37.092 0.6000000238
12766  -40.269  -61.542  -39.029 0.4000000060
12776  -39.518  -61.554  -41.373 0.5000000000
12781  -40.377  -61.524  -42.268 0.5000000000
12782  -41.053  -61.324  -42.020 0.5000000000
12783  -37.627  -61.396  -41.888 0.6000000238
12784  -38.494  -61.474  -42.007 0.6000000238
13451  -29.338  -60.039  -29.507 0.6000000238
13452  -29.798  -59.597  -29.393 0.6000000238
13454  -35.224  -60.207  -29.574 0.5000000000
13469  -35.033  -59.709  -30.069 0.5000000000
13470  -35.504  -59.994  -30.102 0.5000000000
13471  -35.986  -60.157  -30.442 0.5000000000
13491  -36.181  -59.898  -31.036 0.5000000000
13514  -36.659  -59.691  -32.457 0.5000000000
13515  -37.050  -60.350  -32.960 0.5000000000
13539  -37.392  -60.023  -34.944 0.6999999881
13554  -42.795  -60.199  -36.331 0.4000000060
13555  -43.175  -59.717  -35.974 0.4000000060
13576  -36.931  -59.459  -39.430 0.6000000238
13588  -38.488  -59.821  -41.798 0.6000000238
13590  -41.022  -61.414  -42.400 0.5000000000
13595  -37.923  -60.546  -41.791 0.6000000238
13597  -41.579  -61.275  -42.453 0.5000000000
13599  -43.023  -60.913  -42.380 0.4000000060
14303  -29.189  -59.360  -28.997 0.6000000238
14305  -30.616  -58.738  -29.348 0.6999999881
14323  -30.918  -58.906  -30.077 0.6000000238
14340  -30.654  -59.517  -30.644 0.6000000238
14356  -36.286  -59.259  -32.002 0.5000000000
14367  -36.311  -58.876  -32.678 0.5000000000
14397  -37.275  -59.095  -35.654 0.6999999881
14432  -37.350  -58.961  -40.091 0.6000000238
14437  -37.642  -59.355  -40.794 0.6000000238
14441  -44.303  -60.223  -42.194 0.5000000000
14445  -41.052  -60.069  -42.439 0.6000000238
15156  -28.318  -58.174  -28.385 0.6000000238
15158  -29.874  -58.058  -28.261 0.6000000238
15159  -30.592  -57.845  -28.445 0.6999999881
15198  -31.660  -57.862  -30.109 0.6999999881
15226  -39.365  -57.859  -32.152 0.6000000238
15244  -39.380  -57.917  -32.832 0.6000000238
15267  -39.425  -57.937  -33.623 0.6000000238
15268  -40.170  -58.037  -33.889 0.6000000238
15280  -36.337  -57.953  -34.833 0.6000000238
15281  -36.934  -58.412  -35.227 0.6000000238
15284  -41.007  -58.001  -34.958 0.6000000238
15307  -39.379  -58.052  -36.641 0.6000000238
15318  -36.716  -57.970  -38.280 0.6999999881
15320  -39.667  -58.178  -37.177 0.6000000238
15322  -41.552  -57.858  -37.549 0.5000000000
15332  -39.848  -58.088  -38.429 0.5000000000
15347  -38.080  -57.352  -40.366 0.6000000238
15350  -40.008  -57.726  -40.355 0.5000000000
15358  -39.917  -58.485  -41.726 0.6000000238
16101  -29.066  -56.732  -27.738 0.6000000238
16103  -30.513  -56.914  -27.699 0.6000000238
16114  -27.814  -56.847  -28.441 0.6000000238
16115  -28.533  -57.370  -28.073 0.6000000238
16139  -31.221  -57.570  -28.772 0.6999999881
16140  -31.699  -57.358  -29.133 0.6999999881
16170  -32.074  -57.289  -30.480 0.6999999881
16171  -37.622  -56.865  -31.589 0.5000000000
16184  -38.214  -57.312  -32.036 0.5000000000
16207  -37.534  -56.791  -33.286 0.5000000000
16225  -38.119  -57.154  -33.890 0.6000000238
16250  -35.429  -56.915  -35.573 0.5000000000
16252  -38.551  -57.378  -35.719 0.6000000238
16263  -36.162  -56.891  -36.705 0.6000000238
16286  -37.055  -56.371  -39.095 0.6000000238
16298  -38.856  -56.007  -39.862 0.6000000238
16304  -37.862  -56.795  -40.089 0.5000000000
16306  -38.855  -56.616  -40.212 0.6000000238
16313  -42.029  -57.423  -40.761 0.6000000238
17094  -30.315  -56.340  -27.497 0.6000000238
17095  -32.249  -56.106  -27.920 0.6000000238
17116  -32.759  -56.034  -28.459 0.6000000238
17158  -37.390  -55.844  -30.069 0.5000000000
17168  -32.812  -55.763  -31.351 0.6999999881
17170  -37.140  -56.299  -31.166 0.6999999881
17189  -36.563  -55.727  -31.440 0.6000000238
17210  -32.307  -56.335  -32.467 0.5000000000
17212  -36.639  -55.890  -32.847 0.5000000000
17213  -37.130  -56.435  -32.820 0.6000000238
17226  -32.613  -55.909  -33.616 0.5000000000
17235  -31.940  -56.337  -35.080 0.5000000000
17236  -32.442  -56.025  -34.463 0.6000000238
17246  -35.027  -56.454  -35.926 0.6000000238
17247  -37.873  -55.723  -35.880 0.6000000238
17260  -38.007  -55.403  -36.647 0.6000000238
17280  -38.713  -55.243  -39.551 0.6000000238
17281  -43.056  -56.552  -38.818 0.5000000000
17291  -38.341  -56.097  -40.061 0.6000000238
17293  -43.696  -56.230  -40.175 0.4000000060
17299  -43.909  -56.350  -41.070 0.4000000060
18145  -28.685  -55.138  -27.899 0.6000000238
18148  -30.831  -55.768  -27.277 0.6000000238
18169  -28.232  -55.610  -28.198 0.5000000000
18170  -33.211  -55.515  -28.400 0.6000000238
18191  -33.552  -55.278  -29.016 0.6000000238
18204  -26.723  -55.389  -29.983 0.5000000000
18207  -36.928  -55.203  -29.951 0.6000000238
18215  -36.402  -54.969  -31.012 0.6000000238
18231  -33.058  -55.231  -31.897 0.6000000238
18232  -33.502  -54.609  -32.098 0.6999999881
18254  -37.106  -55.707  -34.203 0.5000000000
18280  -38.135  -54.905  -37.261 0.6999999881
18311  -43.975  -55.580  -39.772 0.4000000060
19176  -29.204  -54.703  -27.653 0.6000000238
19178  -31.137  -54.696  -26.935 0.6000000238
19181  -33.637  -54.495  -27.412 0.6000000238
19182  -34.372  -54.213  -27.672 0.6000000238
19183  -37.183  -53.752  -27.982 0.5000000000
19184  -37.937  -53.987  -27.895 0.5000000000
19196  -28.084  -54.821  -28.384 0.5000000000
19201  -38.305  -54.535  -28.270 0.5000000000
19214  -27.320  -54.433  -29.367 0.5000000000
19215  -27.770  -54.262  -28.846 0.4000000060
19219  -37.415  -54.673  -28.944 0.5000000000
19232  -34.209  -54.054  -30.340 0.6999999881
19234  -35.517  -53.571  -30.281 0.6999999881
19248  -36.096  -54.115  -30.567 0.6000000238
19262  -26.614  -54.699  -31.751 0.5000000000
19275  -35.614  -53.664  -32.506 0.6000000238
19284  -33.370  -54.851  -34.239 0.6000000238
19292  -33.123  -54.700  -35.202 0.6000000238
19294  -34.584  -53.644  -33.755 0.6999999881
19299  -32.063  -54.521  -36.687 0.5000000000
19301  -33.348  -54.041  -35.741 0.6000000238
19302  -36.789  -53.546  -35.643 0.5000000000
19332  -36.760  -53.272  -38.426 0.6000000238
19333  -37.589  -53.571  -38.794 0.5000000000
19334  -38.082  -53.995  -38.597 0.6000000238
20215  -33.929  -53.059  -25.987 0.6999999881
20226  -31.455  -53.330  -26.538 0.6999999881
20228  -32.973  -53.664  -26.394 0.6999999881
20229  -33.633  -53.608  -26.414 0.6999999881
20231  -36.177  -53.259  -26.635 0.5000000000
20233  -37.764  -53.343  -26.833 0.5000000000
20245  -29.883  -53.692  -27.307 0.6000000238
20246  -30.412  -54.215  -27.052 0.6000000238
20249  -35.824  -53.561  -27.865 0.5000000000
20252  -38.261  -53.680  -27.367 0.5000000000
20278  -27.579  -53.790  -29.381 0.4000000060
20280  -35.145  -53.475  -29.955 0.6000000238
20293  -27.401  -53.346  -30.115 0.4000000060
20305  -27.139  -53.308  -31.001 0.5000000000
20321  -34.726  -53.445  -31.851 0.6999999881
20322  -35.151  -53.253  -32.146 0.6999999881
20350  -35.633  -53.152  -34.329 0.6000000238
20351  -36.275  -53.398  -34.875 0.6000000238
20367  -34.398  -52.887  -36.285 0.6000000238
20369  -37.587  -52.762  -37.491 0.5000000000
20378  -37.619  -52.788  -38.247 0.6000000238
20379  -37.904  -53.349  -38.432 0.6000000238
21261  -32.359  -52.203  -25.974 0.6000000238
21262  -33.366  -52.838  -25.902 0.6000000238
21265  -36.124  -52.396  -25.798 0.5000000000
21277  -31.177  -52.517  -26.561 0.6000000238
21280  -35.723  -52.899  -26.117 0.5000000000
21293  -30.086  -53.012  -27.161 0.6999999881
21334  -27.868  -52.269  -31.153 0.5000000000
21381  -35.936  -51.923  -37.261 0.5000000000
21382  -36.818  -51.925  -37.482 0.5000000000
21387  -34.788  -52.100  -38.156 0.5000000000
21388  -36.873  -51.947  -38.222 0.5000000000
21397  -36.077  -51.997  -38.292 0.5000000000
21398  -36.717  -52.086  -38.340 0.4000000060
22237  -32.802  -51.559  -25.791 0.6000000238
22238  -33.419  -51.845  -25.689 0.6000000238
22240  -35.709  -51.823  -25.598 0.5000000000
22260  -30.031  -51.700  -27.548 0.6000000238
22277  -28.449  -52.043  -29.698 0.4000000060
22362  -35.737  -51.947  -38.241 0.5000000000
22363  -36.256  -51.772  -38.050 0.5000000000
23213  -32.388  -50.943  -25.921 0.5000000000
23215  -34.511  -50.883  -25.557 0.5000000000
23228  -31.767  -50.667  -26.304 0.5000000000
23255  -29.686  -50.239  -28.950 0.4000000060
23271  -28.929  -50.852  -30.600 0.4000000060
24217  -31.212  -50.119  -26.786 0.5000000000
24226  -30.838  -49.589  -27.397 0.5000000000
24240  -30.423  -49.388  -28.038 0.4000000060
24319  -29.330  -50.077  -35.111 0.3000000119
24320  -30.050  -49.544  -35.314 0.4000000060
25110  -33.406  -49.407  -25.843 0.5000000000
25111  -34.083  -49.497  -25.708 0.4000000060
25112  -35.295  -48.937  -25.828 0.4000000060
25115  -37.515  -48.978  -25.581 0.4000000060
25116  -38.354  -49.298  -25.553 0.4000000060
25124  -31.771  -48.973  -26.859 0.5000000000
25126  -34.521  -49.073  -25.854 0.4000000060
25133  -31.391  -48.874  -27.346 0.4000000060
25150  -30.448  -48.914  -28.720 0.4000000060
25173  -29.959  -49.293  -30.380 0.4000000060
25185  -30.745  -48.597  -31.136 0.3000000119
25191  -30.275  -49.169  -31.359 0.3000000119
25202  -31.034  -48.799  -32.781 0.3000000119
25210  -29.578  -48.825  -35.025 0.4000000060
25212  -31.386  -48.138  -34.790 0.4000000060
25221  -30.573  -48.978  -35.471 0.4000000060
26047  -39.476  -48.474  -25.414 0.4000000060
26058  -33.856  -48.232  -26.718 0.5000000000
26074  -33.656  -47.849  -27.648 0.4000000060
26119  -31.718  -47.820  -30.835 0.3000000119
26124  -31.235  -48.200  -31.360 0.3000000119
26149  -31.959  -47.709  -33.367 0.3000000119
26158  -30.267  -48.130  -35.069 0.4000000060
26159  -31.593  -48.223  -34.024 0.3000000119
26169  -31.185  -48.002  -35.079 0.4000000060
26974  -37.713  -46.938  -24.989 0.4000000060
26975  -38.560  -47.087  -24.937 0.3000000119
26976  -39.321  -47.288  -25.038 0.3000000119
26977  -39.634  -46.704  -24.944 0.3000000119
26988  -35.938  -46.965  -25.999 0.3000000119
26989  -36.531  -47.193  -25.637 0.4000000060
27015  -34.615  -47.210  -27.344 0.3000000119
27024  -33.311  -47.176  -28.835 0.3000000119
27051  -32.055  -47.283  -31.811 0.3000000119
27057  -28.730  -47.316  -31.590 0.4000000060
27070  -29.786  -47.267  -32.743 0.4000000060
27081  -30.032  -47.561  -33.890 0.4000000060
27083  -31.839  -46.974  -34.434 0.3000000119
27092  -31.481  -47.275  -34.846 0.3000000119
28042  -32.258  -46.569  -30.465 0.3000000119
28050  -32.147  -46.773  -32.072 0.3000000119
28057  -32.024  -46.578  -32.966 0.3000000119
28071  -31.848  -46.415  -33.875 0.3000000119
28085  -31.511  -46.258  -34.309 0.4000000060
28095  -31.608  -46.686  -34.577 0.4000000060
29020  -26.239  -45.148  -32.729 0.3000000119
29035  -28.003  -45.101  -32.611 0.4000000060
29050  -31.258  -45.746  -33.581 0.4000000060
29051  -31.575  -45.997  -33.896 0.3000000119
29969  -31.352  -44.307  -29.610 0.3000000119
29986  -27.817  -43.896  -31.299 0.3000000119
29988  -31.582  -45.187  -30.799 0.3000000119
29995  -31.257  -44.636  -32.387 0.3000000119
30004  -27.995  -44.358  -32.434 0.3000000119
30924  -31.729  -43.664  -28.509 0.3000000119
30948  -28.173  -43.149  -31.934 0.4000000060
30957  -30.951  -43.150  -32.775 0.3000000119
31838  -31.525  -42.989  -29.015 0.3000000119
32762  -31.764  -41.865  -33.001 0.3000000119
131631  -39.523  -58.003  -35.191 0.6000000238
131755  -39.449  -58.055  -35.973 0.6000000238
132506  -32.208  -46.820  -31.240 0.3000000119
132572  -40.278  -65.223  -30.095 0.3000000119
134212  -48.043  -66.371  -35.159 0.3000000119
134249  -32.364  -48.001  -28.025 0.4000000060
134730  -25.858  -45.703  -31.444 0.3000000119
134941  -40.052  -66.000  -32.649 0.5000000000
135078  -30.409  -55.017  -27.183 0.6000000238
135080  -38.227  -55.552  -37.373 0.6000000238
135346  -40.427  -58.169  -37.050 0.5000000000
135685  -35.399  -53.331  -26.618 0.5000000000
135693  -36.487  -54.391  -29.923 0.4000000060
135755  -31.603  -56.018  -27.542 0.6000000238
135861  -36.527  -58.710  -33.591 0.5000000000
136003  -36.070  -54.179  -32.868 0.6000000238
136258  -45.281  -69.236  -32.831 0.4000000060
136785  -31.222  -48.749  -33.647 0.3000000119
137351  -36.454  -63.013  -36.099 0.6000000238
137562  -43.907  -69.981  -35.018 0.6000000238
137596  -39.113  -67.863  -34.167 0.5000000000
137603  -40.848  -71.820  -37.346 0.6000000238
137690  -26.647  -56.046  -29.947 0.5000000000
137691  -39.233  -64.282  -38.271 0.5000000000
137778  -31.625  -47.943  -30.012 0.3000000119
137819  -33.729  -50.678  -25.626 0.5000000000
138148  -29.720  -51.313  -28.174 0.6999999881
138259  -37.184  -52.597  -38.390 0.4000000060
139197  -35.405  -46.753  -26.486 0.3000000119
139287  -45.164  -64.628  -36.929 0.4000000060
139299  -36.762  -48.685  -25.685 0.4000000060
139312  -34.324  -62.805  -28.126 0.5000000000
139967  -31.243  -43.018  -32.565 0.3000000119
140333  -36.378  -60.529  -30.921 0.5000000000
140479  -38.279  -56.993  -35.192 0.6000000238
141157  -33.124  -55.781  -28.982 0.6000000238
141302  -35.167  -51.959  -37.453 0.5000000000
141572  -36.748  -65.231  -30.208 0.5000000000
142251  -32.272  -56.357  -33.133 0.6000000238
142708  -39.699  -62.834  -39.644 0.5000000000
143007  -35.153  -47.865  -26.634 0.4000000060
143055  -30.742  -48.444  -35.450 0.4000000060
143122  -35.774  -50.496  -25.547 0.5000000000
143199  -29.031  -53.237  -28.014 0.6000000238
143378  -46.182  -68.063  -32.833 0.4000000060
143600  -37.778  -56.309  -30.244 0.5000000000
144115  -29.061  -50.944  -29.797 0.5000000000
144659  -32.288  -47.051  -30.468 0.3000000119
144853  -46.403  -65.448  -38.828 0.4000000060
145059  -26.587  -55.051  -30.754 0.5000000000
145084  -35.054  -53.242  -33.951 0.6000000238
146518  -37.194  -54.920  -38.694 0.6000000238
146766  -33.725  -49.952  -25.688 0.5000000000
147097  -47.887  -66.219  -32.627 0.3000000119
147506  -38.407  -56.162  -37.767 0.6000000238
147844  -36.821  -58.598  -38.288 0.6999999881
148103  -38.267  -68.740  -36.099 0.5000000000
149290  -36.416  -50.576  -25.568 0.4000000060
150207  -39.582  -62.642  -33.174 0.6000000238
150459  -40.976  -64.446  -30.442 0.3000000119
151617  -37.347  -62.607  -33.375 0.6000000238
152288  -44.961  -69.529  -35.161 0.5000000000
152327  -29.755  -55.044  -27.447 0.6000000238
152642  -35.840  -53.490  -27.147 0.6000000238
152880  -42.166  -62.954  -33.701 0.6000000238
152995  -40.549  -64.720  -30.153 0.3000000119
153811  -48.487  -66.389  -32.552 0.3000000119
154273  -33.940  -54.210  -30.954 0.6999999881
154335  -35.818  -56.382  -36.712 0.6000000238
154672  -38.238  -63.137  -34.853 0.6999999881
154757  -32.042  -56.816  -32.772 0.5000000000
155150  -32.592  -47.541  -29.340 0.3000000119
155230  -41.856  -65.385  -33.636 0.6999999881
155309  -34.686  -51.372  -25.546 0.5000000000
155627  -47.907  -67.636  -33.413 0.3000000119
155700  -41.562  -65.349  -39.464 0.5000000000
155949  -40.303  -63.105  -36.354 0.5000000000
156053  -36.789  -67.124  -32.273 0.5000000000
156409  -38.349  -56.888  -30.657 0.5000000000
156680  -46.248  -66.771  -37.048 0.4000000060
156872  -32.828  -56.034  -30.784 0.6999999881
156971  -38.524  -64.170  -30.854 0.5000000000
157242  -33.447  -60.691  -29.332 0.5000000000
157413  -45.378  -65.642  -35.004 0.6000000238
157700  -31.600  -44.864  -29.241 0.3000000119
157745  -36.548  -61.498  -30.291 0.5000000000
157865  -43.761  -64.835  -38.516 0.4000000060
158173  -37.336  -60.826  -41.685 0.6000000238
158256  -38.299  -54.687  -39.007 0.6000000238
158508  -37.360  -59.570  -35.243 0.6000000238
158526  -44.106  -64.130  -35.349 0.6000000238
