#Insight Transform File V1.0
#Transform 0
Transform: AffineTransform_float_3_3
Parameters: 1 1.1931e-08 9.7e-05 1.1931e-08 1 -0.000123 -9.7e-05 0.000123 1 -0.00190121 -0.0220063 -0.197966
FixedParameters: 0 0 0

#Transform 1
Transform: AffineTransform_float_3_3
Parameters: 0.999999 0.000731 2.193e-08 -0.000731 0.999999 3e-05 2.193e-08 -3e-05 1 0.0135127 0.142403 -0.00988179
FixedParameters: 0 0 0

#Transform 2
Transform: AffineTransform_float_3_3
Parameters: 0.999999 0.00122595 0.000142429 -0.00122605 0.999999 0.000349826 -0.000142572 -0.000349175 1 0.0240616 0.192301 -0.0372838
FixedParameters: 0 0 0

#Transform 3
Transform: AffineTransform_float_3_3
Parameters: 0.999999 0.00122606 -5.15275e-05 -0.00122594 0.999998 0.00120106 5.24724e-05 -0.00120094 1 0.0166475 0.129269 -0.10407
FixedParameters: 0 0 0

#Transform 4
Transform: AffineTransform_float_3_3
Parameters: 0.999999 0.000792 7.19136e-07 -0.000792001 1 0.000908 -2.80863e-07 -0.000908 0.999999 0.0146445 0.15086 -0.0727204
FixedParameters: 0 0 0

#Transform 5
Transform: AffineTransform_float_3_3
Parameters: 0.999999 0.00077 6.3063e-07 -0.000770001 1 0.000819 -3.69369e-07 -0.000819001 0.999999 0.014261 0.147226 -0.0656569
FixedParameters: 0 0 0

#Transform 6
Transform: AffineTransform_float_3_3
Parameters: 0.999999 0.000719 7.23314e-07 -0.000719001 0.999999 0.001006 -2.76685e-07 -0.001006 0.999999 0.0132587 0.120568 -0.0844664
FixedParameters: 0 0 0

#Transform 7
Transform: AffineTransform_float_3_3
Parameters: 0.999999 0.000718905 0.000146466 -0.000719095 0.999999 0.000647894 -0.000146534 -0.000648105 1 0.0102857 0.127757 -0.0927679
FixedParameters: 0 0 0

#Transform 8
Transform: AffineTransform_float_3_3
Parameters: 0.999999 0.000718999 3.87541e-07 -0.000718999 0.999999 0.000539 3.87541e-07 -0.000539 1 0.0132243 0.0990851 -0.1136
FixedParameters: 0 0 0

#Transform 9
Transform: AffineTransform_float_3_3
Parameters: 0.999999 0.000719 2.02758e-07 -0.000719 0.999999 0.000282 2.02758e-07 -0.000282 1 0.0205595 0.0952386 -0.0802041
FixedParameters: 0 0 0

#Transform 10
Transform: AffineTransform_float_3_3
Parameters: 0.999999 0.000719 1.33015e-07 -0.000719 0.999999 0.000185 1.33015e-07 -0.000185 1 0.0283518 0.0942669 -0.0579515
FixedParameters: 0 0 0

#Transform 11
Transform: AffineTransform_float_3_3
Parameters: 0.999999 0.000718918 0.000371158 -0.000719081 0.999999 0.000219733 -0.000370842 -0.000220267 1 0.0233485 0.0935261 -0.0812323
FixedParameters: 0 0 0

#Transform 12
Transform: AffineTransform_float_3_3
Parameters: 0.999999 0.000718925 0.000339157 -0.000719074 0.999999 0.000218756 -0.000338842 -0.000219244 1 0.0247757 0.106613 -0.0430442
FixedParameters: 0 0 0

#Transform 13
Transform: AffineTransform_float_3_3
Parameters: 0.999999 0.000718682 0.000505452 -0.000719317 0.999999 0.000628636 -0.000505548 -0.000628363 0.999999 0.0209559 0.0905607 -0.108551
FixedParameters: 0 0 0

#Transform 14
Transform: AffineTransform_float_3_3
Parameters: 1 0.00023 1.6077e-07 -0.00023 0.999999 0.000699 1.6077e-07 -0.000699 1 0.0211405 0.0791786 -0.104386
FixedParameters: 0 0 0

#Transform 15
Transform: AffineTransform_float_3_3
Parameters: 1 0.000293903 0.000444064 -0.000293097 1 0.00021887 -0.000443936 -0.00021913 1 0.0128796 0.0918307 -0.122452
FixedParameters: 0 0 0

#Transform 16
Transform: AffineTransform_float_3_3
Parameters: 1 0.000425912 0.000207181 -0.000426088 1 0.000425912 -0.000207818 -0.000426088 1 0.0200519 0.0881388 -0.101644
FixedParameters: 0 0 0

#Transform 17
Transform: AffineTransform_float_3_3
Parameters: 1 0.00023 5.037e-08 -0.00023 1 0.000219 5.037e-08 -0.000219 1 0.0206423 0.0915206 -0.107509
FixedParameters: 0 0 0

#Transform 18
Transform: AffineTransform_float_3_3
Parameters: 0.999999 0.000718912 0.000187337 -0.000719087 0.999999 0.000468865 -0.000186663 -0.000469134 1 0.0283355 0.0885298 -0.044931
FixedParameters: 0 0 0

#Transform 19
Transform: AffineTransform_float_3_3
Parameters: 1 0.000229964 0.00010208 -0.000230036 1 0.000349976 -0.000101919 -0.000350023 1 0.0165087 0.0889206 -0.0333642
FixedParameters: 0 0 0

#Transform 20
Transform: AffineTransform_float_3_3
Parameters: 0.999999 0.000681845 0.00032932 -0.000682154 0.999999 0.000468775 -0.00032868 -0.000469224 1 0.0224239 0.0846148 -0.0529076
FixedParameters: 0 0 0

#Transform 21
Transform: AffineTransform_float_3_3
Parameters: 1 0.000229892 0.00049305 -0.000230108 1 0.000218887 -0.000492949 -0.000219113 1 0.0107392 0.0915249 -0.0436977
FixedParameters: 0 0 0

#Transform 22
Transform: AffineTransform_float_3_3
Parameters: 1 0.000658948 0.000168203 -0.000659052 0.999999 0.000307889 -0.000168797 -0.000308111 1 0.0252167 0.0915476 -0.0467699
FixedParameters: 0 0 0

#Transform 23
Transform: AffineTransform_float_3_3
Parameters: 0.999999 0.000917001 0.000172988 -0.000916997 0.999999 -1.31586e-05 -0.000173012 1.28413e-05 1 0.0360069 0.0990345 -0.00960671
FixedParameters: 0 0 0

#Transform 24
Transform: AffineTransform_float_3_3
Parameters: 1 0.000605002 0.000137992 -0.000604998 1 -1.30835e-05 -0.000138008 1.39165e-05 1 0.029668 0.0858831 -0.00760437
FixedParameters: 0 0 0

#Transform 25
Transform: AffineTransform_float_3_3
Parameters: 0.999999 0.000567013 0.000492984 -0.000566986 1 -2.72795e-05 -0.000493015 2.67205e-05 1 0.0240042 0.0798958 -0.0166386
FixedParameters: 0 0 0

#Transform 26
Transform: AffineTransform_float_3_3
Parameters: 1 0.00068 0.000108997 -0.000679999 1 -5.07412e-06 -0.000109003 4.92588e-06 1 0.0268004 0.079971 -0.0110448
FixedParameters: 0 0 0

#Transform 27
Transform: AffineTransform_float_3_3
Parameters: 1 0.000629998 -2.10535e-05 -0.000630002 1 -8.49867e-05 2.09471e-05 8.40132e-05 1 0.0284788 0.081279 -0.000349785
FixedParameters: 0 0 0

#Transform 28
Transform: AffineTransform_float_3_3
Parameters: 1 0.000355005 -2.09223e-05 -0.000354995 1 0.000219007 2.10777e-05 -0.000218993 1 0.00900261 0.0741493 -0.0139886
FixedParameters: 0 0 0

#Transform 29
Transform: AffineTransform_float_3_3
Parameters: 1 0.000466004 -2.08979e-05 -0.000465995 1 0.00021901 2.1102e-05 -0.00021899 1 0.0126507 0.0746236 -0.0139876
FixedParameters: 0 0 0

#Transform 30
Transform: AffineTransform_float_3_3
Parameters: 1 0.000671995 0.000112028 -0.000672004 1 4.19247e-05 -0.000111972 -4.20752e-05 1 0.0178157 0.0862525 0.00553436
FixedParameters: 0 0 0

#Transform 31
Transform: AffineTransform_float_3_3
Parameters: 1 0.00102412 0.00022848 -0.00102388 1 -0.000508234 -0.00022852 0.000507766 1 0.0170981 0.0937942 0.0275514
FixedParameters: 0 0 0

#Transform 32
Transform: AffineTransform_float_3_3
Parameters: 0.999999 0.000990963 -2.26767e-05 -0.000991037 0.999998 -0.00169198 2.13232e-05 0.00169202 0.999998 0.0113173 0.0974633 0.0657637
FixedParameters: 0 0 0

#Transform 33
Transform: AffineTransform_float_3_3
Parameters: 0.999999 0.000777193 -0.00045837 -0.000777806 0.999998 -0.00176165 0.00045663 0.00176236 0.999999 0.00217515 0.0960018 0.0837745
FixedParameters: 0 0 0

#Transform 34
Transform: AffineTransform_float_3_3
Parameters: 0.999999 0.000822921 -7.48715e-05 -0.000823078 0.999999 -0.00105894 7.31284e-05 0.00105906 1 0.00654579 0.102563 0.0569127
FixedParameters: 0 0 0

#Transform 35
Transform: AffineTransform_float_3_3
Parameters: 0.999999 0.000739432 -0.000530792 -0.000739567 0.999999 -0.00107061 0.000529208 0.00107139 1 -0.0010596 0.0828675 0.0705881
FixedParameters: 0 0 0

#Transform 36
Transform: AffineTransform_float_3_3
Parameters: 1 0.000519861 -0.00016045 -0.000520138 0.999999 -0.000865916 0.00015955 0.000866082 0.999999 -0.0125829 0.073692 0.0683825
FixedParameters: 0 0 0

#Transform 37
Transform: AffineTransform_float_3_3
Parameters: 0.999999 0.000949892 -0.00011489 -0.000949107 0.999999 -0.000936891 0.000114111 0.000937109 0.999999 0.00976501 0.0787823 0.0698522
FixedParameters: 0 0 0

#Transform 38
Transform: AffineTransform_float_3_3
Parameters: 0.999999 0.000926901 -0.00011877 -0.000927098 0.999999 -0.00083089 0.000118229 0.00083111 0.999999 -0.00238347 0.0765533 0.0679294
FixedParameters: 0 0 0

#Transform 39
Transform: AffineTransform_float_3_3
Parameters: 0.999999 0.000853925 -5.81127e-05 -0.000854074 0.999999 -0.00130295 5.68872e-05 0.00130305 0.999999 0.00575894 0.0857857 0.0593073
FixedParameters: 0 0 0

#Transform 40
Transform: AffineTransform_float_3_3
Parameters: 0.999999 0.000853378 -0.000531999 -0.000854622 0.999999 -0.00117055 0.000531 0.00117045 0.999999 0.00113353 0.0830392 0.0696034
FixedParameters: 0 0 0

#Transform 41
Transform: AffineTransform_float_3_3
Parameters: 0.999999 0.000917339 -0.00061898 -0.00091766 0.999999 -0.00106843 0.00061802 0.00106857 0.999999 0.00404492 0.0812679 0.0803256
FixedParameters: 0 0 0

#Transform 42
Transform: AffineTransform_float_3_3
Parameters: 0.999999 0.000662183 -0.000546989 -0.000663816 0.999998 -0.00149364 0.000546008 0.00149436 0.999998 0.00462104 0.0887283 0.0784624
FixedParameters: 0 0 0

#Transform 43
Transform: AffineTransform_float_3_3
Parameters: 1 0.00100566 -0.000372915 -0.00100534 0.999999 -0.000909626 0.000372085 0.000910375 1 0.000816081 0.0785396 0.0400882
FixedParameters: 0 0 0

#Transform 44
Transform: AffineTransform_float_3_3
Parameters: 0.999999 0.000610601 -0.000544447 -0.000611397 0.999999 -0.000731667 0.000543552 0.000732332 0.999999 0.0166997 0.0733277 0.0266861
FixedParameters: 0 0 0

#Transform 45
Transform: AffineTransform_float_3_3
Parameters: 0.999999 0.000709573 -0.00061849 -0.000710427 0.999999 -0.00069056 0.000618509 0.000690439 0.999999 0.0220879 0.0910928 0.00792298
FixedParameters: 0 0 0

#Transform 46
Transform: AffineTransform_float_3_3
Parameters: 0.999999 0.00063448 -0.000618534 -0.000635521 1 -0.000841608 0.000618466 0.000841393 1 0.0318014 0.0586501 0.00668012
FixedParameters: 0 0 0

#Transform 47
Transform: AffineTransform_float_3_3
Parameters: 0.999999 0.000754897 -0.000118656 -0.000755103 1 -0.000868911 0.000118344 0.00086909 0.999999 0.0239668 0.0624865 0.0413728
FixedParameters: 0 0 0

#Transform 48
Transform: AffineTransform_float_3_3
Parameters: 1 0.000592815 -0.000201545 -0.000593186 1 -0.000919881 0.000201454 0.00092012 0.999999 0.0291514 0.0683546 0.0348383
FixedParameters: 0 0 0

#Transform 49
Transform: AffineTransform_float_3_3
Parameters: 0.999999 0.000930872 -0.000118999 -0.000931127 0.999999 -0.00107289 0.000118001 0.00107311 1 0.0272023 0.0714683 0.0286686
FixedParameters: 0 0 0

#Transform 50
Transform: AffineTransform_float_3_3
Parameters: 1 0.000644957 -0.000118232 -0.000645042 0.999999 -0.000359924 0.000117768 0.000360076 1 0.0219406 0.0656032 0.0172366
FixedParameters: 0 0 0

#Transform 51
Transform: AffineTransform_float_3_3
Parameters: 1 0.000290906 -0.000118232 -0.000291094 0.999999 -0.000795965 0.000117768 0.000796034 0.999999 0.0153789 0.0738338 0.0254093
FixedParameters: 0 0 0

#Transform 52
Transform: AffineTransform_float_3_3
Parameters: 1 0.000544866 -0.000179406 -0.000545134 0.999999 -0.000745902 0.000179593 0.000746097 0.999999 0.0161602 0.0765526 -0.00559267
FixedParameters: 0 0 0

#Transform 53
Transform: AffineTransform_float_3_3
Parameters: 1 0.000540919 -0.000118369 -0.000541081 0.999999 -0.000682936 0.00011863 0.000683064 1 0.0200208 0.0680078 0.0117391
FixedParameters: 0 0 0

#Transform 54
Transform: AffineTransform_float_3_3
Parameters: 1 0.000290917 -0.000118205 -0.000291083 0.999999 -0.000703965 0.000117795 0.000704034 0.999999 0.0153783 0.0704569 0.0223759
FixedParameters: 0 0 0

#Transform 55
Transform: AffineTransform_float_3_3
Parameters: 1 0.000553875 -0.000118586 -0.000554126 1 -0.00105694 0.000118414 0.00105707 1 0.0202392 0.0734445 0.0325966
FixedParameters: 0 0 0

#Transform 56
Transform: AffineTransform_float_3_3
Parameters: 0.999999 0.000709771 -0.000311523 -0.000710229 1 -0.000736779 0.000310476 0.000737221 0.999999 0.0269204 0.0774978 0.03421
FixedParameters: 0 0 0

#Transform 57
Transform: AffineTransform_float_3_3
Parameters: 1 0.000666908 -0.000118517 -0.000667092 1 -0.000775921 0.000118482 0.000776079 0.999999 0.0222956 0.0817946 0.0401161
FixedParameters: 0 0 0

#Transform 58
Transform: AffineTransform_float_3_3
Parameters: 0.999999 0.000712912 -0.000118532 -0.000713089 1 -0.000746916 0.000118467 0.000747085 0.999999 0.0231258 0.0818186 0.0503147
FixedParameters: 0 0 0

#Transform 59
Transform: AffineTransform_float_3_3
Parameters: 0.999999 0.000503577 -0.000534398 -0.000503423 0.999999 -0.00079073 0.000534602 0.000791269 0.999999 -0.00229462 0.0827415 0.0421323
FixedParameters: 0 0 0

#Transform 60
Transform: AffineTransform_float_3_3
Parameters: 1 0.000406535 -0.000554341 -0.000407464 0.999999 -0.000837774 0.000553659 0.000838225 1 -0.00146204 0.0747841 0.0429775
FixedParameters: 0 0 0

#Transform 61
Transform: AffineTransform_float_3_3
Parameters: 1 0.000290831 -0.000322153 -0.000291169 1 -0.000524906 0.000321847 0.000524093 1 -0.00505319 0.0921801 0.0424112
FixedParameters: 0 0 0

#Transform 62
Transform: AffineTransform_float_3_3
Parameters: 0.999999 0.000650323 -0.000554794 -0.000650676 0.999999 -0.00122064 0.000553206 0.00122136 0.999999 0.00958439 0.107641 0.0499764
FixedParameters: 0 0 0

#Transform 63
Transform: AffineTransform_float_3_3
Parameters: 1 0.000734489 -0.000554678 -0.000734511 1 -0.000921594 0.000553323 0.000922407 1 0.0112377 0.0841211 0.0256996
FixedParameters: 0 0 0

#Transform 64
Transform: AffineTransform_float_3_3
Parameters: 1 0.000383713 -0.000276399 -0.000384286 1 -0.00103789 0.000275601 0.00103811 1 0.0143298 0.102839 0.0481336
FixedParameters: 0 0 0

#Transform 65
Transform: AffineTransform_float_3_3
Parameters: 0.999999 0.000479175 -0.000554713 -0.000479823 0.999999 -0.00148673 0.000553287 0.00148726 0.999998 0.00639537 0.089659 0.0361506
FixedParameters: 0 0 0

#Transform 66
Transform: AffineTransform_float_3_3
Parameters: 1 0.000686932 -5.97879e-05 -0.000687068 0.999999 -0.00114696 5.9212e-05 0.00114704 1 0.0123366 0.0915824 0.0319288
FixedParameters: 0 0 0

#Transform 67
Transform: AffineTransform_float_3_3
Parameters: 1 0.000479849 -0.000123586 -0.00047915 0.999999 -0.00122094 0.000122415 0.00122106 0.999999 0.0188202 0.0825865 0.0330442
FixedParameters: 0 0 0

#Transform 68
Transform: AffineTransform_float_3_3
Parameters: 1 0.000479849 -0.000123586 -0.00047915 0.999999 -0.00122094 0.000122415 0.00122106 0.999999 -0.00222042 0.0788998 0.0721401
FixedParameters: 0 0 0

#Transform 69
Transform: AffineTransform_float_3_3
Parameters: 1 0.000572497 -0.000362794 -0.000573503 0.999999 -0.00138679 0.000362205 0.00138721 0.999999 0.00435895 0.0882852 0.0837668
FixedParameters: 0 0 0

#Transform 70
Transform: AffineTransform_float_3_3
Parameters: 0.999999 0.00083394 -0.00053964 -0.000835057 0.999997 -0.00196555 0.000537359 0.00196645 0.999998 0.0275404 0.0833288 0.0774408
FixedParameters: 0 0 0

#Transform 71
Transform: AffineTransform_float_3_3
Parameters: 1 0.000536399 -0.000337956 -0.000537601 0.999999 -0.00178082 0.000337043 0.00178118 0.999999 0.00682654 0.0847493 0.0618349
FixedParameters: 0 0 0

#Transform 72
Transform: AffineTransform_float_3_3
Parameters: 1 0.000290499 -0.000279522 -0.000291502 0.999999 -0.00179492 0.000279477 0.00179508 0.999999 -0.00247967 0.0767877 0.0605989
FixedParameters: 0 0 0

#Transform 73
Transform: AffineTransform_float_3_3
Parameters: 1 -0.000110062 -3.98297e-05 0.000110938 0.999999 -0.001548 4.01718e-05 0.00154799 0.999999 -0.0147833 0.0601241 0.0565828
FixedParameters: 0 0 0

#Transform 74
Transform: AffineTransform_float_3_3
Parameters: 1 0.00010394 -4.01551e-05 -0.000104061 0.999999 -0.001492 4.08448e-05 0.001492 0.999999 -0.0108009 0.0534469 0.080245
FixedParameters: 0 0 0

#Transform 75
Transform: AffineTransform_float_3_3
Parameters: 1 8.02859e-05 0.000209891 -7.97153e-05 0.999999 -0.00136202 -0.000209109 0.00136198 0.999999 -0.000818265 0.0696357 0.0789671
FixedParameters: 0 0 0

#Transform 76
Transform: AffineTransform_float_3_3
Parameters: 1 5.92707e-06 -4.00109e-05 -5.07474e-06 0.999999 -0.001823 4.09908e-05 0.001823 0.999999 0.00907546 0.0641944 0.100269
FixedParameters: 0 0 0

#Transform 77
Transform: AffineTransform_float_3_3
Parameters: 1 -0.000110059 -3.98368e-05 0.000110941 0.999999 -0.001483 4.01646e-05 0.001483 0.999999 0.00641907 0.0762022 0.0775906
FixedParameters: 0 0 0

#Transform 78
Transform: AffineTransform_float_3_3
Parameters: 1 -0.000110101 -6.48279e-05 0.000110898 0.999999 -0.00156401 6.51735e-05 0.00156399 0.999999 0.00395114 0.0721662 0.0841587
FixedParameters: 0 0 0

#Transform 79
Transform: AffineTransform_float_3_3
Parameters: 1 -0.000109943 3.51797e-05 0.000110057 0.999998 -0.001634 -3.48202e-05 0.001634 0.999998 0.00535782 0.0791233 0.0839982
FixedParameters: 0 0 0

#Transform 80
Transform: AffineTransform_float_3_3
Parameters: 1 -0.000109945 3.51732e-05 0.000110055 0.999999 -0.001575 -3.48267e-05 0.001575 0.999999 0.000465783 0.0779285 0.107714
FixedParameters: 0 0 0

#Transform 81
Transform: AffineTransform_float_3_3
Parameters: 1 -0.000109944 3.51767e-05 0.000110056 0.999998 -0.001607 -3.48232e-05 0.001607 0.999998 0.00197076 0.0601305 0.108267
FixedParameters: 0 0 0

#Transform 82
Transform: AffineTransform_float_3_3
Parameters: 1 0.000132329 0.000190772 -0.000132672 0.999998 -0.00172402 -0.000190229 0.00172397 0.999998 0.0098742 0.0634714 0.111026
FixedParameters: 0 0 0

#Transform 83
Transform: AffineTransform_float_3_3
Parameters: 1 -2.36779e-05 0.000197039 2.33221e-05 0.999998 -0.00163499 -0.000196962 0.001635 0.999998 0.0145137 0.0610941 0.0933425
FixedParameters: 0 0 0

#Transform 84
Transform: AffineTransform_float_3_3
Parameters: 1 2.46564e-06 0.000300996 -2.53435e-06 0.999999 -0.001547 -0.000301004 0.001547 0.999999 0.0167144 0.0593968 0.0921117
FixedParameters: 0 0 0

#Transform 85
Transform: AffineTransform_float_3_3
Parameters: 1 -0.00010948 0.000299191 0.00011052 0.999998 -0.00173997 -0.000298808 0.00174003 0.999999 0.0107867 0.0570381 0.0930285
FixedParameters: 0 0 0

#Transform 86
Transform: AffineTransform_float_3_3
Parameters: 1 -0.00010954 0.000305165 0.000110459 0.999999 -0.00150697 -0.000304834 0.00150703 0.999999 0.0106468 0.0581657 0.0914224
FixedParameters: 0 0 0

#Transform 87
Transform: AffineTransform_float_3_3
Parameters: 1 -0.000109596 0.000237187 0.000110404 0.999998 -0.00170397 -0.000236812 0.00170402 0.999998 0.0212436 0.0621482 0.0947475
FixedParameters: 0 0 0

#Transform 88
Transform: AffineTransform_float_3_3
Parameters: 1 -0.000109218 0.000471182 0.000110781 0.999998 -0.00165895 -0.000470817 0.00165905 0.999998 0.0164173 0.0635665 0.0851085
FixedParameters: 0 0 0

#Transform 89
Transform: AffineTransform_float_3_3
Parameters: 1 -0.000109259 0.000606134 0.000110742 0.999999 -0.00122193 -0.000606865 0.00122207 0.999999 0.00457121 0.0520545 0.0460117
FixedParameters: 0 0 0

#Transform 90
Transform: AffineTransform_float_3_3
Parameters: 1 -0.000677961 3.57471e-05 0.000678039 0.999999 -0.00110198 -3.52528e-05 0.00110202 1 0.00547556 0.0606557 0.0611416
FixedParameters: 0 0 0

#Transform 91
Transform: AffineTransform_float_3_3
Parameters: 0.999999 -0.000546481 0.000653433 0.000546517 0.999999 -0.000792642 -0.000652566 0.000793356 0.999999 -0.00440287 0.0550546 0.0474273
FixedParameters: 0 0 0

#Transform 92
Transform: AffineTransform_float_3_3
Parameters: 0.999999 -0.00067738 0.000562747 0.00067862 0.999999 -0.00110162 -0.000562252 0.00110238 0.999999 -0.00508139 0.060707 0.0670754
FixedParameters: 0 0 0

#Transform 93
Transform: AffineTransform_float_3_3
Parameters: 0.999999 -0.000589528 0.00042865 0.000589472 0.999999 -0.00110175 -0.000428351 0.00110225 1 0.00651425 0.0778182 0.0711789
FixedParameters: 0 0 0

#Transform 94
Transform: AffineTransform_float_3_3
Parameters: 1 -0.000439645 0.000322485 0.000439355 1 -0.00110186 -0.000321516 0.00110214 1 0.0165985 0.0811994 0.0655306
FixedParameters: 0 0 0

#Transform 95
Transform: AffineTransform_float_3_3
Parameters: 1 -2.48977e-06 0.000463003 2.51023e-06 1 -0.001102 -0.000462998 0.001102 1 0.00945083 0.0838345 0.082593
FixedParameters: 0 0 0

#Transform 96
Transform: AffineTransform_float_3_3
Parameters: 1 -0.000168977 3.51115e-05 0.000169023 1 -0.000659994 -3.48884e-05 0.000660006 1 0.0149719 0.084538 0.0632557
FixedParameters: 0 0 0

#Transform 97
Transform: AffineTransform_float_3_3
Parameters: 1 0.000272275 0.000426824 -0.000271724 1 -0.000645116 -0.000427175 0.000644883 0.999999 0.00379672 0.0849656 0.0812357
FixedParameters: 0 0 0

#Transform 98
Transform: AffineTransform_float_3_3
Parameters: 0.999999 0.000455794 0.000693135 -0.000455206 1 0.000297684 -0.000692864 -0.000297316 0.999999 0.0133096 0.0629273 0.0582492
FixedParameters: 0 0 0

#Transform 99
Transform: AffineTransform_float_3_3
Parameters: 0.999999 0.000260658 0.000693128 -0.000261341 1 0.000492819 -0.000692871 -0.00049318 0.999999 0.00974398 0.0588269 0.0374561
FixedParameters: 0 0 0

#Transform 100
Transform: AffineTransform_float_3_3
Parameters: 0.999999 -0.000167038 0.00069299 0.000166962 1 5.51157e-05 -0.000692009 -5.48844e-05 1 0.007862 0.0658837 0.0456478
FixedParameters: 0 0 0

#Transform 101
Transform: AffineTransform_float_3_3
Parameters: 0.999999 -0.000166996 0.00091 0.000167004 1 -4.84803e-06 -0.000909999 4.15197e-06 0.999999 -0.00258982 0.0670454 0.0476716
FixedParameters: 0 0 0

#Transform 102
Transform: AffineTransform_float_3_3
Parameters: 0.999999 -0.000166781 0.000752048 0.000167219 1 -0.000290874 -0.000751951 0.000291125 0.999999 0.000594094 0.0728469 0.0608444
FixedParameters: 0 0 0

#Transform 103
Transform: AffineTransform_float_3_3
Parameters: 0.999999 -0.000166974 0.001006 0.000167026 1 -2.5832e-05 -0.00100599 2.6168e-05 0.999999 -0.00452926 0.0674848 0.048409
FixedParameters: 0 0 0

#Transform 104
Transform: AffineTransform_float_3_3
Parameters: 0.999999 -0.00016691 0.000846017 0.00016709 1 -0.000105859 -0.000845982 0.000106141 0.999999 -0.00131189 0.069151 0.0392511
FixedParameters: 0 0 0

#Transform 105
Transform: AffineTransform_float_3_3
Parameters: 0.999999 -0.000166714 0.000752063 0.000166286 1 -0.000379875 -0.000751936 0.000380125 0.999999 0.000587534 0.0809937 0.0539302
FixedParameters: 0 0 0

#Transform 106
Transform: AffineTransform_float_3_3
Parameters: 0.999999 -0.00016695 0.000752011 0.00016705 1 -6.68744e-05 -0.000751988 6.71255e-05 0.999999 0.00058973 0.0683084 0.0540328
FixedParameters: 0 0 0

#Transform 107
Transform: AffineTransform_float_3_3
Parameters: 0.999999 -0.000167317 0.000751929 0.000166683 1 0.000422125 -0.00075207 -0.000421874 0.999999 0.000577298 0.0751861 0.0390288
FixedParameters: 0 0 0

#Transform 108
Transform: AffineTransform_float_3_3
Parameters: 0.999999 -0.000167227 0.000751949 0.000166773 1 0.000302125 -0.00075205 -0.000301874 0.999999 0.00641667 0.0665066 0.0681821
FixedParameters: 0 0 0

#Transform 109
Transform: AffineTransform_float_3_3
Parameters: 1 -0.000167045 0.000617988 0.000166955 1 7.31032e-05 -0.000618012 -7.28968e-05 1 0.00329712 0.0821343 0.0639092
FixedParameters: 0 0 0

#Transform 110
Transform: AffineTransform_float_3_3
Parameters: 0.999999 -0.000294049 0.000668978 0.000293951 1 7.31966e-05 -0.000669021 -7.28033e-05 1 0.0186588 0.069032 0.0849837
FixedParameters: 0 0 0

#Transform 111
Transform: AffineTransform_float_3_3
Parameters: 0.999999 -0.00016686 0.000752031 0.00016714 1 -0.000185874 -0.000751968 0.000186125 0.999999 0.0184441 0.0799377 0.0983614
FixedParameters: 0 0 0

#Transform 112
Transform: AffineTransform_float_3_3
Parameters: 1 -0.00019771 0.000366156 0.00019829 0.999999 -0.000790927 -0.000366843 0.000791072 0.999999 0.025593 0.082708 0.118502
FixedParameters: 0 0 0

#Transform 113
Transform: AffineTransform_float_3_3
Parameters: 1 -0.000399666 0.000550242 0.000400334 0.999999 -0.000605779 -0.000550757 0.00060622 0.999999 0.0181079 0.0781772 0.0791295
FixedParameters: 0 0 0

#Transform 114
Transform: AffineTransform_float_3_3
Parameters: 0.999999 -0.000248814 0.000752061 0.000249186 1 -0.000246813 -0.000751938 0.000247187 0.999999 0.0168879 0.071648 0.0648238
FixedParameters: 0 0 0

#Transform 115
Transform: AffineTransform_float_3_3
Parameters: 0.999999 -0.00052066 0.000560315 0.000521339 0.999999 -0.000605708 -0.000559684 0.000606291 0.999999 0.0157034 0.076394 0.0808277
FixedParameters: 0 0 0

#Transform 116
Transform: AffineTransform_float_3_3
Parameters: 0.999999 -0.000423903 0.000752054 0.000424096 1 -0.000127681 -0.000751945 0.000128319 0.999999 0.0136039 0.0760354 0.0988516
FixedParameters: 0 0 0

#Transform 117
Transform: AffineTransform_float_3_3
Parameters: 1 1.52898e-05 0.000646993 -1.47101e-05 1 -0.000448009 -0.000647006 0.00044799 0.999999 0.0239008 0.084336 0.090571
FixedParameters: 0 0 0

#Transform 118
Transform: AffineTransform_float_3_3
Parameters: 0.999999 -0.000423601 0.000752224 0.000424399 1 -0.000529681 -0.000752775 0.000530319 0.999999 0.0265921 0.0541563 0.0920952
FixedParameters: 0 0 0

#Transform 119
Transform: AffineTransform_float_3_3
Parameters: 0.999999 -0.000651606 0.000649394 0.000651393 0.999999 -0.000605577 -0.000648605 0.000606422 0.999999 0.0233232 0.0546707 0.0825916
FixedParameters: 0 0 0

#Transform 120
Transform: AffineTransform_float_3_3
Parameters: 0.999999 -0.000651356 0.000752558 0.000651644 1 -0.000855511 -0.000752442 0.000856491 1 0.00944936 0.059632 0.0876524
FixedParameters: 0 0 0

#Transform 121
Transform: AffineTransform_float_3_3
Parameters: 1 -0.000651544 0.000752395 0.000651456 0.999999 -0.00060551 -0.000752605 0.00060649 0.999999 0.00955095 0.0546615 0.0829427
FixedParameters: 0 0 0

#Transform 122
Transform: AffineTransform_float_3_3
Parameters: 1 -0.000651544 0.000752395 0.000651456 0.999999 -0.00060551 -0.000752605 0.00060649 0.999999 0.00955095 0.0546615 0.0829427
FixedParameters: 0 0 0

#Transform 123
Transform: AffineTransform_float_3_3
Parameters: 0.999999 -0.000344544 0.000752208 0.000345456 1 -0.00060574 -0.00075279 0.000606259 0.999999 0.0151162 0.0559963 0.0829403
FixedParameters: 0 0 0

#Transform 124
Transform: AffineTransform_float_3_3
Parameters: 0.999999 -0.000542544 0.000752328 0.000542456 0.999999 -0.000605592 -0.000752671 0.000606408 0.999999 0.0114386 0.0550632 0.0829485
FixedParameters: 0 0 0

#Transform 125
Transform: AffineTransform_float_3_3
Parameters: 0.999999 -0.000488356 0.000752418 0.000488644 0.999999 -0.000855633 -0.000752582 0.000856368 1 0.0124306 0.060299 0.109334
FixedParameters: 0 0 0

#Transform 126
Transform: AffineTransform_float_3_3
Parameters: 1 -0.000651544 0.000752395 0.000651456 0.999999 -0.00060551 -0.000752605 0.00060649 0.999999 0.0095646 0.0522858 0.0990422
FixedParameters: 0 0 0

#Transform 127
Transform: AffineTransform_float_3_3
Parameters: 0.999999 -0.000503615 0.000635305 0.000504385 0.999999 -0.000605679 -0.000635694 0.00060632 0.999999 0.021365 0.0553095 0.082485
FixedParameters: 0 0 0

#Transform 128
Transform: AffineTransform_float_3_3
Parameters: 1 -0.000651392 0.0010024 0.000651607 0.999999 -0.000605347 -0.00100261 0.000606653 1 0.0217278 0.0546808 0.0840121
FixedParameters: 0 0 0

#Transform 129
Transform: AffineTransform_float_3_3
Parameters: 0.999999 -0.000651466 0.000752462 0.000651533 0.999999 -0.00070851 -0.000752538 0.000709491 1 0.0312368 0.0404736 0.0849172
FixedParameters: 0 0 0

#Transform 130
Transform: AffineTransform_float_3_3
Parameters: 1 -0.000651544 0.000752395 0.000651456 0.999999 -0.00060551 -0.000752605 0.00060649 0.999999 0.0267703 0.0391891 0.0806083
FixedParameters: 0 0 0

#Transform 131
Transform: AffineTransform_float_3_3
Parameters: 1 -0.00010948 0.000580098 0.00011052 0.999999 -0.000895936 -0.000579901 0.000896064 1 0.0401775 0.0333484 0.0876372
FixedParameters: 0 0 0

#Transform 132
Transform: AffineTransform_float_3_3
Parameters: 0.999999 -0.000339588 0.000752185 0.000339411 1 -0.000546745 -0.000751814 0.000547255 0.999999 0.034553 0.0547249 0.109781
FixedParameters: 0 0 0

#Transform 133
Transform: AffineTransform_float_3_3
Parameters: 0.999999 -0.000380525 0.000598301 0.000380475 0.999999 -0.000792772 -0.000598698 0.000793227 0.999999 0.0348385 0.0594883 0.119713
FixedParameters: 0 0 0

#Transform 134
Transform: AffineTransform_float_3_3
Parameters: 0.999999 -0.000227312 0.000752208 0.000227688 0.999999 -0.000913829 -0.000752792 0.000914171 1 0.0134331 0.0625692 0.100123
FixedParameters: 0 0 0

#Transform 135
Transform: AffineTransform_float_3_3
Parameters: 0.999999 -0.000227317 0.000752207 0.000227683 0.999999 -0.000907829 -0.000752794 0.000908171 1 0.0275548 0.0624319 0.0969664
FixedParameters: 0 0 0

#Transform 136
Transform: AffineTransform_float_3_3
Parameters: 0.999999 -0.000227162 0.000818233 0.000227837 1 -0.00102381 -0.000817767 0.00102419 0.999999 0.0190896 0.0647057 0.0994432
FixedParameters: 0 0 0

#Transform 137
Transform: AffineTransform_float_3_3
Parameters: 0.999999 -0.00022723 0.000752233 0.000227771 1 -0.00102383 -0.000752767 0.00102417 0.999999 0.0200769 0.0691733 0.0991197
FixedParameters: 0 0 0

#Transform 138
Transform: AffineTransform_float_3_3
Parameters: 0.999999 -0.000324286 0.000854271 0.000324713 0.999999 -0.000834723 -0.000853729 0.000835277 1 0.0195711 0.0715571 0.0961553
FixedParameters: 0 0 0

#Transform 139
Transform: AffineTransform_float_3_3
Parameters: 0.999999 -0.000227642 0.000682119 0.000228358 1 -0.000524844 -0.00068188 0.000525155 0.999999 0.0312291 0.0696996 0.0755996
FixedParameters: 0 0 0

#Transform 140
Transform: AffineTransform_float_3_3
Parameters: 0.999999 -0.000227417 0.000848156 0.000227582 0.999999 -0.000686807 -0.000847844 0.000687193 1 0.0326476 0.0580221 0.0748009
FixedParameters: 0 0 0

#Transform 141
Transform: AffineTransform_float_3_3
Parameters: 0.999999 -0.000227295 0.000752213 0.000227705 0.999999 -0.000936829 -0.000752787 0.000937171 1 0.0303904 0.0630381 0.0979398
FixedParameters: 0 0 0

#Transform 142
Transform: AffineTransform_float_3_3
Parameters: 0.999999 -0.000227483 0.000752157 0.000227516 0.999999 -0.000686829 -0.000751844 0.000687171 1 0.0345239 0.0580117 0.0744864
FixedParameters: 0 0 0

#Transform 143
Transform: AffineTransform_float_3_3
Parameters: 0.999999 -0.000416483 0.000752286 0.000416517 0.999999 -0.000686686 -0.000752713 0.000687313 0.999999 0.0256366 0.0572685 0.0743339
FixedParameters: 0 0 0

#Transform 144
Transform: AffineTransform_float_3_3
Parameters: 0.999999 -0.000544873 0.000752091 0.000545127 1 -0.00016859 -0.000751908 0.00016841 0.999999 0.0285859 0.0462809 0.0648038
FixedParameters: 0 0 0

#Transform 145
Transform: AffineTransform_float_3_3
Parameters: 1 -0.00065854 0.000752403 0.000658461 0.999999 -0.000611504 -0.000752598 0.000611495 0.999999 0.0266439 0.0325585 0.0729465
FixedParameters: 0 0 0

#Transform 146
Transform: AffineTransform_float_3_3
Parameters: 1 -0.000747484 0.000752514 0.000748518 1 -0.000686438 -0.000752486 0.000687564 1 0.00536581 0.0395875 0.107792
FixedParameters: 0 0 0

#Transform 147
Transform: AffineTransform_float_3_3
Parameters: 1 -0.000710483 0.000752489 0.000711517 0.999999 -0.000686465 -0.000752512 0.000687535 1 0.00978678 0.0381063 0.0961484
FixedParameters: 0 0 0

#Transform 148
Transform: AffineTransform_float_3_3
Parameters: 0.999999 -0.000379749 0.000752126 0.000380251 1 -0.000333714 -0.000751872 0.000334285 0.999999 0.0146353 0.0335859 0.0868844
FixedParameters: 0 0 0

#Transform 149
Transform: AffineTransform_float_3_3
Parameters: 1 -0.000658906 0.000912068 0.000658095 1 -0.0001034 -0.000911932 0.000103601 0.999999 0.00417421 0.0396394 0.101927
FixedParameters: 0 0 0

#Transform 150
Transform: AffineTransform_float_3_3
Parameters: 1 -0.000658724 0.000752242 0.000658276 0.999999 -0.000366505 -0.000752758 0.000367496 0.999999 0.00639793 0.0354622 0.120713
FixedParameters: 0 0 0

#Transform 151
Transform: AffineTransform_float_3_3
Parameters: 1 -0.000659144 0.000751874 0.000658856 1 0.000191495 -0.000752126 -0.000190504 0.999999 0.000635069 0.038622 0.0771308
FixedParameters: 0 0 0

#Transform 152
Transform: AffineTransform_float_3_3
Parameters: 1 -0.000658792 0.000752182 0.000658208 0.999999 -0.000276505 -0.000751818 0.000276495 0.999999 0.000654624 0.0479077 0.116591
FixedParameters: 0 0 0

#Transform 153
Transform: AffineTransform_float_3_3
Parameters: 1 -0.000543984 0.00099601 0.000544017 1 -1.64582e-05 -0.000995992 1.65418e-05 1 0.0024868 0.0431649 0.129128
FixedParameters: 0 0 0

#Transform 154
Transform: AffineTransform_float_3_3
Parameters: 0.999999 -0.000451786 0.000773125 0.000452214 1 -0.00027665 -0.000772875 0.000276349 0.999999 -0.00361487 0.0487632 0.132964
FixedParameters: 0 0 0

#Transform 155
Transform: AffineTransform_float_3_3
Parameters: 0.999999 -0.000541206 0.000651829 0.000540794 1 0.000316352 -0.00065217 -0.000315647 0.999999 -0.00228611 0.0483698 0.121407
FixedParameters: 0 0 0

#Transform 156
Transform: AffineTransform_float_3_3
Parameters: 1 -2.10132e-05 0.000627999 2.09868e-05 1 2.10132e-05 -0.000628 -2.09868e-05 1 -0.00223894 0.0531176 0.133733
FixedParameters: 0 0 0

#Transform 157
Transform: AffineTransform_float_3_3
Parameters: 1 0.000177024 0.000559992 -0.000176976 1 -4.30991e-05 -0.000560007 4.29009e-05 1 0.0028395 0.0467744 0.152301
FixedParameters: 0 0 0

#Transform 158
Transform: AffineTransform_float_3_3
Parameters: 1 -0.000129021 0.000437994 0.000128979 1 4.70565e-05 -0.000438006 -4.69435e-05 1 -0.000368879 0.0530168 0.147245
FixedParameters: 0 0 0

#Transform 159
Transform: AffineTransform_float_3_3
Parameters: 1 5.3674e-08 0.000571 5.3674e-08 1 -9.4e-05 -0.000571 9.4e-05 1 0.00595398 0.0560995 0.133993
FixedParameters: 0 0 0
