#!ascii label  , from subject sub-v2s1x29868_ses-1 vox2ras=TkReg
820
23816  27.460  -46.265  -17.466 0.6000000238
17863  20.730  -51.677  -21.288 0.6999999881
18741  21.902  -51.031  -21.141 0.6999999881
20662  24.688  -48.945  -17.866 0.8999999762
21698  24.960  -48.429  -18.041 0.8000000119
22733  25.859  -47.521  -17.865 0.8000000119
23832  26.513  -46.214  -18.456 0.6000000238
23831  27.120  -45.919  -18.093 0.6999999881
24921  28.038  -44.995  -18.035 0.6999999881
17874  19.477  -51.623  -22.599 0.6999999881
17865  18.554  -51.717  -22.074 0.6999999881
18760  21.401  -51.328  -21.929 0.6999999881
18759  22.029  -50.862  -21.970 0.6000000238
19706  22.745  -49.909  -20.804 0.6999999881
19691  22.751  -49.947  -19.769 0.6999999881
20702  23.691  -48.824  -19.521 0.8000000119
21743  24.030  -48.262  -19.798 0.8000000119
21725  24.696  -48.116  -18.650 0.8000000119
21724  25.260  -47.818  -18.270 0.8000000119
22755  26.144  -46.828  -18.116 0.6000000238
24923  26.884  -45.618  -18.759 0.6000000238
26042  27.602  -44.760  -18.682 0.6999999881
26029  28.494  -44.397  -17.945 0.6999999881
17876  18.199  -51.378  -22.440 0.5000000000
17877  17.523  -51.402  -22.011 0.6000000238
17885  19.329  -51.411  -23.014 0.4000000060
17873  20.461  -51.591  -22.316 0.6000000238
18774  21.875  -50.966  -22.813 0.5000000000
19721  22.854  -49.875  -21.913 0.6000000238
20703  23.206  -49.226  -20.249 0.8000000119
20715  23.684  -48.659  -20.241 0.6999999881
21755  24.430  -47.766  -20.208 0.6999999881
23871  25.345  -46.704  -20.156 0.6999999881
23850  26.339  -45.965  -19.304 0.5000000000
24943  26.869  -45.333  -19.443 0.6000000238
26051  27.719  -44.101  -18.961 0.6000000238
26041  28.042  -44.405  -18.413 0.6000000238
27108  29.328  -43.699  -17.456 0.5000000000
165883  18.020  -50.527  -21.501 0.5000000000
18743  17.584  -50.787  -21.038 0.6000000238
18730  16.681  -51.404  -20.324 0.6000000238
177946  17.940  -50.774  -21.955 0.5000000000
19732  22.531  -50.499  -22.648 0.5000000000
19731  23.062  -49.946  -22.932 0.6000000238
21783  24.299  -48.587  -22.891 0.6000000238
22794  24.861  -47.268  -20.670 0.6000000238
22793  25.233  -46.834  -21.161 0.5000000000
23870  25.924  -46.118  -20.116 0.5000000000
26053  26.894  -45.031  -20.094 0.6000000238
26052  27.274  -44.687  -19.445 0.6000000238
163154  27.894  -43.215  -19.219 0.5000000000
28170  28.537  -42.894  -18.619 0.5000000000
28168  29.697  -42.304  -17.865 0.5000000000
27120  28.982  -43.330  -18.074 0.5000000000
18729  17.595  -50.773  -20.159 0.5000000000
164665  17.228  -51.134  -19.425 0.5000000000
19743  18.554  -50.638  -22.699 0.5000000000
173725  19.847  -50.383  -23.444 0.4000000060
20751  20.444  -49.936  -23.547 0.3000000119
19746  21.282  -50.143  -23.750 0.4000000060
19745  22.204  -50.202  -23.793 0.3000000119
20750  21.068  -49.346  -23.544 0.3000000119
19740  22.908  -50.188  -23.518 0.5000000000
20742  23.892  -49.149  -23.488 0.5000000000
21782  25.273  -48.099  -23.371 0.5000000000
22814  24.963  -47.317  -21.787 0.5000000000
23893  25.636  -46.323  -21.054 0.5000000000
164350  26.363  -45.341  -21.075 0.6000000238
26070  26.723  -44.857  -20.884 0.6000000238
27134  27.396  -43.856  -19.755 0.5000000000
28186  28.808  -42.193  -18.723 0.5000000000
19694  18.482  -50.323  -19.671 0.5000000000
19693  19.036  -50.001  -19.711 0.5000000000
152084  18.890  -50.016  -21.195 0.5000000000
19723  19.347  -49.732  -21.895 0.4000000060
19733  19.458  -49.732  -22.639 0.5000000000
20735  20.071  -49.185  -22.608 0.4000000060
163438  21.022  -48.597  -23.091 0.3000000119
21818  22.576  -48.616  -23.652 0.3000000119
21803  24.533  -48.496  -23.604 0.4000000060
22837  25.197  -47.579  -22.837 0.5000000000
22813  25.573  -46.738  -22.299 0.4000000060
27151  27.258  -43.717  -20.729 0.5000000000
28198  27.554  -43.134  -21.200 0.5000000000
27150  27.607  -43.149  -20.181 0.5000000000
164969  29.870  -41.591  -18.264 0.5000000000
29285  29.235  -41.638  -18.849 0.4000000060
29286  28.781  -41.892  -19.390 0.5000000000
153729  19.443  -50.121  -18.169 0.5000000000
19692  19.723  -49.598  -19.319 0.5000000000
20705  20.188  -49.177  -19.900 0.5000000000
20716  20.541  -48.825  -20.645 0.4000000060
20725  20.182  -49.066  -21.480 0.4000000060
21784  20.987  -48.085  -21.991 0.3000000119
21804  22.034  -47.933  -23.280 0.3000000119
158431  23.721  -48.275  -23.879 0.4000000060
22877  24.806  -47.755  -23.848 0.4000000060
22855  25.711  -47.105  -23.669 0.4000000060
21802  25.039  -48.016  -23.670 0.4000000060
22836  25.844  -47.067  -23.500 0.4000000060
23911  26.219  -46.445  -23.268 0.5000000000
161876  26.416  -45.247  -22.126 0.5000000000
180919  26.479  -45.018  -21.443 0.6000000238
28197  28.057  -42.588  -20.723 0.4000000060
164138  28.406  -42.205  -19.981 0.5000000000
20688  20.311  -49.278  -18.669 0.4000000060
20704  20.902  -48.577  -19.876 0.4000000060
177771  20.232  -49.224  -19.264 0.4000000060
21758  21.030  -48.261  -20.487 0.4000000060
22816  21.398  -47.595  -21.450 0.4000000060
22859  21.694  -47.532  -22.720 0.4000000060
22858  22.239  -47.183  -22.955 0.4000000060
22879  22.955  -47.872  -23.591 0.4000000060
22878  23.755  -47.413  -23.679 0.4000000060
23944  25.488  -46.980  -23.773 0.4000000060
23922  26.120  -46.642  -23.677 0.5000000000
25005  26.464  -45.579  -23.461 0.5000000000
26090  27.201  -44.254  -23.372 0.6000000238
28205  27.651  -43.239  -22.300 0.5000000000
28204  28.080  -42.867  -22.631 0.4000000060
176784  27.881  -42.750  -21.692 0.4000000060
20664  20.732  -49.106  -17.763 0.4000000060
21728  21.335  -48.295  -19.070 0.4000000060
163970  20.927  -48.812  -18.555 0.4000000060
175614  21.431  -47.963  -19.941 0.4000000060
22839  21.523  -47.494  -22.104 0.4000000060
22857  22.871  -46.899  -23.188 0.4000000060
23924  23.762  -46.157  -23.285 0.4000000060
25023  25.877  -46.419  -23.718 0.4000000060
26102  26.813  -44.775  -23.399 0.4000000060
27165  27.365  -43.815  -22.871 0.6000000238
21700  21.391  -48.371  -18.030 0.4000000060
21727  21.893  -47.781  -18.507 0.4000000060
21744  21.935  -47.612  -19.325 0.4000000060
22795  21.391  -47.729  -20.711 0.4000000060
158676  21.937  -47.192  -20.958 0.4000000060
156882  22.277  -46.427  -21.763 0.4000000060
23913  22.424  -46.234  -22.164 0.5000000000
23926  22.460  -46.451  -22.610 0.4000000060
23925  22.969  -46.180  -22.877 0.3000000119
25008  24.067  -45.500  -23.171 0.3000000119
25007  25.278  -45.648  -23.580 0.4000000060
26103  26.621  -44.903  -23.508 0.4000000060
27177  27.442  -43.569  -23.402 0.4000000060
27176  27.504  -43.600  -23.386 0.5000000000
21689  21.254  -48.724  -17.137 0.4000000060
23853  22.456  -47.006  -19.526 0.4000000060
166921  22.542  -46.709  -20.468 0.4000000060
23872  22.600  -46.134  -21.222 0.3000000119
24984  22.630  -45.790  -21.846 0.3000000119
23912  22.768  -45.702  -22.309 0.3000000119
26106  23.315  -44.776  -22.659 0.3000000119
26104  25.680  -44.967  -23.506 0.3000000119
28223  26.975  -43.241  -23.484 0.4000000060
29336  27.707  -42.749  -23.593 0.4000000060
22735  22.245  -47.277  -17.948 0.3000000119
22758  22.599  -46.808  -18.315 0.3000000119
23835  22.727  -46.623  -18.879 0.3000000119
23852  22.898  -46.365  -19.603 0.3000000119
155701  23.068  -45.833  -20.441 0.3000000119
177117  23.215  -44.999  -20.870 0.3000000119
26084  22.884  -44.962  -21.978 0.4000000060
27166  23.155  -43.509  -22.135 0.4000000060
26092  23.056  -44.236  -22.254 0.3000000119
156741  23.495  -43.964  -22.598 0.3000000119
27179  25.305  -43.434  -23.008 0.3000000119
161321  26.280  -42.607  -23.116 0.4000000060
175288  27.239  -42.204  -23.404 0.4000000060
30437  27.913  -41.923  -23.649 0.4000000060
179087  22.918  -44.718  -21.554 0.4000000060
28213  23.465  -42.763  -22.123 0.4000000060
27181  23.318  -43.289  -22.369 0.4000000060
28224  24.344  -42.592  -22.593 0.3000000119
166562  25.378  -42.590  -22.822 0.4000000060
30423  25.981  -41.412  -22.626 0.4000000060
31573  26.792  -40.365  -22.634 0.4000000060
29322  26.510  -42.024  -23.008 0.4000000060
30422  26.865  -41.350  -22.929 0.4000000060
29325  23.671  -42.042  -22.057 0.4000000060
167587  24.084  -41.149  -22.203 0.5000000000
30424  25.081  -41.214  -22.444 0.4000000060
157505  25.987  -39.841  -22.534 0.4000000060
158837  27.662  -40.842  -23.157 0.3000000119
32825  26.702  -39.413  -22.632 0.3000000119
22732  26.514  -47.241  -17.491 0.6999999881
20686  23.904  -49.064  -18.763 0.8000000119
23833  25.917  -46.550  -18.821 0.6000000238
21742  24.514  -47.889  -19.348 0.6999999881
22778  25.375  -46.903  -19.232 0.6999999881
27109  28.338  -43.742  -18.430 0.6000000238
18783  20.810  -51.040  -23.454 0.4000000060
19741  22.344  -50.484  -23.662 0.4000000060
20724  23.561  -48.821  -21.113 0.6999999881
21768  24.033  -48.390  -21.836 0.6999999881
23851  25.781  -46.439  -19.502 0.6999999881
19724  18.412  -50.375  -22.128 0.5000000000
156942  24.690  -47.981  -22.427 0.5000000000
20748  23.343  -49.506  -23.772 0.4000000060
24994  26.026  -45.891  -21.989 0.6000000238
26082  26.897  -44.210  -21.337 0.5000000000
27159  27.022  -44.239  -22.563 0.6000000238
22838  22.039  -46.865  -22.295 0.3000000119
25006  26.223  -45.736  -23.609 0.4000000060
21688  22.168  -47.910  -16.743 0.4000000060
162105  24.750  -44.114  -23.045 0.3000000119
167404  24.658  -41.873  -22.490 0.3000000119
157000  27.489  -40.041  -22.815 0.3000000119
16860  27.354  -53.429  -15.347 0.6000000238
151557  28.050  -53.806  -15.375 0.6000000238
15152  30.838  -54.311  -15.998 0.6000000238
16000  31.124  -53.578  -15.856 0.6000000238
15156  26.762  -54.633  -15.680 0.5000000000
16005  26.708  -53.854  -15.550 0.6000000238
167550  26.414  -51.528  -15.659 0.6999999881
17770  26.548  -52.278  -15.462 0.6999999881
16004  27.402  -54.201  -15.501 0.6000000238
150752  28.040  -52.185  -15.093 0.6000000238
16859  28.764  -52.625  -15.141 0.6000000238
16846  29.352  -52.195  -15.113 0.6000000238
16845  30.146  -52.310  -15.271 0.6000000238
16857  30.633  -52.992  -15.523 0.6000000238
157706  31.597  -52.334  -15.716 0.6000000238
16854  32.476  -52.257  -16.305 0.6999999881
159783  25.324  -53.881  -16.110 0.6000000238
16884  24.717  -52.503  -16.598 0.6999999881
15157  26.023  -54.283  -15.810 0.5000000000
16883  25.370  -52.579  -16.114 0.6999999881
16006  26.014  -53.509  -15.749 0.6999999881
18652  26.879  -50.889  -15.614 0.6999999881
17769  27.264  -51.663  -15.261 0.6999999881
17759  28.966  -51.379  -14.993 0.5000000000
17757  30.593  -51.705  -15.238 0.6000000238
18649  31.705  -50.659  -15.405 0.6000000238
17765  32.076  -51.871  -15.846 0.6999999881
179564  32.357  -50.491  -15.685 0.6999999881
18672  33.011  -50.919  -16.734 0.6999999881
19635  33.199  -50.051  -16.496 0.6999999881
22834  33.119  -47.325  -22.498 0.4000000060
21752  32.987  -47.639  -20.126 0.5000000000
21723  34.081  -48.278  -18.570 0.6000000238
20683  33.795  -49.030  -18.309 0.6000000238
20645  33.586  -49.283  -16.724 0.6999999881
15177  22.741  -54.237  -17.594 0.5000000000
164422  23.722  -53.656  -17.296 0.5000000000
16900  23.465  -52.369  -17.458 0.6000000238
15168  24.160  -54.075  -17.002 0.5000000000
17789  24.493  -51.775  -16.802 0.6999999881
16028  24.264  -53.240  -16.938 0.5000000000
16027  24.984  -53.194  -16.400 0.6000000238
153909  24.891  -51.219  -16.603 0.6999999881
18673  25.485  -50.920  -16.306 0.6999999881
18653  26.168  -50.896  -15.924 0.6999999881
18650  28.184  -50.537  -15.240 0.6999999881
18635  30.224  -50.937  -15.088 0.6000000238
18634  30.905  -50.573  -15.172 0.6000000238
166966  31.711  -49.371  -15.382 0.6999999881
19610  32.696  -49.963  -15.855 0.6999999881
20646  33.111  -49.276  -16.105 0.6999999881
20660  33.836  -49.223  -17.475 0.6000000238
21683  33.934  -48.049  -16.623 0.6000000238
16051  20.700  -53.391  -17.875 0.5000000000
14323  21.602  -54.899  -17.810 0.4000000060
16902  21.961  -52.827  -17.815 0.5000000000
16040  21.525  -53.452  -17.709 0.5000000000
16901  22.856  -52.766  -17.661 0.5000000000
17819  22.023  -51.767  -18.503 0.6000000238
17805  23.051  -51.950  -17.731 0.6000000238
18710  23.354  -50.399  -18.068 0.6999999881
18694  23.198  -51.179  -17.802 0.6000000238
18693  23.848  -50.753  -17.488 0.6999999881
19637  25.480  -50.165  -16.566 0.6999999881
19616  27.393  -50.163  -15.652 0.6999999881
19599  28.958  -50.232  -15.106 0.6999999881
18636  29.357  -50.896  -15.009 0.6999999881
19598  30.312  -50.175  -15.078 0.6999999881
20624  31.040  -49.067  -15.257 0.6999999881
20623  31.698  -48.669  -15.437 0.8000000119
20621  32.980  -48.502  -15.966 0.6999999881
22754  34.347  -47.478  -18.752 0.5000000000
165741  34.304  -48.050  -17.181 0.6000000238
21656  33.488  -47.920  -16.159 0.6000000238
160445  20.234  -54.048  -17.875 0.4000000060
17820  20.809  -52.255  -18.508 0.6000000238
16917  21.624  -52.302  -18.245 0.6000000238
17837  21.757  -51.566  -19.159 0.6000000238
18712  22.273  -51.234  -18.893 0.6000000238
19677  22.995  -50.127  -18.853 0.6000000238
19653  24.023  -49.981  -17.743 0.6999999881
19652  24.710  -49.516  -17.420 0.6999999881
19636  26.080  -49.797  -16.356 0.6999999881
20629  26.796  -49.546  -16.051 0.6999999881
20648  26.303  -49.082  -16.544 0.8000000119
20628  27.588  -49.293  -15.844 0.8000000119
20627  28.376  -49.016  -15.671 0.6000000238
153788  30.299  -48.720  -15.317 0.6000000238
21658  31.614  -47.873  -15.533 0.8000000119
158911  32.322  -48.236  -15.681 0.6999999881
22776  34.413  -46.619  -18.927 0.5000000000
22730  34.651  -46.991  -17.983 0.6000000238
22685  33.484  -47.123  -16.070 0.6999999881
23830  34.653  -46.062  -18.325 0.6000000238
16920  19.014  -52.900  -18.817 0.5000000000
16921  18.074  -53.413  -19.106 0.4000000060
16054  17.660  -53.989  -18.722 0.4000000060
16938  20.237  -52.106  -19.039 0.5000000000
16919  19.940  -52.535  -18.639 0.5000000000
17838  20.998  -51.816  -19.300 0.6000000238
18728  21.548  -51.493  -19.955 0.6000000238
19707  22.263  -50.632  -20.354 0.6000000238
19690  23.343  -49.457  -19.247 0.6999999881
20649  25.490  -49.401  -16.872 0.8000000119
21687  25.879  -48.630  -17.061 0.8000000119
21685  27.285  -48.098  -16.421 0.6000000238
22691  28.644  -47.656  -15.921 0.6000000238
21660  30.126  -47.938  -15.562 0.6999999881
22689  30.194  -47.128  -15.739 0.6999999881
171006  31.594  -46.328  -15.755 0.6999999881
22712  34.574  -46.934  -17.108 0.6000000238
23770  33.214  -46.387  -15.917 0.6000000238
25999  33.414  -44.960  -15.977 0.6000000238
23814  34.683  -46.270  -17.459 0.6000000238
24866  33.703  -45.778  -16.095 0.6000000238
16955  18.406  -52.379  -20.412 0.5000000000
16940  18.098  -52.916  -19.706 0.5000000000
16071  16.819  -53.361  -19.667 0.5000000000
15192  17.166  -54.551  -18.302 0.5000000000
17853  18.938  -51.967  -21.062 0.5000000000
17840  19.392  -52.028  -20.199 0.5000000000
18742  21.447  -51.441  -20.835 0.6000000238
22716  26.877  -47.682  -16.914 0.6999999881
22731  27.251  -46.966  -17.090 0.6000000238
22714  28.500  -47.119  -16.157 0.6000000238
151666  29.146  -46.048  -16.367 0.6000000238
23773  30.154  -46.380  -15.894 0.6999999881
24871  29.765  -45.839  -16.139 0.6000000238
24869  31.240  -45.471  -15.851 0.6000000238
171251  32.644  -45.151  -15.809 0.6999999881
24905  34.714  -45.449  -17.742 0.5000000000
26012  33.937  -44.275  -16.364 0.4000000060
16970  16.993  -52.066  -21.251 0.5000000000
16941  16.120  -52.800  -20.222 0.5000000000
16072  16.065  -53.282  -19.583 0.5000000000
16041  16.306  -54.062  -18.058 0.5000000000
16042  16.389  -54.476  -17.141 0.5000000000
15169  16.174  -54.746  -16.400 0.5000000000
23815  28.057  -45.976  -17.169 0.6000000238
24886  29.399  -45.397  -16.510 0.6000000238
151191  29.668  -44.846  -16.581 0.4000000060
26002  31.210  -44.741  -15.913 0.5000000000
27083  31.531  -44.134  -15.926 0.4000000060
26013  33.186  -44.089  -16.011 0.4000000060
26000  32.727  -44.614  -15.860 0.5000000000
17867  16.894  -51.732  -21.392 0.6000000238
17842  15.877  -52.361  -20.215 0.5000000000
16922  16.013  -53.119  -19.037 0.5000000000
16903  16.455  -53.125  -17.721 0.5000000000
16029  16.371  -53.760  -17.172 0.5000000000
16007  15.580  -53.865  -15.631 0.5000000000
15159  14.834  -54.372  -15.471 0.4000000060
15160  13.345  -54.232  -15.411 0.5000000000
15161  12.626  -54.172  -15.595 0.4000000060
153456  11.945  -54.181  -15.968 0.4000000060
16032  11.384  -54.370  -16.494 0.4000000060
24906  29.165  -44.880  -16.904 0.6000000238
26016  29.647  -44.208  -16.859 0.4000000060
27096  31.071  -43.544  -16.180 0.4000000060
27095  31.892  -43.403  -16.021 0.4000000060
17841  16.290  -51.830  -19.896 0.5000000000
17807  16.585  -52.539  -18.339 0.4000000060
16886  16.598  -52.959  -16.477 0.5000000000
176938  15.596  -52.294  -15.124 0.4000000060
16865  14.409  -52.940  -15.049 0.5000000000
17775  14.832  -52.236  -14.980 0.4000000060
17776  13.926  -52.149  -15.042 0.5000000000
16866  13.490  -52.880  -15.205 0.5000000000
16868  12.155  -52.441  -15.829 0.3000000119
16888  11.622  -52.810  -16.345 0.3000000119
16904  11.444  -52.515  -17.128 0.3000000119
28151  29.531  -43.000  -17.649 0.4000000060
17821  16.961  -51.715  -18.674 0.5000000000
180434  17.199  -51.982  -17.651 0.5000000000
17792  17.024  -52.411  -16.888 0.4000000060
156336  18.079  -50.942  -18.294 0.4000000060
18696  17.809  -51.450  -17.570 0.4000000060
17791  17.658  -51.726  -16.735 0.4000000060
18656  17.616  -51.002  -15.414 0.4000000060
19655  19.029  -50.612  -17.584 0.4000000060
18676  18.892  -50.843  -16.723 0.4000000060
163911  18.012  -51.254  -16.015 0.4000000060
19640  19.395  -50.503  -16.800 0.4000000060
18655  18.389  -50.739  -15.515 0.4000000060
18638  17.862  -50.508  -15.115 0.4000000060
18640  16.451  -50.487  -14.939 0.4000000060
18654  19.260  -50.543  -16.058 0.4000000060
20665  20.074  -49.688  -17.957 0.3000000119
154536  18.981  -49.872  -14.999 0.4000000060
19602  17.590  -49.849  -14.881 0.4000000060
20618  16.917  -49.258  -14.808 0.4000000060
155813  20.298  -49.663  -17.071 0.4000000060
170040  16.164  -49.135  -14.890 0.4000000060
21644  16.628  -48.530  -14.787 0.4000000060
20650  21.187  -49.039  -16.295 0.3000000119
20630  20.981  -49.132  -15.557 0.4000000060
19600  19.631  -49.782  -15.111 0.4000000060
20616  19.187  -49.279  -14.748 0.4000000060
171659  18.124  -48.690  -14.564 0.4000000060
165140  17.476  -48.852  -14.683 0.4000000060
21642  18.458  -48.226  -14.341 0.3000000119
23795  27.813  -46.529  -16.954 0.6000000238
17852  19.983  -51.808  -20.651 0.5000000000
24907  28.619  -44.944  -17.428 0.6000000238
27107  29.893  -43.360  -16.976 0.4000000060
16001  30.296  -53.724  -15.647 0.6000000238
18647  32.765  -50.689  -16.046 0.6999999881
20622  32.407  -49.166  -15.664 0.6999999881
22792  32.456  -47.292  -20.739 0.5000000000
23849  33.914  -46.295  -19.778 0.5000000000
21741  32.980  -48.269  -19.880 0.5000000000
21740  33.657  -47.790  -19.462 0.4000000060
21722  34.413  -47.838  -17.921 0.6000000238
16039  22.360  -53.496  -17.653 0.5000000000
19615  28.260  -49.786  -15.479 0.6999999881
172550  33.873  -47.491  -16.413 0.6000000238
18711  22.782  -50.847  -18.488 0.6000000238
19613  29.643  -49.793  -15.097 0.6999999881
21659  30.947  -48.291  -15.412 0.8000000119
21657  32.912  -47.715  -15.874 0.6999999881
16053  18.818  -53.601  -18.533 0.4000000060
21663  27.770  -48.513  -15.988 0.6000000238
21661  29.258  -47.983  -15.705 0.6000000238
173223  30.844  -46.751  -15.747 0.6999999881
181805  32.116  -46.843  -15.728 0.6999999881
24920  34.563  -45.140  -18.715 0.5000000000
23848  34.368  -45.730  -19.303 0.5000000000
23771  32.469  -46.307  -15.748 0.6999999881
23769  33.783  -46.440  -16.182 0.6000000238
21684  27.984  -47.722  -16.153 0.6999999881
22690  29.102  -47.273  -15.903 0.6999999881
23774  29.602  -46.864  -15.901 0.6999999881
26001  31.968  -44.831  -15.824 0.6000000238
23793  34.211  -46.045  -16.483 0.6000000238
24884  34.246  -45.140  -16.476 0.6000000238
16956  17.016  -52.579  -20.583 0.5000000000
15193  16.540  -54.155  -18.366 0.4000000060
23794  28.443  -46.421  -16.580 0.6000000238
26003  30.617  -44.982  -16.030 0.6000000238
15170  11.830  -54.894  -16.052 0.3000000119
26015  30.166  -44.554  -16.372 0.5000000000
28136  31.415  -42.792  -16.288 0.4000000060
16864  15.431  -53.024  -15.252 0.5000000000
16867  12.720  -52.848  -15.491 0.4000000060
16044  11.160  -53.736  -17.087 0.4000000060
20651  20.540  -49.641  -16.120 0.4000000060
19619  19.815  -50.031  -15.693 0.4000000060
12001  39.844  -57.701  -28.179 0.3000000119
12757  40.422  -56.758  -27.470 0.3000000119
16967  31.195  -52.384  -21.039 0.4000000060
155645  33.167  -53.303  -20.273 0.4000000060
15220  33.040  -54.674  -20.341 0.4000000060
15219  33.849  -54.785  -20.083 0.4000000060
18756  30.860  -50.867  -21.743 0.4000000060
17862  29.305  -51.203  -21.259 0.4000000060
151856  28.858  -51.241  -20.857 0.4000000060
17848  28.926  -51.113  -20.648 0.5000000000
172069  28.800  -51.725  -20.251 0.5000000000
16936  29.500  -52.227  -19.790 0.5000000000
173974  32.783  -50.951  -21.426 0.4000000060
16966  32.201  -52.366  -20.752 0.5000000000
17861  30.262  -51.533  -21.393 0.5000000000
16068  30.383  -52.888  -19.286 0.5000000000
17858  33.294  -51.402  -20.998 0.5000000000
16950  33.601  -52.573  -20.277 0.5000000000
16083  33.916  -53.375  -20.037 0.4000000060
158548  34.311  -54.133  -19.878 0.4000000060
14360  34.099  -55.546  -20.142 0.4000000060
14359  34.962  -55.570  -20.009 0.4000000060
176236  35.962  -56.618  -20.686 0.3000000119
12654  36.563  -57.724  -22.419 0.4000000060
163660  31.740  -49.510  -22.838 0.4000000060
20723  30.846  -49.311  -21.858 0.4000000060
20714  30.830  -49.235  -21.296 0.4000000060
166106  32.396  -49.725  -22.869 0.4000000060
18771  31.255  -50.382  -22.103 0.4000000060
19730  30.597  -49.833  -21.923 0.4000000060
157536  30.031  -50.167  -20.971 0.4000000060
18738  30.044  -50.282  -20.606 0.5000000000
17836  29.712  -51.419  -20.060 0.5000000000
18769  33.281  -50.089  -22.377 0.4000000060
18755  31.894  -50.869  -21.662 0.4000000060
17860  31.498  -51.602  -21.266 0.4000000060
19689  30.901  -50.107  -20.236 0.5000000000
17835  30.749  -51.581  -19.462 0.5000000000
16935  30.513  -52.165  -19.346 0.5000000000
16916  31.314  -52.790  -18.876 0.6000000238
16898  32.598  -52.278  -17.803 0.6000000238
16049  31.967  -53.343  -18.228 0.6000000238
19651  33.252  -50.382  -17.386 0.6000000238
18691  33.009  -51.110  -17.726 0.6000000238
16899  32.406  -52.953  -17.581 0.5000000000
15205  35.183  -54.152  -19.609 0.4000000060
16855  31.972  -52.657  -16.014 0.5000000000
14358  35.802  -55.557  -19.947 0.4000000060
13477  36.237  -56.084  -20.330 0.4000000060
12632  36.903  -57.006  -21.379 0.4000000060
20713  31.460  -48.642  -20.973 0.4000000060
20701  31.980  -49.165  -20.133 0.5000000000
19688  31.790  -49.895  -19.849 0.5000000000
19687  32.570  -49.662  -19.442 0.5000000000
17834  31.522  -51.369  -19.187 0.5000000000
19675  33.010  -49.994  -18.817 0.5000000000
18709  32.433  -51.124  -18.699 0.6000000238
19674  33.472  -49.808  -18.059 0.6000000238
157418  33.024  -50.515  -18.339 0.6000000238
173608  39.401  -58.332  -27.967 0.3000000119
13579  40.851  -56.422  -26.847 0.3000000119
13526  39.301  -56.180  -23.008 0.3000000119
21801  32.491  -49.215  -23.216 0.4000000060
21780  32.111  -48.397  -22.474 0.4000000060
21781  31.594  -48.089  -21.866 0.4000000060
20722  31.164  -48.624  -21.665 0.4000000060
21754  31.948  -47.932  -20.905 0.4000000060
20700  32.770  -48.971  -19.667 0.5000000000
21753  32.498  -47.904  -20.388 0.4000000060
20684  33.260  -49.412  -18.945 0.5000000000
16881  32.578  -52.490  -17.009 0.6000000238
16882  32.215  -53.042  -16.601 0.5000000000
22812  31.878  -47.531  -21.344 0.4000000060
18773  30.073  -50.244  -21.643 0.4000000060
16050  31.188  -53.534  -18.812 0.5000000000
13527  38.719  -56.672  -22.633 0.3000000119
20732  31.488  -49.000  -22.389 0.4000000060
152023  31.118  -49.385  -20.572 0.5000000000
18724  31.637  -50.636  -19.513 0.5000000000
18723  32.453  -50.347  -19.146 0.6000000238
163548  25.944  -44.347  -23.424 0.3000000119
11981  39.979  -57.932  -28.051 0.3000000119
12633  35.665  -57.201  -21.452 0.3000000119
12758  39.658  -56.961  -27.644 0.3000000119
12781  40.168  -57.265  -28.027 0.3000000119
13492  36.613  -56.551  -20.811 0.4000000060
13493  35.478  -56.868  -20.964 0.3000000119
13540  39.579  -56.369  -23.633 0.3000000119
14296  26.868  -55.396  -15.780 0.5000000000
14302  12.365  -55.207  -15.831 0.3000000119
15153  30.042  -54.476  -15.807 0.6000000238
15155  27.473  -54.945  -15.677 0.6000000238
15158  15.687  -54.559  -15.876 0.5000000000
15166  30.508  -55.019  -16.159 0.6000000238
15178  21.954  -54.193  -17.660 0.5000000000
15189  19.452  -53.955  -18.114 0.4000000060
15218  34.644  -54.861  -19.853 0.4000000060
15999  31.749  -53.365  -16.090 0.5000000000
16008  14.844  -53.589  -15.264 0.5000000000
16009  13.995  -53.753  -15.241 0.5000000000
16010  13.046  -53.542  -15.409 0.5000000000
16011  12.156  -53.360  -15.803 0.4000000060
16026  25.527  -53.185  -16.001 0.6999999881
16030  16.226  -54.176  -16.292 0.5000000000
16031  11.532  -53.602  -16.383 0.4000000060
16037  32.140  -53.653  -17.327 0.5000000000
16038  23.138  -53.586  -17.523 0.5000000000
16043  11.367  -53.163  -16.936 0.3000000119
16052  19.780  -53.226  -18.246 0.5000000000
16055  16.595  -53.737  -18.937 0.5000000000
16847  28.744  -51.902  -15.028 0.5000000000
16856  31.390  -52.899  -15.763 0.6000000238
16861  26.649  -53.078  -15.459 0.6999999881
16862  25.980  -52.777  -15.732 0.6999999881
16885  24.044  -52.436  -17.099 0.6000000238
16887  16.248  -53.455  -15.988 0.5000000000
16915  32.074  -52.587  -18.381 0.6000000238
16918  21.152  -52.790  -17.974 0.5000000000
16939  19.352  -52.355  -19.416 0.5000000000
16942  15.918  -52.748  -19.964 0.5000000000
16957  16.339  -52.300  -20.811 0.5000000000
16958  15.945  -52.465  -20.393 0.5000000000
17756  31.116  -51.177  -15.306 0.6000000238
17758  29.678  -51.594  -15.068 0.6000000238
17764  32.675  -51.471  -16.156 0.6999999881
17766  31.385  -51.809  -15.505 0.6000000238
17767  30.985  -52.352  -15.492 0.6000000238
17768  28.201  -51.332  -15.061 0.6999999881
17771  25.875  -52.058  -15.833 0.6999999881
17777  12.258  -51.772  -15.862 0.3000000119
17787  32.819  -51.776  -17.042 0.6000000238
17788  25.217  -51.780  -16.281 0.6999999881
17790  23.768  -51.649  -17.317 0.6000000238
17806  22.356  -52.182  -17.992 0.6000000238
17815  32.761  -51.696  -18.030 0.6000000238
17816  32.170  -51.874  -18.532 0.6000000238
17817  31.431  -52.080  -18.979 0.6000000238
17818  22.629  -51.540  -18.206 0.6000000238
17822  16.069  -52.427  -19.508 0.5000000000
17839  20.157  -51.913  -19.756 0.5000000000
17847  33.021  -52.056  -20.620 0.5000000000
17851  20.880  -51.691  -20.290 0.6000000238
17854  17.782  -52.054  -21.244 0.6999999881
17855  16.207  -52.005  -20.677 0.6000000238
17859  32.483  -51.544  -21.090 0.4000000060
17864  19.707  -51.802  -21.691 0.6999999881
17866  17.551  -51.717  -21.807 0.6000000238
17875  18.829  -51.486  -22.740 0.5000000000
17886  18.811  -51.238  -22.938 0.4000000060
18637  28.722  -50.866  -15.041 0.5000000000
18639  17.200  -50.502  -15.016 0.4000000060
18648  32.277  -51.098  -15.758 0.6999999881
18651  27.589  -50.910  -15.331 0.6999999881
18674  24.944  -50.592  -16.759 0.6999999881
18675  24.383  -51.045  -16.996 0.6999999881
18677  18.281  -51.218  -16.708 0.4000000060
18692  24.484  -50.304  -17.218 0.6999999881
18695  18.460  -51.020  -17.366 0.4000000060
18713  18.237  -50.594  -19.148 0.5000000000
18725  30.564  -50.850  -19.965 0.5000000000
18726  22.447  -50.632  -19.328 0.6000000238
18727  22.025  -51.140  -19.686 0.6000000238
18739  29.601  -50.763  -20.514 0.5000000000
18740  29.508  -50.650  -20.875 0.5000000000
18744  16.879  -51.296  -21.010 0.6000000238
18757  30.067  -50.779  -21.578 0.4000000060
18758  29.592  -50.711  -21.223 0.4000000060
18761  17.431  -51.059  -21.719 0.6000000238
18770  32.486  -50.383  -22.067 0.4000000060
18772  30.567  -50.302  -21.961 0.4000000060
18775  21.088  -51.259  -22.978 0.5000000000
18776  20.125  -51.420  -23.078 0.4000000060
18777  18.030  -50.992  -22.298 0.5000000000
18782  21.731  -50.900  -23.470 0.4000000060
18784  19.632  -50.979  -23.249 0.4000000060
18785  18.830  -50.865  -23.008 0.5000000000
18786  18.443  -51.036  -22.727 0.5000000000
18787  21.573  -50.657  -23.664 0.4000000060
18788  20.583  -50.615  -23.604 0.4000000060
19601  18.416  -50.198  -15.064 0.4000000060
19603  16.739  -49.865  -14.879 0.4000000060
19611  32.045  -49.947  -15.507 0.6999999881
19612  31.171  -49.898  -15.201 0.6999999881
19614  28.989  -49.438  -15.316 0.6999999881
19617  26.526  -50.267  -15.937 0.6999999881
19618  25.928  -50.392  -16.172 0.6999999881
19638  25.000  -49.969  -16.942 0.6999999881
19639  19.869  -50.137  -16.460 0.4000000060
19650  33.542  -49.778  -17.197 0.6999999881
19654  19.718  -50.142  -17.349 0.4000000060
19676  23.650  -49.723  -18.442 0.6999999881
19678  19.745  -49.738  -18.625 0.4000000060
19679  19.070  -50.072  -18.992 0.5000000000
19705  30.452  -49.790  -20.891 0.4000000060
19708  19.798  -49.454  -20.881 0.4000000060
19709  18.409  -50.300  -20.499 0.5000000000
19719  30.326  -49.845  -21.427 0.4000000060
19720  29.885  -50.345  -21.242 0.4000000060
19722  22.368  -50.459  -21.447 0.6000000238
19729  31.151  -49.557  -22.324 0.4000000060
19734  18.867  -50.155  -22.600 0.5000000000
19742  19.153  -50.379  -23.115 0.4000000060
19744  22.881  -49.963  -23.693 0.3000000119
20613  30.348  -49.452  -15.126 0.6999999881
20615  19.950  -49.145  -14.804 0.4000000060
20617  18.356  -49.396  -14.755 0.4000000060
20625  29.666  -49.100  -15.264 0.6999999881
20626  29.083  -48.728  -15.555 0.6000000238
20631  20.345  -49.554  -15.320 0.4000000060
20647  27.031  -48.798  -16.212 0.8000000119
20661  25.214  -48.851  -17.470 0.8000000119
20663  24.202  -49.293  -18.064 0.6999999881
20685  24.431  -48.711  -18.394 0.8999999762
20687  20.684  -48.899  -19.223 0.4000000060
20699  33.484  -48.671  -19.167 0.5000000000
20712  32.236  -48.468  -20.323 0.4000000060
20733  23.520  -49.243  -22.472 0.6000000238
20734  23.422  -49.760  -23.408 0.6000000238
20743  23.400  -49.609  -23.657 0.4000000060
20744  20.445  -49.199  -23.104 0.3000000119
20747  23.935  -48.921  -23.615 0.4000000060
20749  22.687  -49.513  -23.848 0.3000000119
21627  18.912  -47.643  -14.111 0.3000000119
21645  15.901  -48.282  -15.001 0.4000000060
21662  28.492  -48.253  -15.823 0.6000000238
21682  34.256  -47.487  -16.835 0.6000000238
21686  26.591  -48.369  -16.721 0.8000000119
21695  34.492  -47.480  -17.369 0.6000000238
21696  34.176  -48.560  -17.707 0.6000000238
21697  26.221  -47.950  -17.285 0.6999999881
21699  21.889  -47.849  -17.850 0.3000000119
21726  24.183  -48.457  -19.048 0.8000000119
21756  24.014  -48.259  -20.710 0.6999999881
21757  21.972  -47.378  -20.160 0.4000000060
21766  31.545  -48.089  -21.392 0.4000000060
21767  24.462  -47.793  -21.255 0.6000000238
21769  20.863  -48.308  -21.260 0.4000000060
21779  32.754  -48.229  -22.945 0.4000000060
21785  20.428  -48.723  -22.012 0.4000000060
21805  21.166  -48.000  -22.586 0.4000000060
21806  20.611  -48.556  -22.583 0.3000000119
21816  24.724  -48.232  -23.661 0.4000000060
21817  23.394  -48.910  -23.806 0.4000000060
21819  21.765  -48.777  -23.546 0.3000000119
22686  32.751  -46.982  -15.818 0.6999999881
22687  31.546  -47.122  -15.661 0.8000000119
22688  30.878  -47.513  -15.585 0.6999999881
22713  29.039  -46.671  -16.117 0.6000000238
22715  27.905  -47.044  -16.571 0.6999999881
22756  25.554  -47.156  -18.511 0.8000000119
22757  24.971  -47.474  -18.903 0.6999999881
22759  22.309  -47.168  -18.739 0.3000000119
22777  33.959  -47.029  -19.421 0.4000000060
22779  24.873  -47.300  -19.701 0.6999999881
22791  33.288  -46.918  -20.153 0.5000000000
22815  21.906  -47.025  -21.652 0.4000000060
22856  25.425  -47.638  -23.692 0.4000000060
22876  25.317  -47.702  -23.731 0.4000000060
23772  30.831  -46.115  -15.840 0.6999999881
23792  34.486  -46.367  -16.864 0.6000000238
23817  26.808  -46.550  -17.756 0.6999999881
23892  26.023  -45.796  -20.821 0.6000000238
23910  26.342  -46.195  -23.621 0.5000000000
23921  26.274  -46.320  -23.594 0.5000000000
23923  24.864  -46.317  -23.649 0.4000000060
23943  26.010  -46.769  -23.692 0.4000000060
23945  24.416  -46.950  -23.717 0.4000000060
23946  23.497  -46.687  -23.409 0.4000000060
24867  32.949  -45.703  -15.838 0.6999999881
24868  32.141  -45.634  -15.760 0.6999999881
24870  30.421  -45.662  -15.975 0.6000000238
24883  34.591  -45.691  -16.961 0.6000000238
24885  30.008  -45.215  -16.261 0.6000000238
24887  28.709  -45.580  -16.886 0.6000000238
24908  27.721  -45.647  -17.763 0.6000000238
24922  27.431  -45.336  -18.390 0.6999999881
24942  27.211  -45.129  -18.941 0.6999999881
24965  22.851  -45.386  -21.378 0.3000000119
24993  26.455  -45.763  -23.183 0.5000000000
25009  23.149  -45.501  -22.736 0.3000000119
26011  34.419  -44.391  -16.766 0.6000000238
26014  30.790  -44.282  -16.093 0.5000000000
26028  29.031  -44.348  -17.403 0.6000000238
26069  27.061  -44.428  -20.322 0.6000000238
26083  26.640  -44.704  -21.899 0.6000000238
26091  26.813  -44.973  -23.174 0.6000000238
26101  27.167  -44.210  -23.362 0.4000000060
26105  24.390  -44.807  -23.062 0.3000000119
27082  32.355  -44.055  -15.876 0.5000000000
27158  27.219  -43.659  -21.828 0.5000000000
27178  26.704  -43.957  -23.470 0.3000000119
27180  23.949  -43.287  -22.661 0.3000000119
27192  27.372  -42.905  -23.522 0.4000000060
28169  29.145  -42.625  -18.223 0.5000000000
28187  28.366  -42.484  -19.244 0.5000000000
28212  27.810  -43.348  -23.083 0.6000000238
28225  23.649  -42.637  -22.318 0.4000000060
29279  29.333  -42.052  -18.380 0.5000000000
29297  28.483  -42.054  -20.719 0.4000000060
29305  28.339  -42.254  -21.712 0.4000000060
29323  25.630  -41.929  -22.707 0.4000000060
29324  23.891  -41.930  -22.242 0.4000000060
29337  27.080  -42.723  -23.457 0.4000000060
30379  29.266  -41.355  -19.602 0.4000000060
30425  23.734  -41.477  -22.034 0.4000000060
151050  28.770  -53.427  -15.334 0.6000000238
152482  21.435  -51.904  -18.693 0.6000000238
153845  27.297  -52.608  -15.228 0.6000000238
154220  31.746  -51.332  -15.553 0.6000000238
154718  33.991  -48.666  -16.959 0.6000000238
154855  21.872  -51.211  -20.399 0.6000000238
155455  22.955  -44.182  -21.880 0.4000000060
155762  15.832  -55.212  -16.087 0.5000000000
156842  33.540  -48.618  -16.384 0.6999999881
156846  30.341  -43.804  -16.485 0.5000000000
156930  31.660  -49.938  -22.385 0.4000000060
157434  26.451  -45.524  -20.146 0.6000000238
157642  16.290  -53.589  -18.791 0.5000000000
157684  29.678  -50.404  -15.023 0.6999999881
158361  33.483  -54.036  -20.160 0.4000000060
158576  21.808  -49.622  -23.745 0.3000000119
158947  23.587  -53.015  -17.373 0.5000000000
158958  32.225  -47.461  -15.693 0.6999999881
158977  19.827  -49.801  -23.134 0.3000000119
159367  20.468  -52.807  -18.198 0.5000000000
160195  22.271  -46.704  -21.231 0.4000000060
160220  20.802  -49.243  -16.867 0.4000000060
160449  19.374  -49.772  -20.225 0.5000000000
160749  24.699  -53.789  -16.603 0.5000000000
163278  28.042  -53.017  -15.213 0.6000000238
163393  18.646  -50.897  -16.079 0.4000000060
164329  29.683  -48.498  -15.474 0.6000000238
164883  25.760  -40.614  -22.483 0.4000000060
166813  23.113  -49.358  -21.282 0.8000000119
167873  22.974  -44.983  -22.311 0.3000000119
167910  26.149  -43.182  -23.241 0.4000000060
169180  15.587  -49.415  -14.951 0.4000000060
169540  22.346  -50.685  -23.400 0.5000000000
169956  22.115  -47.682  -17.407 0.4000000060
170611  36.150  -56.990  -21.147 0.3000000119
171232  32.897  -52.713  -20.432 0.4000000060
171538  12.346  -54.689  -15.770 0.3000000119
171590  18.687  -48.834  -14.552 0.4000000060
171901  25.571  -48.206  -17.658 0.8000000119
172116  34.133  -46.847  -16.528 0.6000000238
172895  16.237  -53.587  -18.282 0.5000000000
173631  18.808  -50.458  -18.433 0.4000000060
174225  27.457  -47.501  -16.609 0.6000000238
174599  21.746  -48.158  -17.295 0.4000000060
174727  19.096  -50.333  -15.394 0.4000000060
175889  12.916  -52.071  -15.386 0.3000000119
176719  28.842  -43.909  -17.875 0.5000000000
177023  25.822  -51.431  -15.974 0.6999999881
177536  33.640  -51.854  -20.565 0.5000000000
177746  31.815  -50.407  -22.105 0.4000000060
177899  23.145  -43.702  -22.304 0.4000000060
178487  19.908  -49.289  -22.145 0.4000000060
178882  21.487  -48.111  -23.037 0.3000000119
179505  29.646  -47.416  -15.754 0.6999999881
180593  29.177  -51.757  -15.025 0.5000000000
181034  31.015  -49.958  -22.150 0.4000000060
181073  29.531  -46.356  -16.051 0.6999999881
181149  18.865  -50.644  -15.728 0.4000000060
181534  28.227  -45.425  -17.446 0.6000000238
181572  26.643  -45.191  -20.490 0.6000000238
181617  28.016  -42.686  -19.821 0.5000000000
