#!ascii label  , from subject sub-v2s1x29907_ses-1 vox2ras=TkReg
1899
49341  15.219  -26.414  40.373 0.0000000000
80100  44.046  -3.597  21.721 0.0000000000
57313  33.424  -20.465  37.921 0.0000000000
169400  39.604  -16.376  39.699 0.0000000000
51615  29.816  -24.657  37.519 0.0000000000
50371  23.875  -26.162  44.956 0.0000000000
180183  50.544  6.345  16.937 0.0000000000
85718  54.157  1.851  24.772 0.0000000000
71708  36.745  -9.866  31.602 0.0000000000
158704  52.927  11.349  9.679 0.0000000000
54895  33.232  -21.903  42.845 0.0000000000
51524  19.206  -24.835  42.704 0.0000000000
88014  53.510  3.148  20.447 0.0000000000
85788  48.259  1.258  19.346 0.0000000000
157539  45.614  -4.997  26.865 0.0000000000
80009  51.677  -3.196  28.240 0.0000000000
76374  40.499  -6.078  26.899 0.0000000000
159822  34.600  -15.452  34.178 0.0000000000
58458  37.201  -19.581  37.407 0.0000000000
49276  31.812  -26.489  43.095 0.0000000000
49209  28.266  -27.402  47.077 0.0000000000
50420  26.588  -26.180  41.598 0.0000000000
52678  21.622  -23.972  38.213 0.0000000000
56044  30.350  -20.836  39.294 0.0000000000
94568  54.531  8.737  18.300 0.0000000000
91335  56.372  5.913  21.814 0.0000000000
82376  50.885  -1.414  24.007 0.0000000000
74041  41.723  -7.710  31.420 0.0000000000
67827  37.408  -12.016  36.197 0.0000000000
95691  50.902  8.956  13.171 0.0000000000
183273  54.645  12.742  14.874 0.0000000000
100138  59.261  13.695  12.297 0.0000000000
52595  33.219  -23.539  45.691 0.0000000000
50446  17.060  -25.564  41.429 0.0000000000
51449  18.401  -24.557  46.119 0.0000000000
50365  16.300  -25.351  45.051 0.0000000000
88059  46.842  2.736  17.199 0.0000000000
78735  45.781  -4.062  30.373 0.0000000000
156617  48.916  -4.139  30.925 0.0000000000
43923  11.223  -30.890  43.788 0.0000000000
76411  39.763  -5.732  23.318 0.0000000000
155231  32.557  -19.553  35.252 0.0000000000
58500  34.477  -19.150  35.296 0.0000000000
154482  34.825  -20.332  36.918 0.0000000000
50436  30.854  -26.266  40.498 0.0000000000
156662  29.629  -26.887  42.468 0.0000000000
50456  28.574  -26.041  39.514 0.0000000000
53824  29.795  -22.479  38.076 0.0000000000
52646  31.598  -23.691  40.252 0.0000000000
49245  25.860  -26.869  45.489 0.0000000000
93494  52.550  7.735  17.456 0.0000000000
93446  55.719  7.503  20.104 0.0000000000
91358  54.446  5.795  19.642 0.0000000000
86841  54.346  2.334  22.689 0.0000000000
89129  55.867  3.957  23.133 0.0000000000
160956  43.919  -2.597  19.976 0.0000000000
82416  46.381  -1.558  20.167 0.0000000000
81283  47.637  -2.899  22.575 0.0000000000
72928  36.650  -8.772  29.116 0.0000000000
74063  38.722  -7.744  28.980 0.0000000000
72893  39.448  -8.942  31.697 0.0000000000
61816  37.078  -16.024  36.994 0.0000000000
65421  35.597  -14.025  34.871 0.0000000000
65386  38.165  -14.219  37.496 0.0000000000
93527  48.156  7.405  14.465 0.0000000000
94636  48.661  8.652  12.726 0.0000000000
94603  50.262  8.309  15.171 0.0000000000
95659  51.717  9.855  15.775 0.0000000000
96773  58.398  10.562  9.562 0.0000000000
97875  56.421  10.790  11.336 0.0000000000
100126  57.197  13.096  13.489 0.0000000000
96745  54.241  10.113  11.906 0.0000000000
56018  33.432  -21.000  40.212 0.0000000000
162263  35.386  -21.642  39.878 0.0000000000
163971  34.488  -21.545  42.450 0.0000000000
51499  21.626  -24.919  43.302 0.0000000000
50338  23.027  -25.578  47.269 0.0000000000
51434  20.315  -24.532  46.622 0.0000000000
91403  48.321  5.341  15.922 0.0000000000
90280  52.756  4.867  19.241 0.0000000000
88056  49.310  3.803  18.090 0.0000000000
86878  51.142  2.248  20.121 0.0000000000
84637  52.285  0.572  22.542 0.0000000000
78841  45.028  -4.519  24.291 0.0000000000
80049  48.509  -3.776  25.469 0.0000000000
78788  48.460  -4.497  27.336 0.0000000000
70463  34.577  -10.702  31.914 0.0000000000
64149  41.035  -14.717  40.976 0.0000000000
48160  14.063  -27.463  39.859 0.0000000000
49274  14.032  -26.818  43.989 0.0000000000
46958  12.949  -28.816  43.371 0.0000000000
78885  42.166  -4.436  21.831 0.0000000000
77612  42.228  -5.218  23.746 0.0000000000
76358  43.117  -5.645  27.266 0.0000000000
153249  43.436  -5.174  29.417 0.0000000000
61858  33.444  -16.584  33.403 0.0000000000
60663  35.432  -17.467  35.575 0.0000000000
160997  38.190  -17.712  38.172 0.0000000000
54938  37.495  -22.096  39.867 0.0000000000
57277  39.617  -20.885  39.461 0.0000000000
50348  32.071  -25.882  46.244 0.0000000000
161434  30.722  -27.352  47.527 0.0000000000
49241  29.987  -27.351  45.332 0.0000000000
49263  27.573  -27.033  44.536 0.0000000000
49300  25.344  -26.536  43.250 0.0000000000
154004  25.161  -24.768  37.851 0.0000000000
157165  24.311  -24.937  39.558 0.0000000000
51535  22.740  -25.236  41.450 0.0000000000
51567  20.622  -24.390  40.205 0.0000000000
165100  18.000  -24.649  38.765 0.0000000000
50489  15.801  -25.589  38.281 0.0000000000
154469  31.522  -19.430  36.225 0.0000000000
58462  29.856  -18.873  37.666 0.0000000000
167105  31.079  -19.851  38.560 0.0000000000
54942  31.840  -21.476  40.706 0.0000000000
52621  32.614  -23.993  43.148 0.0000000000
93415  58.561  8.362  23.375 0.0000000000
90253  55.647  4.812  21.127 0.0000000000
84693  45.528  0.326  18.414 0.0000000000
83544  50.273  -0.494  21.601 0.0000000000
84586  52.773  0.347  24.724 0.0000000000
81257  50.955  -2.311  25.705 0.0000000000
82352  53.196  -0.961  25.925 0.0000000000
76378  38.084  -6.399  26.183 0.0000000000
76329  41.665  -6.608  29.083 0.0000000000
76283  44.277  -6.484  32.326 0.0000000000
69188  34.826  -11.600  33.540 0.0000000000
70422  36.832  -10.782  34.273 0.0000000000
66493  40.033  -12.848  38.984 0.0000000000
69152  39.650  -11.076  36.907 0.0000000000
71658  39.745  -9.903  34.164 0.0000000000
72853  42.190  -8.819  34.366 0.0000000000
75126  45.516  -7.373  35.592 0.0000000000
96763  51.791  10.150  11.158 0.0000000000
96716  52.554  10.418  14.349 0.0000000000
97811  52.740  11.615  16.280 0.0000000000
52574  33.557  -23.654  47.762 0.0000000000
50463  16.067  -25.930  40.449 0.0000000000
50406  16.650  -25.639  42.651 0.0000000000
49303  15.806  -25.975  42.780 0.0000000000
78715  45.728  -3.717  31.224 0.0000000000
79961  47.457  -3.387  31.914 0.0000000000
42972  11.529  -32.338  41.174 0.0000000000
57350  33.021  -20.032  36.344 0.0000000000
57349  33.796  -20.098  36.232 0.0000000000
57312  34.203  -20.696  37.773 0.0000000000
50472  29.900  -25.668  38.699 0.0000000000
49338  29.843  -26.405  39.976 0.0000000000
50485  28.956  -25.671  38.364 0.0000000000
54972  29.158  -21.807  37.262 0.0000000000
52691  30.102  -24.237  37.555 0.0000000000
52666  30.740  -24.184  38.521 0.0000000000
49246  25.110  -26.696  45.258 0.0000000000
50349  24.256  -26.348  46.456 0.0000000000
92416  51.630  6.787  17.391 0.0000000000
92399  53.555  6.929  18.428 0.0000000000
91370  52.502  5.921  18.416 0.0000000000
86830  53.771  1.935  24.071 0.0000000000
87968  54.899  3.033  24.017 0.0000000000
80111  44.517  -3.161  21.201 0.0000000000
80109  45.935  -2.982  21.521 0.0000000000
80083  46.529  -3.384  22.877 0.0000000000
71731  35.638  -9.591  30.103 0.0000000000
71729  37.225  -9.179  30.351 0.0000000000
72916  38.260  -8.688  30.257 0.0000000000
170703  38.374  -9.199  31.393 0.0000000000
61799  38.385  -16.513  38.351 0.0000000000
63030  37.405  -15.351  37.139 0.0000000000
64221  39.050  -15.344  38.800 0.0000000000
92443  49.631  6.872  15.731 0.0000000000
93525  49.570  8.001  14.915 0.0000000000
93508  50.331  7.242  16.041 0.0000000000
93506  51.474  7.946  16.647 0.0000000000
161577  55.747  10.397  9.480 0.0000000000
96796  54.577  10.517  9.832 0.0000000000
96743  55.697  10.525  11.496 0.0000000000
96778  54.073  10.342  10.497 0.0000000000
54927  32.720  -21.304  41.440 0.0000000000
55983  33.896  -21.319  41.789 0.0000000000
54894  33.932  -21.619  43.138 0.0000000000
51523  20.391  -24.710  42.966 0.0000000000
157119  21.025  -24.780  44.854 0.0000000000
51478  19.883  -24.693  44.341 0.0000000000
52579  17.488  -24.210  47.304 0.0000000000
52578  18.723  -24.047  47.767 0.0000000000
181330  47.288  5.071  15.639 0.0000000000
90307  48.739  4.431  16.971 0.0000000000
89210  47.927  4.262  16.571 0.0000000000
86901  47.589  2.069  18.283 0.0000000000
182478  48.749  2.519  18.776 0.0000000000
86880  49.748  1.868  19.653 0.0000000000
85768  51.726  1.129  21.019 0.0000000000
85769  50.703  0.735  20.862 0.0000000000
77580  45.380  -4.823  25.550 0.0000000000
78809  46.787  -4.635  26.061 0.0000000000
77538  47.133  -4.958  27.617 0.0000000000
91424  47.425  6.204  15.011 0.0000000000
171445  13.275  -28.284  42.161 0.0000000000
45895  13.141  -29.026  41.865 0.0000000000
77645  40.734  -4.894  21.265 0.0000000000
77633  41.706  -4.917  22.285 0.0000000000
77624  41.184  -5.312  22.794 0.0000000000
76398  39.671  -5.839  24.813 0.0000000000
76396  41.644  -5.614  24.754 0.0000000000
76373  41.185  -5.906  26.510 0.0000000000
77542  42.955  -5.582  28.312 0.0000000000
77543  42.313  -5.955  28.288 0.0000000000
60688  32.866  -17.665  33.516 0.0000000000
58475  36.011  -19.192  36.541 0.0000000000
59596  35.282  -18.304  35.602 0.0000000000
181479  36.471  -18.808  36.849 0.0000000000
60641  37.130  -17.802  37.305 0.0000000000
59540  37.685  -19.163  37.744 0.0000000000
54924  35.930  -22.063  41.334 0.0000000000
54952  36.035  -21.819  39.488 0.0000000000
156307  37.724  -22.430  40.942 0.0000000000
176500  40.008  -21.900  40.733 0.0000000000
57275  40.705  -20.224  39.954 0.0000000000
177407  31.910  -26.381  43.946 0.0000000000
182052  31.506  -26.904  45.330 0.0000000000
49259  31.054  -27.128  44.167 0.0000000000
49316  28.026  -26.486  42.038 0.0000000000
179213  28.374  -26.864  43.332 0.0000000000
49298  27.449  -26.574  42.569 0.0000000000
155417  26.581  -26.773  43.869 0.0000000000
50400  25.981  -26.314  42.058 0.0000000000
156604  25.988  -24.625  36.717 0.0000000000
169805  22.173  -23.942  37.132 0.0000000000
155035  23.553  -24.700  38.441 0.0000000000
173620  22.918  -24.628  38.647 0.0000000000
51549  23.452  -25.125  40.509 0.0000000000
51565  22.284  -24.720  39.985 0.0000000000
51566  21.425  -24.583  40.322 0.0000000000
52667  20.749  -23.906  39.080 0.0000000000
51588  17.034  -25.052  38.806 0.0000000000
58523  30.641  -19.109  34.817 0.0000000000
59618  29.860  -18.810  34.907 0.0000000000
56063  29.301  -20.001  38.397 0.0000000000
58446  29.834  -19.256  38.354 0.0000000000
58445  30.497  -19.471  38.291 0.0000000000
57294  30.612  -20.196  39.196 0.0000000000
56042  31.772  -20.594  39.799 0.0000000000
163675  30.828  -21.171  39.689 0.0000000000
50434  31.823  -25.637  41.436 0.0000000000
168919  32.222  -24.175  42.093 0.0000000000
50399  32.210  -25.504  42.843 0.0000000000
157411  32.480  -24.977  44.255 0.0000000000
49208  29.032  -27.383  47.094 0.0000000000
49237  13.595  -26.865  45.709 0.0000000000
50357  14.407  -26.229  46.575 0.0000000000
94554  55.448  8.906  19.378 0.0000000000
92372  55.985  6.831  20.580 0.0000000000
93431  56.925  7.970  21.399 0.0000000000
92349  57.065  6.855  22.320 0.0000000000
91326  57.819  6.978  23.654 0.0000000000
89159  53.697  3.915  20.174 0.0000000000
90266  53.936  4.646  19.864 0.0000000000
89147  54.924  3.647  20.983 0.0000000000
175091  56.234  4.729  23.691 0.0000000000
181200  49.206  -1.936  22.418 0.0000000000
82404  48.166  -1.155  20.937 0.0000000000
83524  50.274  -1.360  22.892 0.0000000000
83507  51.543  -0.359  23.413 0.0000000000
83488  51.808  -0.360  24.179 0.0000000000
80025  50.242  -3.506  27.147 0.0000000000
80047  49.607  -3.289  25.772 0.0000000000
81234  51.256  -2.772  26.997 0.0000000000
75258  36.878  -6.876  26.266 0.0000000000
156676  39.969  -7.691  29.900 0.0000000000
75228  40.404  -6.807  28.742 0.0000000000
75209  41.772  -7.217  30.414 0.0000000000
76317  43.031  -6.315  30.326 0.0000000000
75187  43.265  -7.274  32.166 0.0000000000
156308  33.792  -15.423  33.105 0.0000000000
166326  34.151  -14.703  33.318 0.0000000000
66545  36.389  -12.549  35.452 0.0000000000
66569  35.374  -12.581  34.343 0.0000000000
66555  36.256  -11.833  35.016 0.0000000000
69187  35.494  -11.390  33.963 0.0000000000
69164  36.919  -11.398  35.219 0.0000000000
158118  40.752  -13.654  40.157 0.0000000000
70393  41.263  -10.604  37.324 0.0000000000
157258  39.984  -10.507  35.662 0.0000000000
71633  41.504  -9.972  36.111 0.0000000000
71656  41.083  -9.594  34.560 0.0000000000
71642  42.754  -9.148  35.907 0.0000000000
95693  49.440  8.835  12.536 0.0000000000
95719  51.492  9.601  11.724 0.0000000000
95706  52.628  9.516  12.138 0.0000000000
95690  51.666  9.218  13.041 0.0000000000
177241  52.936  9.007  17.098 0.0000000000
179204  52.314  10.963  15.978 0.0000000000
95651  53.288  10.337  16.935 0.0000000000
96683  54.186  10.775  17.103 0.0000000000
98986  58.939  12.190  11.176 0.0000000000
98947  55.827  12.544  14.034 0.0000000000
101298  54.919  13.947  15.776 0.0000000000
100104  54.325  13.361  15.787 0.0000000000
170730  33.103  -23.145  43.941 0.0000000000
54863  33.610  -22.297  44.331 0.0000000000
53748  33.798  -22.389  45.929 0.0000000000
51539  18.042  -25.163  41.780 0.0000000000
51479  19.032  -24.744  44.151 0.0000000000
51504  17.755  -25.087  43.794 0.0000000000
167550  17.073  -24.698  45.890 0.0000000000
51437  16.518  -24.680  47.030 0.0000000000
86928  45.326  2.524  16.793 0.0000000000
85815  46.153  1.574  17.845 0.0000000000
77519  45.490  -4.953  28.358 0.0000000000
77500  47.405  -4.909  29.290 0.0000000000
78734  47.188  -4.160  30.771 0.0000000000
78691  48.411  -3.271  32.204 0.0000000000
44902  12.634  -30.508  41.269 0.0000000000
42965  11.967  -31.682  41.498 0.0000000000
42948  10.779  -31.973  43.528 0.0000000000
76435  39.614  -5.547  21.785 0.0000000000
76399  38.930  -5.885  24.649 0.0000000000
59633  32.639  -18.410  33.818 0.0000000000
58520  33.209  -19.451  35.007 0.0000000000
58477  34.642  -19.697  35.935 0.0000000000
57328  36.307  -20.264  37.248 0.0000000000
50418  31.418  -26.418  41.646 0.0000000000
49295  30.588  -27.153  42.731 0.0000000000
159746  30.202  -26.752  41.157 0.0000000000
169315  28.435  -26.329  40.796 0.0000000000
50439  27.266  -25.883  40.439 0.0000000000
52696  20.155  -23.387  37.744 0.0000000000
172854  20.145  -23.095  37.029 0.0000000000
158038  29.236  -20.948  37.910 0.0000000000
54961  30.123  -21.779  38.687 0.0000000000
53813  30.954  -22.706  39.281 0.0000000000
52665  31.171  -23.972  39.304 0.0000000000
51561  31.473  -24.746  40.011 0.0000000000
49228  26.986  -27.216  46.283 0.0000000000
94569  53.949  8.306  17.971 0.0000000000
94555  54.896  8.384  18.916 0.0000000000
93459  54.713  7.590  19.072 0.0000000000
92373  55.355  6.626  20.039 0.0000000000
91346  55.640  6.065  20.516 0.0000000000
87985  54.342  2.306  21.749 0.0000000000
89137  55.292  3.300  21.742 0.0000000000
87976  54.825  2.887  23.161 0.0000000000
87967  55.604  3.588  24.517 0.0000000000
82429  44.673  -1.484  19.206 0.0000000000
81316  45.397  -2.281  20.278 0.0000000000
81302  47.333  -2.333  21.310 0.0000000000
175166  49.373  -2.372  23.479 0.0000000000
81215  52.731  -2.580  28.280 0.0000000000
72951  36.125  -8.225  27.777 0.0000000000
74087  37.339  -7.483  27.452 0.0000000000
74064  37.846  -8.055  28.819 0.0000000000
74043  39.551  -8.293  30.590 0.0000000000
74032  40.941  -8.257  31.648 0.0000000000
63050  35.568  -15.527  35.218 0.0000000000
64294  35.051  -14.436  34.295 0.0000000000
64264  36.376  -14.828  35.962 0.0000000000
65397  37.201  -14.057  36.565 0.0000000000
66526  37.616  -13.429  36.769 0.0000000000
181682  47.453  8.132  13.194 0.0000000000
95694  47.778  8.610  12.732 0.0000000000
153129  48.197  8.174  13.309 0.0000000000
160932  49.573  8.468  14.091 0.0000000000
94620  50.154  8.668  14.167 0.0000000000
95677  50.848  9.073  14.283 0.0000000000
94602  50.924  8.827  15.461 0.0000000000
94591  51.714  8.683  16.417 0.0000000000
96808  56.518  10.612  8.548 0.0000000000
97887  57.365  10.682  10.456 0.0000000000
161147  57.895  12.052  11.871 0.0000000000
100125  58.540  13.400  12.720 0.0000000000
98977  57.346  11.972  12.179 0.0000000000
97846  55.951  11.425  12.807 0.0000000000
97832  54.874  11.538  13.914 0.0000000000
56061  33.107  -20.520  38.909 0.0000000000
56060  33.920  -20.836  38.491 0.0000000000
160901  34.081  -21.130  39.755 0.0000000000
54926  34.657  -21.444  41.462 0.0000000000
54891  35.900  -21.939  43.138 0.0000000000
179157  22.732  -25.549  44.402 0.0000000000
50351  23.137  -25.707  46.478 0.0000000000
173053  22.021  -25.096  45.599 0.0000000000
51432  21.823  -24.880  47.113 0.0000000000
51448  19.149  -24.551  46.112 0.0000000000
52567  20.114  -24.120  48.139 0.0000000000
91401  49.646  5.635  16.690 0.0000000000
91371  51.701  5.567  18.166 0.0000000000
90320  49.651  5.102  17.162 0.0000000000
89171  50.648  4.328  18.518 0.0000000000
88026  51.415  3.518  19.466 0.0000000000
157023  48.079  3.213  17.627 0.0000000000
88028  49.876  3.105  19.071 0.0000000000
88002  53.292  2.432  20.723 0.0000000000
86870  53.009  1.777  21.041 0.0000000000
85742  53.356  1.399  22.615 0.0000000000
183802  53.282  1.391  24.107 0.0000000000
78870  44.542  -4.095  23.014 0.0000000000
78868  46.015  -3.792  23.317 0.0000000000
78839  46.389  -4.165  24.678 0.0000000000
78806  48.924  -4.169  26.803 0.0000000000
78768  50.210  -4.031  28.255 0.0000000000
77515  48.663  -4.819  28.965 0.0000000000
78767  49.875  -4.293  28.966 0.0000000000
79991  51.197  -3.640  29.286 0.0000000000
70479  36.016  -10.131  31.454 0.0000000000
62996  40.058  -15.938  40.171 0.0000000000
94623  46.696  7.911  13.440 0.0000000000
93537  46.916  7.300  14.106 0.0000000000
92452  48.194  6.314  15.173 0.0000000000
174749  53.022  13.779  8.880 0.0000000000
100163  52.543  12.809  9.171 0.0000000000
49343  14.338  -26.996  39.835 0.0000000000
173300  14.389  -26.774  41.991 0.0000000000
48129  13.934  -27.249  42.017 0.0000000000
48103  13.258  -27.653  43.932 0.0000000000
48083  12.461  -27.739  45.882 0.0000000000
44891  12.115  -29.834  43.574 0.0000000000
80113  43.040  -3.456  20.900 0.0000000000
78909  41.597  -3.885  20.463 0.0000000000
78893  42.608  -3.950  21.360 0.0000000000
78872  43.155  -4.461  22.726 0.0000000000
77610  43.700  -4.887  24.100 0.0000000000
77582  44.001  -5.211  25.755 0.0000000000
76410  40.663  -5.608  23.396 0.0000000000
183383  42.816  -5.382  25.094 0.0000000000
183898  44.364  -5.259  26.941 0.0000000000
153599  43.767  -5.165  28.432 0.0000000000
78753  44.378  -4.255  29.787 0.0000000000
78696  45.062  -3.904  31.179 0.0000000000
63061  33.889  -16.032  33.519 0.0000000000
177909  34.385  -17.885  34.647 0.0000000000
60675  34.626  -17.253  34.667 0.0000000000
61836  35.347  -16.270  35.129 0.0000000000
155726  36.453  -16.966  36.574 0.0000000000
60640  37.625  -17.285  37.719 0.0000000000
60628  39.102  -17.212  39.005 0.0000000000
56058  35.394  -21.198  38.447 0.0000000000
56057  36.134  -21.037  38.057 0.0000000000
56056  37.680  -21.076  38.459 0.0000000000
54922  38.548  -22.323  40.672 0.0000000000
154671  38.643  -21.586  39.571 0.0000000000
57308  38.681  -20.203  38.436 0.0000000000
58428  39.258  -19.844  38.732 0.0000000000
59525  39.976  -18.702  39.316 0.0000000000
176438  40.771  -17.903  40.341 0.0000000000
50336  32.192  -25.601  46.912 0.0000000000
49205  31.841  -26.504  46.747 0.0000000000
175911  30.239  -27.319  46.172 0.0000000000
49242  28.998  -27.366  45.435 0.0000000000
49279  29.568  -27.272  44.017 0.0000000000
153656  28.896  -27.232  44.248 0.0000000000
49243  28.175  -27.305  45.557 0.0000000000
154305  27.072  -27.020  45.039 0.0000000000
158320  25.686  -26.798  44.905 0.0000000000
49282  24.784  -26.465  43.845 0.0000000000
51598  27.779  -25.197  37.713 0.0000000000
50475  26.865  -25.457  39.190 0.0000000000
50476  26.022  -25.241  39.467 0.0000000000
176547  24.180  -24.467  36.976 0.0000000000
51580  24.725  -24.868  38.983 0.0000000000
50441  25.556  -25.795  40.999 0.0000000000
50442  24.796  -25.781  41.275 0.0000000000
50403  23.975  -25.909  42.438 0.0000000000
50404  23.230  -25.715  42.867 0.0000000000
50385  22.366  -25.311  43.064 0.0000000000
51537  21.236  -24.742  41.968 0.0000000000
51554  20.070  -24.623  40.923 0.0000000000
52681  19.540  -23.733  38.243 0.0000000000
165835  19.178  -24.314  39.342 0.0000000000
167382  18.719  -24.674  39.873 0.0000000000
50461  17.461  -25.260  40.288 0.0000000000
50478  16.589  -25.465  39.277 0.0000000000
50464  15.599  -26.099  39.769 0.0000000000
49353  14.589  -26.661  39.329 0.0000000000
49354  14.057  -27.089  39.125 0.0000000000
58538  31.623  -19.020  34.214 0.0000000000
58502  31.896  -19.464  35.456 0.0000000000
58479  31.738  -19.599  36.974 0.0000000000
179011  30.452  -19.013  37.153 0.0000000000
58460  31.099  -19.504  37.756 0.0000000000
160842  32.000  -20.105  38.513 0.0000000000
57292  32.287  -20.326  39.187 0.0000000000
56000  32.289  -21.210  40.928 0.0000000000
157081  32.459  -21.826  41.796 0.0000000000
53796  31.618  -22.798  40.685 0.0000000000
53795  31.943  -22.757  41.325 0.0000000000
52620  32.880  -23.266  43.278 0.0000000000
51498  32.796  -23.981  43.933 0.0000000000
51456  32.509  -25.003  46.109 0.0000000000
50376  15.141  -26.010  44.814 0.0000000000
50355  15.814  -25.213  46.618 0.0000000000
161067  56.323  8.202  20.670 0.0000000000
90278  54.067  5.287  19.637 0.0000000000
90264  55.304  5.297  20.560 0.0000000000
90252  56.080  5.186  21.580 0.0000000000
89136  55.751  3.856  22.208 0.0000000000
90244  56.427  5.423  22.491 0.0000000000
91315  57.172  6.252  23.622 0.0000000000
85817  44.615  1.360  17.496 0.0000000000
85790  46.956  0.923  18.802 0.0000000000
83568  46.240  -0.460  19.336 0.0000000000
83556  47.715  -0.048  19.857 0.0000000000
84655  49.392  0.114  20.769 0.0000000000
83535  50.983  -0.166  21.909 0.0000000000
84619  52.362  0.651  23.437 0.0000000000
84585  53.454  0.857  24.867 0.0000000000
80068  48.175  -3.230  24.000 0.0000000000
181869  49.419  -2.879  24.592 0.0000000000
82355  51.331  -1.857  25.262 0.0000000000
81242  52.288  -2.186  26.874 0.0000000000
82344  52.102  -1.815  26.195 0.0000000000
83476  52.222  -0.890  25.048 0.0000000000
83475  52.810  -0.414  25.271 0.0000000000
84569  53.412  0.227  25.303 0.0000000000
76401  37.542  -5.990  24.891 0.0000000000
76376  39.238  -6.252  26.669 0.0000000000
75239  38.866  -7.041  27.734 0.0000000000
76351  39.980  -6.536  27.697 0.0000000000
76361  40.909  -6.306  27.829 0.0000000000
77489  42.677  -6.134  29.139 0.0000000000
77470  43.800  -5.106  30.422 0.0000000000
77441  45.130  -5.160  32.239 0.0000000000
164276  34.542  -13.304  33.551 0.0000000000
69208  34.385  -11.167  32.459 0.0000000000
70444  35.673  -10.639  32.743 0.0000000000
70442  37.224  -10.249  32.995 0.0000000000
162099  39.770  -14.761  39.426 0.0000000000
66509  39.017  -13.143  38.120 0.0000000000
67817  38.588  -12.176  37.313 0.0000000000
69143  39.814  -11.425  37.706 0.0000000000
67825  38.495  -11.598  36.780 0.0000000000
69162  38.561  -10.782  35.448 0.0000000000
70430  38.198  -10.302  33.877 0.0000000000
71689  38.507  -9.631  32.619 0.0000000000
71687  39.957  -9.375  33.004 0.0000000000
72864  41.292  -8.901  33.447 0.0000000000
74003  42.491  -8.136  33.189 0.0000000000
72826  43.995  -8.606  36.425 0.0000000000
72851  43.588  -8.330  35.162 0.0000000000
74002  43.726  -7.672  33.758 0.0000000000
75164  44.812  -7.079  33.801 0.0000000000
99013  52.036  12.335  9.612 0.0000000000
181829  52.217  11.105  10.242 0.0000000000
96762  53.484  9.982  11.251 0.0000000000
96729  53.503  10.111  13.117 0.0000000000
97834  53.526  11.140  14.397 0.0000000000
96706  51.908  10.497  15.229 0.0000000000
97825  52.676  11.378  15.149 0.0000000000
98925  53.375  12.459  15.810 0.0000000000
171602  53.611  12.729  16.196 0.0000000000
51420  32.917  -25.099  48.037 0.0000000000
52565  33.144  -24.463  48.603 0.0000000000
49331  15.492  -26.363  41.107 0.0000000000
49319  15.625  -26.234  41.904 0.0000000000
78694  46.275  -3.536  31.731 0.0000000000
79944  46.763  -3.212  32.314 0.0000000000
57331  33.240  -20.270  37.012 0.0000000000
51596  29.505  -25.207  37.905 0.0000000000
52692  29.568  -24.155  37.082 0.0000000000
51595  30.280  -24.730  38.067 0.0000000000
159525  24.445  -26.466  45.305 0.0000000000
50359  24.675  -26.562  45.901 0.0000000000
50360  24.044  -26.265  45.744 0.0000000000
92417  51.030  6.539  17.147 0.0000000000
92401  52.050  6.322  17.871 0.0000000000
91383  51.365  6.096  17.611 0.0000000000
86824  54.588  2.523  24.519 0.0000000000
86816  55.018  2.186  25.304 0.0000000000
80099  44.783  -3.469  21.847 0.0000000000
80098  45.536  -3.332  21.982 0.0000000000
80084  45.796  -3.580  22.643 0.0000000000
71719  36.457  -9.730  31.035 0.0000000000
71730  36.503  -9.437  30.369 0.0000000000
71718  37.180  -9.455  30.992 0.0000000000
71717  37.937  -9.280  31.262 0.0000000000
71707  37.495  -9.619  31.740 0.0000000000
61798  38.869  -16.563  38.829 0.0000000000
63018  38.714  -15.926  38.558 0.0000000000
63011  39.205  -15.999  39.184 0.0000000000
92432  50.055  6.436  16.446 0.0000000000
92431  50.697  6.906  16.653 0.0000000000
92430  51.267  7.219  16.888 0.0000000000
159018  54.065  10.908  9.472 0.0000000000
96797  53.919  10.572  10.006 0.0000000000
166999  54.696  10.323  10.460 0.0000000000
97906  53.426  10.921  9.827 0.0000000000
54913  32.978  -21.582  42.128 0.0000000000
54912  33.579  -21.471  42.408 0.0000000000
155282  19.869  -24.753  42.501 0.0000000000
51501  20.194  -24.716  43.658 0.0000000000
174228  19.590  -24.733  43.741 0.0000000000
90337  46.687  4.827  15.574 0.0000000000
89229  47.235  4.492  15.975 0.0000000000
89230  46.527  4.182  15.890 0.0000000000
86890  48.106  1.778  18.825 0.0000000000
85787  48.882  1.739  19.379 0.0000000000
162094  49.336  1.212  19.997 0.0000000000
85777  50.135  1.355  20.249 0.0000000000
77561  45.421  -4.950  26.201 0.0000000000
77560  46.184  -4.876  26.495 0.0000000000
77539  46.164  -4.987  27.411 0.0000000000
45905  13.153  -29.200  41.045 0.0000000000
77661  39.867  -4.684  20.457 0.0000000000
77646  39.944  -5.096  21.036 0.0000000000
77634  40.967  -5.147  21.987 0.0000000000
177331  40.334  -5.315  21.677 0.0000000000
178110  40.178  -5.881  25.369 0.0000000000
155107  40.655  -5.910  25.966 0.0000000000
153851  41.825  -5.960  27.717 0.0000000000
162230  41.099  -6.086  27.462 0.0000000000
58459  36.572  -19.539  37.057 0.0000000000
59555  37.058  -18.748  37.265 0.0000000000
158141  36.501  -22.177  42.188 0.0000000000
54910  36.864  -22.344  41.209 0.0000000000
172228  37.418  -22.503  41.777 0.0000000000
175603  31.605  -26.798  43.843 0.0000000000
49317  27.285  -26.338  41.821 0.0000000000
49318  26.694  -26.461  42.349 0.0000000000
52694  21.704  -23.809  37.637 0.0000000000
51621  22.279  -24.210  37.798 0.0000000000
51604  22.291  -24.420  38.473 0.0000000000
51583  22.430  -24.616  39.204 0.0000000000
180294  21.511  -24.231  38.967 0.0000000000
160627  21.720  -24.520  39.625 0.0000000000
52679  21.009  -23.818  38.519 0.0000000000
56062  29.761  -20.672  38.686 0.0000000000
57315  29.713  -19.768  38.734 0.0000000000
57295  30.128  -20.205  38.955 0.0000000000
57314  30.250  -19.772  38.731 0.0000000000
56043  30.949  -20.643  39.674 0.0000000000
50417  31.884  -26.030  42.212 0.0000000000
51534  32.200  -25.118  42.070 0.0000000000
50381  32.162  -25.711  43.670 0.0000000000
49220  13.170  -26.745  47.124 0.0000000000
153207  13.727  -26.632  46.469 0.0000000000
94567  55.122  9.313  18.711 0.0000000000
91345  56.219  6.372  21.202 0.0000000000
92362  56.613  7.200  21.402 0.0000000000
89148  54.231  3.380  20.683 0.0000000000
175679  49.783  -1.980  23.180 0.0000000000
82385  49.622  -1.740  22.565 0.0000000000
82384  50.720  -1.241  23.459 0.0000000000
83508  51.259  -0.870  23.772 0.0000000000
83489  51.488  -1.026  24.346 0.0000000000
80024  50.886  -3.233  27.357 0.0000000000
80035  50.643  -3.049  26.684 0.0000000000
81233  51.496  -3.029  27.616 0.0000000000
74100  36.360  -7.355  26.709 0.0000000000
74042  41.032  -7.717  30.782 0.0000000000
75210  41.338  -7.210  30.013 0.0000000000
75199  42.222  -7.148  30.844 0.0000000000
74031  42.590  -7.373  31.595 0.0000000000
63069  34.250  -15.447  33.697 0.0000000000
64295  34.589  -14.879  33.939 0.0000000000
66544  36.984  -12.642  35.959 0.0000000000
67835  36.881  -11.953  35.622 0.0000000000
69163  37.424  -11.480  35.783 0.0000000000
70385  42.138  -10.434  38.069 0.0000000000
70401  41.771  -10.166  36.806 0.0000000000
71623  42.439  -9.822  37.032 0.0000000000
71632  42.222  -9.687  36.338 0.0000000000
71622  43.097  -9.432  37.177 0.0000000000
95692  50.176  8.815  12.851 0.0000000000
95709  50.013  9.222  12.167 0.0000000000
174071  50.602  9.070  12.438 0.0000000000
95708  50.629  9.587  11.793 0.0000000000
157061  51.224  9.206  12.374 0.0000000000
156549  51.409  9.257  13.839 0.0000000000
94580  54.103  9.042  17.658 0.0000000000
95640  53.421  9.424  17.236 0.0000000000
95639  54.165  9.873  17.361 0.0000000000
157981  59.323  13.080  11.615 0.0000000000
98985  59.852  12.757  10.920 0.0000000000
100147  60.472  13.688  11.274 0.0000000000
101329  60.662  14.729  12.236 0.0000000000
100117  55.231  12.991  14.709 0.0000000000
100103  55.223  13.621  15.107 0.0000000000
98935  54.641  13.323  15.237 0.0000000000
98936  54.133  12.835  15.259 0.0000000000
52609  33.142  -23.424  44.678 0.0000000000
53749  33.477  -22.915  45.325 0.0000000000
53736  33.619  -22.933  46.417 0.0000000000
50445  17.669  -25.285  41.130 0.0000000000
51526  17.892  -25.193  42.497 0.0000000000
50405  17.236  -25.452  42.429 0.0000000000
50374  16.307  -25.521  44.314 0.0000000000
51482  16.873  -25.103  44.771 0.0000000000
51464  16.703  -24.954  45.482 0.0000000000
51451  16.558  -24.840  46.205 0.0000000000
86929  44.530  2.408  16.755 0.0000000000
86912  45.730  2.043  17.333 0.0000000000
86913  44.957  1.926  17.190 0.0000000000
78751  45.980  -4.541  29.785 0.0000000000
77486  46.667  -4.529  30.135 0.0000000000
43935  12.196  -31.182  40.852 0.0000000000
42958  11.057  -32.386  42.826 0.0000000000
41862  10.430  -32.633  43.442 0.0000000000
177110  32.662  -19.282  34.708 0.0000000000
174090  34.515  -20.154  36.504 0.0000000000
57348  35.149  -20.009  36.535 0.0000000000
57329  35.507  -20.402  37.147 0.0000000000
49327  30.868  -26.678  41.174 0.0000000000
49328  30.356  -26.539  40.548 0.0000000000
50437  28.969  -26.340  40.080 0.0000000000
49329  29.425  -26.585  40.797 0.0000000000
50438  28.090  -26.023  40.232 0.0000000000
169469  29.490  -22.565  37.407 0.0000000000
54962  29.613  -21.700  38.015 0.0000000000
53823  30.284  -22.891  38.282 0.0000000000
174235  30.591  -22.450  38.808 0.0000000000
53814  30.765  -23.367  38.642 0.0000000000
50471  30.657  -25.688  39.337 0.0000000000
51576  31.133  -25.126  39.414 0.0000000000
162674  31.134  -25.709  40.039 0.0000000000
50435  31.284  -26.065  40.890 0.0000000000
49244  26.617  -27.036  45.589 0.0000000000
154423  26.168  -26.972  46.224 0.0000000000
93493  53.277  7.985  17.714 0.0000000000
93472  54.362  7.963  18.534 0.0000000000
93473  53.759  7.617  18.224 0.0000000000
177211  54.349  6.286  19.290 0.0000000000
92387  54.528  6.873  19.189 0.0000000000
92374  54.796  6.423  19.607 0.0000000000
91347  55.003  5.878  20.062 0.0000000000
87984  54.894  2.741  22.193 0.0000000000
81325  43.563  -2.246  19.458 0.0000000000
81324  44.321  -2.118  19.563 0.0000000000
81317  44.663  -2.441  20.124 0.0000000000
81292  47.178  -2.821  21.947 0.0000000000
81293  46.596  -2.741  21.366 0.0000000000
81282  48.388  -2.620  22.734 0.0000000000
72940  35.650  -8.681  28.242 0.0000000000
72939  36.371  -8.484  28.446 0.0000000000
72938  37.094  -8.287  28.637 0.0000000000
72927  37.372  -8.580  29.322 0.0000000000
72904  38.459  -8.970  30.952 0.0000000000
72915  38.887  -8.525  30.496 0.0000000000
72903  39.148  -8.744  31.096 0.0000000000
72892  40.212  -8.678  31.874 0.0000000000
63040  36.303  -15.567  36.068 0.0000000000
63041  35.996  -15.363  35.666 0.0000000000
63031  36.820  -15.331  36.541 0.0000000000
64239  37.782  -14.758  37.290 0.0000000000
64249  37.290  -14.711  36.820 0.0000000000
65387  37.689  -14.125  37.030 0.0000000000
66525  38.109  -13.531  37.276 0.0000000000
94622  47.649  7.640  13.809 0.0000000000
93536  48.547  7.894  14.058 0.0000000000
93535  49.221  8.220  14.405 0.0000000000
94611  49.895  8.416  14.640 0.0000000000
94610  50.563  8.780  14.807 0.0000000000
178145  52.085  8.187  16.957 0.0000000000
94582  52.764  8.403  17.267 0.0000000000
96776  56.120  10.304  10.008 0.0000000000
96775  56.862  10.322  9.894 0.0000000000
97874  57.119  11.051  11.143 0.0000000000
98987  58.201  11.805  11.361 0.0000000000
98988  57.553  11.580  11.572 0.0000000000
97861  56.908  11.351  11.841 0.0000000000
96744  54.973  10.330  11.674 0.0000000000
97863  55.498  10.795  12.271 0.0000000000
97847  55.240  11.134  13.076 0.0000000000
96727  54.807  10.492  12.495 0.0000000000
56041  32.700  -20.681  39.836 0.0000000000
56040  33.623  -20.907  39.366 0.0000000000
162616  35.179  -21.682  41.713 0.0000000000
54892  35.077  -21.752  43.077 0.0000000000
50373  22.200  -25.215  43.840 0.0000000000
51457  22.528  -25.420  45.147 0.0000000000
51458  21.742  -24.989  44.976 0.0000000000
51446  20.757  -24.662  46.183 0.0000000000
170624  21.357  -24.776  46.440 0.0000000000
51433  20.933  -24.609  47.013 0.0000000000
51423  21.376  -24.615  47.826 0.0000000000
52575  20.719  -24.373  47.696 0.0000000000
156324  18.680  -24.692  44.934 0.0000000000
51461  19.309  -24.634  45.409 0.0000000000
178530  18.735  -24.626  45.606 0.0000000000
91402  48.929  5.449  16.194 0.0000000000
91385  50.137  5.431  17.279 0.0000000000
90321  49.149  5.016  16.795 0.0000000000
89193  49.002  4.091  17.558 0.0000000000
89192  49.516  4.311  17.794 0.0000000000
89180  49.964  4.172  18.230 0.0000000000
89170  51.535  4.079  19.180 0.0000000000
89172  50.270  3.711  18.796 0.0000000000
88071  46.535  3.210  16.656 0.0000000000
88070  47.130  3.224  16.930 0.0000000000
88058  47.465  2.940  17.430 0.0000000000
86888  50.128  2.572  19.508 0.0000000000
88029  49.325  2.984  18.840 0.0000000000
86887  50.710  2.601  19.742 0.0000000000
88017  51.279  2.864  19.795 0.0000000000
86877  52.474  2.292  20.494 0.0000000000
182327  52.346  1.634  20.867 0.0000000000
85757  52.128  0.662  21.685 0.0000000000
85767  52.602  1.222  21.361 0.0000000000
85756  52.774  1.007  22.105 0.0000000000
85730  53.319  1.454  23.490 0.0000000000
85743  52.793  1.059  23.056 0.0000000000
78857  44.787  -4.300  23.662 0.0000000000
78856  45.474  -4.114  23.817 0.0000000000
78840  45.681  -4.318  24.471 0.0000000000
78789  47.745  -4.773  27.078 0.0000000000
78807  48.234  -4.372  26.605 0.0000000000
78787  49.196  -4.277  27.498 0.0000000000
78786  49.904  -4.020  27.619 0.0000000000
175745  49.518  -4.307  28.179 0.0000000000
77484  48.462  -4.786  29.792 0.0000000000
77499  48.076  -4.889  29.316 0.0000000000
78732  48.896  -4.493  30.190 0.0000000000
78749  50.554  -4.070  29.588 0.0000000000
79976  51.167  -3.748  30.079 0.0000000000
79974  52.517  -3.124  29.726 0.0000000000
70481  34.484  -10.420  31.139 0.0000000000
70495  35.067  -10.019  30.596 0.0000000000
70480  35.237  -10.270  31.307 0.0000000000
93538  46.093  7.470  13.971 0.0000000000
92463  46.375  6.855  14.409 0.0000000000
91417  47.780  5.609  15.516 0.0000000000
91416  48.563  5.886  15.685 0.0000000000
100178  53.038  13.255  8.823 0.0000000000
49333  14.298  -27.075  40.591 0.0000000000
170326  14.072  -27.588  40.625 0.0000000000
48130  13.425  -27.727  42.418 0.0000000000
46957  13.049  -28.175  43.614 0.0000000000
48091  13.156  -27.546  44.720 0.0000000000
46947  12.848  -28.107  44.398 0.0000000000
43927  12.087  -30.687  42.604 0.0000000000
44895  12.333  -30.061  42.859 0.0000000000
44896  11.898  -30.494  43.384 0.0000000000
80132  42.748  -3.186  20.268 0.0000000000
80133  42.016  -3.379  20.075 0.0000000000
78895  41.172  -4.391  20.862 0.0000000000
78910  40.887  -4.078  20.255 0.0000000000
78894  41.891  -4.185  21.108 0.0000000000
78884  42.884  -4.213  22.062 0.0000000000
77623  41.963  -5.085  23.033 0.0000000000
77622  42.705  -4.875  23.237 0.0000000000
77611  42.960  -5.029  23.953 0.0000000000
77598  44.012  -5.015  24.885 0.0000000000
77599  43.226  -5.152  24.656 0.0000000000
180920  39.549  -5.693  22.576 0.0000000000
76422  40.313  -5.554  22.481 0.0000000000
159058  41.956  -5.791  26.105 0.0000000000
76385  42.206  -5.612  25.252 0.0000000000
176002  42.716  -5.598  25.776 0.0000000000
77564  43.290  -5.521  26.232 0.0000000000
77541  44.452  -5.189  27.643 0.0000000000
152964  43.739  -5.424  27.582 0.0000000000
77521  43.236  -5.259  28.955 0.0000000000
77504  43.509  -4.929  29.359 0.0000000000
78737  44.540  -4.143  30.246 0.0000000000
78717  44.090  -4.521  30.254 0.0000000000
61859  32.938  -16.604  32.875 0.0000000000
63070  33.380  -16.030  32.947 0.0000000000
61848  33.961  -16.691  33.877 0.0000000000
59616  33.882  -18.316  34.471 0.0000000000
59632  33.367  -18.013  34.004 0.0000000000
59615  34.415  -18.529  34.882 0.0000000000
60653  35.749  -17.909  36.081 0.0000000000
60664  34.854  -17.856  35.128 0.0000000000
60674  35.106  -17.009  35.125 0.0000000000
61837  34.829  -16.523  34.660 0.0000000000
178056  35.546  -16.754  35.532 0.0000000000
61818  35.936  -16.983  36.097 0.0000000000
59554  37.669  -18.232  37.735 0.0000000000
177020  37.136  -17.142  37.254 0.0000000000
60634  38.579  -17.143  38.534 0.0000000000
161608  38.832  -17.920  38.616 0.0000000000
56039  34.532  -21.165  39.007 0.0000000000
56059  34.709  -20.961  38.111 0.0000000000
56038  35.377  -21.449  39.210 0.0000000000
54939  36.749  -22.080  39.856 0.0000000000
54951  36.771  -21.714  39.057 0.0000000000
154486  36.903  -21.221  38.339 0.0000000000
158302  37.900  -21.438  39.002 0.0000000000
55997  39.848  -21.445  40.084 0.0000000000
54921  39.273  -21.992  40.377 0.0000000000
56014  39.169  -21.540  39.774 0.0000000000
56034  38.922  -21.178  39.225 0.0000000000
57291  39.102  -20.570  38.919 0.0000000000
57290  39.615  -20.230  39.116 0.0000000000
58410  40.500  -19.425  39.705 0.0000000000
59515  40.552  -18.421  39.908 0.0000000000
49240  30.926  -27.135  44.931 0.0000000000
165162  30.903  -27.181  45.695 0.0000000000
49225  29.448  -27.379  46.178 0.0000000000
49278  30.375  -27.260  43.667 0.0000000000
49296  29.669  -27.090  43.265 0.0000000000
49262  28.167  -26.998  43.976 0.0000000000
155044  28.420  -27.257  44.797 0.0000000000
182515  27.737  -27.193  45.111 0.0000000000
49281  26.039  -26.653  43.565 0.0000000000
49265  26.014  -26.749  44.297 0.0000000000
177676  25.485  -26.612  43.896 0.0000000000
49266  25.263  -26.650  44.476 0.0000000000
170383  25.923  -24.799  37.457 0.0000000000
51599  26.719  -25.026  37.788 0.0000000000
51578  26.316  -25.115  38.693 0.0000000000
51579  25.489  -24.973  38.929 0.0000000000
161761  23.541  -23.979  36.040 0.0000000000
51639  23.571  -24.302  36.767 0.0000000000
51581  23.990  -24.797  38.980 0.0000000000
51601  24.404  -24.733  38.270 0.0000000000
51562  25.111  -25.116  39.688 0.0000000000
50460  24.979  -25.467  40.506 0.0000000000
50443  24.151  -25.416  40.741 0.0000000000
51550  22.952  -25.100  40.838 0.0000000000
50444  23.428  -25.431  41.172 0.0000000000
50424  23.320  -25.608  41.959 0.0000000000
168765  23.934  -26.023  43.074 0.0000000000
50384  22.920  -25.633  43.664 0.0000000000
51520  22.548  -25.348  42.255 0.0000000000
51552  21.383  -24.706  41.180 0.0000000000
51553  20.817  -24.585  40.824 0.0000000000
156483  20.661  -24.661  41.483 0.0000000000
160612  19.966  -24.410  40.096 0.0000000000
52680  20.341  -23.675  38.510 0.0000000000
51605  18.302  -24.414  38.462 0.0000000000
52670  18.978  -24.105  38.723 0.0000000000
170436  18.410  -24.577  39.154 0.0000000000
166966  18.239  -24.987  40.486 0.0000000000
51568  17.963  -24.940  39.746 0.0000000000
50488  16.381  -25.348  38.534 0.0000000000
156095  16.189  -25.777  39.713 0.0000000000
50479  15.869  -25.762  39.057 0.0000000000
49366  14.751  -26.204  38.611 0.0000000000
157498  14.114  -26.621  38.460 0.0000000000
58503  31.188  -19.286  35.453 0.0000000000
59575  29.372  -18.435  36.529 0.0000000000
58481  30.032  -18.773  36.697 0.0000000000
57333  31.839  -19.907  37.738 0.0000000000
57293  31.416  -20.248  39.217 0.0000000000
56021  31.371  -21.209  40.122 0.0000000000
56020  32.093  -20.962  40.382 0.0000000000
176288  32.169  -21.591  41.264 0.0000000000
53804  31.270  -22.813  39.999 0.0000000000
52636  32.083  -23.458  41.757 0.0000000000
52629  32.490  -23.472  42.506 0.0000000000
53787  32.293  -22.563  42.019 0.0000000000
50358  32.090  -25.827  45.349 0.0000000000
51477  32.472  -25.042  45.162 0.0000000000
51443  32.603  -24.909  46.930 0.0000000000
48058  31.112  -27.536  47.640 0.0000000000
163803  23.777  -25.942  47.063 0.0000000000
50324  23.554  -25.694  47.869 0.0000000000
49289  14.102  -26.844  43.218 0.0000000000
164289  14.570  -26.566  43.020 0.0000000000
49273  14.504  -26.454  44.520 0.0000000000
50346  14.557  -25.955  47.280 0.0000000000
50356  15.050  -25.759  46.618 0.0000000000
50345  15.192  -25.484  47.349 0.0000000000
51438  15.812  -24.963  47.508 0.0000000000
51429  15.223  -25.011  48.693 0.0000000000
93458  55.266  7.971  19.482 0.0000000000
94537  55.847  8.491  19.991 0.0000000000
92361  57.506  7.813  22.438 0.0000000000
90289  52.267  5.229  18.740 0.0000000000
91360  53.042  5.511  18.910 0.0000000000
90279  53.487  5.095  19.412 0.0000000000
90254  55.071  4.481  20.719 0.0000000000
90265  54.592  5.081  20.117 0.0000000000
91336  55.888  5.560  21.053 0.0000000000
87983  55.411  3.296  22.629 0.0000000000
90237  56.734  5.386  23.634 0.0000000000
84711  44.274  0.773  17.713 0.0000000000
160884  43.846  1.329  17.396 0.0000000000
85802  45.076  0.837  17.891 0.0000000000
156495  45.835  0.983  18.112 0.0000000000
84692  46.274  0.620  18.584 0.0000000000
82417  45.757  -1.739  19.915 0.0000000000
82428  45.489  -1.137  19.371 0.0000000000
82427  46.119  -1.161  19.725 0.0000000000
83537  49.565  -0.883  21.507 0.0000000000
165029  47.695  -0.483  20.197 0.0000000000
83545  49.129  -0.461  21.010 0.0000000000
84656  48.777  -0.083  20.521 0.0000000000
177680  49.699  -0.325  21.196 0.0000000000
84654  50.098  0.123  21.050 0.0000000000
84605  52.037  0.172  23.812 0.0000000000
84620  51.852  0.149  23.011 0.0000000000
84604  52.516  0.606  24.115 0.0000000000
85720  52.983  1.038  24.398 0.0000000000
80058  47.653  -3.662  24.445 0.0000000000
80069  47.445  -3.400  23.760 0.0000000000
80057  48.351  -3.477  24.746 0.0000000000
81258  50.365  -2.799  25.883 0.0000000000
164906  49.842  -2.859  25.130 0.0000000000
81268  49.901  -2.472  24.477 0.0000000000
82342  53.544  -1.275  26.661 0.0000000000
82343  52.798  -1.626  26.501 0.0000000000
82353  52.514  -1.194  25.691 0.0000000000
82354  51.910  -1.487  25.498 0.0000000000
75267  37.398  -6.482  25.898 0.0000000000
76389  37.823  -6.167  25.637 0.0000000000
76388  38.558  -6.140  26.044 0.0000000000
76377  38.644  -6.357  26.509 0.0000000000
74074  38.363  -7.532  28.243 0.0000000000
74086  38.117  -7.298  27.578 0.0000000000
162460  39.048  -7.275  28.290 0.0000000000
75227  40.951  -6.819  29.064 0.0000000000
75237  40.185  -6.666  28.170 0.0000000000
76350  40.528  -6.471  27.961 0.0000000000
76362  40.404  -6.389  27.655 0.0000000000
76349  41.086  -6.440  28.119 0.0000000000
76348  41.817  -6.426  28.466 0.0000000000
76338  42.097  -6.482  28.843 0.0000000000
76302  43.916  -6.131  31.543 0.0000000000
76316  43.571  -5.834  30.737 0.0000000000
76301  44.501  -5.640  31.895 0.0000000000
77455  44.688  -4.683  31.556 0.0000000000
65433  35.099  -13.469  34.185 0.0000000000
67855  35.120  -11.976  33.974 0.0000000000
66570  34.862  -12.627  33.806 0.0000000000
177889  34.680  -12.039  33.555 0.0000000000
67866  34.369  -11.821  33.154 0.0000000000
69198  34.591  -11.376  32.971 0.0000000000
69186  36.158  -11.015  34.140 0.0000000000
70433  35.887  -10.815  33.481 0.0000000000
70432  36.639  -10.625  33.596 0.0000000000
70443  36.443  -10.443  32.874 0.0000000000
70431  37.414  -10.463  33.711 0.0000000000
64172  40.433  -15.187  40.428 0.0000000000
64196  39.900  -15.301  39.818 0.0000000000
173241  40.160  -14.751  39.915 0.0000000000
66479  40.373  -13.254  39.575 0.0000000000
157192  39.925  -13.537  39.137 0.0000000000
66508  39.500  -12.677  38.419 0.0000000000
66524  38.540  -12.942  37.593 0.0000000000
67805  39.042  -12.462  37.908 0.0000000000
69142  40.755  -11.095  37.884 0.0000000000
67816  39.088  -11.549  37.224 0.0000000000
69153  39.032  -11.246  36.673 0.0000000000
167068  37.993  -11.162  35.834 0.0000000000
183913  38.965  -10.821  35.832 0.0000000000
177899  39.917  -10.222  34.878 0.0000000000
161514  39.126  -10.429  34.811 0.0000000000
70429  39.026  -10.129  34.101 0.0000000000
70441  37.981  -10.019  33.163 0.0000000000
71671  38.739  -9.850  33.345 0.0000000000
71688  39.243  -9.508  32.808 0.0000000000
71670  39.496  -9.733  33.499 0.0000000000
72854  41.527  -9.110  34.129 0.0000000000
72880  41.718  -8.447  32.952 0.0000000000
72862  42.536  -8.423  33.916 0.0000000000
72814  43.849  -8.936  37.228 0.0000000000
72797  44.527  -8.611  37.624 0.0000000000
73958  44.636  -8.208  36.265 0.0000000000
73970  44.806  -7.865  35.636 0.0000000000
73986  43.656  -7.979  34.449 0.0000000000
73985  44.392  -7.556  34.275 0.0000000000
75165  44.197  -7.319  33.517 0.0000000000
75145  45.037  -7.253  34.372 0.0000000000
101342  51.260  13.492  9.843 0.0000000000
95711  48.055  9.208  12.199 0.0000000000
97876  51.337  10.796  10.714 0.0000000000
97889  51.718  11.276  10.332 0.0000000000
160370  52.160  10.646  10.572 0.0000000000
96780  52.873  10.355  10.660 0.0000000000
161534  52.576  10.026  11.124 0.0000000000
96730  52.855  9.842  13.490 0.0000000000
95688  53.079  9.628  12.627 0.0000000000
96715  53.248  10.471  13.981 0.0000000000
97849  53.873  10.713  13.622 0.0000000000
95666  51.558  10.007  15.348 0.0000000000
95676  51.577  9.774  14.729 0.0000000000
96690  52.608  10.780  16.469 0.0000000000
177529  52.169  10.912  15.571 0.0000000000
97817  52.538  11.437  15.671 0.0000000000
98938  52.941  11.977  15.425 0.0000000000
98926  52.893  12.006  15.919 0.0000000000
97810  53.217  11.965  16.504 0.0000000000
97800  54.056  11.715  16.867 0.0000000000
96792  57.876  10.301  9.054 0.0000000000
96791  58.655  10.413  8.868 0.0000000000
97903  59.097  10.658  9.314 0.0000000000
101319  57.620  13.638  13.699 0.0000000000
159941  16.899  -25.570  40.784 0.0000000000
50426  16.840  -25.623  41.983 0.0000000000
50427  16.237  -25.844  42.145 0.0000000000
50388  15.723  -25.854  43.698 0.0000000000
160246  45.661  -3.729  30.910 0.0000000000
153050  46.342  -3.891  30.876 0.0000000000
78714  46.216  -3.593  31.396 0.0000000000
57368  33.138  -19.840  35.674 0.0000000000
154965  34.122  -20.436  37.069 0.0000000000
57330  34.807  -20.636  37.436 0.0000000000
50454  30.539  -26.149  39.935 0.0000000000
154266  30.117  -26.031  39.436 0.0000000000
182121  29.064  -25.937  38.931 0.0000000000
50473  28.316  -25.793  38.922 0.0000000000
53833  29.919  -23.399  37.566 0.0000000000
52677  30.425  -23.831  38.040 0.0000000000
51577  30.712  -24.932  38.841 0.0000000000
158672  25.387  -26.772  46.052 0.0000000000
49229  25.681  -26.859  46.865 0.0000000000
49230  24.932  -26.623  46.654 0.0000000000
50337  24.481  -26.384  47.262 0.0000000000
92415  52.304  7.039  17.655 0.0000000000
93474  53.069  7.305  17.918 0.0000000000
92400  52.799  6.632  18.172 0.0000000000
91369  53.315  6.224  18.655 0.0000000000
86829  54.315  2.461  23.608 0.0000000000
87959  55.255  3.083  24.645 0.0000000000
80130  44.218  -2.844  20.599 0.0000000000
81304  44.986  -2.721  20.734 0.0000000000
80110  45.273  -3.045  21.341 0.0000000000
80097  46.369  -3.125  22.124 0.0000000000
80096  46.989  -3.074  22.534 0.0000000000
71742  36.179  -9.198  29.605 0.0000000000
71741  36.943  -9.032  29.783 0.0000000000
72917  37.623  -8.848  29.987 0.0000000000
72905  37.789  -9.075  30.638 0.0000000000
72894  38.793  -9.120  31.513 0.0000000000
63025  37.638  -15.961  37.509 0.0000000000
63024  38.181  -15.915  38.026 0.0000000000
64222  38.535  -15.199  38.168 0.0000000000
174454  38.214  -14.787  37.693 0.0000000000
92451  48.544  7.021  14.921 0.0000000000
93526  48.883  7.703  14.671 0.0000000000
93520  49.259  7.324  15.157 0.0000000000
93519  49.943  7.657  15.448 0.0000000000
93518  50.590  8.033  15.757 0.0000000000
93507  50.912  7.644  16.361 0.0000000000
93495  51.858  7.489  17.169 0.0000000000
96777  55.329  10.333  10.087 0.0000000000
96759  55.898  10.344  10.754 0.0000000000
96760  55.161  10.279  10.914 0.0000000000
96761  54.416  10.187  11.089 0.0000000000
56019  32.743  -21.014  40.685 0.0000000000
55999  33.459  -21.130  41.097 0.0000000000
55984  33.282  -21.277  41.838 0.0000000000
51500  20.904  -24.746  43.507 0.0000000000
155023  21.462  -24.880  44.158 0.0000000000
153629  20.652  -24.724  44.206 0.0000000000
153652  20.412  -24.698  44.773 0.0000000000
51447  19.965  -24.617  45.940 0.0000000000
51435  17.946  -24.386  46.673 0.0000000000
52586  18.788  -24.286  46.856 0.0000000000
90336  47.848  4.927  15.966 0.0000000000
90322  48.506  4.877  16.380 0.0000000000
89194  48.360  3.838  17.271 0.0000000000
86910  47.196  2.371  17.769 0.0000000000
88042  47.813  2.649  17.973 0.0000000000
180635  48.133  2.395  18.415 0.0000000000
86879  50.469  2.038  19.951 0.0000000000
86871  51.749  1.877  20.521 0.0000000000
85776  50.982  1.566  20.466 0.0000000000
77596  45.214  -4.694  24.928 0.0000000000
78823  45.874  -4.539  25.130 0.0000000000
77579  46.050  -4.730  25.791 0.0000000000
77559  46.961  -4.854  26.804 0.0000000000
77537  47.950  -4.885  27.835 0.0000000000
78731  49.703  -4.288  30.074 0.0000000000
91418  46.902  5.506  15.201 0.0000000000
47007  13.763  -28.105  39.621 0.0000000000
46986  13.814  -28.072  41.012 0.0000000000
46987  13.524  -28.752  40.633 0.0000000000
159906  13.410  -28.516  41.462 0.0000000000
45887  13.070  -28.917  42.634 0.0000000000
77660  40.475  -4.584  20.638 0.0000000000
77644  41.459  -4.711  21.527 0.0000000000
153945  40.167  -5.751  24.058 0.0000000000
181040  40.400  -5.788  24.659 0.0000000000
76386  41.446  -5.775  25.556 0.0000000000
76372  42.418  -5.790  26.874 0.0000000000
76359  42.457  -5.795  27.792 0.0000000000
77522  42.680  -5.844  28.734 0.0000000000
60699  33.030  -17.034  33.346 0.0000000000
58499  35.089  -19.062  35.660 0.0000000000
59597  34.835  -18.623  35.279 0.0000000000
59574  35.610  -18.749  36.081 0.0000000000
59573  36.115  -18.408  36.490 0.0000000000
60652  36.262  -17.612  36.515 0.0000000000
59556  36.592  -18.111  36.930 0.0000000000
59539  38.389  -18.737  38.182 0.0000000000
54940  35.812  -21.970  40.388 0.0000000000
175652  36.501  -22.220  40.636 0.0000000000
54923  37.222  -22.298  40.435 0.0000000000
54920  40.780  -21.717  41.071 0.0000000000
56013  40.337  -20.824  39.900 0.0000000000
49239  31.838  -26.487  45.487 0.0000000000
49258  31.731  -26.658  44.680 0.0000000000
49260  30.192  -27.298  44.466 0.0000000000
154185  28.796  -26.692  42.228 0.0000000000
173672  28.919  -26.862  42.959 0.0000000000
49297  28.197  -26.702  42.736 0.0000000000
153798  27.705  -26.769  43.290 0.0000000000
153695  27.266  -26.862  43.885 0.0000000000
49280  26.820  -26.675  43.200 0.0000000000
49299  26.032  -26.533  42.829 0.0000000000
50401  25.312  -26.344  42.484 0.0000000000
51620  25.301  -24.643  37.137 0.0000000000
52715  21.944  -23.583  36.504 0.0000000000
52693  22.919  -24.325  37.292 0.0000000000
51603  22.960  -24.527  38.046 0.0000000000
51582  23.272  -24.749  39.081 0.0000000000
51563  23.906  -25.041  40.069 0.0000000000
162205  23.000  -24.795  39.680 0.0000000000
166392  22.891  -24.911  40.292 0.0000000000
51551  22.240  -24.856  40.820 0.0000000000
51584  21.034  -24.268  39.636 0.0000000000
51606  17.595  -24.709  38.337 0.0000000000
51587  17.705  -24.860  39.072 0.0000000000
51607  16.840  -24.986  38.010 0.0000000000
58504  30.413  -19.022  35.645 0.0000000000
58463  29.188  -18.913  38.080 0.0000000000
54943  31.402  -22.033  40.435 0.0000000000
172128  31.787  -24.397  40.636 0.0000000000
51547  32.023  -24.554  41.354 0.0000000000
51519  32.386  -24.492  42.685 0.0000000000
161240  32.466  -24.826  43.423 0.0000000000
50369  32.117  -25.797  44.504 0.0000000000
49256  13.519  -27.014  44.991 0.0000000000
49255  14.056  -26.630  45.160 0.0000000000
49219  13.904  -26.387  47.220 0.0000000000
93445  56.259  7.510  20.783 0.0000000000
92348  58.237  7.671  23.516 0.0000000000
89160  52.584  4.292  19.504 0.0000000000
90267  53.239  4.408  19.667 0.0000000000
89158  54.412  4.183  20.406 0.0000000000
89146  55.484  4.046  21.374 0.0000000000
89121  56.083  4.297  24.306 0.0000000000
84694  44.732  0.252  18.136 0.0000000000
174925  47.936  -1.891  21.261 0.0000000000
82405  47.488  -1.622  20.816 0.0000000000
82394  48.552  -1.763  21.518 0.0000000000
83536  49.946  -1.153  22.139 0.0000000000
162896  50.615  -0.741  22.361 0.0000000000
83523  50.928  -0.817  23.088 0.0000000000
83487  52.236  0.143  24.337 0.0000000000
80037  49.310  -3.761  26.314 0.0000000000
80048  49.035  -3.632  25.767 0.0000000000
80036  49.964  -3.378  26.458 0.0000000000
81244  51.052  -2.543  26.324 0.0000000000
83466  53.840  -0.599  26.251 0.0000000000
75268  36.665  -6.613  25.651 0.0000000000
75257  37.630  -6.741  26.437 0.0000000000
161300  39.390  -7.695  29.437 0.0000000000
74073  39.638  -7.153  28.650 0.0000000000
74062  40.028  -7.289  29.166 0.0000000000
75219  41.212  -6.882  29.464 0.0000000000
75218  41.744  -6.714  29.687 0.0000000000
76328  42.242  -6.441  29.330 0.0000000000
75208  42.339  -6.629  30.093 0.0000000000
75198  43.294  -6.705  31.245 0.0000000000
180009  43.719  -6.762  32.012 0.0000000000
66546  36.033  -13.266  35.215 0.0000000000
157904  35.589  -13.158  34.715 0.0000000000
66556  35.858  -12.504  34.903 0.0000000000
67843  35.611  -11.876  34.521 0.0000000000
69175  35.939  -11.439  34.514 0.0000000000
69174  36.499  -11.246  34.671 0.0000000000
159254  37.065  -11.019  34.772 0.0000000000
65336  40.628  -14.409  40.282 0.0000000000
65335  41.140  -14.032  40.790 0.0000000000
66465  41.318  -13.380  40.688 0.0000000000
66492  40.571  -12.679  39.432 0.0000000000
70394  40.447  -10.866  37.152 0.0000000000
70403  39.394  -10.842  36.167 0.0000000000
183574  40.412  -10.431  35.812 0.0000000000
70411  40.516  -10.241  35.395 0.0000000000
71645  40.633  -9.945  34.893 0.0000000000
71657  40.414  -9.777  34.337 0.0000000000
71644  41.191  -9.840  35.336 0.0000000000
71655  41.760  -9.347  34.833 0.0000000000
72841  42.439  -8.988  35.098 0.0000000000
95710  48.824  9.261  12.076 0.0000000000
165772  49.420  9.384  11.958 0.0000000000
95718  52.242  9.589  11.631 0.0000000000
95707  51.957  9.349  12.269 0.0000000000
95689  52.399  9.458  12.894 0.0000000000
95675  52.066  9.695  13.883 0.0000000000
95652  51.939  9.476  16.267 0.0000000000
96691  52.111  10.291  16.156 0.0000000000
95641  52.652  9.744  16.711 0.0000000000
96689  53.193  11.267  16.709 0.0000000000
98996  59.353  11.933  10.514 0.0000000000
97884  59.796  11.675  9.963 0.0000000000
100156  60.969  13.566  10.496 0.0000000000
100127  56.583  12.830  13.715 0.0000000000
100116  56.040  13.394  14.526 0.0000000000
101285  55.451  14.767  16.165 0.0000000000
53771  33.210  -22.494  43.562 0.0000000000
53761  33.360  -22.758  44.428 0.0000000000
53760  33.614  -22.466  45.017 0.0000000000
53728  33.918  -22.958  47.547 0.0000000000
178131  18.688  -24.963  42.117 0.0000000000
51502  19.079  -24.818  43.382 0.0000000000
51525  18.535  -24.961  42.920 0.0000000000
51480  18.225  -24.855  44.307 0.0000000000
164681  17.981  -24.803  44.890 0.0000000000
50386  17.313  -25.397  43.150 0.0000000000
51481  17.534  -24.977  44.504 0.0000000000
51450  17.675  -24.620  45.998 0.0000000000
51436  17.178  -24.515  46.580 0.0000000000
184761  17.011  -24.371  47.092 0.0000000000
52580  16.852  -24.241  47.572 0.0000000000
89213  45.736  3.227  16.371 0.0000000000
86927  46.116  2.625  16.933 0.0000000000
86911  46.497  2.167  17.545 0.0000000000
85800  46.893  1.731  18.127 0.0000000000
163362  46.924  1.324  18.471 0.0000000000
77540  45.222  -5.052  27.583 0.0000000000
77518  46.425  -4.976  28.346 0.0000000000
77501  46.592  -4.850  29.214 0.0000000000
77485  47.674  -4.734  30.025 0.0000000000
78733  48.117  -4.313  30.689 0.0000000000
161516  47.533  -3.817  31.307 0.0000000000
78692  48.148  -3.693  31.589 0.0000000000
78712  48.869  -3.719  31.655 0.0000000000
44901  12.869  -29.961  40.718 0.0000000000
174747  12.552  -30.613  40.512 0.0000000000
43931  12.216  -30.920  41.792 0.0000000000
43932  11.921  -31.414  42.363 0.0000000000
159719  11.366  -31.746  42.943 0.0000000000
179533  11.114  -31.425  43.529 0.0000000000
43924  10.480  -31.398  44.090 0.0000000000
153685  39.431  -5.811  24.064 0.0000000000
155141  39.542  -5.930  25.632 0.0000000000
59617  33.153  -18.847  34.403 0.0000000000
58519  33.857  -19.053  34.858 0.0000000000
58501  33.868  -19.616  35.454 0.0000000000
58476  35.415  -19.455  36.212 0.0000000000
57347  35.882  -19.867  36.712 0.0000000000
57327  36.982  -20.196  37.469 0.0000000000
49312  31.495  -26.600  42.324 0.0000000000
49294  31.254  -26.896  42.695 0.0000000000
49313  31.035  -26.840  42.047 0.0000000000
49314  30.357  -26.913  41.853 0.0000000000
49315  29.505  -26.741  41.665 0.0000000000
156005  28.637  -26.527  41.472 0.0000000000
49330  27.866  -26.247  41.353 0.0000000000
50419  27.189  -26.064  41.143 0.0000000000
52716  21.458  -23.518  37.155 0.0000000000
53834  20.872  -23.189  37.161 0.0000000000
52695  20.969  -23.515  37.807 0.0000000000
53835  20.570  -23.140  37.321 0.0000000000
54954  30.627  -21.736  39.307 0.0000000000
51548  31.655  -25.254  40.681 0.0000000000
92386  55.069  7.142  19.548 0.0000000000
92398  54.191  7.245  18.713 0.0000000000
88001  54.012  2.634  20.985 0.0000000000
88000  54.710  2.901  21.336 0.0000000000
87975  55.469  3.477  23.580 0.0000000000
82430  43.934  -1.713  19.051 0.0000000000
82418  45.077  -1.940  19.691 0.0000000000
81315  46.023  -2.105  20.371 0.0000000000
81303  45.856  -2.601  20.875 0.0000000000
82406  46.699  -2.114  20.700 0.0000000000
81291  47.985  -2.394  21.939 0.0000000000
81281  49.130  -2.231  22.882 0.0000000000
80008  52.210  -2.991  28.462 0.0000000000
81216  52.074  -2.808  27.901 0.0000000000
74089  35.878  -7.942  27.131 0.0000000000
74088  36.589  -7.699  27.322 0.0000000000
74076  36.836  -8.000  27.965 0.0000000000
74075  37.574  -7.784  28.123 0.0000000000
72926  38.088  -8.378  29.543 0.0000000000
74054  38.758  -8.219  29.817 0.0000000000
74053  39.291  -8.119  30.071 0.0000000000
155921  40.271  -8.007  30.624 0.0000000000
64281  34.892  -15.098  34.381 0.0000000000
64280  35.330  -14.937  34.791 0.0000000000
64265  35.849  -14.797  35.340 0.0000000000
65409  36.187  -14.058  35.546 0.0000000000
64250  36.865  -14.602  36.401 0.0000000000
65398  36.688  -14.044  36.108 0.0000000000
66536  36.538  -13.316  35.786 0.0000000000
156853  37.070  -13.362  36.297 0.0000000000
66535  37.483  -12.690  36.533 0.0000000000
94621  49.015  8.345  13.566 0.0000000000
183028  49.194  8.598  13.039 0.0000000000
94635  49.689  8.611  13.405 0.0000000000
174268  50.354  8.737  13.585 0.0000000000
95667  51.162  9.380  15.052 0.0000000000
177375  51.359  9.518  15.463 0.0000000000
94592  51.152  8.405  16.090 0.0000000000
94601  51.462  9.149  15.854 0.0000000000
94590  52.357  8.906  16.772 0.0000000000
94581  53.422  8.665  17.498 0.0000000000
96807  57.350  10.464  8.460 0.0000000000
96774  57.632  10.379  9.755 0.0000000000
96794  56.344  10.372  9.311 0.0000000000
97886  58.124  10.897  10.254 0.0000000000
97872  58.574  11.484  10.744 0.0000000000
157943  58.689  12.962  12.172 0.0000000000
100139  57.958  12.613  12.402 0.0000000000
157495  57.782  13.162  13.087 0.0000000000
98962  57.138  12.451  12.963 0.0000000000
97862  56.199  11.102  12.052 0.0000000000
98978  56.665  11.712  12.553 0.0000000000
98948  55.085  12.288  14.308 0.0000000000
174947  32.694  -20.309  38.486 0.0000000000
56016  34.739  -21.343  39.804 0.0000000000
55998  34.214  -21.254  41.081 0.0000000000
54941  34.903  -21.505  40.581 0.0000000000
54925  35.298  -21.750  41.078 0.0000000000
54878  33.684  -21.995  43.673 0.0000000000
54877  34.302  -21.781  43.981 0.0000000000
54893  34.613  -21.716  43.516 0.0000000000
165607  35.057  -21.789  44.576 0.0000000000
54876  35.430  -21.794  43.981 0.0000000000
51634  28.869  -24.408  36.718 0.0000000000
50372  23.189  -25.793  44.897 0.0000000000
50361  23.317  -25.819  45.634 0.0000000000
51444  22.540  -25.421  45.978 0.0000000000
51431  22.459  -25.311  46.744 0.0000000000
51445  21.915  -25.001  46.250 0.0000000000
176347  22.489  -25.168  47.455 0.0000000000
51422  22.154  -24.926  48.048 0.0000000000
176742  19.367  -24.674  44.779 0.0000000000
52585  19.656  -24.423  46.711 0.0000000000
52576  20.209  -24.319  47.258 0.0000000000
91400  50.216  5.952  16.960 0.0000000000
91384  50.701  5.880  17.365 0.0000000000
90304  50.563  5.219  17.741 0.0000000000
90291  51.045  4.970  18.233 0.0000000000
90306  49.333  4.640  17.346 0.0000000000
89179  50.436  4.702  18.085 0.0000000000
89169  51.997  4.570  19.117 0.0000000000
160025  52.867  3.678  19.949 0.0000000000
89211  47.067  3.785  16.448 0.0000000000
89195  47.698  3.512  17.009 0.0000000000
88057  48.722  3.484  17.845 0.0000000000
180460  48.418  2.907  18.196 0.0000000000
88041  49.028  3.197  18.406 0.0000000000
88040  49.630  3.493  18.576 0.0000000000
88027  50.623  3.216  19.352 0.0000000000
88016  52.102  3.101  19.971 0.0000000000
88015  52.858  2.933  20.316 0.0000000000
86869  53.713  1.974  21.332 0.0000000000
86856  53.862  1.837  22.207 0.0000000000
86857  53.319  1.409  21.696 0.0000000000
86842  53.801  1.929  23.160 0.0000000000
85719  53.546  1.441  24.523 0.0000000000
78882  44.300  -3.872  22.367 0.0000000000
78881  45.026  -3.723  22.498 0.0000000000
78869  45.255  -3.930  23.159 0.0000000000
78855  46.206  -3.967  23.997 0.0000000000
78837  47.836  -3.927  25.166 0.0000000000
78822  46.578  -4.382  25.370 0.0000000000
78820  48.031  -4.192  25.888 0.0000000000
78819  48.679  -4.014  26.145 0.0000000000
80026  49.600  -3.884  26.963 0.0000000000
80011  50.497  -3.622  27.778 0.0000000000
80010  51.080  -3.376  27.979 0.0000000000
77517  47.295  -4.972  28.447 0.0000000000
77516  48.060  -4.920  28.615 0.0000000000
78769  48.750  -4.671  28.132 0.0000000000
152902  51.191  -3.506  28.594 0.0000000000
79990  51.893  -3.274  28.989 0.0000000000
71720  35.813  -9.832  30.804 0.0000000000
61787  40.104  -16.761  40.148 0.0000000000
61772  40.916  -16.046  41.166 0.0000000000
176593  47.544  7.187  14.364 0.0000000000
92453  47.133  6.775  14.599 0.0000000000
158368  47.840  6.819  14.759 0.0000000000
92444  48.910  6.575  15.424 0.0000000000
92433  49.298  6.110  15.987 0.0000000000
99032  53.298  12.380  8.847 0.0000000000
99012  52.749  11.981  9.368 0.0000000000
49342  14.641  -26.760  40.157 0.0000000000
49320  14.894  -26.611  41.617 0.0000000000
49321  14.368  -27.003  41.408 0.0000000000
49305  14.205  -26.792  42.536 0.0000000000
48113  13.756  -27.254  42.776 0.0000000000
46975  13.625  -27.875  41.754 0.0000000000
48102  13.670  -27.236  43.552 0.0000000000
48082  13.072  -27.380  45.467 0.0000000000
44898  12.934  -29.790  41.555 0.0000000000
45896  12.873  -29.629  42.366 0.0000000000
45879  12.373  -29.255  43.787 0.0000000000
160415  12.317  -28.520  44.768 0.0000000000
46939  12.072  -28.347  45.491 0.0000000000
48074  12.263  -27.550  46.640 0.0000000000
81318  43.164  -2.711  19.869 0.0000000000
80131  43.479  -3.006  20.441 0.0000000000
80112  43.771  -3.291  21.063 0.0000000000
78908  42.330  -3.699  20.670 0.0000000000
78892  43.317  -3.734  21.573 0.0000000000
78883  43.593  -4.029  22.230 0.0000000000
78871  43.854  -4.283  22.870 0.0000000000
78858  44.129  -4.549  23.511 0.0000000000
77632  42.443  -4.687  22.533 0.0000000000
77621  43.419  -4.683  23.400 0.0000000000
77609  44.391  -4.727  24.190 0.0000000000
77597  44.663  -4.808  24.741 0.0000000000
77581  44.704  -4.963  25.404 0.0000000000
77562  44.639  -5.116  26.194 0.0000000000
77613  41.471  -5.399  23.558 0.0000000000
76409  41.009  -5.639  24.212 0.0000000000
183837  41.760  -5.444  24.153 0.0000000000
77600  42.429  -5.361  24.506 0.0000000000
77583  43.366  -5.295  25.375 0.0000000000
156161  44.971  -5.105  26.866 0.0000000000
77520  44.586  -4.947  28.435 0.0000000000
77503  44.833  -4.609  29.172 0.0000000000
152925  43.968  -4.696  29.119 0.0000000000
78736  45.054  -3.803  30.349 0.0000000000
78695  45.743  -3.655  31.562 0.0000000000
63080  33.312  -15.454  32.498 0.0000000000
60687  33.453  -17.228  33.751 0.0000000000
60686  34.030  -17.452  34.233 0.0000000000
61847  34.393  -16.801  34.310 0.0000000000
63060  34.412  -16.092  34.131 0.0000000000
63051  34.998  -15.708  34.629 0.0000000000
61827  35.874  -16.091  35.743 0.0000000000
61817  36.466  -16.229  36.425 0.0000000000
60642  36.724  -17.373  36.933 0.0000000000
61807  36.856  -16.710  36.935 0.0000000000
61806  37.356  -16.602  37.391 0.0000000000
61805  37.877  -16.545  37.879 0.0000000000
60627  39.660  -17.177  39.574 0.0000000000
56073  35.445  -20.863  37.754 0.0000000000
56037  36.119  -21.434  38.740 0.0000000000
57311  36.676  -20.746  37.693 0.0000000000
57310  37.338  -20.674  37.943 0.0000000000
156226  37.966  -22.214  40.226 0.0000000000
54937  38.627  -22.006  40.003 0.0000000000
56015  38.086  -21.841  39.579 0.0000000000
56035  38.413  -21.419  39.205 0.0000000000
56055  38.415  -20.938  38.731 0.0000000000
57309  38.014  -20.467  38.198 0.0000000000
58443  38.226  -19.700  38.066 0.0000000000
58442  38.816  -19.502  38.356 0.0000000000
59526  39.270  -18.900  38.720 0.0000000000
57276  40.150  -20.220  39.486 0.0000000000
58427  39.841  -19.568  39.123 0.0000000000
161615  39.482  -17.947  39.115 0.0000000000
162090  39.997  -17.934  39.578 0.0000000000
60620  40.281  -17.542  40.041 0.0000000000
184283  32.607  -25.434  47.480 0.0000000000
49206  31.521  -27.041  47.286 0.0000000000
49223  31.657  -26.811  45.978 0.0000000000
49224  31.011  -27.178  46.657 0.0000000000
49207  29.933  -27.379  47.116 0.0000000000
49226  28.618  -27.368  46.216 0.0000000000
49277  31.162  -27.050  43.359 0.0000000000
153748  28.931  -27.038  43.653 0.0000000000
49261  29.345  -27.353  44.714 0.0000000000
160998  27.404  -27.217  45.627 0.0000000000
49264  26.795  -26.891  44.426 0.0000000000
154878  26.329  -26.901  44.940 0.0000000000
175483  24.582  -26.483  44.664 0.0000000000
50370  24.076  -26.240  44.126 0.0000000000
51597  28.679  -25.286  37.747 0.0000000000
50486  28.099  -25.529  38.321 0.0000000000
50487  27.198  -25.351  38.434 0.0000000000
50474  27.592  -25.592  38.906 0.0000000000
50458  26.644  -25.612  39.974 0.0000000000
50440  26.422  -25.853  40.835 0.0000000000
52713  24.236  -24.188  36.188 0.0000000000
153947  24.586  -24.626  37.455 0.0000000000
51602  23.739  -24.572  37.620 0.0000000000
154838  25.093  -24.839  38.461 0.0000000000
50459  25.780  -25.518  40.242 0.0000000000
163542  25.984  -26.040  41.438 0.0000000000
50421  25.377  -26.055  41.736 0.0000000000
50422  24.686  -26.019  42.096 0.0000000000
50423  24.056  -25.728  41.613 0.0000000000
50402  24.589  -26.274  42.955 0.0000000000
50382  24.198  -26.233  43.512 0.0000000000
50383  23.643  -25.954  43.585 0.0000000000
169713  23.425  -25.894  44.282 0.0000000000
51536  21.991  -24.923  41.696 0.0000000000
51521  21.799  -24.928  42.507 0.0000000000
51522  21.083  -24.751  42.751 0.0000000000
155651  20.540  -24.688  42.240 0.0000000000
51538  19.969  -24.726  41.795 0.0000000000
51555  19.297  -24.808  41.473 0.0000000000
52668  20.229  -23.926  39.114 0.0000000000
52682  18.771  -23.991  38.000 0.0000000000
52669  19.683  -23.933  38.920 0.0000000000
51586  19.831  -24.163  39.485 0.0000000000
176407  19.386  -24.463  39.872 0.0000000000
168915  19.164  -24.719  40.576 0.0000000000
155159  18.513  -24.995  41.264 0.0000000000
50477  17.269  -25.240  39.531 0.0000000000
50462  16.753  -25.549  40.009 0.0000000000
152982  15.337  -25.905  38.559 0.0000000000
50480  15.196  -26.191  39.200 0.0000000000
184160  15.031  -26.474  39.793 0.0000000000
48171  13.636  -27.686  39.026 0.0000000000
47008  13.259  -28.332  39.095 0.0000000000
58521  32.018  -19.301  34.789 0.0000000000
58522  31.327  -19.206  34.727 0.0000000000
184493  31.616  -19.357  35.080 0.0000000000
58478  32.352  -19.716  36.099 0.0000000000
57351  32.486  -19.936  36.973 0.0000000000
58480  30.797  -19.159  36.365 0.0000000000
172844  31.033  -19.286  37.056 0.0000000000
57332  32.606  -20.213  37.751 0.0000000000
54896  32.754  -22.070  42.291 0.0000000000
54953  31.031  -21.906  39.842 0.0000000000
52645  31.839  -23.579  41.017 0.0000000000
54929  31.826  -22.116  40.994 0.0000000000
52628  32.792  -22.585  42.738 0.0000000000
51476  32.796  -24.227  44.920 0.0000000000
51455  32.861  -24.230  45.945 0.0000000000
51442  32.940  -24.066  46.993 0.0000000000
50350  23.731  -25.999  46.257 0.0000000000
50323  24.124  -25.979  48.013 0.0000000000
49304  14.920  -26.453  42.428 0.0000000000
50407  15.119  -26.246  43.259 0.0000000000
50366  15.695  -25.640  45.170 0.0000000000
49236  14.837  -26.021  45.935 0.0000000000
152833  15.445  -25.596  45.905 0.0000000000
51465  16.080  -25.211  45.730 0.0000000000
51427  16.317  -24.487  47.722 0.0000000000
91359  53.825  5.829  19.213 0.0000000000
90245  55.965  4.575  21.849 0.0000000000
89128  56.138  4.595  22.741 0.0000000000
91327  56.937  6.261  22.682 0.0000000000
86914  44.208  1.821  17.087 0.0000000000
85816  45.401  1.435  17.642 0.0000000000
85801  46.507  1.191  18.334 0.0000000000
166325  47.662  1.109  19.110 0.0000000000
83575  45.067  -0.171  18.505 0.0000000000
83569  45.577  -0.350  18.862 0.0000000000
83547  47.637  -0.904  20.467 0.0000000000
83557  47.300  -0.609  20.064 0.0000000000
84680  46.076  0.077  18.833 0.0000000000
84678  47.329  0.468  19.346 0.0000000000
84677  48.007  0.677  19.578 0.0000000000
85778  48.656  0.956  19.767 0.0000000000
84668  49.736  0.720  20.557 0.0000000000
84652  51.349  0.396  21.439 0.0000000000
84638  51.655  0.183  22.170 0.0000000000
83522  51.257  -0.305  22.645 0.0000000000
85731  52.831  1.086  23.826 0.0000000000
80082  47.219  -3.215  23.098 0.0000000000
80081  47.936  -3.011  23.287 0.0000000000
80056  49.093  -3.288  25.105 0.0000000000
80067  48.869  -3.062  24.310 0.0000000000
81275  48.762  -2.769  23.512 0.0000000000
81269  49.360  -2.633  24.023 0.0000000000
82367  50.447  -1.989  24.246 0.0000000000
82366  51.096  -1.627  24.637 0.0000000000
156028  51.866  -2.592  27.273 0.0000000000
81243  51.669  -2.339  26.617 0.0000000000
81232  52.786  -2.065  27.140 0.0000000000
81256  51.518  -2.086  25.936 0.0000000000
82365  51.697  -1.256  24.883 0.0000000000
176864  51.914  -0.723  24.602 0.0000000000
164385  52.283  -0.284  24.677 0.0000000000
83474  53.438  -0.335  25.701 0.0000000000
180457  53.922  1.317  24.973 0.0000000000
85706  54.549  1.527  25.375 0.0000000000
76400  38.313  -5.976  25.230 0.0000000000
76387  38.997  -5.952  25.453 0.0000000000
162206  39.182  -6.042  26.075 0.0000000000
75248  37.078  -7.143  26.862 0.0000000000
162575  37.875  -7.017  26.964 0.0000000000
75256  38.331  -6.594  26.664 0.0000000000
75238  39.521  -6.806  27.979 0.0000000000
75246  39.326  -6.627  27.421 0.0000000000
76364  39.004  -6.485  26.928 0.0000000000
76363  39.682  -6.416  27.265 0.0000000000
76375  40.005  -6.255  27.131 0.0000000000
170405  40.548  -6.252  27.481 0.0000000000
76360  41.677  -6.150  27.940 0.0000000000
77523  42.159  -6.209  28.511 0.0000000000
77505  43.044  -5.640  29.090 0.0000000000
76327  42.775  -6.090  29.657 0.0000000000
77471  43.292  -5.641  30.007 0.0000000000
77487  43.530  -5.151  29.878 0.0000000000
77469  44.362  -4.514  30.833 0.0000000000
77454  45.360  -4.173  31.914 0.0000000000
65434  34.612  -14.122  33.747 0.0000000000
69197  35.224  -11.137  33.219 0.0000000000
70445  34.940  -10.870  32.588 0.0000000000
70462  35.432  -10.464  32.035 0.0000000000
70461  36.232  -10.277  32.150 0.0000000000
70460  36.998  -10.029  32.294 0.0000000000
64197  39.455  -15.354  39.335 0.0000000000
181883  39.351  -14.864  39.021 0.0000000000
169039  39.031  -14.653  38.524 0.0000000000
65352  40.154  -14.067  39.628 0.0000000000
65353  39.534  -14.161  38.953 0.0000000000
66510  38.573  -13.681  37.797 0.0000000000
66534  38.015  -12.787  37.068 0.0000000000
67826  37.976  -12.128  36.706 0.0000000000
67784  40.459  -12.207  39.059 0.0000000000
69115  41.588  -11.208  39.133 0.0000000000
69117  40.343  -11.668  38.498 0.0000000000
67804  39.607  -12.050  38.172 0.0000000000
177615  39.193  -11.914  37.694 0.0000000000
69154  37.927  -11.537  36.307 0.0000000000
69173  37.679  -11.010  35.179 0.0000000000
70421  37.574  -10.677  34.423 0.0000000000
70412  39.334  -10.611  35.457 0.0000000000
70420  38.367  -10.557  34.631 0.0000000000
71690  37.765  -9.824  32.433 0.0000000000
71706  38.279  -9.417  31.862 0.0000000000
71705  39.008  -9.309  32.124 0.0000000000
71704  39.715  -9.158  32.335 0.0000000000
71668  40.879  -9.392  33.882 0.0000000000
71686  40.639  -9.179  33.221 0.0000000000
72882  40.391  -8.961  32.577 0.0000000000
72891  40.787  -8.587  32.245 0.0000000000
74022  41.391  -8.300  32.245 0.0000000000
74021  42.105  -7.956  32.341 0.0000000000
72815  43.300  -8.998  36.551 0.0000000000
154378  43.482  -8.690  35.855 0.0000000000
165121  44.956  -8.079  36.726 0.0000000000
72839  44.158  -8.286  35.725 0.0000000000
73987  43.089  -8.040  33.837 0.0000000000
74020  42.722  -7.683  32.509 0.0000000000
184282  43.753  -7.450  33.310 0.0000000000
75186  43.865  -7.136  32.801 0.0000000000
75185  44.543  -6.797  33.104 0.0000000000
75163  45.375  -6.784  34.099 0.0000000000
76282  44.861  -6.066  32.669 0.0000000000
100164  51.874  13.157  9.498 0.0000000000
97907  52.252  11.549  9.904 0.0000000000
97888  52.746  10.910  10.177 0.0000000000
96779  53.417  10.468  10.406 0.0000000000
95705  53.148  9.667  11.947 0.0000000000
96746  53.649  9.885  12.241 0.0000000000
96728  54.116  10.333  12.776 0.0000000000
97848  54.538  10.884  13.346 0.0000000000
97833  54.167  11.334  14.149 0.0000000000
98949  54.303  12.117  14.689 0.0000000000
96717  52.117  10.440  14.782 0.0000000000
96705  52.271  10.983  15.229 0.0000000000
179224  52.470  10.887  14.905 0.0000000000
97824  53.162  11.666  14.979 0.0000000000
98937  53.547  12.310  15.226 0.0000000000
100105  53.833  12.803  15.608 0.0000000000
98924  53.921  13.027  15.998 0.0000000000
42966  11.533  -32.088  42.131 0.0000000000
43928  11.672  -31.130  43.133 0.0000000000
44899  12.516  -30.285  42.094 0.0000000000
45888  12.669  -29.453  43.121 0.0000000000
46948  12.615  -28.681  44.069 0.0000000000
46966  13.182  -28.190  42.844 0.0000000000
46998  13.855  -28.139  40.248 0.0000000000
48073  12.997  -27.136  46.328 0.0000000000
48090  13.573  -27.157  44.309 0.0000000000
48092  12.662  -27.957  45.137 0.0000000000
48114  13.347  -27.699  43.141 0.0000000000
48144  14.062  -27.475  41.272 0.0000000000
49198  24.738  -26.489  47.987 0.0000000000
49254  14.674  -26.259  45.288 0.0000000000
49288  14.574  -26.515  43.680 0.0000000000
49332  14.750  -26.716  40.882 0.0000000000
50310  33.412  -24.521  48.400 0.0000000000
50321  32.433  -25.902  47.731 0.0000000000
50333  14.048  -26.107  47.915 0.0000000000
50367  15.165  -25.899  45.424 0.0000000000
50375  15.647  -25.766  44.444 0.0000000000
50387  16.483  -25.627  43.434 0.0000000000
50389  15.115  -26.099  44.047 0.0000000000
50425  17.465  -25.390  41.873 0.0000000000
50447  16.360  -25.925  41.393 0.0000000000
50455  29.436  -26.136  39.395 0.0000000000
50457  27.600  -25.773  39.606 0.0000000000
51419  33.129  -24.598  48.511 0.0000000000
51430  33.104  -24.347  48.377 0.0000000000
51439  15.211  -25.208  48.083 0.0000000000
51459  21.346  -24.818  45.665 0.0000000000
51460  19.924  -24.664  45.102 0.0000000000
51462  18.135  -24.697  45.468 0.0000000000
51463  17.396  -24.808  45.276 0.0000000000
51503  18.426  -24.908  43.619 0.0000000000
51505  17.059  -25.318  44.006 0.0000000000
51564  23.383  -24.934  40.004 0.0000000000
51585  20.436  -24.119  39.603 0.0000000000
51600  25.765  -24.900  38.218 0.0000000000
51616  29.206  -24.840  37.281 0.0000000000
51617  28.405  -24.931  37.104 0.0000000000
52556  33.309  -24.408  48.568 0.0000000000
54911  35.502  -21.819  42.290 0.0000000000
54928  32.118  -22.129  41.484 0.0000000000
54950  37.400  -21.836  39.329 0.0000000000
56017  34.137  -21.197  40.421 0.0000000000
56036  37.341  -21.456  38.834 0.0000000000
56072  36.046  -20.689  37.552 0.0000000000
58444  37.582  -19.987  37.802 0.0000000000
58461  30.457  -19.161  37.775 0.0000000000
60635  38.124  -17.029  38.154 0.0000000000
61793  39.269  -16.650  39.273 0.0000000000
62974  40.531  -15.789  40.706 0.0000000000
63010  39.622  -15.795  39.646 0.0000000000
65368  38.582  -14.403  38.001 0.0000000000
66478  41.024  -12.879  40.010 0.0000000000
66494  39.500  -13.362  38.650 0.0000000000
67769  40.997  -12.225  39.560 0.0000000000
67785  39.991  -12.298  38.619 0.0000000000
69116  40.958  -11.672  39.120 0.0000000000
69161  38.612  -11.142  36.169 0.0000000000
70402  41.030  -10.449  36.602 0.0000000000
70410  40.830  -10.284  35.922 0.0000000000
71631  42.779  -9.435  36.594 0.0000000000
71643  41.999  -9.523  35.594 0.0000000000
71669  40.204  -9.580  33.672 0.0000000000
72813  44.488  -8.440  36.919 0.0000000000
72840  43.033  -8.710  35.319 0.0000000000
72852  42.930  -8.463  34.583 0.0000000000
72863  41.964  -8.638  33.663 0.0000000000
72881  41.037  -8.726  32.789 0.0000000000
72902  39.832  -8.507  31.216 0.0000000000
74019  43.255  -7.628  33.103 0.0000000000
74033  40.458  -8.277  31.250 0.0000000000
74052  40.749  -7.432  29.997 0.0000000000
75220  40.586  -7.107  29.332 0.0000000000
75247  38.606  -6.783  27.178 0.0000000000
76261  45.171  -6.480  33.394 0.0000000000
76339  41.371  -6.575  28.645 0.0000000000
76340  40.824  -6.579  28.358 0.0000000000
76397  40.904  -5.777  25.045 0.0000000000
77440  45.682  -4.608  32.631 0.0000000000
77456  44.143  -5.310  31.115 0.0000000000
77488  43.150  -5.634  29.462 0.0000000000
77502  45.736  -4.780  29.159 0.0000000000
77506  42.451  -6.196  28.766 0.0000000000
77563  43.890  -5.380  26.622 0.0000000000
78693  46.816  -3.387  31.877 0.0000000000
78713  46.881  -3.690  31.411 0.0000000000
78716  44.605  -3.994  30.612 0.0000000000
78738  43.813  -4.527  29.748 0.0000000000
78750  49.163  -4.590  29.419 0.0000000000
78752  45.223  -4.262  29.844 0.0000000000
78808  47.536  -4.557  26.338 0.0000000000
78821  47.315  -4.290  25.617 0.0000000000
78838  47.122  -4.047  24.901 0.0000000000
78854  46.941  -3.825  24.200 0.0000000000
80070  46.744  -3.611  23.528 0.0000000000
81267  50.554  -2.265  25.059 0.0000000000
81290  48.764  -2.110  22.248 0.0000000000
82377  50.341  -1.748  23.568 0.0000000000
82393  49.247  -1.556  21.943 0.0000000000
82403  48.876  -1.070  21.276 0.0000000000
82415  47.046  -1.277  20.341 0.0000000000
83546  48.137  -0.418  20.394 0.0000000000
83558  46.691  -0.856  19.876 0.0000000000
83567  47.005  -0.204  19.574 0.0000000000
84653  50.700  0.098  21.351 0.0000000000
84669  49.026  0.570  20.292 0.0000000000
84670  48.380  0.297  20.071 0.0000000000
84679  46.644  0.264  19.101 0.0000000000
85789  47.366  1.473  18.595 0.0000000000
86889  49.428  2.491  19.210 0.0000000000
89161  52.079  3.882  19.528 0.0000000000
90281  51.291  4.466  18.748 0.0000000000
90290  51.643  4.962  18.590 0.0000000000
90305  49.947  4.805  17.680 0.0000000000
91372  51.084  5.532  17.802 0.0000000000
92388  54.009  6.548  18.883 0.0000000000
95717  52.837  9.678  11.606 0.0000000000
96700  51.941  10.460  15.683 0.0000000000
96758  56.628  10.517  10.614 0.0000000000
96793  57.098  10.315  9.185 0.0000000000
96795  55.239  10.569  9.332 0.0000000000
96806  58.081  10.458  8.360 0.0000000000
96809  55.794  10.554  8.913 0.0000000000
97835  52.909  11.012  14.693 0.0000000000
97873  57.817  11.252  10.939 0.0000000000
97885  59.012  11.127  9.998 0.0000000000
98918  53.161  12.272  16.243 0.0000000000
98950  53.735  11.719  14.770 0.0000000000
98963  56.304  12.124  13.268 0.0000000000
98964  55.583  11.827  13.572 0.0000000000
98976  58.519  12.352  11.821 0.0000000000
100115  56.891  13.572  14.020 0.0000000000
100137  60.078  14.022  11.908 0.0000000000
152984  44.261  -7.916  35.039 0.0000000000
153327  14.666  -25.715  47.983 0.0000000000
153776  19.719  -24.754  43.158 0.0000000000
154673  20.577  -24.690  45.412 0.0000000000
157383  40.253  -10.638  36.324 0.0000000000
159221  48.595  -0.616  20.828 0.0000000000
159230  49.871  -2.222  23.813 0.0000000000
159639  42.674  -6.825  30.796 0.0000000000
160606  45.126  -3.750  30.728 0.0000000000
161746  23.651  -24.854  39.554 0.0000000000
163110  39.855  -6.025  26.281 0.0000000000
163835  49.204  -4.546  28.703 0.0000000000
165483  44.921  -7.510  34.962 0.0000000000
165957  51.748  2.479  20.187 0.0000000000
167490  14.226  -26.448  45.854 0.0000000000
170449  37.975  -15.335  37.612 0.0000000000
171760  50.933  3.908  19.017 0.0000000000
174263  24.489  -25.170  40.104 0.0000000000
174426  22.118  -25.173  44.495 0.0000000000
174495  50.641  -3.939  28.814 0.0000000000
174637  39.041  -13.894  38.328 0.0000000000
175447  17.985  -25.109  43.196 0.0000000000
175838  19.398  -24.814  42.125 0.0000000000
177249  27.755  -26.051  40.816 0.0000000000
178287  13.912  -26.799  44.604 0.0000000000
181191  45.039  -4.960  25.828 0.0000000000
181516  50.726  -3.719  28.285 0.0000000000
182011  41.615  -13.766  41.164 0.0000000000
182072  39.459  -10.169  34.473 0.0000000000
182903  15.998  -25.573  44.752 0.0000000000
183609  41.651  -5.889  26.971 0.0000000000
183710  43.801  -4.468  29.556 0.0000000000
