#!ascii label  , from subject sub-v2s1x29907_ses-1 vox2ras=TkReg
2128
84618  55.859  0.245  22.166 0.0000000000
59538  41.477  -18.175  38.047 0.0000000000
45984  28.912  -29.277  35.150 0.0000000000
48156  23.144  -26.990  40.505 0.0000000000
166680  39.056  -25.161  42.742 0.0000000000
55038  31.493  -22.395  33.446 0.0000000000
78878  50.033  -3.937  22.022 0.0000000000
158587  57.633  4.055  21.761 0.0000000000
76280  49.548  -5.947  32.466 0.0000000000
70458  41.230  -10.414  32.131 0.0000000000
64412  32.480  -14.568  27.805 0.0000000000
157131  31.453  -29.343  42.243 0.0000000000
176776  26.302  -26.955  37.989 0.0000000000
45877  27.889  -28.480  44.030 0.0000000000
48149  34.806  -27.504  39.435 0.0000000000
77452  52.886  -5.002  32.147 0.0000000000
58371  44.533  -18.638  42.456 0.0000000000
65321  44.798  -13.918  40.906 0.0000000000
69148  45.194  -10.834  36.798 0.0000000000
65395  41.028  -13.989  36.534 0.0000000000
67884  37.210  -12.296  30.898 0.0000000000
61835  37.155  -16.610  34.063 0.0000000000
50614  27.120  -25.316  29.637 0.0000000000
56197  27.464  -21.344  28.310 0.0000000000
84613  60.982  0.148  23.385 0.0000000000
85786  62.388  1.523  20.034 0.0000000000
47152  26.483  -28.264  30.659 0.0000000000
46057  23.329  -28.808  31.598 0.0000000000
53808  41.754  -22.465  39.230 0.0000000000
56096  37.927  -21.292  35.161 0.0000000000
52675  35.796  -23.760  38.382 0.0000000000
49410  30.300  -26.440  34.391 0.0000000000
81279  53.336  -2.346  22.536 0.0000000000
157580  24.391  -27.923  46.574 0.0000000000
49301  20.549  -26.842  42.825 0.0000000000
84566  59.684  -0.174  26.340 0.0000000000
81252  56.293  -1.986  26.197 0.0000000000
78802  53.330  -3.677  26.995 0.0000000000
76369  49.614  -5.709  26.949 0.0000000000
75245  46.832  -6.951  27.200 0.0000000000
73943  48.566  -7.431  37.423 0.0000000000
72878  45.637  -8.832  32.880 0.0000000000
74097  41.696  -7.735  26.639 0.0000000000
72978  37.649  -8.907  25.238 0.0000000000
58575  32.880  -19.031  30.381 0.0000000000
46931  32.730  -28.558  45.381 0.0000000000
45884  29.892  -29.236  42.631 0.0000000000
45837  30.660  -29.186  46.044 0.0000000000
49275  33.358  -26.637  44.002 0.0000000000
59522  43.198  -19.022  39.445 0.0000000000
62995  42.783  -15.999  39.515 0.0000000000
152831  42.830  -13.908  38.712 0.0000000000
63017  41.057  -16.150  37.732 0.0000000000
64263  38.961  -14.976  35.351 0.0000000000
60651  39.237  -17.441  36.164 0.0000000000
174080  25.670  -27.720  27.568 0.0000000000
163712  25.782  -26.427  26.051 0.0000000000
84615  58.722  0.322  22.852 0.0000000000
84664  59.509  0.250  20.669 0.0000000000
84666  57.368  0.192  20.510 0.0000000000
47113  27.549  -28.910  32.921 0.0000000000
47154  24.994  -28.474  30.881 0.0000000000
48251  26.262  -27.507  33.736 0.0000000000
48167  24.825  -26.827  39.483 0.0000000000
49388  23.065  -26.504  35.988 0.0000000000
49390  21.765  -26.940  36.596 0.0000000000
47034  20.465  -28.235  37.506 0.0000000000
53784  43.133  -23.087  41.815 0.0000000000
183696  40.012  -24.419  41.249 0.0000000000
53811  38.874  -23.188  39.037 0.0000000000
51560  37.663  -25.136  40.400 0.0000000000
45964  31.760  -29.123  36.852 0.0000000000
48202  32.257  -27.281  36.329 0.0000000000
47073  30.347  -28.673  34.080 0.0000000000
177542  28.457  -28.196  31.534 0.0000000000
80094  51.781  -3.163  21.995 0.0000000000
80146  53.014  -3.505  19.682 0.0000000000
78931  51.491  -4.143  19.331 0.0000000000
49287  18.715  -26.806  44.008 0.0000000000
80033  54.672  -2.948  26.559 0.0000000000
79987  55.495  -3.281  29.654 0.0000000000
76297  51.501  -5.458  32.298 0.0000000000
76334  51.475  -5.435  30.031 0.0000000000
76326  49.468  -6.191  29.900 0.0000000000
76357  48.509  -6.282  27.078 0.0000000000
164498  47.828  -7.009  29.952 0.0000000000
69170  43.301  -10.916  34.686 0.0000000000
71653  45.525  -9.594  34.604 0.0000000000
71685  43.297  -9.652  32.481 0.0000000000
72922  43.445  -8.421  29.410 0.0000000000
71737  41.519  -9.007  29.673 0.0000000000
72975  39.677  -8.081  26.039 0.0000000000
71740  39.320  -9.665  29.032 0.0000000000
69288  35.052  -11.575  27.052 0.0000000000
180730  34.775  -21.538  34.621 0.0000000000
174002  35.753  -20.243  32.612 0.0000000000
56152  32.897  -20.684  32.250 0.0000000000
58623  27.678  -19.599  26.068 0.0000000000
92385  59.492  6.988  19.470 0.0000000000
90277  58.328  4.771  19.888 0.0000000000
184261  30.154  -29.369  38.492 0.0000000000
47045  27.744  -28.219  36.629 0.0000000000
156401  28.725  -28.777  39.614 0.0000000000
46981  27.519  -28.073  40.938 0.0000000000
48120  25.368  -27.763  41.848 0.0000000000
51494  36.382  -24.021  43.683 0.0000000000
50432  36.847  -25.981  40.797 0.0000000000
50397  34.593  -25.610  42.513 0.0000000000
168769  33.019  -28.436  40.671 0.0000000000
78686  55.581  -3.660  32.025 0.0000000000
76240  50.676  -5.334  35.380 0.0000000000
67782  44.689  -12.197  39.331 0.0000000000
66521  43.030  -12.312  37.054 0.0000000000
69184  40.981  -11.897  33.979 0.0000000000
69206  39.243  -11.175  31.880 0.0000000000
66567  39.003  -13.100  33.881 0.0000000000
65445  37.144  -14.150  32.799 0.0000000000
63094  34.869  -15.709  30.796 0.0000000000
52775  28.704  -23.644  32.217 0.0000000000
56163  29.214  -21.202  31.155 0.0000000000
182970  27.000  -23.474  29.041 0.0000000000
86839  59.357  1.639  22.774 0.0000000000
181727  60.234  2.545  20.277 0.0000000000
84645  61.771  0.710  21.621 0.0000000000
49412  24.607  -26.505  34.289 0.0000000000
56011  43.734  -21.055  39.746 0.0000000000
56054  41.894  -21.002  37.894 0.0000000000
57345  40.017  -20.075  36.333 0.0000000000
56071  39.944  -21.661  37.080 0.0000000000
54971  37.009  -22.398  37.003 0.0000000000
177129  33.685  -22.834  35.949 0.0000000000
50470  35.320  -25.897  39.017 0.0000000000
51633  32.898  -24.868  36.971 0.0000000000
52754  30.936  -24.151  34.660 0.0000000000
50557  28.591  -25.783  31.831 0.0000000000
48331  26.663  -27.490  29.795 0.0000000000
83534  54.627  -0.803  22.254 0.0000000000
83555  55.515  -0.718  20.468 0.0000000000
81313  54.196  -2.211  20.255 0.0000000000
46934  26.040  -28.418  45.225 0.0000000000
46955  24.056  -27.886  43.382 0.0000000000
155783  22.396  -27.138  44.362 0.0000000000
48124  21.989  -27.193  41.618 0.0000000000
86840  57.694  2.086  23.995 0.0000000000
84582  60.525  0.035  25.145 0.0000000000
84584  59.563  -0.510  25.065 0.0000000000
83485  55.980  -1.044  24.525 0.0000000000
82364  54.703  -1.962  24.662 0.0000000000
80064  53.488  -2.797  24.494 0.0000000000
78850  51.507  -3.732  24.228 0.0000000000
78748  53.122  -4.372  29.052 0.0000000000
77556  51.373  -4.715  27.036 0.0000000000
78836  50.210  -4.458  24.520 0.0000000000
77595  48.564  -5.259  24.508 0.0000000000
76395  46.637  -6.162  24.563 0.0000000000
158876  48.574  -6.557  35.478 0.0000000000
71620  47.006  -9.874  37.129 0.0000000000
72849  46.981  -8.476  34.969 0.0000000000
74017  47.078  -7.490  32.652 0.0000000000
74049  46.184  -7.791  29.987 0.0000000000
162797  44.109  -7.564  27.055 0.0000000000
70523  37.510  -10.588  28.169 0.0000000000
166869  37.326  -19.074  33.871 0.0000000000
60714  35.091  -17.914  31.566 0.0000000000
61954  32.449  -16.819  28.961 0.0000000000
57454  29.518  -19.584  29.685 0.0000000000
59719  29.582  -18.120  27.637 0.0000000000
45835  31.916  -29.044  46.153 0.0000000000
46916  32.114  -28.563  47.274 0.0000000000
59524  42.364  -18.200  38.886 0.0000000000
60619  43.274  -17.448  39.935 0.0000000000
60626  42.382  -17.429  39.060 0.0000000000
63009  42.189  -16.059  38.971 0.0000000000
61797  41.135  -16.796  37.920 0.0000000000
63023  40.219  -16.389  36.925 0.0000000000
171388  40.406  -17.882  37.199 0.0000000000
84635  57.379  0.609  22.315 0.0000000000
154600  58.119  0.561  21.828 0.0000000000
84649  57.072  0.542  21.311 0.0000000000
46006  28.114  -29.112  34.064 0.0000000000
47114  26.726  -28.281  33.267 0.0000000000
47075  27.483  -28.551  34.509 0.0000000000
48168  24.086  -26.829  39.663 0.0000000000
49362  23.481  -26.431  37.956 0.0000000000
49364  22.105  -26.601  38.407 0.0000000000
48195  20.817  -27.733  37.106 0.0000000000
49365  21.293  -26.964  38.450 0.0000000000
52605  39.093  -24.034  44.818 0.0000000000
51490  40.305  -24.611  43.922 0.0000000000
51511  40.854  -24.596  42.709 0.0000000000
155167  39.748  -24.943  42.229 0.0000000000
51544  38.919  -24.639  40.838 0.0000000000
51545  38.387  -25.109  41.042 0.0000000000
45966  30.378  -29.410  36.119 0.0000000000
45981  31.418  -28.930  35.587 0.0000000000
46004  29.602  -29.387  34.553 0.0000000000
46041  29.294  -29.148  33.256 0.0000000000
80080  51.232  -3.407  22.452 0.0000000000
80129  51.694  -3.446  20.341 0.0000000000
78905  50.865  -3.814  20.234 0.0000000000
79971  57.120  -2.716  30.382 0.0000000000
79986  56.379  -2.950  29.416 0.0000000000
156948  56.220  -3.128  30.250 0.0000000000
76279  50.378  -5.690  32.603 0.0000000000
76314  50.192  -5.896  31.005 0.0000000000
76300  49.526  -6.037  31.530 0.0000000000
75215  48.849  -6.514  29.623 0.0000000000
75195  48.902  -6.339  31.218 0.0000000000
69193  41.926  -10.797  33.231 0.0000000000
70437  43.510  -10.126  33.437 0.0000000000
70456  42.649  -9.849  32.343 0.0000000000
71714  42.642  -9.310  31.091 0.0000000000
71716  41.338  -9.655  30.961 0.0000000000
71739  40.034  -9.429  29.271 0.0000000000
70492  39.867  -10.145  30.421 0.0000000000
55036  32.929  -21.922  33.874 0.0000000000
56131  34.170  -21.114  33.511 0.0000000000
56145  31.955  -21.439  32.750 0.0000000000
91344  58.408  5.913  20.873 0.0000000000
89157  58.228  4.200  20.197 0.0000000000
164406  30.627  -29.375  40.167 0.0000000000
158237  29.465  -29.200  39.524 0.0000000000
45900  30.423  -29.394  41.421 0.0000000000
45876  29.105  -28.944  43.752 0.0000000000
46969  28.391  -28.578  42.040 0.0000000000
46961  27.588  -28.350  42.584 0.0000000000
180772  26.436  -27.999  41.826 0.0000000000
154956  27.071  -28.375  43.280 0.0000000000
52618  35.815  -23.605  44.306 0.0000000000
51517  35.822  -24.726  42.861 0.0000000000
51496  34.722  -24.628  43.788 0.0000000000
179623  32.697  -28.431  43.492 0.0000000000
48104  33.226  -27.350  42.368 0.0000000000
46968  32.537  -28.750  42.000 0.0000000000
180984  31.625  -29.190  39.750 0.0000000000
64148  44.490  -15.255  40.949 0.0000000000
65310  45.675  -13.787  41.992 0.0000000000
66462  45.829  -13.021  41.633 0.0000000000
67766  45.846  -12.064  40.552 0.0000000000
66475  44.680  -13.205  40.441 0.0000000000
65384  41.871  -13.899  37.473 0.0000000000
66507  42.847  -13.260  38.138 0.0000000000
66532  41.878  -12.835  36.346 0.0000000000
67833  41.964  -12.277  35.629 0.0000000000
66542  40.970  -13.012  35.500 0.0000000000
67854  40.292  -12.370  34.045 0.0000000000
66543  40.366  -13.362  35.250 0.0000000000
63048  37.884  -15.808  34.794 0.0000000000
64292  37.832  -14.572  34.161 0.0000000000
177351  36.836  -15.622  33.229 0.0000000000
64336  36.104  -14.650  31.685 0.0000000000
63078  36.115  -15.908  32.232 0.0000000000
51696  27.957  -24.299  31.114 0.0000000000
53918  27.973  -23.051  31.047 0.0000000000
51731  26.928  -24.630  29.210 0.0000000000
85755  60.720  1.126  23.059 0.0000000000
85754  61.316  0.963  22.686 0.0000000000
84631  61.115  0.339  23.026 0.0000000000
160279  60.312  0.188  20.545 0.0000000000
47176  25.866  -28.431  30.038 0.0000000000
46108  24.993  -29.672  29.288 0.0000000000
181540  26.830  -27.249  37.264 0.0000000000
172603  26.589  -27.097  36.004 0.0000000000
49385  25.374  -26.576  36.329 0.0000000000
47078  22.391  -27.902  34.767 0.0000000000
47077  22.706  -28.053  34.077 0.0000000000
53794  42.310  -23.129  40.701 0.0000000000
53800  43.483  -22.327  40.497 0.0000000000
54936  42.540  -22.246  39.433 0.0000000000
56033  42.877  -20.957  38.717 0.0000000000
54958  41.791  -21.626  38.170 0.0000000000
154286  41.264  -21.407  37.639 0.0000000000
53818  40.663  -22.233  38.339 0.0000000000
52673  37.183  -23.442  38.882 0.0000000000
53830  38.198  -22.575  37.718 0.0000000000
163527  36.414  -22.808  37.402 0.0000000000
54982  35.020  -22.497  36.362 0.0000000000
53832  34.827  -23.043  37.027 0.0000000000
49336  35.606  -26.843  39.942 0.0000000000
50452  36.417  -26.061  39.947 0.0000000000
49348  35.192  -26.645  39.052 0.0000000000
49397  31.319  -26.715  35.535 0.0000000000
50505  32.620  -25.965  36.758 0.0000000000
51651  31.959  -25.194  36.008 0.0000000000
154232  31.807  -24.619  35.703 0.0000000000
51660  30.439  -24.907  34.501 0.0000000000
51665  29.454  -24.798  33.480 0.0000000000
171537  29.396  -26.115  33.170 0.0000000000
47150  27.834  -28.296  31.210 0.0000000000
48309  27.778  -27.708  30.718 0.0000000000
47175  26.614  -28.018  30.244 0.0000000000
82392  53.750  -1.863  22.234 0.0000000000
82401  54.301  -1.303  21.220 0.0000000000
81300  53.403  -2.265  21.226 0.0000000000
168430  54.007  -4.043  19.067 0.0000000000
46924  25.509  -28.379  45.955 0.0000000000
157127  25.343  -28.307  44.131 0.0000000000
46936  24.053  -27.968  44.834 0.0000000000
49268  20.907  -26.534  44.283 0.0000000000
49283  21.794  -26.854  43.965 0.0000000000
48108  22.179  -27.183  42.721 0.0000000000
48125  21.134  -27.211  41.568 0.0000000000
158453  20.105  -27.977  39.556 0.0000000000
46983  19.759  -27.774  40.966 0.0000000000
87974  57.390  2.919  23.697 0.0000000000
85716  58.657  1.026  25.412 0.0000000000
85702  59.784  0.253  25.780 0.0000000000
84583  60.431  -0.179  25.162 0.0000000000
83483  60.038  -0.338  25.631 0.0000000000
82340  57.316  -1.727  26.609 0.0000000000
83472  57.852  -1.007  25.581 0.0000000000
82362  56.411  -1.252  25.155 0.0000000000
82363  55.448  -1.530  24.798 0.0000000000
82351  55.890  -1.780  25.541 0.0000000000
153563  54.027  -3.248  26.808 0.0000000000
81255  54.124  -2.826  25.532 0.0000000000
80045  53.523  -3.142  25.654 0.0000000000
80055  52.293  -3.427  24.705 0.0000000000
78816  52.363  -3.813  26.048 0.0000000000
78688  54.289  -4.359  31.992 0.0000000000
154204  54.022  -4.282  30.788 0.0000000000
77481  53.496  -4.605  30.742 0.0000000000
76345  50.580  -5.662  28.857 0.0000000000
77513  51.829  -4.914  28.599 0.0000000000
77557  50.703  -4.972  26.764 0.0000000000
77576  50.543  -4.787  25.976 0.0000000000
77577  49.916  -5.035  25.710 0.0000000000
77594  49.175  -5.051  24.772 0.0000000000
76382  49.475  -5.535  26.168 0.0000000000
154666  47.507  -6.686  26.961 0.0000000000
75262  47.377  -6.229  25.573 0.0000000000
75264  46.299  -6.700  25.656 0.0000000000
164932  45.729  -6.779  25.372 0.0000000000
73955  48.558  -7.105  36.731 0.0000000000
69130  46.123  -10.908  37.907 0.0000000000
70382  47.233  -10.097  37.930 0.0000000000
154723  46.339  -10.175  36.756 0.0000000000
71665  45.341  -9.431  33.904 0.0000000000
71652  46.173  -9.293  34.939 0.0000000000
72860  46.312  -8.647  33.937 0.0000000000
167331  47.241  -7.724  34.170 0.0000000000
74018  46.606  -8.002  32.964 0.0000000000
74029  46.763  -7.673  31.478 0.0000000000
74040  45.789  -8.132  30.731 0.0000000000
74072  42.844  -7.976  27.976 0.0000000000
74071  43.621  -7.898  28.169 0.0000000000
74096  42.870  -7.570  26.636 0.0000000000
74118  43.371  -7.068  25.111 0.0000000000
74120  42.141  -7.078  24.732 0.0000000000
74121  41.311  -7.299  24.868 0.0000000000
72962  38.488  -8.785  26.255 0.0000000000
74123  39.319  -7.787  24.575 0.0000000000
67883  37.793  -11.905  31.209 0.0000000000
69263  37.978  -11.045  29.516 0.0000000000
69265  36.882  -11.452  28.912 0.0000000000
69308  35.293  -10.914  25.934 0.0000000000
166319  38.853  -20.767  35.300 0.0000000000
58497  39.046  -19.704  35.626 0.0000000000
57382  38.113  -20.266  34.622 0.0000000000
183293  34.247  -19.779  31.492 0.0000000000
58548  35.473  -19.193  31.981 0.0000000000
59668  34.419  -18.753  31.089 0.0000000000
60752  33.787  -17.570  30.277 0.0000000000
59695  32.652  -18.245  29.720 0.0000000000
56178  28.367  -21.019  30.041 0.0000000000
56176  29.663  -20.543  30.858 0.0000000000
57446  28.347  -20.454  29.373 0.0000000000
59721  28.438  -18.900  26.858 0.0000000000
60811  29.786  -17.276  26.845 0.0000000000
86875  61.604  2.053  20.543 0.0000000000
88024  60.108  3.072  19.472 0.0000000000
82425  56.487  -1.576  19.499 0.0000000000
45862  32.414  -28.982  44.328 0.0000000000
157132  31.130  -29.402  42.740 0.0000000000
179147  31.347  -29.339  44.413 0.0000000000
155509  30.447  -29.320  44.331 0.0000000000
45865  29.686  -29.106  44.752 0.0000000000
48076  33.030  -27.501  44.961 0.0000000000
164825  44.141  -19.092  40.609 0.0000000000
60613  44.926  -17.516  41.771 0.0000000000
60614  44.369  -17.444  40.990 0.0000000000
62972  43.985  -15.958  40.629 0.0000000000
64170  43.786  -15.232  40.347 0.0000000000
65334  43.629  -14.402  39.957 0.0000000000
162874  42.566  -15.303  39.131 0.0000000000
64220  41.910  -14.592  38.051 0.0000000000
64238  41.079  -14.587  37.026 0.0000000000
64248  40.189  -14.700  36.187 0.0000000000
63028  40.272  -15.679  36.738 0.0000000000
61825  38.747  -16.262  35.636 0.0000000000
172495  38.116  -17.258  35.104 0.0000000000
49537  26.091  -26.676  28.140 0.0000000000
49555  26.210  -25.968  27.704 0.0000000000
48405  25.684  -27.649  26.297 0.0000000000
153993  60.238  0.005  23.085 0.0000000000
84633  60.317  0.181  22.339 0.0000000000
84648  59.032  0.391  21.379 0.0000000000
84665  58.281  0.268  20.510 0.0000000000
47132  27.417  -28.620  31.710 0.0000000000
47153  25.776  -28.451  30.648 0.0000000000
47115  26.213  -28.086  32.540 0.0000000000
48275  25.410  -27.451  32.693 0.0000000000
48276  24.649  -27.276  32.695 0.0000000000
48180  25.879  -26.827  38.529 0.0000000000
49386  24.582  -26.421  36.701 0.0000000000
49374  23.998  -26.397  37.377 0.0000000000
49389  22.405  -26.634  36.384 0.0000000000
44945  21.669  -29.636  36.695 0.0000000000
52635  41.274  -24.088  41.627 0.0000000000
52651  40.811  -23.612  40.317 0.0000000000
168784  40.137  -23.078  39.277 0.0000000000
52659  39.785  -23.532  39.698 0.0000000000
52661  38.327  -23.701  39.496 0.0000000000
52663  36.766  -24.179  39.290 0.0000000000
47016  33.185  -28.486  38.181 0.0000000000
48177  34.288  -27.619  38.300 0.0000000000
47042  32.673  -28.335  36.801 0.0000000000
47056  31.252  -28.466  35.177 0.0000000000
48233  30.552  -27.966  34.285 0.0000000000
48250  29.916  -27.376  33.414 0.0000000000
47110  29.659  -28.350  32.863 0.0000000000
47112  28.423  -29.008  32.508 0.0000000000
81289  52.888  -2.624  22.122 0.0000000000
81301  52.935  -2.685  20.970 0.0000000000
154063  52.362  -3.070  20.717 0.0000000000
171251  52.095  -3.779  19.618 0.0000000000
49249  20.121  -26.239  44.993 0.0000000000
49302  19.692  -26.897  42.999 0.0000000000
46984  19.059  -28.200  41.060 0.0000000000
48128  18.756  -27.694  42.185 0.0000000000
174374  56.991  -2.241  27.657 0.0000000000
81240  55.769  -2.322  26.600 0.0000000000
81230  56.051  -2.647  27.809 0.0000000000
80005  55.236  -3.056  27.898 0.0000000000
78764  53.903  -3.781  28.246 0.0000000000
77453  52.087  -5.243  32.210 0.0000000000
77468  52.364  -5.131  30.804 0.0000000000
76323  51.439  -5.568  30.828 0.0000000000
76335  50.722  -5.718  29.675 0.0000000000
76346  49.878  -5.907  28.566 0.0000000000
161979  49.086  -6.077  27.437 0.0000000000
76347  49.162  -6.223  28.287 0.0000000000
172560  48.316  -6.701  28.553 0.0000000000
75235  47.287  -7.056  28.280 0.0000000000
69159  44.252  -10.854  35.656 0.0000000000
157956  45.420  -10.243  35.766 0.0000000000
70417  44.482  -10.210  34.576 0.0000000000
71666  44.685  -9.638  33.589 0.0000000000
71700  44.378  -9.265  32.271 0.0000000000
72900  44.644  -8.717  31.074 0.0000000000
71713  43.462  -9.215  31.324 0.0000000000
72914  42.266  -8.824  29.813 0.0000000000
72935  41.549  -8.414  28.291 0.0000000000
74099  40.387  -7.921  26.247 0.0000000000
72937  40.281  -8.760  28.144 0.0000000000
71765  39.598  -9.015  27.885 0.0000000000
71767  38.226  -9.542  27.384 0.0000000000
66619  35.777  -13.093  29.973 0.0000000000
67918  35.705  -11.993  28.450 0.0000000000
67919  34.937  -12.419  28.145 0.0000000000
67946  33.785  -12.144  26.494 0.0000000000
181846  32.858  -11.916  24.780 0.0000000000
55013  36.391  -21.292  34.900 0.0000000000
56128  36.502  -20.717  33.555 0.0000000000
56130  34.961  -20.933  33.538 0.0000000000
57410  34.335  -20.430  32.393 0.0000000000
58561  32.803  -19.574  30.891 0.0000000000
56218  27.205  -20.944  26.822 0.0000000000
56237  26.689  -21.230  24.896 0.0000000000
92360  58.987  6.967  21.432 0.0000000000
91356  58.964  5.918  19.306 0.0000000000
90275  59.378  5.434  18.623 0.0000000000
45954  29.735  -29.377  37.347 0.0000000000
184803  28.131  -28.689  36.237 0.0000000000
179306  29.194  -29.146  37.665 0.0000000000
47017  28.514  -28.605  38.615 0.0000000000
47006  27.861  -28.099  38.790 0.0000000000
45891  29.822  -29.258  41.860 0.0000000000
46994  28.124  -28.322  40.366 0.0000000000
48151  26.963  -27.586  39.703 0.0000000000
153895  26.090  -27.257  39.899 0.0000000000
168248  24.962  -27.366  40.805 0.0000000000
48139  24.363  -27.306  40.904 0.0000000000
51515  37.786  -25.102  42.882 0.0000000000
50394  37.999  -25.502  42.041 0.0000000000
51516  36.744  -24.817  42.782 0.0000000000
50415  35.863  -25.873  41.611 0.0000000000
167194  34.815  -26.879  40.975 0.0000000000
50398  33.897  -26.113  42.848 0.0000000000
49311  33.763  -26.901  41.917 0.0000000000
46992  33.604  -28.208  40.022 0.0000000000
177186  32.568  -28.866  39.259 0.0000000000
45938  31.230  -29.315  38.106 0.0000000000
78879  49.272  -4.138  21.855 0.0000000000
78906  50.103  -3.981  20.380 0.0000000000
78907  48.962  -4.181  20.431 0.0000000000
79957  56.171  -3.225  31.674 0.0000000000
77420  53.162  -4.948  33.672 0.0000000000
77421  52.217  -5.064  33.677 0.0000000000
77422  51.334  -5.260  33.541 0.0000000000
76257  49.942  -5.692  33.903 0.0000000000
69114  45.747  -11.482  39.097 0.0000000000
69131  45.126  -11.544  38.368 0.0000000000
66490  43.672  -13.100  39.184 0.0000000000
67803  43.861  -12.216  38.137 0.0000000000
69141  44.092  -11.528  36.834 0.0000000000
174921  43.130  -11.720  36.071 0.0000000000
158589  42.080  -11.610  34.639 0.0000000000
160676  40.773  -11.251  33.051 0.0000000000
69205  39.962  -10.755  31.867 0.0000000000
69195  40.166  -11.411  32.890 0.0000000000
67864  39.072  -12.158  33.003 0.0000000000
66594  37.697  -12.770  32.381 0.0000000000
65419  39.074  -13.968  34.699 0.0000000000
65444  37.677  -13.678  33.314 0.0000000000
66595  37.169  -13.149  32.008 0.0000000000
65473  35.760  -13.994  30.861 0.0000000000
65487  34.932  -14.269  30.076 0.0000000000
64374  33.685  -15.029  29.275 0.0000000000
53907  30.032  -22.903  32.989 0.0000000000
55059  30.046  -21.878  32.170 0.0000000000
55061  28.742  -22.346  31.688 0.0000000000
55078  27.638  -22.331  30.051 0.0000000000
55096  26.826  -22.630  28.048 0.0000000000
51754  26.463  -24.698  27.750 0.0000000000
52863  26.541  -23.826  27.534 0.0000000000
87982  57.692  2.973  21.874 0.0000000000
87998  58.915  2.819  20.736 0.0000000000
86867  59.333  2.284  21.334 0.0000000000
153956  61.576  1.598  21.257 0.0000000000
85765  62.118  0.839  21.138 0.0000000000
84646  61.380  0.473  21.892 0.0000000000
171168  61.973  0.640  21.077 0.0000000000
48218  27.149  -27.655  35.578 0.0000000000
49426  25.344  -26.608  34.079 0.0000000000
48277  23.967  -27.366  32.825 0.0000000000
181946  23.847  -26.460  35.168 0.0000000000
48255  23.132  -27.506  33.746 0.0000000000
57259  44.261  -20.170  41.209 0.0000000000
58408  43.811  -19.774  40.053 0.0000000000
58426  42.853  -19.506  38.992 0.0000000000
58441  41.797  -19.629  37.930 0.0000000000
165137  40.882  -19.521  37.171 0.0000000000
57326  41.132  -20.246  37.193 0.0000000000
56082  39.724  -21.186  36.423 0.0000000000
56083  38.884  -21.410  36.095 0.0000000000
53829  39.007  -22.405  37.906 0.0000000000
54969  38.668  -22.086  37.206 0.0000000000
54993  37.397  -21.695  35.663 0.0000000000
54995  36.032  -21.737  35.519 0.0000000000
54997  34.649  -21.956  35.154 0.0000000000
53880  32.591  -22.691  34.882 0.0000000000
50431  37.428  -25.667  40.800 0.0000000000
50468  36.377  -25.516  39.598 0.0000000000
51592  35.614  -24.502  38.798 0.0000000000
49370  33.496  -26.482  37.580 0.0000000000
51613  33.876  -25.060  37.870 0.0000000000
52689  33.813  -24.147  37.407 0.0000000000
52706  33.513  -23.494  36.650 0.0000000000
53859  32.319  -23.228  35.412 0.0000000000
53895  31.034  -22.973  33.782 0.0000000000
156415  29.762  -23.513  33.253 0.0000000000
169305  28.563  -24.356  32.105 0.0000000000
50576  27.876  -25.140  30.782 0.0000000000
49460  28.902  -26.741  31.891 0.0000000000
49476  28.074  -26.790  30.892 0.0000000000
49513  27.155  -26.188  29.789 0.0000000000
48371  25.969  -27.289  28.447 0.0000000000
83520  55.261  -0.346  22.661 0.0000000000
84651  55.521  -0.051  21.341 0.0000000000
82400  55.016  -0.702  20.942 0.0000000000
80127  53.788  -2.956  19.932 0.0000000000
78928  54.502  -3.706  19.150 0.0000000000
78932  50.802  -4.169  19.510 0.0000000000
173063  31.037  -28.355  47.557 0.0000000000
45821  29.509  -28.978  47.189 0.0000000000
156144  28.233  -28.649  45.640 0.0000000000
167338  27.498  -28.494  45.845 0.0000000000
46932  27.399  -28.451  44.513 0.0000000000
46953  25.867  -28.301  43.651 0.0000000000
46963  24.722  -28.020  42.984 0.0000000000
48122  23.464  -27.411  41.727 0.0000000000
158901  23.494  -27.541  45.733 0.0000000000
183569  23.197  -27.562  43.495 0.0000000000
48123  22.773  -27.317  41.883 0.0000000000
152824  22.476  -26.971  40.573 0.0000000000
48158  21.153  -27.310  39.774 0.0000000000
89135  57.498  3.852  22.653 0.0000000000
86855  57.410  2.977  22.806 0.0000000000
85741  58.656  1.605  23.493 0.0000000000
85740  60.400  1.080  23.607 0.0000000000
86828  57.563  1.756  24.915 0.0000000000
85729  58.538  1.356  24.491 0.0000000000
85727  60.713  0.346  23.965 0.0000000000
158642  60.183  -0.201  23.837 0.0000000000
175069  58.901  0.034  23.630 0.0000000000
84603  57.043  0.321  23.421 0.0000000000
154021  59.445  -0.753  25.756 0.0000000000
83484  58.025  -0.534  24.836 0.0000000000
83505  56.116  0.078  23.247 0.0000000000
159974  55.365  -0.636  23.452 0.0000000000
83506  54.839  -1.231  23.701 0.0000000000
82375  53.868  -2.144  23.617 0.0000000000
81254  54.717  -2.631  25.836 0.0000000000
81272  54.017  -2.366  24.411 0.0000000000
157711  53.345  -2.454  23.201 0.0000000000
80078  52.328  -3.051  23.085 0.0000000000
171974  51.925  -3.263  23.270 0.0000000000
78866  50.838  -3.770  22.992 0.0000000000
78707  55.445  -3.634  31.169 0.0000000000
78747  53.842  -4.014  28.957 0.0000000000
167212  53.395  -4.068  28.476 0.0000000000
77497  51.991  -5.040  29.411 0.0000000000
159083  52.319  -4.653  28.472 0.0000000000
78803  52.559  -3.952  26.769 0.0000000000
78817  51.718  -4.078  25.811 0.0000000000
78835  50.890  -4.167  24.711 0.0000000000
78867  50.156  -4.141  23.286 0.0000000000
78853  49.550  -4.389  23.490 0.0000000000
77618  48.191  -4.841  23.003 0.0000000000
76384  48.055  -5.934  25.562 0.0000000000
156680  47.165  -5.759  24.063 0.0000000000
76241  49.967  -5.667  34.861 0.0000000000
160058  48.718  -6.245  34.019 0.0000000000
72812  47.803  -8.722  37.065 0.0000000000
70398  46.090  -9.968  36.021 0.0000000000
71639  47.029  -9.087  36.010 0.0000000000
72824  47.897  -8.164  36.487 0.0000000000
162295  47.870  -7.428  35.246 0.0000000000
170025  48.152  -6.718  34.140 0.0000000000
75183  48.203  -6.600  32.664 0.0000000000
75207  47.613  -7.092  31.401 0.0000000000
74048  46.884  -7.484  29.646 0.0000000000
74069  45.929  -7.598  28.410 0.0000000000
74051  44.922  -8.255  29.787 0.0000000000
159003  45.127  -7.765  28.429 0.0000000000
177322  45.115  -7.337  26.884 0.0000000000
74106  44.445  -7.089  25.770 0.0000000000
74122  40.023  -7.615  24.795 0.0000000000
184735  39.672  -7.498  23.422 0.0000000000
70493  39.064  -10.449  30.171 0.0000000000
70522  38.083  -10.326  28.438 0.0000000000
71768  37.600  -9.805  27.106 0.0000000000
69286  36.330  -11.099  27.573 0.0000000000
70549  36.467  -10.370  26.492 0.0000000000
162534  39.772  -18.893  36.351 0.0000000000
59595  38.478  -18.342  35.356 0.0000000000
60673  37.622  -17.662  34.564 0.0000000000
58536  36.971  -19.583  33.334 0.0000000000
59643  36.414  -18.437  32.901 0.0000000000
60697  36.276  -17.580  32.818 0.0000000000
61889  35.265  -16.625  31.505 0.0000000000
63109  33.845  -16.174  30.007 0.0000000000
154231  32.626  -15.499  28.507 0.0000000000
180336  30.938  -21.046  31.924 0.0000000000
164456  31.280  -20.172  31.111 0.0000000000
59681  31.593  -19.132  29.983 0.0000000000
58606  28.522  -19.579  28.359 0.0000000000
58605  29.618  -18.737  28.653 0.0000000000
59697  31.547  -18.550  29.412 0.0000000000
60793  31.303  -17.375  28.480 0.0000000000
63149  31.565  -16.206  27.985 0.0000000000
89156  58.713  3.732  20.003 0.0000000000
88035  60.076  3.580  18.881 0.0000000000
172219  60.697  4.555  17.897 0.0000000000
84667  56.526  -0.002  20.573 0.0000000000
59537  41.959  -18.721  38.304 0.0000000000
60632  41.863  -17.698  38.497 0.0000000000
61796  41.579  -17.006  38.306 0.0000000000
60633  41.287  -17.512  38.026 0.0000000000
60639  40.799  -17.338  37.552 0.0000000000
59552  40.973  -18.076  37.645 0.0000000000
84617  56.695  0.598  22.766 0.0000000000
84636  56.567  0.597  21.988 0.0000000000
47074  28.129  -29.004  34.838 0.0000000000
49339  23.325  -26.804  39.809 0.0000000000
153912  23.045  -26.514  38.536 0.0000000000
49351  22.708  -26.663  39.202 0.0000000000
49340  22.520  -26.835  39.940 0.0000000000
154265  38.972  -24.990  43.400 0.0000000000
51491  39.359  -24.624  44.169 0.0000000000
51513  39.600  -24.979  43.468 0.0000000000
183526  39.523  -25.080  42.702 0.0000000000
51532  39.178  -25.100  42.099 0.0000000000
154495  38.765  -25.081  41.479 0.0000000000
51533  38.601  -25.296  42.060 0.0000000000
45983  29.824  -29.449  35.495 0.0000000000
46005  28.837  -29.306  34.329 0.0000000000
78877  50.674  -3.686  22.222 0.0000000000
80108  51.070  -3.501  20.932 0.0000000000
78888  50.546  -3.688  21.470 0.0000000000
177566  56.798  -2.932  30.815 0.0000000000
79956  56.813  -2.890  31.362 0.0000000000
76299  50.249  -5.824  31.828 0.0000000000
75182  48.876  -6.269  32.052 0.0000000000
70440  41.751  -10.488  32.626 0.0000000000
70439  42.344  -10.291  32.807 0.0000000000
70457  41.989  -10.122  32.194 0.0000000000
70475  41.621  -9.929  31.611 0.0000000000
70476  40.930  -10.124  31.393 0.0000000000
70491  40.601  -9.867  30.717 0.0000000000
55037  32.186  -22.168  33.674 0.0000000000
55050  32.574  -21.573  33.209 0.0000000000
55051  31.900  -21.925  33.186 0.0000000000
90251  57.942  4.943  21.597 0.0000000000
89145  57.871  4.143  20.897 0.0000000000
155037  31.431  -29.322  41.767 0.0000000000
155874  30.723  -29.380  40.816 0.0000000000
153943  30.984  -29.398  41.963 0.0000000000
46950  28.454  -28.647  43.534 0.0000000000
46960  28.429  -28.624  42.842 0.0000000000
46951  27.775  -28.448  43.400 0.0000000000
153880  27.265  -28.425  43.918 0.0000000000
52607  35.761  -23.098  45.306 0.0000000000
51495  35.455  -24.277  43.606 0.0000000000
172445  32.175  -29.013  43.108 0.0000000000
45881  32.334  -28.910  42.570 0.0000000000
45889  31.970  -29.116  42.003 0.0000000000
45898  31.767  -29.190  41.261 0.0000000000
172585  44.984  -14.559  41.254 0.0000000000
174031  45.433  -14.403  41.832 0.0000000000
65320  45.384  -13.847  41.512 0.0000000000
66463  45.247  -13.333  41.101 0.0000000000
66474  45.463  -12.656  40.918 0.0000000000
65385  41.401  -14.114  37.068 0.0000000000
66523  42.103  -13.170  37.093 0.0000000000
66533  41.234  -13.249  36.174 0.0000000000
66541  41.476  -12.741  35.760 0.0000000000
65406  40.709  -13.648  35.883 0.0000000000
63049  37.334  -15.958  34.242 0.0000000000
169842  37.195  -15.454  33.729 0.0000000000
63068  36.574  -15.365  32.731 0.0000000000
168185  36.500  -16.118  32.926 0.0000000000
171495  27.475  -24.995  30.183 0.0000000000
51697  27.588  -24.396  30.459 0.0000000000
51713  27.274  -24.508  29.822 0.0000000000
85739  61.021  0.589  23.335 0.0000000000
46091  25.377  -29.001  29.627 0.0000000000
156664  26.904  -27.336  37.743 0.0000000000
49372  26.102  -26.797  36.638 0.0000000000
48194  26.323  -26.921  37.360 0.0000000000
46007  22.401  -28.692  34.414 0.0000000000
53802  42.044  -22.818  39.936 0.0000000000
53801  42.808  -22.585  40.176 0.0000000000
54948  42.236  -21.942  38.725 0.0000000000
54949  41.437  -22.125  38.575 0.0000000000
54959  41.174  -21.838  38.041 0.0000000000
52674  36.481  -23.583  38.630 0.0000000000
53821  36.875  -23.082  38.156 0.0000000000
53822  36.172  -23.221  38.068 0.0000000000
52687  35.464  -23.257  37.676 0.0000000000
176957  35.120  -27.232  39.820 0.0000000000
48176  34.824  -27.312  38.878 0.0000000000
49409  30.774  -26.482  34.955 0.0000000000
50513  31.645  -25.888  35.795 0.0000000000
50514  31.090  -25.800  35.284 0.0000000000
51652  31.478  -25.135  35.514 0.0000000000
50521  30.574  -25.695  34.745 0.0000000000
50527  30.083  -25.633  34.186 0.0000000000
49424  29.869  -26.438  33.705 0.0000000000
157926  27.031  -28.362  31.166 0.0000000000
47151  27.209  -28.096  30.730 0.0000000000
82402  53.760  -1.776  21.544 0.0000000000
81288  53.353  -2.246  21.876 0.0000000000
46917  25.387  -28.362  46.779 0.0000000000
46925  24.853  -28.212  46.399 0.0000000000
177016  24.874  -28.256  45.814 0.0000000000
46926  24.408  -28.056  46.003 0.0000000000
49285  20.273  -26.660  43.568 0.0000000000
49284  21.163  -26.752  43.423 0.0000000000
48109  21.421  -26.931  42.748 0.0000000000
153296  20.836  -27.065  42.160 0.0000000000
48126  20.251  -27.381  41.569 0.0000000000
87964  58.052  4.209  25.688 0.0000000000
87948  58.064  4.662  26.073 0.0000000000
84567  58.837  0.411  26.491 0.0000000000
83470  60.135  -0.187  25.613 0.0000000000
82350  56.949  -1.501  25.906 0.0000000000
162399  53.599  -3.301  26.352 0.0000000000
80034  53.025  -3.533  26.216 0.0000000000
80046  52.761  -3.435  25.500 0.0000000000
77451  53.693  -4.721  32.072 0.0000000000
78709  53.853  -4.496  31.382 0.0000000000
77467  53.063  -4.885  31.277 0.0000000000
76355  50.419  -5.578  28.056 0.0000000000
77535  50.874  -5.112  27.564 0.0000000000
77536  50.233  -5.428  27.263 0.0000000000
77558  50.061  -5.226  26.480 0.0000000000
77578  49.280  -5.273  25.447 0.0000000000
75253  47.075  -6.713  26.553 0.0000000000
75254  46.386  -6.866  26.455 0.0000000000
165398  45.320  -11.170  37.597 0.0000000000
69139  45.861  -10.646  37.169 0.0000000000
72861  45.772  -8.992  33.570 0.0000000000
72877  46.193  -8.530  33.246 0.0000000000
72888  46.123  -8.362  32.513 0.0000000000
74030  46.099  -8.154  31.605 0.0000000000
72889  45.518  -8.650  32.137 0.0000000000
74084  41.883  -7.894  27.224 0.0000000000
74083  42.538  -7.800  27.301 0.0000000000
162782  42.234  -7.685  26.794 0.0000000000
74109  42.252  -7.471  26.120 0.0000000000
159848  41.794  -7.371  25.463 0.0000000000
157689  41.543  -7.595  26.078 0.0000000000
72977  38.309  -8.625  25.531 0.0000000000
72991  38.144  -8.495  24.796 0.0000000000
72992  37.564  -8.753  24.599 0.0000000000
163735  37.456  -11.498  29.824 0.0000000000
67896  37.012  -12.050  30.177 0.0000000000
56108  38.357  -20.832  34.947 0.0000000000
57367  38.672  -20.321  35.156 0.0000000000
56109  37.630  -20.876  34.505 0.0000000000
160785  33.416  -19.216  30.783 0.0000000000
58550  34.059  -19.316  31.116 0.0000000000
58574  33.334  -18.783  30.427 0.0000000000
59678  33.522  -18.300  30.321 0.0000000000
59679  32.989  -18.515  30.084 0.0000000000
56186  27.590  -21.522  29.033 0.0000000000
56185  27.980  -21.075  29.420 0.0000000000
56196  27.820  -20.834  28.830 0.0000000000
154262  62.203  1.829  20.313 0.0000000000
86884  62.341  2.054  19.551 0.0000000000
46941  32.712  -28.607  44.705 0.0000000000
172546  31.988  -29.185  44.014 0.0000000000
45849  32.439  -28.995  44.979 0.0000000000
45836  31.347  -29.196  45.691 0.0000000000
45851  31.396  -29.287  44.902 0.0000000000
153989  30.875  -29.282  45.206 0.0000000000
45852  30.385  -29.265  44.924 0.0000000000
153666  30.309  -29.210  45.552 0.0000000000
48068  33.176  -27.324  46.168 0.0000000000
49238  33.257  -26.920  45.617 0.0000000000
48077  32.897  -28.090  45.124 0.0000000000
46949  32.701  -28.552  44.064 0.0000000000
59512  43.592  -18.995  39.940 0.0000000000
59508  44.501  -18.326  41.153 0.0000000000
176090  43.821  -18.122  40.400 0.0000000000
61786  43.021  -16.679  39.786 0.0000000000
61785  43.608  -16.670  40.266 0.0000000000
62994  43.372  -15.969  40.052 0.0000000000
64171  43.128  -15.232  39.763 0.0000000000
63016  41.578  -16.161  38.274 0.0000000000
63015  42.008  -15.334  38.516 0.0000000000
165995  41.510  -15.296  37.878 0.0000000000
180148  41.174  -15.040  37.401 0.0000000000
63021  41.072  -15.570  37.533 0.0000000000
165379  40.749  -15.213  37.023 0.0000000000
63022  40.676  -15.937  37.229 0.0000000000
61814  39.754  -16.872  36.564 0.0000000000
63029  39.739  -16.078  36.410 0.0000000000
61815  39.205  -16.556  36.069 0.0000000000
60662  38.681  -17.033  35.658 0.0000000000
168938  25.777  -27.217  27.810 0.0000000000
49556  25.823  -26.665  27.385 0.0000000000
48388  25.651  -27.339  27.121 0.0000000000
84634  59.219  0.316  22.261 0.0000000000
161439  57.881  0.495  21.041 0.0000000000
83553  57.818  -0.336  19.995 0.0000000000
170400  27.733  -28.885  32.243 0.0000000000
47133  26.570  -28.397  31.768 0.0000000000
156326  27.013  -28.631  32.407 0.0000000000
47076  26.873  -28.054  34.120 0.0000000000
177257  26.035  -27.655  33.129 0.0000000000
48293  24.947  -27.601  32.184 0.0000000000
48252  25.545  -27.016  33.448 0.0000000000
49349  25.023  -26.696  38.786 0.0000000000
49360  25.166  -26.637  38.197 0.0000000000
49361  24.384  -26.523  38.222 0.0000000000
49376  22.049  -26.624  37.174 0.0000000000
49375  22.978  -26.394  37.086 0.0000000000
48205  21.960  -27.145  36.060 0.0000000000
47046  21.709  -27.758  35.945 0.0000000000
45986  22.167  -28.952  35.458 0.0000000000
161302  21.734  -28.486  35.954 0.0000000000
45970  21.314  -28.852  36.494 0.0000000000
45956  20.919  -29.252  37.079 0.0000000000
52602  41.933  -23.695  43.989 0.0000000000
51543  40.099  -24.622  41.765 0.0000000000
51510  41.475  -24.279  42.378 0.0000000000
178355  40.574  -24.270  41.386 0.0000000000
52642  41.066  -23.861  40.938 0.0000000000
52643  40.363  -24.059  40.831 0.0000000000
52652  40.077  -23.821  40.265 0.0000000000
51559  38.238  -24.830  40.603 0.0000000000
52654  38.631  -24.213  40.175 0.0000000000
52655  37.903  -24.352  40.117 0.0000000000
52662  37.530  -23.929  39.497 0.0000000000
51572  37.266  -24.656  39.893 0.0000000000
45951  32.564  -28.905  37.836 0.0000000000
47029  32.994  -28.444  37.480 0.0000000000
47030  32.401  -28.896  37.082 0.0000000000
46002  31.006  -28.941  35.054 0.0000000000
47072  30.812  -28.568  34.649 0.0000000000
48232  30.966  -27.877  34.838 0.0000000000
48249  30.186  -28.059  33.689 0.0000000000
47093  29.866  -28.776  33.372 0.0000000000
46027  28.179  -29.165  33.298 0.0000000000
46042  28.822  -29.204  33.028 0.0000000000
80093  52.353  -2.948  22.391 0.0000000000
80106  52.424  -2.869  21.537 0.0000000000
80107  51.745  -3.217  21.173 0.0000000000
78904  51.388  -3.827  19.785 0.0000000000
77678  52.016  -4.448  18.898 0.0000000000
49270  19.192  -26.539  44.429 0.0000000000
49269  19.921  -26.481  44.267 0.0000000000
49286  19.412  -26.707  43.751 0.0000000000
48111  19.189  -27.280  42.513 0.0000000000
48112  18.565  -27.557  42.825 0.0000000000
153838  55.168  -3.263  28.804 0.0000000000
80006  54.493  -3.366  28.080 0.0000000000
78763  54.395  -3.671  28.716 0.0000000000
76312  51.591  -5.498  31.596 0.0000000000
76325  50.117  -5.938  30.181 0.0000000000
76324  50.815  -5.749  30.497 0.0000000000
76336  50.014  -5.943  29.379 0.0000000000
76337  49.364  -6.213  29.105 0.0000000000
75216  48.312  -6.742  30.145 0.0000000000
75224  48.782  -6.531  28.877 0.0000000000
75225  48.196  -6.808  29.339 0.0000000000
154823  47.732  -6.994  28.770 0.0000000000
69160  43.789  -10.916  35.235 0.0000000000
70409  44.381  -10.510  35.112 0.0000000000
70418  43.928  -10.505  34.595 0.0000000000
168177  43.562  -9.802  32.956 0.0000000000
71667  44.047  -9.767  33.253 0.0000000000
71684  43.904  -9.547  32.674 0.0000000000
71683  44.548  -9.440  32.929 0.0000000000
71712  44.179  -9.105  31.548 0.0000000000
71701  43.707  -9.387  32.020 0.0000000000
71726  41.922  -9.273  30.467 0.0000000000
71725  42.607  -8.996  30.408 0.0000000000
72924  41.918  -8.616  29.080 0.0000000000
72925  41.179  -8.782  28.957 0.0000000000
72948  40.884  -8.368  27.708 0.0000000000
72936  40.872  -8.646  28.381 0.0000000000
71750  39.816  -9.235  28.570 0.0000000000
71751  39.115  -9.490  28.329 0.0000000000
71766  38.907  -9.287  27.635 0.0000000000
66643  35.216  -12.676  28.813 0.0000000000
66644  34.565  -13.016  28.503 0.0000000000
67947  33.140  -12.444  26.216 0.0000000000
154792  33.531  -11.879  25.820 0.0000000000
67962  32.834  -12.231  25.444 0.0000000000
56112  35.229  -21.115  34.186 0.0000000000
56111  36.040  -21.011  34.234 0.0000000000
56144  33.144  -21.040  32.798 0.0000000000
56143  33.884  -20.867  32.898 0.0000000000
56151  33.599  -20.566  32.344 0.0000000000
57417  33.336  -20.282  31.857 0.0000000000
57418  32.623  -20.235  31.591 0.0000000000
91357  58.378  5.462  19.946 0.0000000000
90276  58.798  5.012  19.311 0.0000000000
157265  29.641  -29.332  38.219 0.0000000000
45923  29.196  -29.073  38.872 0.0000000000
183058  28.245  -28.387  39.136 0.0000000000
45883  30.505  -29.421  43.027 0.0000000000
45890  30.470  -29.421  42.270 0.0000000000
46980  28.289  -28.485  41.193 0.0000000000
46995  27.360  -27.831  40.289 0.0000000000
48152  26.635  -27.558  40.373 0.0000000000
48119  26.088  -27.779  41.589 0.0000000000
48138  25.562  -27.549  41.096 0.0000000000
173144  24.818  -27.544  41.410 0.0000000000
52606  36.668  -23.072  45.057 0.0000000000
170903  37.795  -23.071  45.399 0.0000000000
52617  37.440  -23.765  44.424 0.0000000000
153524  38.048  -24.448  43.840 0.0000000000
51493  37.255  -24.442  43.462 0.0000000000
50396  35.399  -25.309  42.270 0.0000000000
50416  35.007  -26.039  41.841 0.0000000000
49309  35.380  -26.460  41.240 0.0000000000
49310  34.503  -26.619  41.537 0.0000000000
50368  33.673  -25.820  44.478 0.0000000000
50380  33.764  -25.923  43.639 0.0000000000
157340  33.442  -26.717  43.272 0.0000000000
48118  33.063  -27.732  42.070 0.0000000000
48117  33.535  -27.481  41.368 0.0000000000
48136  33.747  -27.807  40.598 0.0000000000
46993  32.962  -28.616  39.810 0.0000000000
45920  31.111  -29.278  39.541 0.0000000000
172741  31.350  -29.239  38.788 0.0000000000
164405  30.651  -29.364  38.775 0.0000000000
45939  30.412  -29.410  37.876 0.0000000000
78890  49.029  -4.133  21.101 0.0000000000
177459  52.278  -5.009  34.275 0.0000000000
77410  51.489  -5.082  35.116 0.0000000000
171425  51.724  -5.096  34.284 0.0000000000
76256  50.780  -5.313  34.341 0.0000000000
154097  50.563  -5.528  33.370 0.0000000000
61769  45.261  -16.618  42.062 0.0000000000
67781  45.436  -11.914  39.695 0.0000000000
67801  45.102  -11.814  38.988 0.0000000000
67802  44.516  -11.968  38.567 0.0000000000
65351  43.341  -13.799  39.305 0.0000000000
66491  43.205  -13.366  38.770 0.0000000000
66522  42.671  -12.884  37.405 0.0000000000
66506  43.249  -12.583  37.745 0.0000000000
67815  43.678  -12.026  37.337 0.0000000000
67822  43.419  -11.844  36.620 0.0000000000
67823  42.827  -12.119  36.420 0.0000000000
180603  41.453  -12.114  34.709 0.0000000000
67841  42.338  -11.748  35.195 0.0000000000
69172  41.566  -11.801  34.318 0.0000000000
162344  41.329  -11.382  33.555 0.0000000000
69185  40.558  -11.685  33.491 0.0000000000
180253  39.618  -12.905  34.092 0.0000000000
66580  38.671  -12.773  33.337 0.0000000000
67865  38.329  -12.422  32.724 0.0000000000
64262  39.625  -14.850  35.767 0.0000000000
65408  39.385  -14.341  35.269 0.0000000000
64277  38.836  -14.494  34.939 0.0000000000
65432  37.487  -14.318  33.570 0.0000000000
65431  38.047  -13.958  33.899 0.0000000000
66582  37.407  -13.397  32.674 0.0000000000
65460  37.009  -13.726  32.239 0.0000000000
66606  36.252  -13.373  30.976 0.0000000000
65472  36.171  -14.075  31.414 0.0000000000
64338  35.289  -15.182  30.974 0.0000000000
64351  35.336  -14.525  30.633 0.0000000000
64352  34.746  -15.098  30.358 0.0000000000
64373  34.309  -14.659  29.718 0.0000000000
64353  34.035  -15.445  29.881 0.0000000000
53911  29.696  -22.548  32.471 0.0000000000
53912  29.024  -22.855  32.161 0.0000000000
53925  27.603  -23.039  30.391 0.0000000000
53924  27.988  -22.389  30.743 0.0000000000
53936  27.309  -23.099  29.571 0.0000000000
55089  27.414  -22.246  29.293 0.0000000000
53946  27.044  -22.867  28.778 0.0000000000
49570  25.854  -26.127  26.831 0.0000000000
174700  26.346  -25.373  27.676 0.0000000000
50656  26.200  -25.311  27.077 0.0000000000
51787  26.259  -24.883  26.439 0.0000000000
52881  26.380  -24.117  26.176 0.0000000000
170003  26.500  -23.557  26.819 0.0000000000
86868  58.680  2.242  21.909 0.0000000000
85766  61.636  1.039  21.906 0.0000000000
86866  60.956  1.769  21.653 0.0000000000
177559  61.901  0.993  21.443 0.0000000000
84647  60.270  0.227  21.639 0.0000000000
153593  61.103  0.225  22.426 0.0000000000
154290  60.780  0.285  21.424 0.0000000000
84663  61.332  0.390  21.055 0.0000000000
46092  24.725  -29.356  29.969 0.0000000000
46072  24.444  -28.994  30.554 0.0000000000
47058  27.632  -28.264  35.944 0.0000000000
49398  26.118  -26.762  35.417 0.0000000000
49411  25.893  -26.713  34.695 0.0000000000
49427  24.808  -26.691  33.624 0.0000000000
49428  24.115  -26.698  33.832 0.0000000000
49387  23.904  -26.395  35.792 0.0000000000
46028  22.641  -28.758  33.677 0.0000000000
47095  22.925  -28.072  33.526 0.0000000000
184549  43.014  -23.255  42.270 0.0000000000
53783  43.250  -22.678  41.898 0.0000000000
54918  43.825  -21.696  40.105 0.0000000000
54903  44.137  -21.508  41.262 0.0000000000
178212  44.164  -21.500  40.708 0.0000000000
57273  44.223  -20.531  40.579 0.0000000000
58407  44.239  -19.916  40.655 0.0000000000
57274  43.945  -20.475  40.100 0.0000000000
56053  42.446  -20.838  38.274 0.0000000000
57289  43.151  -20.363  39.067 0.0000000000
57306  42.665  -20.285  38.555 0.0000000000
59536  42.323  -19.575  38.421 0.0000000000
57325  41.660  -20.353  37.599 0.0000000000
169972  41.367  -19.754  37.507 0.0000000000
56070  40.614  -21.183  37.036 0.0000000000
54978  39.211  -21.723  36.733 0.0000000000
53810  39.552  -23.154  39.150 0.0000000000
157907  39.328  -22.774  38.537 0.0000000000
54970  37.784  -22.192  36.956 0.0000000000
54980  37.797  -21.905  36.232 0.0000000000
160086  37.154  -22.064  36.421 0.0000000000
154354  36.587  -21.922  35.980 0.0000000000
53858  34.441  -22.390  35.829 0.0000000000
53879  33.854  -22.296  35.292 0.0000000000
165625  33.082  -22.725  35.393 0.0000000000
50413  37.472  -25.755  41.362 0.0000000000
50469  35.874  -26.191  39.435 0.0000000000
51575  35.702  -25.306  39.168 0.0000000000
51574  36.215  -24.759  39.249 0.0000000000
48191  33.718  -27.460  37.709 0.0000000000
49359  34.101  -27.001  38.038 0.0000000000
49371  33.100  -27.113  37.182 0.0000000000
172242  32.486  -25.208  36.583 0.0000000000
50495  33.541  -25.600  37.647 0.0000000000
51614  33.342  -24.885  37.377 0.0000000000
51612  34.420  -24.550  38.020 0.0000000000
52690  33.119  -24.251  36.968 0.0000000000
52733  31.420  -24.397  35.285 0.0000000000
52732  31.950  -23.990  35.600 0.0000000000
52753  31.616  -23.649  35.024 0.0000000000
53881  31.981  -22.984  34.670 0.0000000000
53882  31.287  -23.311  34.400 0.0000000000
53896  30.327  -23.240  33.536 0.0000000000
52763  30.633  -23.642  34.062 0.0000000000
50539  29.260  -25.411  33.186 0.0000000000
51669  29.080  -24.883  32.895 0.0000000000
51679  28.708  -24.994  32.285 0.0000000000
51680  28.335  -24.911  31.572 0.0000000000
50575  28.224  -25.825  31.195 0.0000000000
48291  29.245  -27.584  32.150 0.0000000000
49443  29.301  -26.780  32.601 0.0000000000
48292  28.827  -27.662  31.596 0.0000000000
48330  27.205  -27.635  30.318 0.0000000000
49477  27.585  -27.163  30.419 0.0000000000
49494  27.568  -26.455  30.337 0.0000000000
49495  27.157  -26.970  29.986 0.0000000000
177202  26.699  -26.741  29.338 0.0000000000
48351  26.218  -27.513  29.106 0.0000000000
83533  55.090  -0.350  21.804 0.0000000000
83543  54.564  -0.798  21.619 0.0000000000
82414  54.562  -1.486  20.539 0.0000000000
81312  54.918  -1.920  19.964 0.0000000000
80128  53.007  -3.010  20.335 0.0000000000
81314  53.507  -2.461  20.568 0.0000000000
80160  55.064  -3.798  18.930 0.0000000000
78933  49.981  -4.262  19.674 0.0000000000
182087  50.448  -4.059  19.935 0.0000000000
77680  50.316  -4.658  18.974 0.0000000000
48045  31.330  -27.818  47.681 0.0000000000
46901  29.787  -28.464  47.865 0.0000000000
45822  28.765  -28.811  47.251 0.0000000000
45839  28.982  -28.913  46.219 0.0000000000
45840  28.144  -28.592  46.381 0.0000000000
45856  26.824  -28.437  45.492 0.0000000000
46933  26.812  -28.437  44.879 0.0000000000
179535  26.848  -28.419  44.341 0.0000000000
46942  26.149  -28.392  44.410 0.0000000000
46954  24.658  -28.135  43.773 0.0000000000
184802  25.219  -28.219  43.493 0.0000000000
48106  24.005  -27.730  42.707 0.0000000000
176794  23.912  -27.587  42.153 0.0000000000
48088  22.446  -27.030  45.064 0.0000000000
48080  22.570  -26.937  45.746 0.0000000000
181262  23.038  -27.261  45.921 0.0000000000
48079  23.004  -27.341  45.384 0.0000000000
48078  23.531  -27.651  45.084 0.0000000000
48096  22.979  -27.466  43.956 0.0000000000
154528  22.311  -27.246  42.206 0.0000000000
48107  22.826  -27.404  42.596 0.0000000000
183098  22.432  -27.198  41.410 0.0000000000
174604  22.042  -27.145  40.945 0.0000000000
48157  21.843  -27.088  40.171 0.0000000000
160839  21.262  -27.329  40.492 0.0000000000
180361  58.725  5.902  24.548 0.0000000000
89127  57.495  3.603  23.387 0.0000000000
177749  57.675  2.356  23.215 0.0000000000
86822  57.672  2.647  25.788 0.0000000000
85717  57.559  1.765  25.837 0.0000000000
85715  59.998  0.523  24.978 0.0000000000
84599  60.532  0.285  24.634 0.0000000000
84600  60.648  -0.096  24.516 0.0000000000
84601  60.000  -0.353  24.485 0.0000000000
84602  58.265  -0.146  24.074 0.0000000000
83471  59.680  -0.500  26.203 0.0000000000
168575  59.431  -1.003  26.409 0.0000000000
161360  56.789  -0.700  24.672 0.0000000000
83504  56.958  -0.152  24.033 0.0000000000
162345  56.047  -0.548  24.003 0.0000000000
82373  54.941  -1.506  24.266 0.0000000000
82374  54.436  -1.801  24.009 0.0000000000
82382  54.298  -1.578  23.326 0.0000000000
81241  55.171  -2.606  26.388 0.0000000000
81266  53.805  -2.800  25.017 0.0000000000
81273  53.417  -2.612  23.877 0.0000000000
81274  52.840  -2.852  23.482 0.0000000000
80065  52.904  -3.000  24.213 0.0000000000
80066  52.170  -3.253  23.768 0.0000000000
78865  51.458  -3.542  23.412 0.0000000000
78729  53.638  -4.311  29.941 0.0000000000
182717  51.860  -5.326  30.550 0.0000000000
77483  52.221  -5.096  30.123 0.0000000000
77534  51.559  -4.838  27.815 0.0000000000
78766  52.206  -4.568  28.015 0.0000000000
78785  52.016  -4.373  27.306 0.0000000000
78804  51.869  -4.205  26.547 0.0000000000
77592  50.405  -4.631  25.210 0.0000000000
78818  51.037  -4.344  25.489 0.0000000000
78851  50.713  -4.040  23.865 0.0000000000
78852  49.904  -4.395  23.948 0.0000000000
77607  48.409  -5.035  23.794 0.0000000000
77608  47.652  -5.249  23.563 0.0000000000
76370  48.982  -5.904  26.640 0.0000000000
76371  48.338  -6.084  26.363 0.0000000000
75273  46.818  -6.389  25.255 0.0000000000
179103  47.442  -5.953  24.883 0.0000000000
76419  46.913  -5.520  23.299 0.0000000000
75123  48.851  -6.560  36.176 0.0000000000
76223  49.206  -6.066  35.421 0.0000000000
76242  49.250  -5.955  34.394 0.0000000000
75141  48.629  -6.360  34.761 0.0000000000
184017  47.727  -9.773  38.373 0.0000000000
71619  47.636  -9.389  37.648 0.0000000000
73944  48.121  -8.677  37.857 0.0000000000
71629  47.304  -9.271  36.753 0.0000000000
70416  45.048  -10.116  35.020 0.0000000000
71641  45.777  -9.768  35.318 0.0000000000
72850  46.492  -8.780  34.614 0.0000000000
72838  46.745  -8.913  35.304 0.0000000000
72837  47.344  -8.451  35.695 0.0000000000
73969  47.827  -7.795  35.776 0.0000000000
73984  47.394  -7.928  34.966 0.0000000000
74000  47.068  -7.651  33.457 0.0000000000
73999  47.559  -7.174  33.806 0.0000000000
75184  47.517  -7.058  33.049 0.0000000000
175582  47.963  -6.760  33.411 0.0000000000
75197  47.584  -6.999  32.245 0.0000000000
75196  48.243  -6.648  31.739 0.0000000000
74039  46.452  -7.782  30.835 0.0000000000
170424  46.799  -7.587  30.297 0.0000000000
74058  46.380  -7.590  29.097 0.0000000000
72911  44.422  -8.534  30.320 0.0000000000
72910  45.108  -8.388  30.540 0.0000000000
72921  44.198  -8.357  29.587 0.0000000000
157674  44.154  -7.703  27.695 0.0000000000
74070  44.380  -7.858  28.362 0.0000000000
182367  44.776  -7.695  27.876 0.0000000000
74080  45.488  -7.468  27.562 0.0000000000
74105  45.111  -7.099  26.254 0.0000000000
74119  42.908  -6.983  24.592 0.0000000000
74111  40.187  -7.752  25.526 0.0000000000
74137  38.533  -7.908  23.506 0.0000000000
74136  39.191  -7.713  23.837 0.0000000000
74149  39.147  -7.649  23.062 0.0000000000
69224  39.513  -10.689  31.370 0.0000000000
70478  39.474  -10.481  30.831 0.0000000000
69225  38.858  -10.891  30.976 0.0000000000
70508  37.753  -10.835  28.809 0.0000000000
70507  38.294  -10.521  29.090 0.0000000000
70535  37.851  -10.083  27.780 0.0000000000
70536  37.270  -10.343  27.495 0.0000000000
67931  35.312  -11.822  27.725 0.0000000000
69277  35.889  -11.493  27.898 0.0000000000
69287  35.694  -11.318  27.295 0.0000000000
70558  35.657  -10.447  25.545 0.0000000000
70550  35.874  -10.617  26.213 0.0000000000
70557  36.244  -10.193  25.788 0.0000000000
58473  40.240  -19.331  36.670 0.0000000000
58474  39.647  -19.517  36.149 0.0000000000
58498  38.416  -19.607  35.040 0.0000000000
164851  38.700  -18.931  35.483 0.0000000000
59613  38.219  -18.837  34.925 0.0000000000
60672  38.122  -18.059  34.957 0.0000000000
59614  37.708  -18.553  34.444 0.0000000000
57401  36.027  -20.612  33.050 0.0000000000
57400  37.003  -20.242  33.563 0.0000000000
174815  36.407  -20.075  32.938 0.0000000000
59654  35.005  -18.621  31.541 0.0000000000
169715  36.049  -18.998  32.434 0.0000000000
157812  36.019  -18.174  32.488 0.0000000000
60698  35.818  -17.472  32.309 0.0000000000
61870  35.699  -16.689  32.047 0.0000000000
60713  35.389  -17.372  31.787 0.0000000000
61934  32.926  -17.196  29.441 0.0000000000
61911  34.103  -16.751  30.347 0.0000000000
164652  33.004  -16.586  29.327 0.0000000000
63134  33.413  -15.930  29.446 0.0000000000
63147  32.778  -16.017  28.917 0.0000000000
55066  29.676  -21.505  31.723 0.0000000000
55058  30.708  -21.573  32.323 0.0000000000
56155  30.335  -21.243  31.850 0.0000000000
57444  29.462  -20.109  30.205 0.0000000000
181263  30.244  -20.439  31.051 0.0000000000
176572  30.704  -19.746  30.458 0.0000000000
176931  31.373  -19.664  30.572 0.0000000000
58578  30.236  -19.568  30.034 0.0000000000
57485  27.451  -20.245  26.473 0.0000000000
57474  28.057  -19.941  27.784 0.0000000000
57484  27.932  -19.618  26.917 0.0000000000
59720  28.954  -18.565  27.468 0.0000000000
59712  29.396  -18.507  28.037 0.0000000000
58604  30.552  -18.502  28.958 0.0000000000
59711  29.988  -18.221  28.230 0.0000000000
153526  31.187  -18.042  28.874 0.0000000000
59710  30.630  -17.821  28.365 0.0000000000
61995  30.128  -16.699  26.765 0.0000000000
61976  30.642  -16.673  27.382 0.0000000000
63160  31.128  -16.042  27.424 0.0000000000
92370  60.251  8.310  19.635 0.0000000000
88012  59.122  3.162  20.210 0.0000000000
182900  59.961  4.175  18.598 0.0000000000
83542  55.754  -0.243  20.722 0.0000000000
82412  56.135  -0.890  20.104 0.0000000000
46914  33.019  -27.755  46.605 0.0000000000
45834  32.442  -28.917  45.747 0.0000000000
46915  32.629  -28.269  46.970 0.0000000000
45803  31.504  -28.825  47.476 0.0000000000
59523  42.824  -18.625  39.189 0.0000000000
59513  43.240  -18.332  39.714 0.0000000000
60625  42.802  -17.868  39.383 0.0000000000
179834  42.795  -17.228  39.487 0.0000000000
61791  42.528  -16.712  39.266 0.0000000000
61792  41.996  -16.847  38.761 0.0000000000
61803  40.702  -16.626  37.399 0.0000000000
61804  40.267  -17.127  37.089 0.0000000000
60650  39.885  -17.665  36.678 0.0000000000
47094  27.435  -28.734  33.739 0.0000000000
159345  24.268  -26.653  38.972 0.0000000000
169558  23.763  -26.544  38.573 0.0000000000
49350  23.543  -26.657  39.124 0.0000000000
49363  22.589  -26.389  37.831 0.0000000000
180893  22.047  -26.556  37.763 0.0000000000
49377  21.339  -27.071  37.087 0.0000000000
168387  21.565  -26.740  37.738 0.0000000000
48181  20.926  -27.224  37.745 0.0000000000
167208  20.738  -27.437  38.371 0.0000000000
51471  40.958  -24.179  44.357 0.0000000000
51489  40.930  -24.538  43.527 0.0000000000
51512  40.136  -24.855  42.977 0.0000000000
158097  40.278  -24.754  42.315 0.0000000000
153125  39.462  -24.760  41.497 0.0000000000
52644  39.685  -24.309  40.821 0.0000000000
51546  37.973  -25.341  40.866 0.0000000000
45965  31.158  -29.232  36.315 0.0000000000
45982  30.740  -29.238  35.499 0.0000000000
46024  29.993  -29.108  34.051 0.0000000000
46025  29.442  -29.277  33.816 0.0000000000
46026  28.790  -29.302  33.610 0.0000000000
80095  51.156  -3.394  21.697 0.0000000000
49271  18.583  -26.614  44.708 0.0000000000
81187  57.441  -2.311  29.775 0.0000000000
76298  50.958  -5.646  32.067 0.0000000000
76315  49.520  -6.136  30.700 0.0000000000
75205  48.903  -6.424  30.415 0.0000000000
75206  48.294  -6.699  30.919 0.0000000000
175824  42.864  -10.898  34.191 0.0000000000
70419  43.434  -10.498  34.057 0.0000000000
70428  42.756  -10.514  33.531 0.0000000000
70438  43.022  -10.033  32.926 0.0000000000
71702  43.002  -9.516  31.848 0.0000000000
71703  42.295  -9.663  31.747 0.0000000000
71715  41.956  -9.548  31.195 0.0000000000
71727  41.071  -9.440  30.210 0.0000000000
71738  40.774  -9.221  29.473 0.0000000000
71728  40.297  -9.631  29.985 0.0000000000
70505  39.558  -9.904  29.725 0.0000000000
55035  33.714  -21.645  34.043 0.0000000000
55034  34.484  -21.347  34.107 0.0000000000
56132  33.393  -21.341  33.413 0.0000000000
183099  32.538  -21.129  32.654 0.0000000000
91334  58.796  6.517  22.166 0.0000000000
90263  58.036  4.984  20.597 0.0000000000
45921  30.453  -29.360  39.519 0.0000000000
45922  29.929  -29.341  39.045 0.0000000000
163410  30.036  -29.325  39.882 0.0000000000
45911  30.178  -29.338  40.623 0.0000000000
45912  29.511  -29.199  40.244 0.0000000000
172413  29.883  -29.195  43.343 0.0000000000
45892  29.133  -29.014  42.317 0.0000000000
45885  29.156  -28.978  43.058 0.0000000000
46970  27.605  -28.240  41.693 0.0000000000
154408  26.814  -27.958  41.406 0.0000000000
154933  26.874  -28.185  42.063 0.0000000000
175554  26.774  -28.276  42.662 0.0000000000
46971  26.056  -28.075  42.299 0.0000000000
51518  34.989  -24.884  42.980 0.0000000000
48094  32.868  -27.902  43.687 0.0000000000
48093  33.098  -27.353  43.041 0.0000000000
48105  32.855  -27.973  42.885 0.0000000000
46967  32.718  -28.353  42.377 0.0000000000
46979  32.481  -28.889  41.352 0.0000000000
45897  32.346  -29.029  40.584 0.0000000000
45910  31.405  -29.251  40.433 0.0000000000
62971  44.684  -15.971  41.196 0.0000000000
175420  45.192  -15.171  41.691 0.0000000000
64130  45.631  -14.631  42.332 0.0000000000
67753  46.236  -12.240  41.318 0.0000000000
67767  45.030  -12.412  40.140 0.0000000000
66489  44.287  -12.787  39.663 0.0000000000
65367  42.348  -13.933  38.124 0.0000000000
65383  42.349  -13.411  37.658 0.0000000000
66531  42.471  -12.596  36.756 0.0000000000
67824  42.340  -12.335  36.200 0.0000000000
67834  41.347  -12.424  35.123 0.0000000000
67853  41.067  -12.216  34.497 0.0000000000
66552  40.706  -12.752  34.811 0.0000000000
66553  40.029  -13.075  34.594 0.0000000000
66554  39.356  -13.395  34.400 0.0000000000
63039  38.496  -15.646  35.304 0.0000000000
64278  38.252  -14.965  34.786 0.0000000000
64279  37.575  -15.229  34.322 0.0000000000
64293  37.422  -14.870  33.808 0.0000000000
64309  36.723  -14.736  32.594 0.0000000000
64322  36.322  -15.040  32.128 0.0000000000
64323  35.730  -15.306  31.637 0.0000000000
63093  35.257  -15.890  31.254 0.0000000000
52776  28.319  -23.995  31.693 0.0000000000
53913  28.399  -23.125  31.678 0.0000000000
52783  27.689  -23.688  30.751 0.0000000000
52797  27.411  -23.780  30.065 0.0000000000
52813  27.131  -23.927  29.418 0.0000000000
86853  60.119  1.659  22.252 0.0000000000
85753  61.382  0.631  22.319 0.0000000000
47155  24.112  -28.550  31.165 0.0000000000
48193  27.300  -27.631  37.121 0.0000000000
48203  27.241  -27.637  36.332 0.0000000000
48204  26.756  -27.185  36.803 0.0000000000
165786  25.915  -26.728  35.966 0.0000000000
49399  25.377  -26.533  35.426 0.0000000000
48220  22.690  -27.081  34.970 0.0000000000
49401  23.258  -26.581  35.226 0.0000000000
52640  42.643  -23.417  41.562 0.0000000000
53792  43.560  -22.585  41.271 0.0000000000
53793  42.987  -22.855  40.988 0.0000000000
54935  43.239  -22.024  39.731 0.0000000000
167181  43.502  -21.528  39.485 0.0000000000
56032  43.349  -21.034  39.222 0.0000000000
54947  42.939  -21.625  39.043 0.0000000000
156979  42.415  -21.366  38.422 0.0000000000
54967  40.532  -21.802  37.637 0.0000000000
181488  39.956  -21.922  37.517 0.0000000000
179284  38.283  -23.173  38.902 0.0000000000
166224  38.580  -22.855  38.406 0.0000000000
53820  37.747  -23.000  38.382 0.0000000000
53831  37.344  -22.700  37.561 0.0000000000
53841  36.429  -22.328  36.649 0.0000000000
53842  35.662  -22.694  36.863 0.0000000000
53843  34.254  -22.910  36.501 0.0000000000
50433  36.172  -26.264  40.946 0.0000000000
49324  36.269  -26.379  40.290 0.0000000000
49347  35.632  -26.711  39.503 0.0000000000
49383  32.532  -26.710  36.644 0.0000000000
49384  31.930  -26.646  36.109 0.0000000000
50506  32.148  -25.924  36.344 0.0000000000
52708  32.248  -24.432  36.158 0.0000000000
51659  30.978  -24.998  35.010 0.0000000000
52755  30.353  -24.293  34.206 0.0000000000
51664  29.955  -24.854  33.976 0.0000000000
50528  29.614  -25.530  33.650 0.0000000000
50556  29.029  -25.806  32.544 0.0000000000
48308  28.313  -27.677  31.168 0.0000000000
47193  26.226  -27.997  29.670 0.0000000000
47194  25.795  -28.321  29.190 0.0000000000
82391  54.194  -1.405  22.607 0.0000000000
158162  54.160  -1.306  21.912 0.0000000000
81299  53.910  -1.878  20.862 0.0000000000
78929  53.365  -4.037  19.169 0.0000000000
45842  26.069  -28.440  46.436 0.0000000000
46943  25.498  -28.361  44.737 0.0000000000
158145  25.202  -28.342  45.273 0.0000000000
46944  24.747  -28.212  44.604 0.0000000000
46945  24.080  -27.973  44.102 0.0000000000
49248  21.076  -26.366  45.214 0.0000000000
49267  21.770  -26.705  44.718 0.0000000000
48097  22.386  -27.198  43.777 0.0000000000
48098  21.969  -27.030  43.314 0.0000000000
153608  21.675  -27.099  42.167 0.0000000000
48142  21.411  -27.236  41.097 0.0000000000
48143  20.603  -27.468  40.853 0.0000000000
46996  19.998  -27.904  40.284 0.0000000000
89120  57.948  4.048  24.629 0.0000000000
87965  57.577  2.920  24.937 0.0000000000
85703  58.086  1.077  26.161 0.0000000000
82349  58.430  -1.357  26.552 0.0000000000
81264  55.080  -2.112  25.313 0.0000000000
80044  54.122  -3.033  26.103 0.0000000000
80054  53.152  -3.103  24.929 0.0000000000
78833  52.159  -3.724  25.433 0.0000000000
78687  54.907  -3.985  32.354 0.0000000000
78708  54.668  -4.077  31.449 0.0000000000
77482  52.924  -4.842  30.394 0.0000000000
77498  51.265  -5.334  29.169 0.0000000000
77514  51.070  -5.217  28.358 0.0000000000
78805  51.204  -4.551  26.261 0.0000000000
77593  49.771  -4.862  25.004 0.0000000000
77605  49.648  -4.709  24.456 0.0000000000
76393  48.665  -5.503  25.166 0.0000000000
75243  47.991  -6.614  27.401 0.0000000000
165230  48.019  -6.422  26.794 0.0000000000
75252  47.625  -6.374  26.240 0.0000000000
75263  46.949  -6.593  25.940 0.0000000000
75284  45.886  -6.387  24.289 0.0000000000
75274  46.129  -6.568  24.978 0.0000000000
159050  46.327  -11.104  38.724 0.0000000000
70383  46.802  -10.634  38.349 0.0000000000
70391  46.563  -10.395  37.523 0.0000000000
71664  45.941  -9.134  34.248 0.0000000000
72859  46.864  -8.258  34.308 0.0000000000
74001  46.656  -8.183  33.639 0.0000000000
173232  47.138  -7.424  31.916 0.0000000000
161951  46.612  -7.827  32.212 0.0000000000
72933  43.146  -8.206  28.698 0.0000000000
74061  43.921  -8.143  28.882 0.0000000000
74082  43.393  -7.687  27.325 0.0000000000
74095  43.751  -7.408  26.398 0.0000000000
74108  43.110  -7.316  25.857 0.0000000000
158776  42.605  -7.181  25.301 0.0000000000
74133  42.473  -6.917  24.164 0.0000000000
74135  40.679  -7.282  24.249 0.0000000000
72976  39.003  -8.359  25.784 0.0000000000
74112  39.488  -7.903  25.311 0.0000000000
72990  38.814  -8.200  25.052 0.0000000000
74124  38.631  -8.035  24.311 0.0000000000
69207  38.402  -11.437  31.570 0.0000000000
69245  38.392  -10.939  30.186 0.0000000000
182737  37.918  -11.328  30.124 0.0000000000
69264  37.379  -11.266  29.172 0.0000000000
69275  37.193  -11.086  28.535 0.0000000000
69297  34.859  -11.361  26.353 0.0000000000
69296  35.502  -11.119  26.602 0.0000000000
69309  34.653  -11.155  25.689 0.0000000000
159452  39.534  -20.110  35.926 0.0000000000
58518  37.841  -19.496  34.359 0.0000000000
57416  34.673  -20.011  31.938 0.0000000000
57415  35.349  -19.876  32.099 0.0000000000
58549  34.765  -19.391  31.592 0.0000000000
60734  34.644  -18.028  31.150 0.0000000000
60735  34.081  -18.155  30.711 0.0000000000
60753  33.130  -17.804  29.844 0.0000000000
60775  32.483  -17.689  29.334 0.0000000000
56164  28.618  -21.274  30.678 0.0000000000
56162  29.970  -20.905  31.377 0.0000000000
56177  28.991  -20.724  30.528 0.0000000000
57445  28.762  -20.396  30.003 0.0000000000
57455  28.909  -19.914  29.598 0.0000000000
58632  27.543  -19.546  25.295 0.0000000000
58622  28.091  -19.142  26.322 0.0000000000
155410  29.262  -18.065  27.138 0.0000000000
153835  29.706  -17.666  27.229 0.0000000000
88011  59.853  2.905  19.985 0.0000000000
82426  55.710  -1.717  19.729 0.0000000000
81322  56.189  -2.325  19.248 0.0000000000
45871  32.377  -28.929  43.659 0.0000000000
45872  31.725  -29.280  43.411 0.0000000000
45873  31.049  -29.404  43.508 0.0000000000
45864  30.977  -29.389  44.092 0.0000000000
45850  31.951  -29.145  45.289 0.0000000000
45874  30.483  -29.374  43.716 0.0000000000
45875  29.765  -29.128  44.058 0.0000000000
45866  28.879  -28.883  44.530 0.0000000000
49257  33.298  -26.685  44.813 0.0000000000
48084  33.035  -27.381  44.249 0.0000000000
48085  32.860  -28.064  44.464 0.0000000000
59507  44.872  -18.436  41.849 0.0000000000
61770  44.821  -16.709  41.434 0.0000000000
60618  43.831  -17.269  40.467 0.0000000000
61771  44.206  -16.671  40.817 0.0000000000
64169  44.301  -14.557  40.655 0.0000000000
65333  44.255  -13.936  40.361 0.0000000000
64195  42.953  -14.538  39.274 0.0000000000
64219  42.427  -14.599  38.637 0.0000000000
64237  41.498  -14.588  37.476 0.0000000000
65396  40.545  -14.213  36.173 0.0000000000
64247  40.677  -14.638  36.577 0.0000000000
165765  39.880  -15.341  36.267 0.0000000000
63038  39.232  -15.670  35.829 0.0000000000
61826  38.225  -16.441  35.231 0.0000000000
61834  37.589  -16.689  34.639 0.0000000000
168251  26.850  -25.963  29.265 0.0000000000
50615  26.709  -25.343  28.936 0.0000000000
49536  26.519  -26.154  28.621 0.0000000000
49571  25.692  -26.856  26.611 0.0000000000
47250  25.987  -28.236  25.532 0.0000000000
84632  61.018  0.086  23.110 0.0000000000
83552  58.670  -0.201  19.940 0.0000000000
156728  26.217  -28.317  31.177 0.0000000000
176956  25.512  -28.193  31.211 0.0000000000
47134  25.662  -27.966  31.856 0.0000000000
47135  24.797  -27.968  31.555 0.0000000000
48294  24.271  -27.615  32.209 0.0000000000
166255  25.693  -26.719  37.818 0.0000000000
158421  24.902  -26.534  37.597 0.0000000000
159918  23.554  -26.381  36.557 0.0000000000
183572  22.973  -26.463  36.483 0.0000000000
49402  22.536  -26.814  35.636 0.0000000000
48221  22.200  -27.452  35.440 0.0000000000
46008  22.246  -28.607  34.958 0.0000000000
47047  21.200  -28.091  36.454 0.0000000000
45969  22.056  -29.296  36.114 0.0000000000
51488  41.590  -24.346  43.142 0.0000000000
52634  42.061  -23.851  41.978 0.0000000000
52641  41.836  -23.662  41.187 0.0000000000
52650  41.573  -23.410  40.439 0.0000000000
162097  41.245  -23.041  39.790 0.0000000000
53809  40.835  -22.715  39.081 0.0000000000
53803  40.473  -23.286  39.745 0.0000000000
52660  39.105  -23.658  39.619 0.0000000000
52653  39.352  -24.042  40.240 0.0000000000
53812  37.811  -23.363  39.083 0.0000000000
52664  36.145  -24.119  38.919 0.0000000000
48163  34.451  -27.880  38.957 0.0000000000
47028  33.664  -28.066  37.848 0.0000000000
48192  33.237  -27.902  37.236 0.0000000000
47043  32.273  -28.018  36.253 0.0000000000
45980  32.028  -28.816  36.287 0.0000000000
47055  31.746  -28.312  35.733 0.0000000000
48216  31.843  -27.450  35.882 0.0000000000
48217  31.353  -27.661  35.394 0.0000000000
172678  30.969  -27.172  35.101 0.0000000000
170011  30.241  -27.239  34.007 0.0000000000
48273  29.905  -28.080  33.189 0.0000000000
171744  29.406  -28.203  32.446 0.0000000000
47111  29.276  -28.829  32.705 0.0000000000
47130  28.912  -28.403  32.021 0.0000000000
47131  28.164  -28.669  31.832 0.0000000000
182952  52.989  -2.524  21.542 0.0000000000
181291  52.426  -3.339  20.122 0.0000000000
78930  52.677  -4.049  19.241 0.0000000000
50362  20.477  -25.874  45.800 0.0000000000
48110  19.958  -27.154  42.271 0.0000000000
46973  18.659  -28.162  41.681 0.0000000000
46974  18.171  -28.204  42.380 0.0000000000
163696  56.635  -2.153  26.840 0.0000000000
155257  56.103  -2.415  27.169 0.0000000000
80022  55.358  -2.794  27.071 0.0000000000
176991  55.947  -2.940  28.486 0.0000000000
80023  54.600  -3.157  27.310 0.0000000000
80007  53.927  -3.493  27.547 0.0000000000
158618  52.299  -5.209  31.498 0.0000000000
180561  51.896  -5.350  31.046 0.0000000000
76313  50.891  -5.719  31.303 0.0000000000
76356  49.741  -5.840  27.755 0.0000000000
75233  48.541  -6.501  27.884 0.0000000000
179749  48.708  -6.508  28.395 0.0000000000
75234  47.889  -6.793  28.086 0.0000000000
75244  47.409  -6.867  27.632 0.0000000000
75236  46.915  -7.108  27.853 0.0000000000
173907  48.418  -8.015  37.997 0.0000000000
69149  44.551  -10.994  36.314 0.0000000000
70400  45.102  -10.587  36.191 0.0000000000
70408  44.779  -10.534  35.666 0.0000000000
70427  44.143  -10.082  33.959 0.0000000000
71654  44.883  -9.858  34.259 0.0000000000
71682  45.193  -9.285  33.223 0.0000000000
72879  45.050  -9.123  32.539 0.0000000000
72890  44.859  -8.915  31.834 0.0000000000
72901  43.934  -8.840  30.846 0.0000000000
72912  43.703  -8.619  30.123 0.0000000000
71724  43.215  -8.930  30.640 0.0000000000
72913  42.985  -8.690  29.944 0.0000000000
72923  42.683  -8.503  29.237 0.0000000000
72946  42.111  -8.098  27.815 0.0000000000
72947  41.536  -8.147  27.630 0.0000000000
74098  41.063  -7.811  26.463 0.0000000000
74085  41.266  -7.990  27.116 0.0000000000
72959  40.583  -8.110  26.970 0.0000000000
72960  39.893  -8.330  26.732 0.0000000000
71749  40.488  -8.986  28.806 0.0000000000
72950  39.375  -8.751  27.208 0.0000000000
72961  39.179  -8.535  26.507 0.0000000000
71780  38.665  -8.992  26.971 0.0000000000
71781  38.041  -9.336  26.668 0.0000000000
67885  36.629  -12.685  30.584 0.0000000000
67897  36.281  -12.466  29.775 0.0000000000
67908  35.796  -12.388  29.114 0.0000000000
67932  34.658  -12.174  27.461 0.0000000000
67933  34.034  -12.466  27.169 0.0000000000
67945  34.429  -11.880  26.767 0.0000000000
69298  34.185  -11.591  26.110 0.0000000000
56097  37.189  -21.284  34.964 0.0000000000
56110  36.858  -20.973  34.305 0.0000000000
56129  35.776  -20.874  33.484 0.0000000000
56141  35.429  -20.630  32.989 0.0000000000
56142  34.668  -20.706  32.940 0.0000000000
57409  35.107  -20.373  32.413 0.0000000000
166652  33.985  -20.141  31.854 0.0000000000
57431  33.544  -19.812  31.302 0.0000000000
56209  26.915  -21.590  27.126 0.0000000000
56208  27.349  -21.137  27.567 0.0000000000
56219  26.789  -21.455  26.425 0.0000000000
56227  27.015  -20.809  26.052 0.0000000000
160688  26.845  -20.707  25.275 0.0000000000
56236  26.816  -20.713  24.509 0.0000000000
57500  27.172  -20.113  24.896 0.0000000000
92371  59.334  7.478  20.500 0.0000000000
91343  58.789  6.375  20.181 0.0000000000
90288  60.070  4.836  18.285 0.0000000000
85785  62.533  1.459  19.454 0.0000000000
45967  29.721  -29.422  36.486 0.0000000000
45968  28.865  -29.200  36.121 0.0000000000
45955  29.078  -29.132  37.004 0.0000000000
47044  28.373  -28.722  36.828 0.0000000000
47031  28.552  -28.754  37.658 0.0000000000
45940  29.005  -29.006  38.210 0.0000000000
47032  27.891  -28.235  37.346 0.0000000000
167281  27.493  -27.801  37.729 0.0000000000
48178  27.326  -27.663  38.346 0.0000000000
184305  26.946  -27.458  38.700 0.0000000000
45901  29.677  -29.251  41.058 0.0000000000
45913  28.909  -28.945  40.655 0.0000000000
45902  29.049  -29.012  41.507 0.0000000000
47005  27.815  -28.072  39.556 0.0000000000
48164  27.264  -27.665  39.034 0.0000000000
48165  26.497  -27.265  39.075 0.0000000000
48166  25.619  -26.915  39.287 0.0000000000
167553  25.315  -27.039  39.868 0.0000000000
48137  26.346  -27.634  40.980 0.0000000000
48153  25.430  -27.287  40.405 0.0000000000
48154  24.685  -27.092  40.220 0.0000000000
48155  23.886  -27.038  40.370 0.0000000000
52616  38.415  -23.740  44.989 0.0000000000
51492  38.733  -24.500  44.062 0.0000000000
51514  38.488  -25.236  42.731 0.0000000000
50395  37.184  -25.442  42.053 0.0000000000
50414  36.696  -25.841  41.419 0.0000000000
166641  36.270  -25.283  42.123 0.0000000000
49325  35.621  -26.723  40.602 0.0000000000
49337  35.071  -27.115  40.361 0.0000000000
51497  34.095  -25.126  44.088 0.0000000000
50379  34.286  -25.311  43.262 0.0000000000
49292  34.157  -26.336  42.113 0.0000000000
49293  33.553  -26.829  42.560 0.0000000000
177333  34.000  -27.016  41.371 0.0000000000
49326  34.286  -27.268  40.793 0.0000000000
48150  34.280  -27.923  39.694 0.0000000000
47003  33.812  -28.244  39.291 0.0000000000
47004  33.201  -28.522  38.926 0.0000000000
45936  32.583  -28.863  38.603 0.0000000000
45919  31.898  -29.110  39.156 0.0000000000
45937  31.930  -29.132  38.339 0.0000000000
45952  31.880  -29.167  37.555 0.0000000000
45953  30.419  -29.419  36.894 0.0000000000
78889  49.863  -3.945  21.183 0.0000000000
163458  49.503  -4.042  20.660 0.0000000000
78934  49.175  -4.352  19.780 0.0000000000
78675  54.951  -3.889  33.127 0.0000000000
77435  54.351  -4.410  32.693 0.0000000000
77436  53.605  -4.820  32.968 0.0000000000
77419  53.882  -4.683  33.778 0.0000000000
77437  52.600  -5.067  32.911 0.0000000000
77438  51.780  -5.247  32.889 0.0000000000
76278  51.085  -5.498  32.784 0.0000000000
160054  49.922  -5.766  33.147 0.0000000000
69113  46.470  -11.294  39.482 0.0000000000
178455  45.725  -11.250  38.316 0.0000000000
66476  43.909  -13.509  39.866 0.0000000000
67783  44.012  -12.445  38.925 0.0000000000
156433  43.454  -12.814  38.481 0.0000000000
69140  44.459  -11.659  37.695 0.0000000000
162663  44.706  -11.224  37.057 0.0000000000
69150  43.754  -11.328  36.021 0.0000000000
69151  43.056  -11.388  35.407 0.0000000000
67832  42.601  -11.927  35.826 0.0000000000
69171  42.618  -11.296  34.697 0.0000000000
69183  42.160  -11.198  34.023 0.0000000000
69194  41.262  -10.877  32.839 0.0000000000
70459  40.536  -10.453  31.833 0.0000000000
69204  40.515  -10.846  32.464 0.0000000000
161444  39.874  -11.174  32.345 0.0000000000
67863  39.843  -11.972  33.272 0.0000000000
69196  39.473  -11.590  32.641 0.0000000000
67874  38.709  -11.740  32.341 0.0000000000
67875  38.044  -12.112  31.984 0.0000000000
67876  37.426  -12.494  31.647 0.0000000000
65407  40.086  -14.112  35.651 0.0000000000
65418  39.750  -13.722  34.963 0.0000000000
65430  38.695  -13.658  34.170 0.0000000000
65420  38.410  -14.232  34.482 0.0000000000
66568  38.309  -13.347  33.643 0.0000000000
66581  37.989  -13.064  33.043 0.0000000000
66605  36.854  -12.904  31.318 0.0000000000
66618  36.150  -13.028  30.353 0.0000000000
66607  35.752  -13.489  30.428 0.0000000000
65500  35.253  -13.557  29.851 0.0000000000
64337  35.723  -14.610  31.209 0.0000000000
65486  35.425  -13.972  30.375 0.0000000000
65501  34.579  -13.927  29.460 0.0000000000
65502  33.925  -14.264  29.101 0.0000000000
53906  30.762  -22.611  33.204 0.0000000000
55052  31.234  -21.924  32.843 0.0000000000
55053  30.397  -22.217  32.691 0.0000000000
55060  29.397  -22.150  31.980 0.0000000000
55067  29.110  -21.787  31.566 0.0000000000
168373  28.307  -22.528  31.276 0.0000000000
55068  28.558  -21.859  31.105 0.0000000000
55077  28.160  -21.733  30.398 0.0000000000
55095  27.255  -22.091  28.539 0.0000000000
50637  26.479  -25.389  28.205 0.0000000000
51732  26.656  -24.667  28.533 0.0000000000
52838  26.643  -23.988  28.213 0.0000000000
50668  26.005  -25.603  26.152 0.0000000000
51772  26.391  -24.395  26.977 0.0000000000
53947  26.792  -23.448  28.556 0.0000000000
170625  26.674  -23.319  28.026 0.0000000000
53968  26.613  -23.036  27.399 0.0000000000
55111  26.727  -22.277  27.305 0.0000000000
171717  57.842  3.413  21.165 0.0000000000
87999  58.337  2.781  21.177 0.0000000000
86876  59.806  2.502  20.647 0.0000000000
166500  60.836  2.229  20.734 0.0000000000
86865  62.023  1.388  20.919 0.0000000000
47177  25.229  -28.822  30.261 0.0000000000
161675  27.561  -28.376  35.242 0.0000000000
48234  27.038  -27.783  34.854 0.0000000000
48235  26.461  -27.283  34.419 0.0000000000
48219  26.606  -27.111  35.138 0.0000000000
48236  25.917  -26.912  34.039 0.0000000000
48253  24.931  -26.981  33.114 0.0000000000
47116  23.574  -27.805  32.436 0.0000000000
49373  25.510  -26.637  37.112 0.0000000000
156697  24.728  -26.440  35.871 0.0000000000
49400  24.471  -26.408  35.100 0.0000000000
49414  23.198  -26.815  34.621 0.0000000000
49413  23.832  -26.575  34.599 0.0000000000
48254  23.707  -27.129  33.439 0.0000000000
178774  23.229  -28.048  32.706 0.0000000000
47137  23.168  -28.453  32.363 0.0000000000
54904  43.604  -22.039  41.536 0.0000000000
58381  44.338  -19.499  41.773 0.0000000000
176263  44.632  -19.248  41.331 0.0000000000
57288  43.595  -20.418  39.571 0.0000000000
58425  43.394  -19.694  39.483 0.0000000000
182849  42.483  -18.910  38.736 0.0000000000
58457  41.325  -18.930  37.668 0.0000000000
57344  40.614  -20.122  36.747 0.0000000000
56069  41.306  -20.839  37.312 0.0000000000
158961  40.891  -20.660  36.855 0.0000000000
57346  39.738  -20.611  35.995 0.0000000000
56094  39.201  -20.944  35.755 0.0000000000
56095  38.575  -21.153  35.481 0.0000000000
53819  40.067  -22.717  38.722 0.0000000000
54960  39.857  -22.242  38.028 0.0000000000
54968  39.452  -22.009  37.394 0.0000000000
54979  38.429  -21.825  36.477 0.0000000000
54992  38.180  -21.591  35.801 0.0000000000
54994  36.734  -21.567  35.406 0.0000000000
55014  35.464  -21.485  34.919 0.0000000000
54981  35.811  -22.170  36.191 0.0000000000
54996  35.226  -22.026  35.671 0.0000000000
55015  34.116  -21.853  34.645 0.0000000000
55016  33.228  -22.206  34.652 0.0000000000
55017  32.436  -22.435  34.289 0.0000000000
50412  38.105  -25.534  41.384 0.0000000000
153856  36.831  -25.976  40.376 0.0000000000
50451  36.999  -25.486  40.116 0.0000000000
51573  36.742  -24.942  39.658 0.0000000000
52676  35.094  -24.102  38.211 0.0000000000
49358  34.635  -26.906  38.445 0.0000000000
50483  34.771  -26.023  38.596 0.0000000000
159308  32.926  -26.372  37.095 0.0000000000
50484  34.081  -26.059  38.116 0.0000000000
51594  34.395  -25.333  38.268 0.0000000000
51593  34.992  -25.076  38.638 0.0000000000
52688  34.604  -23.717  37.572 0.0000000000
52705  34.148  -23.394  37.091 0.0000000000
53844  32.950  -23.286  35.990 0.0000000000
52707  32.810  -23.932  36.402 0.0000000000
53894  31.743  -22.712  34.030 0.0000000000
52769  29.295  -23.371  32.754 0.0000000000
52764  29.942  -24.044  33.701 0.0000000000
52765  29.350  -24.121  33.158 0.0000000000
50596  27.511  -25.662  30.239 0.0000000000
49425  29.605  -26.843  33.146 0.0000000000
180389  28.543  -27.067  31.372 0.0000000000
49461  28.470  -26.426  31.437 0.0000000000
49493  27.855  -25.962  30.696 0.0000000000
48370  26.328  -26.873  28.741 0.0000000000
171856  25.735  -27.768  28.112 0.0000000000
48352  25.849  -27.831  28.648 0.0000000000
47227  25.626  -28.291  27.743 0.0000000000
82413  55.283  -1.219  20.261 0.0000000000
80145  53.837  -3.579  19.423 0.0000000000
168672  54.361  -3.218  19.466 0.0000000000
80126  54.590  -2.637  19.706 0.0000000000
80144  55.051  -3.184  19.251 0.0000000000
154191  50.492  -3.764  20.827 0.0000000000
77679  51.120  -4.581  18.880 0.0000000000
177641  31.727  -27.308  47.594 0.0000000000
45804  30.744  -28.881  47.538 0.0000000000
45805  29.975  -28.785  47.619 0.0000000000
45820  30.327  -29.044  47.005 0.0000000000
45838  29.890  -29.105  46.250 0.0000000000
45854  28.914  -28.926  45.287 0.0000000000
173016  28.319  -28.666  45.074 0.0000000000
45855  27.587  -28.494  45.168 0.0000000000
46962  26.321  -28.271  43.112 0.0000000000
158099  25.559  -28.167  42.986 0.0000000000
46972  25.224  -27.966  42.449 0.0000000000
48121  24.583  -27.715  42.179 0.0000000000
160071  24.133  -27.472  41.589 0.0000000000
48140  23.655  -27.247  41.049 0.0000000000
48070  23.970  -27.720  46.151 0.0000000000
160971  24.012  -27.863  45.540 0.0000000000
48086  23.546  -27.698  44.384 0.0000000000
48095  23.559  -27.701  43.717 0.0000000000
155323  22.721  -27.370  43.274 0.0000000000
162378  23.410  -27.634  43.078 0.0000000000
156918  23.407  -27.555  42.380 0.0000000000
48141  22.871  -27.181  41.173 0.0000000000
49352  21.758  -26.903  39.309 0.0000000000
48169  20.951  -27.323  39.052 0.0000000000
48182  20.463  -27.791  37.876 0.0000000000
159904  20.600  -27.599  39.457 0.0000000000
48170  20.337  -27.885  38.757 0.0000000000
155995  19.382  -28.324  40.434 0.0000000000
90243  58.129  5.090  22.911 0.0000000000
86854  58.112  2.264  22.587 0.0000000000
87956  57.999  3.927  25.953 0.0000000000
85728  60.163  0.938  24.337 0.0000000000
84614  60.766  0.039  23.708 0.0000000000
84616  57.699  0.397  23.145 0.0000000000
83521  54.735  -0.960  23.003 0.0000000000
83486  55.422  -1.094  24.103 0.0000000000
82383  53.792  -1.989  22.919 0.0000000000
81253  55.444  -2.231  25.968 0.0000000000
81265  54.394  -2.438  25.133 0.0000000000
81280  52.859  -2.734  22.804 0.0000000000
80079  51.768  -3.250  22.800 0.0000000000
181932  51.312  -3.481  22.936 0.0000000000
79972  56.151  -3.221  30.948 0.0000000000
78727  55.381  -3.477  30.335 0.0000000000
78728  54.624  -3.978  30.505 0.0000000000
79988  54.617  -3.729  29.535 0.0000000000
78783  53.341  -3.910  27.849 0.0000000000
77496  52.742  -4.783  29.620 0.0000000000
77512  52.468  -4.712  28.915 0.0000000000
78765  52.768  -4.319  28.357 0.0000000000
78784  52.700  -4.110  27.547 0.0000000000
78834  51.594  -3.922  25.033 0.0000000000
178294  50.260  -3.949  22.667 0.0000000000
173589  49.561  -4.208  22.732 0.0000000000
77606  49.176  -4.786  24.041 0.0000000000
77617  48.949  -4.620  23.264 0.0000000000
76383  48.811  -5.720  25.882 0.0000000000
76394  48.129  -5.665  24.876 0.0000000000
76406  47.904  -5.518  24.288 0.0000000000
76258  49.222  -5.990  33.435 0.0000000000
152928  48.195  -8.108  37.286 0.0000000000
70399  45.666  -10.406  36.450 0.0000000000
71630  46.717  -9.642  36.366 0.0000000000
71640  46.423  -9.438  35.650 0.0000000000
72825  47.477  -8.743  36.395 0.0000000000
73956  48.287  -7.673  36.868 0.0000000000
157253  48.165  -7.578  36.364 0.0000000000
75124  48.260  -7.119  35.866 0.0000000000
75142  48.169  -6.900  35.027 0.0000000000
73983  47.703  -7.318  34.567 0.0000000000
75162  48.505  -6.398  33.397 0.0000000000
172915  48.859  -6.216  32.784 0.0000000000
173289  47.765  -7.072  30.586 0.0000000000
176411  47.162  -7.426  31.417 0.0000000000
75217  47.327  -7.312  30.141 0.0000000000
74057  47.090  -7.292  28.936 0.0000000000
74068  46.659  -7.351  28.387 0.0000000000
74079  46.332  -7.291  27.767 0.0000000000
72899  45.347  -8.502  31.326 0.0000000000
74050  45.506  -8.101  30.053 0.0000000000
74060  44.685  -8.043  29.058 0.0000000000
74059  45.532  -7.884  29.260 0.0000000000
74092  46.135  -7.108  27.157 0.0000000000
74093  45.657  -7.101  26.728 0.0000000000
75265  45.171  -6.916  25.525 0.0000000000
75266  44.078  -6.994  25.039 0.0000000000
74110  40.977  -7.605  25.673 0.0000000000
157513  40.627  -7.504  25.028 0.0000000000
158157  39.859  -7.513  24.059 0.0000000000
70477  40.131  -10.353  31.204 0.0000000000
70506  38.900  -10.218  29.393 0.0000000000
70494  38.509  -10.642  29.657 0.0000000000
70521  38.673  -10.002  28.731 0.0000000000
71752  38.445  -9.773  28.068 0.0000000000
71782  37.407  -9.612  26.379 0.0000000000
67907  36.354  -11.885  29.022 0.0000000000
69276  36.485  -11.392  28.334 0.0000000000
69285  36.935  -10.858  27.884 0.0000000000
69295  36.113  -10.863  26.883 0.0000000000
70537  36.692  -10.590  27.195 0.0000000000
70548  37.050  -10.122  26.783 0.0000000000
59553  40.641  -18.689  37.200 0.0000000000
59571  40.077  -18.447  36.743 0.0000000000
59572  39.515  -18.249  36.315 0.0000000000
156591  39.279  -18.911  35.952 0.0000000000
59594  38.945  -18.164  35.792 0.0000000000
182929  38.856  -17.582  35.769 0.0000000000
176401  38.508  -17.732  35.468 0.0000000000
60684  37.182  -17.301  34.085 0.0000000000
56127  37.124  -20.669  33.957 0.0000000000
58535  37.368  -19.767  33.792 0.0000000000
181701  36.244  -19.574  32.633 0.0000000000
58544  36.515  -19.272  32.906 0.0000000000
59631  36.864  -18.736  33.395 0.0000000000
59630  37.230  -18.182  33.972 0.0000000000
60685  36.742  -17.728  33.451 0.0000000000
61846  36.544  -16.880  33.186 0.0000000000
61857  36.138  -16.763  32.592 0.0000000000
60733  34.912  -17.292  31.286 0.0000000000
61890  34.723  -16.499  30.921 0.0000000000
63108  34.395  -15.946  30.380 0.0000000000
64375  33.112  -15.332  28.857 0.0000000000
64398  32.256  -15.230  28.074 0.0000000000
56146  31.415  -21.240  32.290 0.0000000000
56153  32.160  -20.883  32.204 0.0000000000
57419  30.708  -20.611  31.447 0.0000000000
56154  31.573  -20.564  31.675 0.0000000000
167461  31.994  -19.917  31.022 0.0000000000
58576  32.202  -19.330  30.429 0.0000000000
57466  27.692  -20.614  28.072 0.0000000000
161673  28.168  -20.212  28.552 0.0000000000
58590  29.113  -19.363  29.017 0.0000000000
58614  28.464  -19.259  27.593 0.0000000000
58613  28.961  -18.968  28.204 0.0000000000
58589  29.985  -19.127  29.350 0.0000000000
58588  30.854  -19.060  29.636 0.0000000000
59680  32.339  -18.753  29.894 0.0000000000
59696  32.206  -18.262  29.485 0.0000000000
60776  31.809  -17.894  29.084 0.0000000000
60792  31.975  -17.317  28.868 0.0000000000
60800  30.673  -17.229  27.868 0.0000000000
61975  31.152  -16.690  27.936 0.0000000000
61955  31.759  -16.732  28.417 0.0000000000
63148  32.146  -16.005  28.384 0.0000000000
63159  31.728  -15.609  27.748 0.0000000000
64413  31.935  -14.914  27.477 0.0000000000
88013  58.322  3.422  20.557 0.0000000000
89168  58.743  4.261  19.601 0.0000000000
88025  59.401  3.592  19.558 0.0000000000
89167  59.411  4.400  18.903 0.0000000000
86894  62.590  1.885  19.033 0.0000000000
84650  56.152  0.298  21.301 0.0000000000
83554  57.029  -0.539  20.062 0.0000000000
83566  56.855  -1.104  19.694 0.0000000000
45817  32.383  -28.833  46.605 0.0000000000
45818  31.876  -28.938  46.904 0.0000000000
45819  31.219  -29.071  46.791 0.0000000000
45853  29.690  -29.109  45.473 0.0000000000
45863  31.877  -29.219  44.549 0.0000000000
45867  28.070  -28.553  44.597 0.0000000000
45882  31.796  -29.215  42.701 0.0000000000
45899  31.093  -29.348  41.296 0.0000000000
45909  32.147  -29.054  39.852 0.0000000000
46003  30.390  -29.138  34.716 0.0000000000
46923  32.733  -28.436  46.146 0.0000000000
46935  24.532  -28.159  45.357 0.0000000000
46952  26.595  -28.374  43.805 0.0000000000
46959  32.566  -28.638  43.050 0.0000000000
46982  26.940  -27.766  40.803 0.0000000000
47015  33.893  -28.170  38.523 0.0000000000
47018  27.940  -28.201  38.077 0.0000000000
47057  28.159  -28.875  35.606 0.0000000000
48044  32.097  -27.648  47.637 0.0000000000
48069  32.969  -27.989  45.790 0.0000000000
48087  22.983  -27.418  44.711 0.0000000000
48099  18.931  -27.001  43.237 0.0000000000
48127  19.352  -27.618  41.720 0.0000000000
48135  34.584  -27.466  40.090 0.0000000000
48148  35.259  -27.099  39.405 0.0000000000
48159  20.593  -27.579  40.082 0.0000000000
48179  26.653  -27.247  38.395 0.0000000000
48201  32.725  -27.617  36.713 0.0000000000
48206  21.415  -27.450  36.515 0.0000000000
48274  29.615  -27.608  32.799 0.0000000000
49429  23.443  -26.906  34.065 0.0000000000
49444  24.355  -26.886  33.198 0.0000000000
50453  35.994  -26.486  39.800 0.0000000000
50496  33.001  -25.602  37.189 0.0000000000
51470  41.547  -24.123  43.861 0.0000000000
51531  40.747  -24.480  42.003 0.0000000000
52731  32.436  -23.751  35.933 0.0000000000
52770  28.910  -24.222  32.603 0.0000000000
52782  28.053  -23.637  31.282 0.0000000000
52814  26.836  -24.019  28.837 0.0000000000
54919  43.974  -21.989  40.903 0.0000000000
55088  27.821  -21.627  29.731 0.0000000000
55110  27.113  -21.856  27.814 0.0000000000
55994  44.148  -20.980  40.935 0.0000000000
56010  44.068  -21.055  40.247 0.0000000000
56081  40.343  -20.674  36.476 0.0000000000
57307  42.149  -20.330  38.081 0.0000000000
57366  39.190  -20.449  35.594 0.0000000000
57383  37.526  -20.257  34.100 0.0000000000
57432  30.746  -20.113  30.879 0.0000000000
57433  30.174  -20.081  30.594 0.0000000000
57475  27.582  -20.393  27.284 0.0000000000
57492  27.297  -20.167  25.676 0.0000000000
58393  44.769  -18.918  41.959 0.0000000000
58577  30.974  -19.415  30.133 0.0000000000
58591  28.566  -19.871  28.989 0.0000000000
59653  35.560  -18.269  32.001 0.0000000000
59669  33.800  -18.764  30.730 0.0000000000
60801  30.179  -17.195  27.319 0.0000000000
61845  36.860  -16.943  33.703 0.0000000000
61912  33.471  -16.884  29.798 0.0000000000
63059  36.871  -16.215  33.605 0.0000000000
63079  35.589  -16.064  31.757 0.0000000000
64308  37.073  -14.920  33.194 0.0000000000
65446  36.579  -14.280  32.064 0.0000000000
66566  39.406  -12.545  33.615 0.0000000000
66596  36.627  -13.556  31.711 0.0000000000
66628  35.527  -12.922  29.445 0.0000000000
67842  41.795  -12.007  34.928 0.0000000000
67906  36.875  -11.702  29.506 0.0000000000
67974  32.692  -11.911  24.147 0.0000000000
69226  38.142  -11.353  30.759 0.0000000000
69246  37.598  -11.751  30.474 0.0000000000
70567  36.010  -10.065  25.100 0.0000000000
70568  35.451  -10.328  24.886 0.0000000000
71793  37.856  -9.144  25.947 0.0000000000
72934  42.367  -8.296  28.509 0.0000000000
72949  40.098  -8.544  27.443 0.0000000000
74038  47.138  -7.452  30.880 0.0000000000
74081  44.709  -7.541  27.276 0.0000000000
74094  44.549  -7.360  26.601 0.0000000000
74107  43.764  -7.160  25.607 0.0000000000
74159  39.110  -7.639  22.202 0.0000000000
75226  47.510  -7.144  29.463 0.0000000000
75255  45.721  -6.896  25.993 0.0000000000
153407  22.466  -29.500  34.197 0.0000000000
153549  41.570  -13.529  36.795 0.0000000000
153675  30.944  -29.335  44.607 0.0000000000
155499  30.132  -17.696  27.774 0.0000000000
155860  25.129  -26.489  34.679 0.0000000000
156791  34.377  -17.386  30.767 0.0000000000
157104  31.500  -29.372  44.007 0.0000000000
160833  22.910  -27.351  34.363 0.0000000000
164389  35.940  -19.722  32.388 0.0000000000
168020  26.021  -27.437  40.545 0.0000000000
168103  49.552  -4.144  20.205 0.0000000000
170145  32.698  -24.529  36.606 0.0000000000
171238  31.141  -29.324  37.253 0.0000000000
172353  30.600  -27.181  34.614 0.0000000000
172437  26.615  -22.069  26.159 0.0000000000
173247  33.104  -27.241  43.625 0.0000000000
173373  25.631  -28.053  27.038 0.0000000000
174856  26.689  -21.994  26.737 0.0000000000
176015  32.960  -28.149  41.517 0.0000000000
177161  41.291  -15.792  37.880 0.0000000000
178466  23.387  -27.377  46.344 0.0000000000
178780  28.455  -28.661  44.094 0.0000000000
179939  40.355  -15.107  36.566 0.0000000000
180539  33.048  -27.605  45.531 0.0000000000
181681  19.579  -26.381  44.696 0.0000000000
181763  26.813  -23.062  28.358 0.0000000000
182535  38.447  -24.942  43.350 0.0000000000
183388  19.192  -28.876  40.030 0.0000000000
183768  33.475  -27.286  41.816 0.0000000000
183828  46.944  -7.968  33.898 0.0000000000
