#!ascii label  , from subject sub-v2s1x29907_ses-1 vox2ras=TkReg
1067
161850  25.044  -20.911  37.755 0.0000000000
62899  34.796  -15.533  44.327 0.0000000000
185019  38.646  1.708  21.871 0.0000000000
154875  31.101  -6.436  30.195 0.0000000000
70377  33.332  -10.755  39.167 0.0000000000
101289  47.483  13.655  15.677 0.0000000000
84576  39.557  0.351  25.378 0.0000000000
82369  33.729  -1.270  24.811 0.0000000000
59601  22.551  -18.635  35.974 0.0000000000
62925  27.663  -16.161  43.264 0.0000000000
64155  30.174  -14.408  40.737 0.0000000000
61794  25.368  -16.637  38.562 0.0000000000
92392  42.956  6.641  19.097 0.0000000000
55985  26.470  -21.150  41.837 0.0000000000
58413  22.610  -19.375  40.564 0.0000000000
174973  42.913  3.865  21.895 0.0000000000
59532  18.428  -18.544  39.116 0.0000000000
57341  13.927  -20.579  37.566 0.0000000000
78755  34.716  -4.116  29.290 0.0000000000
73973  32.249  -7.826  35.302 0.0000000000
67837  30.317  -12.200  35.393 0.0000000000
64240  32.029  -14.616  37.199 0.0000000000
85655  38.848  1.351  27.706 0.0000000000
84596  36.401  0.170  24.902 0.0000000000
83451  36.446  -0.039  26.971 0.0000000000
173173  41.692  1.969  27.176 0.0000000000
161457  24.956  -20.190  36.492 0.0000000000
57373  24.200  -19.954  34.874 0.0000000000
167380  23.769  -19.909  36.766 0.0000000000
59516  26.214  -18.539  40.398 0.0000000000
158648  26.251  -16.168  40.778 0.0000000000
58447  25.496  -19.511  37.764 0.0000000000
59580  25.760  -18.876  36.715 0.0000000000
180080  37.931  2.463  19.890 0.0000000000
84621  41.508  0.444  23.284 0.0000000000
87991  40.543  2.675  22.076 0.0000000000
89162  40.439  4.480  20.440 0.0000000000
58376  20.937  -19.404  42.811 0.0000000000
58415  20.989  -18.676  40.098 0.0000000000
58389  18.637  -19.603  41.887 0.0000000000
173598  12.846  -20.998  42.191 0.0000000000
57284  14.350  -20.362  39.961 0.0000000000
56050  12.307  -21.428  39.359 0.0000000000
53815  10.960  -22.809  39.019 0.0000000000
52648  9.622  -24.002  40.739 0.0000000000
159113  34.536  -7.414  36.654 0.0000000000
71634  32.542  -9.141  37.261 0.0000000000
71647  30.972  -9.613  35.962 0.0000000000
69145  31.592  -11.155  37.199 0.0000000000
168832  28.157  -13.911  38.346 0.0000000000
64201  31.551  -14.891  38.992 0.0000000000
65390  29.061  -14.409  36.915 0.0000000000
64267  30.508  -15.294  35.091 0.0000000000
77493  33.317  -5.323  29.818 0.0000000000
78792  32.296  -4.420  27.070 0.0000000000
75240  30.723  -6.526  28.087 0.0000000000
104585  50.126  16.616  14.268 0.0000000000
101309  48.054  14.109  13.805 0.0000000000
83527  39.209  -0.622  23.311 0.0000000000
156542  36.959  -0.571  22.991 0.0000000000
83477  41.607  -0.275  24.897 0.0000000000
64079  31.511  -15.441  44.736 0.0000000000
62940  32.535  -15.130  42.414 0.0000000000
171262  29.392  -14.500  42.469 0.0000000000
64178  26.986  -14.562  40.050 0.0000000000
64244  25.579  -15.007  37.458 0.0000000000
92377  45.509  6.688  20.137 0.0000000000
94558  45.703  8.326  19.105 0.0000000000
95642  44.975  10.130  17.271 0.0000000000
97818  45.208  11.429  15.582 0.0000000000
57279  25.795  -20.865  39.881 0.0000000000
57298  24.250  -20.508  38.892 0.0000000000
56004  24.498  -20.935  40.968 0.0000000000
179775  27.296  -18.950  42.775 0.0000000000
90268  43.375  5.252  20.525 0.0000000000
58450  22.831  -18.868  38.371 0.0000000000
59545  20.675  -17.909  37.864 0.0000000000
59587  17.856  -18.533  36.461 0.0000000000
57267  16.642  -20.001  41.249 0.0000000000
58452  16.408  -19.112  38.090 0.0000000000
48131  7.945  -27.492  41.725 0.0000000000
82289  37.046  -1.574  29.255 0.0000000000
76306  33.099  -5.925  31.773 0.0000000000
156681  33.678  -6.553  33.880 0.0000000000
75190  31.867  -6.776  32.919 0.0000000000
72865  30.476  -8.274  34.165 0.0000000000
70434  29.124  -10.399  33.846 0.0000000000
67856  29.238  -12.474  33.318 0.0000000000
64152  33.417  -14.922  40.688 0.0000000000
65354  33.538  -14.335  39.044 0.0000000000
67806  32.925  -12.510  38.439 0.0000000000
66538  31.404  -13.986  36.116 0.0000000000
66557  30.136  -13.965  34.315 0.0000000000
80027  34.306  -2.661  27.247 0.0000000000
78842  31.757  -3.792  24.641 0.0000000000
84523  38.755  1.109  28.416 0.0000000000
163704  37.517  0.664  27.307 0.0000000000
84525  37.752  0.210  28.611 0.0000000000
86776  40.405  1.951  28.607 0.0000000000
57336  25.075  -20.379  37.071 0.0000000000
57355  24.602  -20.212  36.256 0.0000000000
167429  24.922  -20.875  37.701 0.0000000000
58429  25.603  -20.281  38.603 0.0000000000
59517  25.861  -18.180  39.839 0.0000000000
165040  25.362  -20.538  37.683 0.0000000000
58466  25.408  -19.694  36.865 0.0000000000
86873  38.312  2.224  21.141 0.0000000000
85758  39.550  1.553  22.249 0.0000000000
86847  40.840  1.922  22.561 0.0000000000
86861  39.324  2.193  21.917 0.0000000000
88005  39.112  3.110  20.994 0.0000000000
54914  11.733  -21.613  41.412 0.0000000000
173597  12.491  -21.210  40.529 0.0000000000
54930  11.856  -21.606  40.569 0.0000000000
54956  11.361  -22.230  39.418 0.0000000000
53805  10.748  -22.731  40.301 0.0000000000
164755  10.187  -23.529  39.629 0.0000000000
157345  33.623  -8.566  37.866 0.0000000000
71613  33.085  -9.636  38.351 0.0000000000
71624  32.217  -9.875  37.289 0.0000000000
169454  32.649  -10.830  38.189 0.0000000000
62919  34.985  -15.382  43.486 0.0000000000
65392  27.322  -13.963  37.106 0.0000000000
65371  28.974  -14.216  37.858 0.0000000000
65391  28.077  -14.082  36.636 0.0000000000
64269  28.446  -14.661  35.295 0.0000000000
76332  32.005  -5.949  29.963 0.0000000000
76353  31.827  -5.663  28.493 0.0000000000
100088  47.248  13.020  16.723 0.0000000000
183988  48.495  14.432  17.208 0.0000000000
102389  48.323  14.591  15.835 0.0000000000
102388  48.756  15.115  15.489 0.0000000000
101300  47.460  13.708  14.910 0.0000000000
83492  39.503  -0.757  24.256 0.0000000000
83528  37.707  -0.562  23.070 0.0000000000
83494  37.724  0.005  24.192 0.0000000000
154688  35.074  -0.403  25.028 0.0000000000
83497  35.318  -0.234  24.310 0.0000000000
83518  34.197  -0.636  23.960 0.0000000000
85710  40.069  0.835  25.928 0.0000000000
84575  40.441  0.115  25.338 0.0000000000
160768  40.221  -0.771  24.205 0.0000000000
58524  23.420  -19.561  34.684 0.0000000000
59621  21.395  -18.713  34.801 0.0000000000
62905  29.207  -15.717  44.592 0.0000000000
64097  30.121  -14.763  43.475 0.0000000000
64099  28.625  -15.144  43.234 0.0000000000
61789  25.583  -16.570  39.445 0.0000000000
62976  26.505  -15.320  40.473 0.0000000000
64179  26.038  -15.367  39.742 0.0000000000
64205  26.246  -14.644  38.727 0.0000000000
165288  25.327  -15.960  38.263 0.0000000000
60643  25.387  -17.096  37.247 0.0000000000
72896  29.046  -8.680  31.867 0.0000000000
92390  44.453  6.884  19.436 0.0000000000
93461  45.437  7.691  19.342 0.0000000000
93463  44.056  7.327  18.973 0.0000000000
94583  44.127  8.974  17.513 0.0000000000
167530  43.458  9.347  15.979 0.0000000000
96693  44.597  10.371  16.452 0.0000000000
57263  26.111  -20.956  40.607 0.0000000000
56023  25.108  -21.199  39.793 0.0000000000
155476  25.514  -21.415  41.486 0.0000000000
169941  26.819  -20.005  41.854 0.0000000000
58396  26.539  -19.785  41.133 0.0000000000
90256  44.469  4.928  21.221 0.0000000000
90258  42.945  4.885  20.875 0.0000000000
90272  40.207  4.919  19.719 0.0000000000
57281  23.225  -19.687  39.904 0.0000000000
58430  23.175  -19.327  38.731 0.0000000000
154751  22.464  -19.120  39.838 0.0000000000
59519  19.539  -18.633  39.906 0.0000000000
59530  20.482  -18.265  38.778 0.0000000000
157508  19.101  -18.256  38.650 0.0000000000
155043  19.438  -17.932  36.829 0.0000000000
59564  18.344  -18.267  37.568 0.0000000000
157510  16.165  -20.149  41.753 0.0000000000
57302  14.089  -20.380  39.058 0.0000000000
57300  15.478  -19.830  39.552 0.0000000000
162951  15.041  -19.777  37.990 0.0000000000
58490  15.943  -19.580  36.697 0.0000000000
76318  34.335  -5.323  31.536 0.0000000000
158914  33.656  -7.552  36.014 0.0000000000
73971  33.911  -7.079  35.369 0.0000000000
73988  33.368  -7.054  34.900 0.0000000000
75167  32.855  -6.786  33.807 0.0000000000
74004  32.218  -7.164  34.103 0.0000000000
74006  30.864  -7.693  33.606 0.0000000000
73991  31.188  -7.907  34.376 0.0000000000
172094  30.692  -10.485  35.995 0.0000000000
71660  29.874  -9.744  34.855 0.0000000000
69166  29.987  -11.359  35.038 0.0000000000
69177  29.162  -11.243  33.779 0.0000000000
67844  29.920  -12.174  34.731 0.0000000000
166608  31.769  -14.969  41.690 0.0000000000
62956  33.166  -15.051  41.845 0.0000000000
184642  31.822  -14.939  40.753 0.0000000000
64225  31.327  -14.973  38.038 0.0000000000
64199  32.881  -14.696  38.849 0.0000000000
64223  32.510  -14.608  37.995 0.0000000000
66495  33.621  -13.347  38.950 0.0000000000
65388  32.636  -13.954  37.794 0.0000000000
66528  32.345  -13.258  37.503 0.0000000000
65399  31.838  -14.413  36.561 0.0000000000
64283  29.775  -15.071  34.241 0.0000000000
64282  30.306  -15.110  34.675 0.0000000000
79993  35.604  -3.119  29.172 0.0000000000
81217  35.655  -2.170  28.253 0.0000000000
80013  34.568  -3.189  28.059 0.0000000000
77566  31.275  -5.200  26.299 0.0000000000
78811  32.032  -4.221  26.346 0.0000000000
154215  50.308  16.352  13.065 0.0000000000
85695  39.020  1.193  26.567 0.0000000000
84594  37.975  0.305  24.977 0.0000000000
84558  37.548  0.720  26.578 0.0000000000
84559  36.801  0.357  26.387 0.0000000000
83468  35.446  -0.743  26.329 0.0000000000
86774  41.751  2.448  28.318 0.0000000000
157577  40.096  1.629  27.139 0.0000000000
173245  24.612  -20.070  35.490 0.0000000000
58507  23.755  -19.613  35.325 0.0000000000
58487  23.251  -19.219  36.414 0.0000000000
60605  26.644  -17.419  41.657 0.0000000000
176790  26.934  -16.089  41.886 0.0000000000
60621  26.174  -17.668  40.374 0.0000000000
60622  25.758  -17.469  39.681 0.0000000000
60629  25.469  -17.399  38.860 0.0000000000
163383  25.353  -17.810  37.388 0.0000000000
59559  25.465  -18.631  37.168 0.0000000000
58485  25.462  -19.712  36.199 0.0000000000
92404  41.707  6.621  18.103 0.0000000000
55986  25.669  -21.622  42.286 0.0000000000
85745  42.711  1.250  23.187 0.0000000000
86858  42.195  2.572  22.570 0.0000000000
87989  41.813  3.248  22.065 0.0000000000
89150  41.890  4.265  21.235 0.0000000000
88003  40.715  3.694  21.443 0.0000000000
89153  39.296  3.586  20.603 0.0000000000
160423  21.527  -19.231  41.723 0.0000000000
58414  21.772  -18.970  40.480 0.0000000000
58399  20.840  -19.140  41.505 0.0000000000
58401  19.590  -19.186  41.241 0.0000000000
58418  18.345  -19.169  40.497 0.0000000000
57269  14.812  -20.289  41.200 0.0000000000
55989  13.633  -20.700  41.277 0.0000000000
56025  13.456  -20.743  39.600 0.0000000000
56048  13.404  -20.694  38.680 0.0000000000
54963  12.423  -21.529  37.815 0.0000000000
72816  33.599  -8.250  37.181 0.0000000000
72842  32.589  -8.143  36.017 0.0000000000
72843  31.858  -8.426  35.845 0.0000000000
71635  31.961  -9.467  36.802 0.0000000000
70404  31.194  -10.170  36.405 0.0000000000
69156  30.798  -11.267  36.244 0.0000000000
65325  29.741  -14.220  40.308 0.0000000000
157141  31.251  -14.812  39.810 0.0000000000
171501  29.858  -14.453  38.926 0.0000000000
64226  30.519  -14.848  38.402 0.0000000000
154189  30.897  -15.285  36.576 0.0000000000
64252  31.196  -15.324  36.160 0.0000000000
64254  29.677  -14.943  36.133 0.0000000000
158685  29.266  -15.111  34.521 0.0000000000
77508  33.775  -4.949  29.396 0.0000000000
78772  33.180  -4.404  28.094 0.0000000000
77525  32.855  -4.965  28.460 0.0000000000
76365  31.593  -5.556  27.800 0.0000000000
103495  49.627  16.193  15.485 0.0000000000
102407  48.890  15.045  13.882 0.0000000000
167307  38.456  0.717  22.184 0.0000000000
85771  37.455  1.108  21.216 0.0000000000
83538  37.754  -0.440  22.591 0.0000000000
83495  36.871  0.049  24.209 0.0000000000
83530  35.286  -0.588  22.969 0.0000000000
85667  43.222  1.640  27.022 0.0000000000
84555  43.202  0.314  26.090 0.0000000000
180231  42.635  -0.284  24.573 0.0000000000
83509  41.724  -0.378  24.048 0.0000000000
84623  40.191  -0.021  23.092 0.0000000000
62901  33.271  -15.610  44.689 0.0000000000
62921  33.375  -15.364  43.246 0.0000000000
64095  31.882  -15.182  44.009 0.0000000000
64117  30.987  -14.795  42.865 0.0000000000
64139  30.019  -14.430  41.914 0.0000000000
64121  27.720  -15.171  42.152 0.0000000000
64141  28.105  -14.622  41.721 0.0000000000
65326  29.243  -14.155  40.870 0.0000000000
65357  27.519  -14.083  39.636 0.0000000000
65374  26.687  -14.170  38.349 0.0000000000
64243  26.046  -14.431  37.072 0.0000000000
95621  46.541  9.334  19.028 0.0000000000
94572  43.998  8.416  18.040 0.0000000000
95632  45.432  9.305  18.322 0.0000000000
96673  46.292  10.409  18.230 0.0000000000
97802  46.367  11.262  17.670 0.0000000000
97812  45.909  11.796  16.569 0.0000000000
98927  46.184  12.315  15.568 0.0000000000
100107  46.632  12.848  14.489 0.0000000000
57296  25.516  -20.926  39.044 0.0000000000
57318  25.151  -21.129  38.157 0.0000000000
56046  25.151  -21.222  39.149 0.0000000000
56024  24.572  -20.906  40.307 0.0000000000
57265  23.290  -19.899  40.698 0.0000000000
55987  25.052  -21.438  42.186 0.0000000000
57248  22.911  -19.772  41.996 0.0000000000
57232  22.187  -19.647  43.080 0.0000000000
156267  34.119  -15.812  45.792 0.0000000000
62891  31.967  -15.915  45.649 0.0000000000
62893  30.415  -15.985  45.495 0.0000000000
61705  28.226  -16.779  44.570 0.0000000000
60546  27.685  -17.678  44.008 0.0000000000
60588  27.194  -17.470  42.910 0.0000000000
165102  26.567  -18.866  41.035 0.0000000000
58411  26.218  -19.535  40.416 0.0000000000
91338  46.218  5.970  21.225 0.0000000000
91349  44.477  5.877  20.266 0.0000000000
91362  42.618  6.096  19.480 0.0000000000
90260  41.515  4.663  20.732 0.0000000000
90282  41.425  5.496  19.713 0.0000000000
91373  41.465  6.148  18.575 0.0000000000
58467  24.147  -20.410  37.407 0.0000000000
58468  23.393  -19.386  37.202 0.0000000000
59581  22.764  -18.611  36.880 0.0000000000
59528  21.724  -18.526  38.952 0.0000000000
156636  21.488  -18.133  37.872 0.0000000000
59583  21.166  -17.867  36.146 0.0000000000
162633  20.517  -17.830  35.810 0.0000000000
164359  19.371  -18.343  35.292 0.0000000000
58390  18.076  -19.793  41.628 0.0000000000
58419  17.576  -19.302  40.303 0.0000000000
58435  16.603  -19.315  39.457 0.0000000000
182736  17.363  -18.839  38.855 0.0000000000
160190  17.367  -18.611  37.483 0.0000000000
50449  8.716  -26.097  41.117 0.0000000000
83400  37.925  -0.883  29.679 0.0000000000
78741  34.990  -4.403  29.943 0.0000000000
77492  33.980  -5.110  30.079 0.0000000000
76320  32.941  -5.777  30.992 0.0000000000
75200  32.150  -6.089  31.481 0.0000000000
75188  33.382  -6.333  33.230 0.0000000000
161437  32.606  -6.191  32.227 0.0000000000
177647  31.466  -6.554  31.844 0.0000000000
162137  30.617  -7.308  32.434 0.0000000000
74025  30.218  -7.759  32.900 0.0000000000
72867  29.237  -8.989  33.438 0.0000000000
71659  30.442  -9.189  35.326 0.0000000000
71672  29.569  -9.307  34.116 0.0000000000
164888  28.892  -10.302  33.156 0.0000000000
176390  28.882  -10.987  32.983 0.0000000000
67868  29.080  -12.236  32.491 0.0000000000
69099  33.638  -11.242  39.748 0.0000000000
62938  34.146  -15.311  42.453 0.0000000000
64115  34.272  -15.073  41.867 0.0000000000
182482  34.313  -14.534  40.827 0.0000000000
64200  32.068  -14.907  39.720 0.0000000000
64173  33.742  -14.704  40.210 0.0000000000
65337  34.221  -13.832  40.142 0.0000000000
66481  34.058  -13.406  39.587 0.0000000000
183006  33.388  -12.220  39.221 0.0000000000
69118  32.995  -11.197  38.726 0.0000000000
69144  32.038  -11.645  37.754 0.0000000000
177093  31.584  -12.486  36.887 0.0000000000
67836  30.739  -12.094  36.053 0.0000000000
65410  31.067  -14.651  35.424 0.0000000000
65422  30.695  -14.279  34.868 0.0000000000
66548  30.275  -13.120  34.914 0.0000000000
66558  29.620  -13.147  33.855 0.0000000000
82332  36.510  -0.881  28.141 0.0000000000
82345  35.451  -1.287  27.006 0.0000000000
82347  34.255  -1.885  26.150 0.0000000000
80029  33.311  -3.591  27.094 0.0000000000
81247  33.257  -2.722  26.255 0.0000000000
81270  32.793  -2.110  24.639 0.0000000000
98951  46.710  12.715  13.600 0.0000000000
84510  38.991  0.854  29.152 0.0000000000
178072  38.198  0.756  28.339 0.0000000000
162421  38.442  0.509  28.977 0.0000000000
85642  39.379  1.351  28.837 0.0000000000
57337  24.746  -20.580  37.097 0.0000000000
85770  37.925  1.729  21.169 0.0000000000
85779  37.279  1.690  20.354 0.0000000000
54915  11.209  -22.020  41.795 0.0000000000
54931  11.272  -22.053  41.020 0.0000000000
54945  11.270  -22.203  40.233 0.0000000000
166954  10.897  -22.444  40.783 0.0000000000
53798  10.475  -22.880  40.976 0.0000000000
71602  33.433  -9.783  39.029 0.0000000000
71612  33.420  -9.068  38.471 0.0000000000
70387  32.655  -9.929  37.873 0.0000000000
70378  33.021  -10.360  38.545 0.0000000000
62898  35.583  -15.477  44.709 0.0000000000
181530  34.509  -15.498  43.802 0.0000000000
65403  26.664  -14.126  36.698 0.0000000000
65402  27.319  -14.079  36.307 0.0000000000
65412  27.386  -14.372  35.533 0.0000000000
75211  31.745  -6.105  30.697 0.0000000000
75221  31.302  -6.205  29.409 0.0000000000
100095  47.108  13.157  16.047 0.0000000000
100087  47.731  13.408  17.028 0.0000000000
169418  47.974  13.872  16.690 0.0000000000
101274  47.952  14.033  16.100 0.0000000000
101288  47.930  14.131  15.360 0.0000000000
84593  39.304  -0.284  24.744 0.0000000000
83493  38.699  -0.403  24.320 0.0000000000
83498  34.625  -0.495  24.423 0.0000000000
83499  34.076  -0.816  24.466 0.0000000000
82378  33.517  -0.985  23.972 0.0000000000
84592  40.001  -0.456  24.723 0.0000000000
58508  23.082  -19.204  35.433 0.0000000000
159066  22.665  -19.312  34.585 0.0000000000
58509  22.209  -18.853  35.078 0.0000000000
58526  21.907  -19.237  34.429 0.0000000000
59602  21.729  -18.331  35.572 0.0000000000
62924  28.268  -15.752  43.580 0.0000000000
62923  28.902  -15.433  43.900 0.0000000000
62998  25.698  -15.738  39.358 0.0000000000
184373  25.438  -16.062  38.900 0.0000000000
63012  25.538  -15.507  38.684 0.0000000000
61800  25.232  -16.521  37.742 0.0000000000
71709  28.764  -9.443  32.017 0.0000000000
92391  43.735  6.751  19.283 0.0000000000
92402  43.320  7.175  18.756 0.0000000000
95653  43.963  9.902  16.038 0.0000000000
56001  26.183  -21.239  41.231 0.0000000000
56002  25.725  -21.234  40.809 0.0000000000
57246  26.860  -20.741  42.066 0.0000000000
57262  26.573  -20.724  41.248 0.0000000000
87987  43.505  3.494  22.260 0.0000000000
89140  43.526  4.183  21.748 0.0000000000
90249  44.136  4.486  21.623 0.0000000000
89149  42.777  4.364  21.358 0.0000000000
183608  22.958  -19.315  39.344 0.0000000000
59531  19.122  -18.508  39.353 0.0000000000
164015  19.733  -18.344  39.118 0.0000000000
59547  18.428  -18.317  38.247 0.0000000000
57254  15.667  -20.227  42.266 0.0000000000
57322  13.955  -20.406  38.188 0.0000000000
57321  14.622  -20.108  38.486 0.0000000000
57340  14.557  -20.217  37.582 0.0000000000
57339  15.337  -19.738  37.208 0.0000000000
73972  33.083  -7.550  35.480 0.0000000000
73989  32.709  -7.260  34.642 0.0000000000
73990  31.915  -7.617  34.569 0.0000000000
72855  31.440  -8.069  35.180 0.0000000000
69165  30.398  -11.299  35.715 0.0000000000
70413  30.103  -10.531  35.320 0.0000000000
69176  29.581  -11.492  34.449 0.0000000000
160887  30.592  -14.646  41.283 0.0000000000
64154  31.415  -14.909  41.245 0.0000000000
155166  31.887  -14.883  37.678 0.0000000000
65389  32.163  -13.957  37.152 0.0000000000
64251  31.566  -14.992  36.513 0.0000000000
79994  34.987  -3.475  28.883 0.0000000000
80012  35.284  -2.811  28.492 0.0000000000
78770  34.410  -3.890  28.582 0.0000000000
84557  38.328  0.987  26.528 0.0000000000
84537  37.027  0.376  27.132 0.0000000000
83467  36.067  -0.044  26.203 0.0000000000
83452  35.915  -0.613  26.928 0.0000000000
86757  42.281  2.613  29.029 0.0000000000
85654  39.316  1.501  28.042 0.0000000000
85669  40.466  2.007  27.810 0.0000000000
85670  39.320  1.482  27.249 0.0000000000
85694  39.705  1.324  26.547 0.0000000000
57338  24.203  -20.312  36.614 0.0000000000
57356  24.217  -20.011  35.799 0.0000000000
58486  23.751  -19.666  36.061 0.0000000000
159976  26.495  -17.973  41.002 0.0000000000
179680  25.510  -19.053  38.671 0.0000000000
59527  25.570  -18.218  39.144 0.0000000000
59541  25.363  -18.247  38.098 0.0000000000
85746  41.491  1.340  22.952 0.0000000000
173659  41.591  2.062  22.688 0.0000000000
86859  41.346  2.645  22.306 0.0000000000
87990  41.046  3.242  21.899 0.0000000000
177334  40.354  3.209  21.714 0.0000000000
88006  38.395  2.731  20.570 0.0000000000
88018  38.755  3.323  20.224 0.0000000000
58386  20.870  -19.315  42.190 0.0000000000
58387  20.092  -19.303  41.899 0.0000000000
58417  19.172  -19.014  40.588 0.0000000000
58402  18.697  -19.391  41.258 0.0000000000
55974  13.580  -20.703  42.111 0.0000000000
57256  14.273  -20.441  41.662 0.0000000000
56027  12.359  -21.350  39.998 0.0000000000
56026  12.989  -21.009  40.186 0.0000000000
173772  12.803  -21.143  39.640 0.0000000000
56049  12.865  -21.105  39.045 0.0000000000
56065  12.908  -21.140  38.267 0.0000000000
56066  12.300  -21.420  38.629 0.0000000000
54965  11.415  -22.289  38.587 0.0000000000
52657  9.726  -24.010  39.915 0.0000000000
51569  9.357  -24.736  40.326 0.0000000000
175229  33.130  -8.694  37.399 0.0000000000
72827  32.968  -8.404  36.739 0.0000000000
72828  32.211  -8.758  36.536 0.0000000000
171424  32.178  -10.666  37.617 0.0000000000
70395  31.717  -10.255  36.904 0.0000000000
69155  31.160  -10.828  36.616 0.0000000000
155172  28.960  -14.043  39.512 0.0000000000
64203  29.733  -14.258  39.656 0.0000000000
65355  29.044  -14.113  38.745 0.0000000000
64227  29.777  -14.572  38.149 0.0000000000
64242  29.689  -14.676  37.447 0.0000000000
64241  30.574  -15.055  37.468 0.0000000000
154371  30.118  -15.016  36.737 0.0000000000
77509  33.109  -5.184  29.138 0.0000000000
77524  33.515  -4.723  28.728 0.0000000000
182253  31.289  -5.944  28.140 0.0000000000
76366  30.948  -6.076  27.492 0.0000000000
102408  48.407  14.613  14.254 0.0000000000
102398  48.795  15.107  14.688 0.0000000000
102424  48.523  14.522  13.473 0.0000000000
101321  48.215  13.979  13.104 0.0000000000
84625  38.857  -0.336  22.909 0.0000000000
84640  38.365  -0.171  22.543 0.0000000000
174329  37.250  -0.580  22.591 0.0000000000
153349  36.581  -0.724  22.347 0.0000000000
84595  37.150  0.279  24.931 0.0000000000
83531  34.567  -0.647  22.998 0.0000000000
83540  34.846  -0.853  22.386 0.0000000000
86790  42.066  2.295  27.637 0.0000000000
86789  42.837  2.295  27.548 0.0000000000
85668  42.391  1.857  27.039 0.0000000000
84574  41.243  0.091  25.356 0.0000000000
84556  42.363  0.639  26.024 0.0000000000
84573  42.083  0.044  25.393 0.0000000000
167205  42.798  0.108  25.620 0.0000000000
84590  42.171  -0.335  24.750 0.0000000000
83490  42.229  -0.428  24.237 0.0000000000
83491  41.625  -0.485  24.451 0.0000000000
83511  39.665  -0.729  23.796 0.0000000000
83525  40.297  -0.602  23.664 0.0000000000
83526  39.764  -0.533  23.326 0.0000000000
84624  39.418  0.026  22.891 0.0000000000
62902  32.251  -15.597  44.827 0.0000000000
153503  32.814  -15.397  43.977 0.0000000000
161193  29.591  -14.645  43.015 0.0000000000
64118  30.185  -14.584  42.622 0.0000000000
181537  26.483  -16.348  41.169 0.0000000000
62958  26.712  -15.854  41.264 0.0000000000
64158  27.200  -14.816  40.821 0.0000000000
64142  27.433  -14.971  41.486 0.0000000000
64157  27.715  -14.555  41.158 0.0000000000
65327  28.372  -14.263  41.117 0.0000000000
65341  27.775  -14.236  40.505 0.0000000000
158243  28.529  -14.084  40.547 0.0000000000
64229  25.755  -14.992  38.318 0.0000000000
64228  26.077  -14.483  37.896 0.0000000000
65393  26.625  -14.123  37.510 0.0000000000
64257  25.756  -14.901  36.729 0.0000000000
157218  25.596  -17.727  36.919 0.0000000000
92365  46.545  6.582  20.902 0.0000000000
93460  46.108  7.936  19.556 0.0000000000
94556  46.983  9.098  19.407 0.0000000000
94570  45.916  8.985  18.847 0.0000000000
93478  42.453  7.459  17.699 0.0000000000
93477  43.641  7.737  18.414 0.0000000000
95643  44.498  9.495  17.393 0.0000000000
162063  45.027  9.590  17.829 0.0000000000
95631  46.069  9.649  18.543 0.0000000000
160215  45.571  9.973  17.982 0.0000000000
96684  45.704  10.665  17.500 0.0000000000
97819  44.818  10.955  16.021 0.0000000000
97813  45.408  11.436  16.349 0.0000000000
98920  46.344  12.283  16.368 0.0000000000
98928  45.765  11.899  15.957 0.0000000000
56045  25.259  -21.190  38.711 0.0000000000
56022  25.375  -21.139  39.377 0.0000000000
56003  25.125  -21.231  40.688 0.0000000000
57280  23.890  -20.331  40.146 0.0000000000
57264  23.941  -20.458  40.854 0.0000000000
173566  24.040  -20.740  42.716 0.0000000000
57247  23.615  -20.316  42.241 0.0000000000
57231  22.929  -19.902  42.742 0.0000000000
57249  22.400  -19.569  42.436 0.0000000000
163207  32.791  -15.824  45.553 0.0000000000
62894  29.577  -16.131  45.269 0.0000000000
60570  27.444  -17.945  43.504 0.0000000000
160690  27.243  -18.300  42.853 0.0000000000
60604  26.929  -17.871  42.281 0.0000000000
59504  27.044  -18.668  42.249 0.0000000000
57278  26.241  -20.466  40.497 0.0000000000
171405  25.876  -20.312  39.688 0.0000000000
84657  37.137  0.410  21.333 0.0000000000
91340  44.845  5.444  20.767 0.0000000000
91350  43.760  5.774  20.145 0.0000000000
91351  43.011  5.711  20.043 0.0000000000
89151  41.073  4.217  21.028 0.0000000000
183538  41.016  4.584  20.618 0.0000000000
175458  40.176  5.115  19.073 0.0000000000
90283  40.688  5.326  19.408 0.0000000000
91363  41.832  5.945  19.275 0.0000000000
91364  41.069  5.763  19.005 0.0000000000
57297  25.017  -21.086  38.693 0.0000000000
57319  24.695  -20.785  38.141 0.0000000000
58448  23.842  -20.098  38.379 0.0000000000
58449  23.397  -19.409  37.990 0.0000000000
59542  22.838  -18.720  37.708 0.0000000000
58432  21.746  -18.752  39.626 0.0000000000
59544  21.251  -18.286  38.510 0.0000000000
59561  21.319  -17.934  37.130 0.0000000000
59562  20.410  -17.796  36.759 0.0000000000
59586  18.547  -18.197  36.852 0.0000000000
59585  18.997  -18.133  36.052 0.0000000000
59605  18.611  -18.505  35.431 0.0000000000
59606  17.929  -18.694  35.713 0.0000000000
57253  16.854  -20.137  41.884 0.0000000000
57266  17.366  -19.946  41.420 0.0000000000
58403  17.857  -19.549  41.005 0.0000000000
58404  17.103  -19.663  40.805 0.0000000000
57283  14.925  -20.185  40.539 0.0000000000
58436  16.012  -19.390  38.940 0.0000000000
58421  16.137  -19.605  39.859 0.0000000000
163563  16.803  -19.087  38.827 0.0000000000
58451  17.176  -18.745  38.154 0.0000000000
50448  9.071  -25.434  40.779 0.0000000000
50428  9.010  -25.503  41.571 0.0000000000
49334  8.418  -26.865  41.473 0.0000000000
79978  36.469  -3.222  30.007 0.0000000000
77490  35.233  -4.640  30.597 0.0000000000
77491  34.614  -4.884  30.335 0.0000000000
77474  34.806  -5.017  31.042 0.0000000000
76319  33.664  -5.584  31.289 0.0000000000
75148  33.959  -6.737  34.574 0.0000000000
75168  32.085  -6.934  33.502 0.0000000000
75189  32.602  -6.546  32.925 0.0000000000
75201  31.990  -6.483  32.332 0.0000000000
75202  31.255  -6.886  32.522 0.0000000000
74007  30.185  -8.108  33.571 0.0000000000
72883  29.585  -8.342  33.180 0.0000000000
72866  29.842  -8.640  33.861 0.0000000000
72844  31.128  -8.782  35.623 0.0000000000
71661  29.344  -9.920  34.261 0.0000000000
71673  29.128  -9.706  33.643 0.0000000000
180611  28.964  -10.740  33.466 0.0000000000
181857  29.203  -11.874  33.567 0.0000000000
160522  29.015  -11.707  33.089 0.0000000000
179792  29.225  -12.923  32.697 0.0000000000
180642  33.793  -15.331  42.821 0.0000000000
62939  33.359  -15.173  42.534 0.0000000000
64136  32.953  -14.999  41.196 0.0000000000
62955  33.795  -15.106  41.965 0.0000000000
64135  33.770  -14.986  41.348 0.0000000000
64134  34.418  -14.707  41.267 0.0000000000
64151  34.007  -14.766  40.792 0.0000000000
64153  31.777  -14.909  40.273 0.0000000000
64198  33.421  -14.706  39.561 0.0000000000
65338  33.960  -14.272  39.699 0.0000000000
64150  34.160  -14.391  40.410 0.0000000000
183672  34.109  -13.845  39.629 0.0000000000
66480  34.157  -13.249  40.221 0.0000000000
160364  33.878  -13.849  39.254 0.0000000000
181429  33.206  -13.084  38.547 0.0000000000
67787  33.319  -12.666  38.899 0.0000000000
173226  33.079  -11.977  38.828 0.0000000000
69134  32.600  -11.686  38.332 0.0000000000
67818  32.434  -12.473  37.943 0.0000000000
66537  31.843  -13.380  36.820 0.0000000000
67819  31.991  -12.521  37.343 0.0000000000
169183  31.242  -12.832  36.382 0.0000000000
64266  30.951  -15.245  35.537 0.0000000000
65423  30.400  -14.781  34.620 0.0000000000
166950  29.869  -12.888  34.383 0.0000000000
180306  29.765  -14.083  33.751 0.0000000000
170144  37.413  -1.114  29.357 0.0000000000
83412  37.533  -0.526  29.091 0.0000000000
82311  36.550  -1.524  28.711 0.0000000000
154597  34.971  -2.360  27.752 0.0000000000
81235  35.521  -1.744  27.654 0.0000000000
81236  35.009  -1.885  27.141 0.0000000000
82346  34.880  -1.469  26.429 0.0000000000
81246  33.896  -2.407  26.543 0.0000000000
78790  33.520  -3.887  27.747 0.0000000000
78791  32.912  -4.118  27.408 0.0000000000
78825  31.770  -4.057  25.494 0.0000000000
184270  32.283  -3.693  25.989 0.0000000000
80050  32.276  -3.291  25.286 0.0000000000
81260  32.869  -2.534  25.468 0.0000000000
80059  32.432  -2.682  24.795 0.0000000000
105702  51.065  17.323  13.336 0.0000000000
104595  51.252  17.115  12.663 0.0000000000
105717  51.871  17.422  12.377 0.0000000000
98966  46.413  12.034  13.148 0.0000000000
84535  38.006  0.978  27.167 0.0000000000
84524  38.345  1.102  27.752 0.0000000000
157730  37.811  0.723  27.859 0.0000000000
84536  37.299  0.282  27.853 0.0000000000
85653  39.890  1.717  28.358 0.0000000000
58412  25.763  -19.144  39.566 0.0000000000
85747  40.728  0.864  22.915 0.0000000000
86848  40.210  1.492  22.539 0.0000000000
86860  40.028  2.124  22.174 0.0000000000
87992  39.681  2.822  21.724 0.0000000000
86872  38.870  2.519  21.442 0.0000000000
163650  20.609  -19.467  43.375 0.0000000000
58377  20.312  -19.427  42.684 0.0000000000
54944  11.808  -21.764  39.770 0.0000000000
54955  11.767  -21.756  39.011 0.0000000000
162039  11.001  -22.605  39.761 0.0000000000
53806  10.602  -23.043  39.702 0.0000000000
52656  10.146  -23.310  40.355 0.0000000000
52647  9.959  -23.450  41.207 0.0000000000
72800  33.878  -8.601  38.466 0.0000000000
72801  33.019  -9.137  37.890 0.0000000000
178901  28.143  -13.985  37.482 0.0000000000
64255  28.784  -14.456  36.035 0.0000000000
65401  27.946  -14.224  35.965 0.0000000000
76341  32.634  -5.576  29.518 0.0000000000
76342  31.950  -5.807  29.160 0.0000000000
76343  31.302  -6.074  28.703 0.0000000000
100070  47.423  12.859  17.388 0.0000000000
100052  48.155  13.118  18.325 0.0000000000
100069  47.940  13.293  17.680 0.0000000000
103496  49.190  15.649  15.915 0.0000000000
101299  47.957  14.145  14.584 0.0000000000
101310  47.488  13.655  14.068 0.0000000000
83512  39.002  -0.697  23.749 0.0000000000
155602  38.457  -0.570  23.157 0.0000000000
83513  38.224  -0.597  23.598 0.0000000000
83514  37.368  -0.430  23.543 0.0000000000
171637  35.727  -0.035  24.927 0.0000000000
83496  36.084  -0.057  24.255 0.0000000000
83517  34.788  -0.468  23.656 0.0000000000
82387  33.985  -0.682  23.348 0.0000000000
159013  40.966  1.756  27.015 0.0000000000
85692  41.833  1.358  26.575 0.0000000000
84591  40.888  -0.454  24.700 0.0000000000
59622  20.620  -18.766  34.818 0.0000000000
62904  30.110  -15.460  44.805 0.0000000000
64081  30.334  -15.013  44.174 0.0000000000
64082  29.597  -15.096  44.158 0.0000000000
64098  29.285  -14.937  43.482 0.0000000000
64119  29.065  -14.777  42.941 0.0000000000
62997  25.924  -15.954  40.080 0.0000000000
162146  26.365  -14.855  39.560 0.0000000000
64206  25.893  -15.140  39.085 0.0000000000
173721  25.430  -15.399  38.057 0.0000000000
63019  25.291  -15.751  37.530 0.0000000000
61808  25.294  -16.282  37.030 0.0000000000
72906  29.378  -8.059  31.573 0.0000000000
92378  44.813  6.476  19.940 0.0000000000
93450  45.817  7.314  19.831 0.0000000000
92389  45.148  7.064  19.605 0.0000000000
93462  44.759  7.485  19.153 0.0000000000
93476  44.378  7.895  18.659 0.0000000000
94584  43.486  8.693  17.218 0.0000000000
94593  43.168  8.875  16.343 0.0000000000
156252  44.379  9.843  16.793 0.0000000000
165699  44.364  10.449  15.756 0.0000000000
96701  44.598  10.782  15.164 0.0000000000
163782  25.564  -21.127  40.154 0.0000000000
58383  27.093  -19.412  42.360 0.0000000000
58384  26.823  -19.157  41.709 0.0000000000
90257  43.630  4.780  21.148 0.0000000000
165384  23.871  -20.231  39.528 0.0000000000
57299  23.536  -19.817  39.143 0.0000000000
58431  22.464  -18.814  39.048 0.0000000000
59518  20.324  -18.508  39.629 0.0000000000
59546  19.825  -18.092  38.284 0.0000000000
154008  19.882  -17.938  37.507 0.0000000000
59563  19.071  -18.059  37.720 0.0000000000
59565  17.859  -18.443  37.178 0.0000000000
171700  15.045  -20.096  39.962 0.0000000000
57301  14.824  -20.112  39.311 0.0000000000
57320  15.237  -19.708  38.728 0.0000000000
58453  15.656  -19.438  38.026 0.0000000000
58470  16.102  -19.289  37.298 0.0000000000
77458  35.000  -5.157  31.744 0.0000000000
76304  34.596  -5.471  32.136 0.0000000000
76305  33.912  -5.760  32.121 0.0000000000
73959  34.298  -7.265  36.033 0.0000000000
75149  33.301  -6.841  34.363 0.0000000000
74023  31.399  -7.107  33.277 0.0000000000
74005  31.627  -7.417  33.905 0.0000000000
71648  30.360  -9.865  35.536 0.0000000000
70423  29.515  -10.634  34.564 0.0000000000
67845  29.479  -12.157  34.033 0.0000000000
158272  31.770  -14.996  42.285 0.0000000000
64137  32.416  -15.051  41.755 0.0000000000
154249  32.178  -14.987  41.185 0.0000000000
182566  32.313  -14.896  39.119 0.0000000000
64224  32.114  -14.844  38.412 0.0000000000
65369  33.518  -13.892  38.783 0.0000000000
65370  33.108  -14.220  38.429 0.0000000000
66511  33.201  -13.630  38.405 0.0000000000
66527  32.821  -13.152  38.085 0.0000000000
169359  30.075  -15.193  34.706 0.0000000000
64296  29.933  -14.727  34.118 0.0000000000
65435  29.436  -14.355  33.212 0.0000000000
81193  36.530  -2.136  29.208 0.0000000000
178352  36.159  -1.996  28.626 0.0000000000
81194  35.883  -2.501  28.893 0.0000000000
77565  31.745  -4.842  26.698 0.0000000000
77584  31.510  -4.706  25.963 0.0000000000
103515  49.782  16.036  13.896 0.0000000000
104597  50.238  16.448  13.526 0.0000000000
84577  38.865  0.762  25.896 0.0000000000
165130  38.753  0.287  25.151 0.0000000000
166782  38.117  0.665  25.798 0.0000000000
84578  37.333  0.505  25.724 0.0000000000
84579  36.594  0.295  25.631 0.0000000000
83478  36.027  0.115  25.468 0.0000000000
83479  35.521  -0.272  25.624 0.0000000000
82368  34.419  -0.964  25.131 0.0000000000
86773  42.513  2.594  28.174 0.0000000000
86791  41.299  2.212  27.706 0.0000000000
86775  41.005  2.243  28.431 0.0000000000
85693  40.450  1.278  26.492 0.0000000000
85711  39.437  0.961  26.029 0.0000000000
61738  27.288  -16.687  42.923 0.0000000000
61754  26.920  -16.865  42.289 0.0000000000
61755  26.643  -16.551  41.565 0.0000000000
61774  26.416  -17.010  40.962 0.0000000000
61788  26.017  -16.827  40.263 0.0000000000
60636  25.338  -17.297  37.987 0.0000000000
92403  42.481  7.023  18.379 0.0000000000
93479  41.957  6.993  17.678 0.0000000000
176298  26.037  -21.489  41.817 0.0000000000
55971  26.312  -21.551  42.443 0.0000000000
85744  43.439  1.285  23.426 0.0000000000
86845  42.872  1.983  22.965 0.0000000000
86846  42.157  1.701  22.941 0.0000000000
87979  43.109  2.772  22.694 0.0000000000
87988  42.614  3.302  22.197 0.0000000000
89141  42.231  3.828  21.758 0.0000000000
89142  41.460  3.781  21.618 0.0000000000
161195  40.394  4.005  20.949 0.0000000000
88004  39.890  3.507  21.176 0.0000000000
89152  39.783  4.021  20.528 0.0000000000
89164  39.127  3.896  20.018 0.0000000000
58398  22.077  -19.250  41.167 0.0000000000
176305  21.422  -19.063  41.145 0.0000000000
152876  20.900  -18.911  40.851 0.0000000000
58400  20.291  -19.076  41.217 0.0000000000
58416  20.107  -18.799  40.548 0.0000000000
59520  18.775  -18.788  39.921 0.0000000000
57270  14.165  -20.465  41.051 0.0000000000
166737  14.388  -20.358  40.657 0.0000000000
56005  13.721  -20.654  40.510 0.0000000000
56064  13.427  -20.780  37.878 0.0000000000
73949  34.151  -8.043  37.591 0.0000000000
153438  34.092  -7.819  36.959 0.0000000000
73960  33.563  -7.911  36.588 0.0000000000
73961  33.145  -7.883  36.180 0.0000000000
71646  31.569  -9.108  36.258 0.0000000000
71636  31.474  -9.720  36.480 0.0000000000
64176  31.064  -14.771  40.589 0.0000000000
64177  30.424  -14.567  40.058 0.0000000000
64202  30.605  -14.741  39.229 0.0000000000
182033  30.998  -14.872  38.640 0.0000000000
169142  31.428  -15.222  36.975 0.0000000000
64253  30.586  -15.351  35.838 0.0000000000
64268  29.718  -15.164  35.265 0.0000000000
78756  34.144  -4.472  28.981 0.0000000000
78771  33.799  -4.173  28.369 0.0000000000
77544  32.599  -4.716  27.748 0.0000000000
76352  32.444  -5.406  28.848 0.0000000000
77526  32.225  -5.227  28.142 0.0000000000
77545  31.944  -5.028  27.422 0.0000000000
77546  31.244  -5.502  26.953 0.0000000000
104573  50.057  16.708  15.071 0.0000000000
103504  49.179  15.646  15.102 0.0000000000
103516  49.234  15.607  14.296 0.0000000000
101320  48.731  14.301  12.771 0.0000000000
85760  38.029  1.189  21.736 0.0000000000
84641  37.750  0.374  21.968 0.0000000000
84642  37.113  -0.324  21.927 0.0000000000
83515  36.526  -0.355  23.581 0.0000000000
83529  36.154  -0.603  22.953 0.0000000000
83539  35.766  -0.879  22.244 0.0000000000
85691  42.762  1.132  26.544 0.0000000000
84607  42.789  -0.106  24.153 0.0000000000
84608  42.148  -0.008  23.716 0.0000000000
83510  41.034  -0.541  24.033 0.0000000000
84622  40.918  -0.134  23.355 0.0000000000
85748  39.873  0.837  22.697 0.0000000000
85759  39.136  0.866  22.416 0.0000000000
62900  34.046  -15.531  44.157 0.0000000000
175198  33.523  -15.475  43.875 0.0000000000
62922  32.623  -15.278  43.181 0.0000000000
64096  31.040  -14.931  43.689 0.0000000000
64116  31.829  -15.055  43.062 0.0000000000
64138  30.968  -14.764  41.983 0.0000000000
62942  27.343  -15.945  42.472 0.0000000000
62941  28.019  -15.473  42.858 0.0000000000
64120  28.544  -14.790  42.465 0.0000000000
62975  26.981  -15.262  41.177 0.0000000000
64140  29.054  -14.327  41.732 0.0000000000
64156  29.841  -14.296  41.326 0.0000000000
65339  29.074  -14.070  40.162 0.0000000000
65340  28.323  -14.013  39.952 0.0000000000
65356  28.217  -13.923  39.193 0.0000000000
64204  26.801  -14.302  39.198 0.0000000000
65373  27.393  -13.950  38.790 0.0000000000
65372  27.345  -13.943  37.941 0.0000000000
64256  26.219  -14.506  36.332 0.0000000000
74044  30.473  -6.960  30.738 0.0000000000
95620  47.176  9.753  19.182 0.0000000000
155629  42.981  7.518  18.226 0.0000000000
180268  44.681  8.403  18.456 0.0000000000
95633  44.709  8.989  18.048 0.0000000000
94571  45.258  8.666  18.613 0.0000000000
95630  46.623  9.901  18.743 0.0000000000
96672  46.970  10.402  18.707 0.0000000000
97792  46.803  10.949  18.276 0.0000000000
153388  46.999  11.592  18.059 0.0000000000
96692  45.219  10.827  16.783 0.0000000000
155561  45.798  11.342  17.010 0.0000000000
97801  46.728  11.911  17.522 0.0000000000
98919  46.851  12.443  17.043 0.0000000000
100089  46.829  12.740  16.406 0.0000000000
100096  46.643  12.745  15.810 0.0000000000
100106  46.953  13.199  15.242 0.0000000000
98939  46.147  12.303  14.803 0.0000000000
57317  25.270  -21.056  38.278 0.0000000000
56047  24.609  -20.827  39.497 0.0000000000
165788  24.779  -21.154  41.494 0.0000000000
55972  24.621  -21.193  42.806 0.0000000000
55988  24.349  -20.962  42.157 0.0000000000
173429  24.078  -20.665  41.528 0.0000000000
159402  23.427  -20.077  41.434 0.0000000000
58397  22.777  -19.581  41.283 0.0000000000
58385  22.240  -19.423  41.849 0.0000000000
58375  21.642  -19.412  42.494 0.0000000000
57233  21.375  -19.493  43.303 0.0000000000
160808  34.077  -15.661  44.949 0.0000000000
153156  31.561  -15.705  45.191 0.0000000000
62892  31.197  -15.977  45.629 0.0000000000
62903  30.937  -15.615  45.076 0.0000000000
62906  28.507  -16.023  44.288 0.0000000000
61723  27.999  -16.450  43.916 0.0000000000
61706  27.825  -17.117  44.175 0.0000000000
61724  27.505  -17.048  43.578 0.0000000000
59505  26.750  -18.327  41.661 0.0000000000
92366  45.875  6.302  20.658 0.0000000000
91348  45.184  6.055  20.435 0.0000000000
92379  44.126  6.296  19.753 0.0000000000
91361  43.393  6.206  19.636 0.0000000000
90259  42.265  4.771  20.853 0.0000000000
90269  42.631  5.210  20.415 0.0000000000
90271  41.005  4.965  20.163 0.0000000000
90270  41.850  5.113  20.308 0.0000000000
91352  42.228  5.625  19.911 0.0000000000
92393  42.154  6.458  18.853 0.0000000000
59529  21.082  -18.487  39.262 0.0000000000
59543  22.112  -18.459  38.290 0.0000000000
59560  22.106  -18.288  37.426 0.0000000000
59582  21.973  -18.207  36.532 0.0000000000
59603  20.925  -18.179  35.281 0.0000000000
59604  20.160  -18.223  35.237 0.0000000000
59584  19.803  -17.942  35.987 0.0000000000
59623  19.810  -18.856  34.870 0.0000000000
58433  18.029  -18.928  39.787 0.0000000000
159072  15.502  -20.188  41.545 0.0000000000
57268  15.945  -20.057  41.091 0.0000000000
57282  16.376  -19.807  40.601 0.0000000000
158458  15.609  -19.971  40.390 0.0000000000
58420  16.838  -19.446  40.103 0.0000000000
58434  17.292  -19.121  39.508 0.0000000000
163465  17.777  -18.766  39.183 0.0000000000
59533  17.814  -18.543  38.572 0.0000000000
59548  17.817  -18.436  37.866 0.0000000000
159573  16.796  -18.897  37.393 0.0000000000
58469  17.263  -18.709  36.849 0.0000000000
58488  17.271  -18.884  36.091 0.0000000000
168493  9.592  -24.111  41.510 0.0000000000
51556  9.330  -24.768  41.143 0.0000000000
50466  8.826  -25.964  40.461 0.0000000000
84500  38.944  0.198  29.714 0.0000000000
153121  35.978  -3.406  29.642 0.0000000000
78754  35.393  -3.783  29.608 0.0000000000
77507  34.408  -4.720  29.648 0.0000000000
77475  34.153  -5.228  30.799 0.0000000000
76330  33.501  -5.470  30.524 0.0000000000
76331  32.810  -5.666  30.239 0.0000000000
76321  32.342  -5.903  30.673 0.0000000000
76287  33.837  -6.012  32.819 0.0000000000
76288  33.238  -6.110  32.525 0.0000000000
75212  31.259  -6.497  31.121 0.0000000000
74034  30.723  -7.048  31.691 0.0000000000
74024  30.871  -7.351  32.961 0.0000000000
74035  30.012  -7.594  32.035 0.0000000000
72895  29.460  -8.118  32.396 0.0000000000
72884  29.086  -8.790  32.655 0.0000000000
72856  30.770  -8.503  34.896 0.0000000000
72857  30.118  -8.912  34.576 0.0000000000
71691  28.894  -9.583  32.846 0.0000000000
70465  28.733  -10.461  32.101 0.0000000000
165871  28.914  -11.457  32.267 0.0000000000
67878  29.172  -12.038  31.663 0.0000000000
62920  34.158  -15.452  43.278 0.0000000000
62937  34.652  -15.271  42.875 0.0000000000
64114  34.681  -15.041  42.406 0.0000000000
65324  34.491  -14.147  40.880 0.0000000000
64175  32.554  -14.972  40.449 0.0000000000
153954  32.764  -14.904  39.639 0.0000000000
64174  33.210  -14.900  40.118 0.0000000000
66466  34.479  -13.418  40.792 0.0000000000
67786  33.656  -12.754  39.391 0.0000000000
177067  33.636  -12.058  39.668 0.0000000000
171667  33.319  -11.574  39.245 0.0000000000
182792  32.380  -11.183  37.996 0.0000000000
67828  31.622  -11.895  37.225 0.0000000000
67829  31.188  -11.774  36.706 0.0000000000
65400  31.397  -14.930  35.996 0.0000000000
65411  30.684  -15.055  34.991 0.0000000000
66547  30.842  -13.322  35.584 0.0000000000
66571  29.378  -13.440  33.257 0.0000000000
83411  38.176  -0.175  29.396 0.0000000000
83429  37.123  -0.333  28.396 0.0000000000
161890  36.299  -0.568  27.459 0.0000000000
82312  36.085  -1.603  28.139 0.0000000000
82333  35.958  -1.136  27.564 0.0000000000
82356  34.491  -1.357  25.822 0.0000000000
82357  33.942  -1.556  25.528 0.0000000000
80014  34.060  -3.714  28.033 0.0000000000
80028  33.893  -3.338  27.501 0.0000000000
80038  33.639  -3.013  26.851 0.0000000000
78810  32.663  -3.780  26.654 0.0000000000
80039  33.108  -3.254  26.583 0.0000000000
81259  33.559  -2.133  25.878 0.0000000000
82358  33.306  -1.828  25.166 0.0000000000
82370  33.178  -1.538  24.484 0.0000000000
161071  47.104  13.324  14.549 0.0000000000
100118  47.048  13.151  14.008 0.0000000000
100129  47.331  13.155  13.295 0.0000000000
98965  47.031  12.420  12.836 0.0000000000
53827  10.784  -23.334  38.382 0.0000000000
59493  27.539  -18.861  43.471 0.0000000000
62890  33.499  -15.772  45.457 0.0000000000
62957  27.186  -15.510  41.742 0.0000000000
64080  30.960  -15.203  44.469 0.0000000000
78824  32.731  -3.198  26.059 0.0000000000
81245  34.524  -2.115  26.779 0.0000000000
82310  36.997  -0.974  28.858 0.0000000000
83450  36.758  -0.162  27.677 0.0000000000
83480  34.952  -0.845  25.746 0.0000000000
83516  35.686  -0.382  23.624 0.0000000000
84609  41.474  -0.142  23.700 0.0000000000
84639  38.854  0.158  22.574 0.0000000000
85671  38.621  1.249  27.145 0.0000000000
86881  37.850  2.204  20.461 0.0000000000
89139  44.201  3.971  22.090 0.0000000000
91339  45.533  5.703  20.997 0.0000000000
91341  44.117  5.301  20.637 0.0000000000
93475  45.056  8.053  18.868 0.0000000000
94557  46.443  8.627  19.361 0.0000000000
96661  47.482  10.418  19.125 0.0000000000
98908  47.662  12.716  18.035 0.0000000000
101252  48.677  14.353  17.678 0.0000000000
101253  48.214  13.955  17.284 0.0000000000
101275  47.561  13.534  16.389 0.0000000000
101322  47.755  13.704  13.394 0.0000000000
102399  48.337  14.639  15.045 0.0000000000
103503  49.676  16.135  14.690 0.0000000000
103528  50.383  16.250  12.605 0.0000000000
104596  50.692  16.711  13.046 0.0000000000
104610  50.928  16.562  12.305 0.0000000000
154493  46.291  11.886  17.063 0.0000000000
155996  39.813  1.683  27.705 0.0000000000
161149  42.763  -0.197  25.095 0.0000000000
170103  42.178  0.810  23.219 0.0000000000
170908  46.498  12.702  15.194 0.0000000000
177157  18.370  -18.383  36.096 0.0000000000
182896  34.023  -7.612  36.446 0.0000000000
183239  34.696  -2.252  27.237 0.0000000000
184108  29.403  -14.192  39.234 0.0000000000
